"V1","V2"
1.1,-4.39418112616923
1.1,-4.39418194898539
1.10110208304486,-3.36943341201376
1.10220637664453,-1.12875641343649
1.10331288745657,0.725266012477702
1.10442162216531,-4.51646931780746
1.10553258748197,-2.55305395036081
1.10664579014479,-4.3773100121272
1.1077612369192,-4.49923563538923
1.10887893459792,-2.40765971924802
1.10999889000111,-0.123268158251024
1.11008249696303,-0.859426915308775
1.11112110997652,-3.00562242672189
1.11224560139962,-3.63232274432542
1.11337237117373,-4.25108878951503
1.11450142623018,-2.44416577152609
1.11563277352846,-2.56858822637983
1.11676642005631,-0.474567237239372
1.11790237282993,-2.64317868078231
1.1190406388941,-3.98427261792549
1.1201812253223,-3.92111660509002
1.12025740914879,-4.1167683497475
1.12132413921689,-3.41641131847544
1.12246938770924,-4.34607304962489
1.1236169779599,-3.52402702185995
1.12476691715871,2.99871262805286
1.12591921252499,-3.89135228110567
1.12707387130767,-4.31424510799192
1.12823090078545,-2.22208529573502
1.12939030826693,-1.82553193850359
1.13052558362656,-4.074712459952
1.1305521010908,-3.92105435492559
1.13171628662599,-1.45598600127031
1.13288287227179,-3.76670258598264
1.13405186545804,0.0270374838086394
1.13522327364529,-4.40822670596734
1.13639710432492,-3.87342535516714
1.13757336501934,-2.51886469845599
1.13875206328216,0.779753104636795
1.13993320669829,-3.93295101656619
1.14088787522978,-4.40050731457049
1.14111680288418,-4.58475515567548
1.1423028594879,-3.48665421230803
1.1434913841894,-4.21566073936046
1.14468238470059,-3.92973504763475
1.14587586876557,-1.85261552792289
1.14707184416073,-4.58486794822167
1.14827031869501,-3.82452516167538
1.14947130020999,-4.0784060349562
1.15067479658009,-4.34670944502054
1.1513451466272,-2.4722333866952
1.15188081571275,-3.77338938573141
1.1530893655486,-3.22904785079797
1.15430045406161,-2.34474047905789
1.15551408925932,-3.96800961002012
1.15673027918294,-4.29505725139811
1.15794903190761,-3.75353875444094
1.15917035554252,-3.85353739027048
1.16039425823109,-2.94998702218371
1.1616207481512,-3.98602108599155
1.16189826839471,-3.60546955057382
1.16284983351533,-4.59915679735306
1.16408152257075,-4.27309257834415
1.16531582359971,-3.41015481556716
1.16655274491963,-3.00113485369516
1.16779229488327,-3.88003650258386
1.16903448187895,-1.13135699689761
1.1702793143307,-2.95431692804667
1.17152680069847,-4.12805096917961
1.17254811908784,-2.49520890622935
1.17277694947834,-3.91311523054364
1.17402976920267,-1.88257645896371
1.17528526844033,-4.0305654304149
1.17654345579689,-0.878566100708186
1.17780433991478,-3.24485100611727
1.17906792947356,-3.16813429544809
1.18033423319005,-4.36262348035226
1.18160325981856,-4.20030408112982
1.18287501815109,-4.52234194501736
1.18329558531484,0.539465962451599
1.18414951701754,-0.768438214720534
1.18542676528589,-1.95649416976963
1.18670677186244,-4.03846654241139
1.187989545692,-4.13776832013608
1.18927509575807,-2.19132202917732
1.19056343108312,-3.13311567632181
1.19185456072871,-3.83801943970016
1.19314849379579,-4.49170123342978
1.19414156181057,-4.04591386546613
1.19444523942486,-3.43770105610204
1.19574480679619,-4.50858559496513
1.19704720513007,-3.75478460318343
1.19835244368698,-4.1895596707607
1.19966053176785,-3.86322441229666
1.20097147871425,-4.01009193987531
1.20228529390865,-4.18327677139266
1.2036019867746,-2.38679093468099
1.20492156677698,-4.49070742499893
1.20508695151092,-4.52061037102678
1.20624404342224,-2.51397854620117
1.20756942625859,-4.04206404218073
1.20889772487626,-3.22584659092658
1.21022894890773,-3.77124557929207
1.21156310802795,-3.97892919017497
1.21290021195456,-3.15806232798107
1.21424027044818,-3.03474818999544
1.21558329331259,-3.14234588137887
1.216132665628,-4.58256003674299
1.21692929039501,-4.30102279610301
1.2182782715863,-4.60261343311018
1.21963024682124,-1.3396489342729
1.22098522607877,-3.6836416737772
1.22234321938219,-3.01609204689854
1.22370423679948,-4.01425003609458
1.22506828844348,-2.65499596656301
1.2264353844722,-4.12503455580011
1.22727962372603,-4.48824255528703
1.22780553508903,-4.36430757107334
1.22917875054299,-4.49959266149838
1.23055504112903,-2.97355008030851
1.23193441718824,-3.55049299084689
1.23331688910815,-2.83708351364445
1.23470246732294,-3.64283778038387
1.23609116231376,-4.45966233956014
1.23748298460896,-4.5278821054782
1.23852875379785,-4.34576377098651
1.23887794478435,-3.89635653892631
1.24027605346349,-1.70537321879707
1.24167732131796,-3.67553606166345
1.24308175906759,-4.3639113697661
1.2444893774808,-2.37277202621218
1.24590018737482,-4.37053326641953
1.24731419961599,-4.00651454375705
1.24873142512005,-4.53344155035993
1.2498809923422,-2.74204407401604
1.25015187485239,-3.77875221536735
1.25157555982836,-3.11185179968854
1.25300249111354,-4.29506412773529
1.25443267982402,-4.4159325084938
1.25586613712673,-3.67814293490986
1.25730287423968,-4.49809608041849
1.25874290243227,-2.93333367868749
1.2601862330256,-2.71581151514923
1.26133728444169,-2.85591371152347
1.26163287739275,-3.36247363360295
1.26308284695908,-3.60982877759065
1.26453615320254,-4.40542775815934
1.26599280765397,-4.33972723199415
1.26745282189738,-4.52611533969841
1.26891620757031,-2.00345612788598
1.27038297636408,-3.89330672547536
1.27185314002416,-4.27731457314107
1.27289858384145,-4.3342938767178
1.27332671035042,-4.45088031681624
1.27480369919751,-4.12381480500753
1.27628411847512,-4.08369159128611
1.27776798014835,-2.82514563226474
1.279255296238,-2.17277793961355
1.28074607882088,-4.31801666479217
1.28224034003021,-4.46716357477911
1.28373809205586,-1.41940435487536
1.28456585302856,-3.19299749483631
1.28523934714473,-3.70799552742804
1.28674411760108,-2.44753619333707
1.28825241578687,-3.45295613115312
1.28976425412208,-4.02932380478305
1.29127964508505,-3.85759555867046
1.29279860121286,-2.06401122094351
1.29432113510162,-4.58026275867369
1.29584725940687,-3.92799973504552
1.29634006331217,-3.50252533767744
1.2973769868439,-3.90179284563621
1.29891033018811,-4.37845366692184
1.30044730227539,-2.33884229494569
1.30198791600241,-3.6232803656911
1.30353218432707,-4.03375952074444
1.30508012026879,-3.5152993172155
1.30663173690893,-4.35115084765479
1.30818704739112,-4.3383705404448
1.30822219490435,-4.35412501304811
1.30974606492164,-4.58816445434869
1.31130880276981,-4.07441462691784
1.31287527426836,-3.92908760575196
1.31444549281377,-4.30002618185537
1.31601947186674,-2.84563285499522
1.31759722495248,-2.3311801076741
1.31917876566115,-4.28463736682429
1.3202132370017,-4.1219236946354
1.32076410764825,-3.83791922334345
1.32235326463498,-4.36024107900303
1.32394625040868,-3.89434279544608
1.32554307882319,-4.20103140247366
1.32714376379928,-2.28343036554841
1.32874831932503,-4.33976971847082
1.33035675945626,-4.05911825663648
1.33196909831692,-4.21300042890656
1.33231418786772,-4.46345458215493
1.33358535009953,-4.5490477873897
1.33520552906556,-4.49137952873864
1.33682964954589,-1.50058303159975
1.3384577259412,-4.46771095933608
1.34008977272241,-2.61682298477788
1.3417258044311,-3.94726189717474
1.34336583567997,-3.80414299454967
1.34452605491588,-4.49976657937518
1.34500988115322,-3.07110774411334
1.34665795560705,-1.38002289045025
1.34831007387007,-4.37266692843079
1.34996625084373,-4.49126540164494
1.3516265015028,-4.53035290855192
1.35329084089582,-3.46048080900155
1.35495928414551,-4.13596476780222
1.35663184644928,-0.898114575917392
1.35684985479351,-0.994458070547951
1.35830854307967,-3.19908754313016
1.35998938938481,-3.67962310839735
1.36167440078892,-4.01714312586333
1.36336359279271,-2.29858300708631
1.36505698097395,-3.65406709709535
1.36675458098786,-3.77546268707889
1.36845640856766,-3.12778703977702
1.36928661346646,-4.09244987467386
1.37016247952502,-4.19486427329835
1.37187280975057,-4.48899827068053
1.37358741521435,-3.85635693745403
1.37530631196638,-2.66820089639899
1.37702951613709,-4.50591809068792
1.37875704393787,-2.4882720621653
1.38048891166156,-4.38033384147124
1.38183736630445,-4.19666128629862
1.38222513568296,-4.59273536216929
1.38396573245936,-2.86712724752411
1.38571071853105,-1.92464282653256
1.38746011052182,-4.01072726884618
1.38921392513956,-4.10454149819773
1.39097217917671,-3.97570732642257
1.39273488951084,-4.13558865332695
1.39450207310518,-4.55643574364464
1.39450315816732,-4.55707264532274
1.39627374700918,-3.64815861917592
1.39804992835901,-4.19887388326643
1.39983063437818,-3.62857068055163
1.40161588237804,-4.03105475227594
1.40340568975838,-3.5700358549623
1.40520007400797,-4.11104667022758
1.40699905270514,-3.0301362908024
1.40728504349201,-0.0405531287665628
1.40880264351836,-4.41974391576398
1.41061086420679,-3.78912272519139
1.4124237326209,-4.50736497314549
1.41424126670305,-4.55375364331386
1.41606348448805,-4.38817980479561
1.4178904041038,-4.15544579977635
1.41972204377186,-4.28472943050204
1.4201840863803,-1.51326606734441
1.42155842180807,-4.49686884534012
1.42339955662315,-4.14973417649517
1.42524546672334,-4.60625213095355
1.42709617071099,-3.34221259697657
1.42895168728519,-3.55810120798319
1.43081203524243,-4.42277652603465
1.43267723347719,-3.35676856868904
1.43320136068746,-4.11606832783358
1.43454730098261,-4.60791717223535
1.43642225685112,-3.3736616462426
1.43830212027512,-4.40157980056157
1.44018691054758,-3.50513857264045
1.44207664706275,-2.95539035888803
1.44397134931679,-4.52237001976923
1.44587103690847,-1.66222639337215
1.44633795011158,-1.04428463828097
1.44777572953984,-2.73288212181243
1.44968544701689,-4.5325119958541
1.45160020925024,-4.28130251136193
1.45352003625586,-0.564971577057152
1.45544494815575,-4.14390844266907
1.45737496517863,-4.24878324940286
1.45931010766067,0.618272152829801
1.45959494828386,-1.24931710209322
1.4612503960462,-4.45003011204384
1.4631958508884,-4.45572705555995
1.46514649285008,-0.888457430056208
1.46710234270437,-4.33200235086858
1.46906342133548,-3.92895372890811
1.47102974973941,-2.74127711244123
1.47297345885961,-4.44835749984148
1.47300134902474,-4.46759760116712
1.47497824041337,-4.52698514295352
1.47696044524128,-2.46336942095761
1.47894798495928,-3.89939223002236
1.48094088113382,-3.44304878256438
1.48293915544773,-3.17153641668696
1.48494282970106,-3.70221270308892
1.48647459561013,-2.95940365329042
1.4869519258118,-3.78388544751775
1.48896646581676,-4.23540038591156
1.4909864718723,-3.121605356895
1.49301196625519,-4.3291731159467
1.49504297136342,-1.95802242459613
1.49707950971702,-3.51957655464136
1.49912160395889,-4.07846516386562
1.50009948251546,-3.6578932224397
1.50116927685566,-4.39382788427278
1.50322255129848,-2.59512489141022
1.50528145030395,-3.09470453553715
1.50734599701494,-2.34095434528624
1.50941621470143,-4.27564565249614
1.51149212676144,-4.46324678947716
1.51357375672188,-3.87645326902273
1.51384925385791,-3.51521390583636
1.51566112823944,-4.53132311429553
1.51775426510149,-2.30566117184097
1.51985319122699,-3.325312222257
1.52195793066739,-3.12940249714203
1.52406850760754,-2.06078600268151
1.52618494636666,-3.65817518851171
1.52772505431655,-4.17022679854913
1.52830727139922,-4.32476843935305
1.53043550729592,-4.2192411763418
1.53256967878461,-1.89526690054024
1.53470981073127,-4.32861264778293
1.53685592814099,-3.07281645762859
1.53900805615888,-4.14478803555525
1.54116622007113,-4.16127313066684
1.54172803906245,-2.30433195240741
1.54333044530596,-3.36766953428062
1.54550075743461,-3.97533546572171
1.54767718217237,-4.0442604633765
1.54985974537958,-4.33388612549627
1.55204847306268,-3.58764701614158
1.5542433913752,-3.9060393200534
1.55585937385487,-4.21908832361973
1.55644452661885,-3.59461132256084
1.55865190524452,-4.32518650979867
1.56086555385338,-2.07316841303092
1.56308549919793,-2.6681599560126
1.5653117681831,-3.25007739165236
1.56754438786728,-3.78824987360909
1.5697833854635,-2.28851201112067
1.57012023513831,-3.75026203127195
1.57202878834047,-4.22670760533916
1.5742806240237,-3.07254131128346
1.57653892019666,-3.66252822636031
1.5788037047019,-3.54479286208189
1.58107500554218,-4.30179153852473
1.58335285088163,-4.48718275306877
1.58451181014047,-2.83702679162585
1.58563726904693,-4.37291088132324
1.58792828852846,-2.21221201466412
1.59022593798151,-2.6837246308788
1.59253024622744,-2.78606428794237
1.59484124225492,-3.59726506933984
1.59715895522114,-2.2839471653169
1.59903529697103,-3.83708342120511
1.59948341445301,-4.13071289757673
1.60181464944843,-0.54163069910979
1.60415268987751,-3.53052136359199
1.60649756558385,-4.34824803561762
1.6088493065858,-3.62276530293386
1.61120794307775,-4.121904935397
1.6135735054314,-4.51568902105484
1.61369190472147,-4.5231090163089
1.61594602419708,-3.97881287238366
1.61832553010507,-2.43622338459031
1.62071205406692,-3.52182077338373
1.62310562717679,-4.58697081850736
1.62550628071279,-3.61170378715522
1.62791404613837,-3.14560654396652
1.62848285356567,-3.46827776310593
1.63032895510364,-3.58259072057834
1.63275103944684,-2.96548640357534
1.63518033119567,-4.53880666474513
1.6376168625687,-4.38350921469046
1.64006066597686,-3.87627297166418
1.64251177402482,-4.31116690946416
1.6434093748615,-4.45501303234576
1.64497021951244,-4.07443792745042
1.64743603543626,-1.68503013593895
1.64990925499098,-4.05265179178136
1.6523899115709,-3.88981420809765
1.65487803877149,-2.21538158310719
1.65737367039086,-3.56650930560747
1.65847271125337,-3.14350692365483
1.65987684043131,-4.22232472527188
1.66238758310085,-2.98248018866846
1.6649059328148,-3.244182427786
1.66743192419732,0.357902368182719
1.66996559208304,-2.3114281917274
1.67250697151862,-2.74801808142641
1.67367411677562,-4.54159491787849
1.67505609776438,-3.96845528960805
1.67761300629594,0.384948683209329
1.68017773280587,-3.3719163276152
1.68275031320533,-3.63855968352132
1.68533078362575,-3.89545865261019
1.68791918042054,-1.87457561277805
1.68901485695697,-4.58375940163066
1.69051554016679,-4.56217953026439
1.69311989966697,-3.57149417151263
1.6957322959507,-4.09278412625437
1.69835276627649,-4.41746033866801
1.70098134813352,-2.17995388544344
1.7036180792434,-3.53010981444052
1.70449620892586,-4.47268986122035
1.70626299756203,-3.69019082116304
1.70891614128135,-1.87019834780253
1.71157754883124,-2.88716648101846
1.71424725888135,-3.36023576313178
1.71692531034296,0.846186150203406
1.7196117423709,-2.6906606068894
1.72011946151676,-3.94206239608022
1.72230659436542,-3.19823533796634
1.72500990597417,-4.49158121623501
1.72772171709408,-3.1773226834753
1.73044206787339,-4.45037767123066
1.73317099871357,-1.64924676561233
1.73588591537747,-2.17510149767733
1.73590855027135,-2.31097103608758
1.73865476346076,-4.53119708422966
1.74140967945511,-1.44801789577949
1.74417333968912,-4.43033688477814
1.74694578586092,-1.58354630453315
1.74958881365206,4.05848009837243
1.75179688307743,-4.22930107804413
1.75251720414036,-2.4427460113985
1.75531626098053,-3.39190455350249
1.75812427322784,-3.40904515715553
1.76094128392955,-3.22116020811458
1.76376733640926,-2.37428315577287
1.76660247426912,-3.04293623029335
1.76785368921695,-3.89060423281959
1.7694467413921,-4.60029070969736
1.77230018194422,-3.9320823682269
1.77516284037685,-3.89177171045421
1.77803476142904,-3.57107702335699
1.78091599012981,-1.85159134888724
1.78380657180054,-3.68455795240729
1.7840576705375,-3.11004451627142
1.7867065520573,-4.4282772105237
1.78961597681333,-3.91743017459609
1.79253489228136,-4.03971299758425
1.79546334497615,-3.47342837755306
1.79840138171691,-2.72515139946651
1.80041017603301,-4.4742894821392
1.80134904962978,-3.19974517194712
1.80430639615042,-4.48493296813322
1.80727346902648,-3.5225783385458
1.8102503163202,-4.3213382735797
1.81323698641102,-2.43785424459893
1.81623352799818,-4.25946585176863
1.81691256706215,-3.4105804730925
1.81923999010336,-4.60751327365986
1.82225642207339,-3.41792986393492
1.82528287358291,-3.42730994600257
1.82831939463711,-4.24698550972457
1.8313660355745,-3.59358089042334
1.83356621746169,-4.48888131596655
1.83442284706967,-3.50536082437398
1.8374898801361,-4.02702473141656
1.84056718612903,-4.02007435659064
1.84365481674828,-4.55671155759595
1.84675282404118,-4.47176146113427
1.84986126040547,-4.3762846456174
1.85037251366084,-1.47957570015993
1.85298017859229,-4.07193532137475
1.8561096317091,-4.59360735075083
1.85924967322279,-2.71735339559322
1.86240035696261,-3.04380314263389
1.86556173712336,-4.53300861873564
1.86733285479671,-2.46296092560763
1.8687338682684,-3.77907663563568
1.87191680533285,-4.13485931343624
1.87511060362675,-4.24370095285295
1.87831531883826,-2.12493417464438
1.88153100703687,-2.21400794233588
1.88444865283075,-3.92086403626567
1.88475772467671,-4.44392252391791
1.88799552859984,-3.2311646501756
1.89124447603957,-3.37037679423307
1.89450462462388,-3.01368196950344
1.89777603237877,-2.97056999773977
1.90105875773171,-3.57643956929192
1.90172133266634,-3.73274050125488
1.90435285951519,-1.8050791382772
1.90765839697012,-2.53015299077308
1.91097542974949,-3.48928717306208
1.91430401792189,-4.15355002559832
1.91764422197515,-4.19746757326092
1.91915233226737,-3.73589806428632
1.92099610282002,-2.74680163216616
1.92435972179387,-2.22459473510745
1.92773514066441,-4.17616213464865
1.93112242163349,-4.12655574739128
1.93452162734093,-3.94329252838739
1.93674310277798,-3.59800536115532
1.93793282086835,-4.42670367887726
1.94135606574309,-3.83827018914858
1.94479142594217,-1.60247652964776
1.94823896589625,-4.44167670680494
1.95169875049365,-4.27240080509054
1.95449510864336,-4.0979866166592
1.95517084508448,-3.09059939155529
1.95865531548467,-3.49960850059975
1.9621522279802,-4.37109443287679
1.96566164933126,-4.26205708363156
1.96918364677652,-4.27081831801357
1.97240982773168,-3.58475065424224
1.97271828803741,-3.47809507660461
1.97626564132248,-3.00353651741691
1.97982577533177,-3.30790995376683
1.98339875926125,-1.28554621589959
1.98698466280731,-3.13933615899285
1.99048875145709,-4.31304728044867
1.99058355617128,-4.48852344407013
1.994195510064,-4.46260070718015
1.99782059571051,-4.32352370217862
2.00145888485465,-1.75678501597159
2.00511044976385,-4.08712111412874
2.00873338490391,-4.30467033707092
2.0087753632339,-4.25145095151558
2.01245369859377,-3.65206129655903
2.01614552971055,-4.51601812459623
2.01985093099431,-3.89704370097647
2.02356997740319,-2.7612260979071
2.02714524695194,-4.36197282960078
2.02730274444841,-4.46701221298562
2.03104930819936,-4.51450167476489
2.03480974528882,-3.72286495978691
2.03858413291814,-4.36011877986081
2.04237254886254,-3.44961707532124
2.04572587040285,0.146374855170249
2.04617507147648,0.659759338052394
2.04999177969899,-4.49754129715214
2.05382275305922,-4.07557388003468
2.0576680716819,-2.80004477464914
2.06152781629294,-3.91674912584071
2.06447680210787,-3.63612820824918
2.06540206822511,-3.42811541133901
2.0692909094237,-3.01922149441433
2.07319442245235,-4.30751573097754
2.07711269049887,-3.90493251205035
2.08104579738113,-2.30470809225656
2.0833996030965,-1.900046705368
2.08499382755308,-4.20709689554539
2.08895686611076,-3.28721999039974
2.09293499879841,-4.27276245110446
2.09692831201469,-3.95115136036682
2.10093689281892,-2.56789995981242
2.1024958487065,-4.31710713862938
2.10496082893737,-2.55155199494712
2.10900020876972,-3.96007472066006
2.11305512139549,-4.24541720807807
2.1171256565806,-4.44848831427109
2.12121190478401,-2.25305202358547
2.12176712871501,-2.03751866500707
2.12531395716439,-1.75338799895346
2.12943190558693,-3.52584313941654
2.13356584263017,0.550143274981648
2.13771586159297,-4.35753771866749
2.14121504747093,-3.88174008058499
2.14188205650148,-4.42732632099436
2.14606452211631,-3.11421036190561
2.15026335393965,-2.34161783071474
2.15447864822257,-3.25532934291701
2.15871050197239,-3.85299440130328
2.16084122402849,-2.6924042728717
2.16295901296006,-0.529234203793154
2.16722427972778,-4.34653204180265
2.17150640159653,-3.83600391612143
2.17580547867384,-4.45117017428263
2.18012161186158,-3.51273755598251
2.18064729228199,-3.99070787670868
2.18445490286382,-4.33160109304876
2.18880545419486,-3.2232169231597
2.1931733691873,-4.06330231841204
2.19755875200021,-3.41607408246242
2.20063490110187,-1.71666927195642
2.20196170762742,-3.25062159115649
2.2063823419059,-4.16149829354069
2.21082076152424,-3.94301807001912
2.21527707403124,0.767075141514765
2.21975138784456,-3.12588718168277
2.22080571447196,-4.51005301903339
2.22424381225958,-2.6885499061643
2.22875445745821,-3.8684387683139
2.233283434518,-4.03480993242172
2.23783085542118,-2.90121867036189
2.24116141162799,-2.03758131412073
2.24239683306391,-4.16590373285848
2.24698148126565,-3.38816221808301
2.25158491477857,-4.13170399187604
2.25620724929717,-3.02170731984828
2.26084860146794,-2.72738593900741
2.26170368719744,-4.29839334823615
2.26550908889921,-2.44121011332519
2.27018883017102,-3.0768378655433
2.27488794484524,-4.32275996064439
2.27960655347574,-4.17078050835315
2.28243425134056,-4.50187484646179
2.28434477761865,-3.55143174210687
2.28910273984288,-3.26083337717992
2.29388056374062,-2.97008718412653
2.29867837393806,-4.31259080777173
2.30335482989279,-4.23718303390669
2.30349629610624,-4.21550300219386
2.30833445697204,-4.60770902884511
2.31319298432923,-3.54256508656332
2.31807200704978,-3.44402309110191
2.32297165509522,-3.40035822408365
2.3244671645084,-1.11303369718027
2.3278920595282,-3.1012903284657
2.33283335252417,-3.28185072173065
2.33779566738323,-4.44372058656009
2.34277913854206,-4.18905680247295
2.3457730128055,-4.41677349323467
2.34778390158613,-4.04292190565136
2.35281009326198,-4.28143987601541
2.35785785148963,-4.01165830066006
2.36292731537526,-3.50758848848071
2.36727414851237,-4.39964739343256
2.36801862522394,-4.3829067973434
2.37313192255259,-4.32601166281731
2.3782673501031,-3.44399344018419
2.3834250518556,-3.48468820799215
2.38860517304194,-2.21631794456303
2.38897236161513,-1.39305837398141
2.39380786015928,-0.644488683716164
2.39903326098393,-2.71994709492273
2.40428152458535,-4.60759465279929
2.4095528013403,-3.54173339255098
2.41086945850671,-3.54151068771697
2.41484724294722,-3.93369116612925
2.42016500244076,-4.11300619080893
2.42550623420657,0.0520134790807258
2.43087109399618,-3.9154483844612
2.4329672621373,-4.5774754529393
2.43625973894221,-3.12098212099491
2.44167232757364,-3.45006848380595
2.44710901983141,-1.53597902012391
2.45256997708413,-3.2029374403281
2.45526761216607,-1.12776337367385
2.4580553621441,-2.57336904002207
2.46356533928344,-3.68806570675074
2.46910007425051,-2.12723378233298
2.47465973428654,-3.78614088691794
2.47777236511433,-3.55328971911783
2.48024448814245,-2.61967035699021
2.48585450609596,-4.28946306120392
2.49148995996884,-3.55348178786827
2.49715102314452,-3.95343884958382
2.50048339452009,-4.54692104961183
2.50283787058582,-2.99529996966615
2.50855067885299,-1.94490594424136
2.514289626122,-3.80204096372373
2.52005489220304,-4.05548876125644
2.52340259109404,-3.0728059234132
2.52584665855932,-0.688095764723785
2.53166510832608,-3.84795126430007
2.53751042632993,-4.08727381342809
2.54338279910838,-0.928278630720031
2.54653186287695,-2.39901074961026
2.54928241492974,-3.76226710195826
2.55520946381316,-3.52973674276152
2.56116413754913,0.0749969992166069
2.56714662972007,-3.9404147691823
2.56987313539851,-2.50721066214445
2.57315713572136,-2.8875683162955
2.57919585278263,-4.36575784067574
2.58526297998928,-2.69389095349575
2.59135871830441,-4.49969067196005
2.59342835183762,-3.05159254515647
2.59748327059096,-3.54839699307255
2.60363684163427,-3.35811462896746
2.60981963816486,-4.46673447091652
2.6160318688816,-3.41900920427602
2.61719947318419,-4.214186777415
2.62227374447519,-2.7759184058402
2.62854547765197,-4.43080850285159
2.63484728315811,-4.17390136651901
2.64117937780409,-1.53405965819437
2.64118847840239,-1.52859342707657
2.64754198048958,-3.13010510909302
2.65393531222864,-3.93784037376432
2.66035959617538,-2.8658575200121
2.66539736459536,-4.07416673327347
2.66681505764983,-4.05984328295395
2.67330192416435,-3.74444841293675
2.67982042545033,-0.22110449168949
2.68637079348534,-4.58546756201335
2.68982814717154,-3.11807913087293
2.6929532625206,-4.59873036111506
2.69956806910894,-3.17183604866077
2.70621545213315,-4.11111637563497
2.71289565283468,-3.56248796359719
2.71448286001238,-4.18660994872701
2.71960891484288,-3.31929573661975
2.72635548420461,-4.01999938097279
2.73313560941426,-3.70900693340539
2.73936355564171,-4.05312018510998
2.7399495414443,-4.59646972706733
2.74679753377625,-3.93962287549917
2.75367984243208,-4.44527587301107
2.76059672600614,-3.50863732234362
2.7644723053966,-3.70618617845591
2.76754844569755,-1.72637343624271
2.77453526534306,-4.49313854825945
2.78155745145045,-4.14003131445699
2.7886152732324,-3.93595069305181
2.78981119959982,-4.13154339061086
2.79570900264093,-4.00412274585332
2.80283891440226,-4.15127142547468
2.81000528605235,-4.13336856688582
2.8153823477338,-3.92768602762485
2.81720839797287,-4.21910402776976
2.82444853342778,-3.35447609634875
2.83172597860046,-4.47914034961994
2.83904102263141,-4.1189767756151
2.84118787861634,-3.15506016717862
2.84639395765657,-2.3985153025549
2.85378507884617,-3.59786810165937
2.86121468444427,-3.07362876440951
2.86722994057774,-4.57975334041388
2.86868307580884,-4.32371269293785
2.87619055745253,-3.92067034560964
2.88373743708406,-4.31489895918449
2.89132402565025,-4.41097064212235
2.89351070163972,-1.60942464159072
2.89895063737871,-3.33938122886869
2.90661758982127,-3.32278629756016
2.91432520389801,-3.29151230823428
2.92003234969587,-4.51851876749973
2.92207380394207,-3.94679497933211
2.92986371774511,-4.48611190629905
2.93769527660357,-4.04020669680145
2.94556881536562,-2.5000320350371
2.94679709269382,-3.10474599164107
2.95348467247887,-3.97263083950864
2.9614431900389,-4.12731544950785
2.96944471383851,-3.72100146316993
2.97380715881904,-2.06334355354747
2.97748959341782,-3.59071540941315
2.98557818211516,-4.59339806065148
2.99371083711881,-3.81087186332431
3.00106479668034,-0.932133821045882
3.00188791951958,-2.90904115698035
3.01010979436422,-3.85799530695366
3.01837683070982,-4.11981545426781
3.02668940167895,-4.44867824516118
3.02857227549704,-3.58905536372484
3.03504788451584,-4.43144320373799
3.04345266064343,-3.48273354537972
3.05190411572141,-3.93989202062304
3.05633188528796,-3.85214760917441
3.0604026397052,-4.14692998121277
3.06894862690592,-2.33629490936838
3.07754247605138,-4.161438386686
3.08434593706198,-4.49696461534583
3.08618459034811,-4.23652454240855
3.09487537754438,-3.8683441865845
3.10361524999439,-2.31731389936752
3.11240462472342,-4.51514871283482
3.11261676301048,-4.46216727816082
3.12124392349422,-2.24285940000724
3.13013357287443,-4.02971325954562
3.13907400430524,-4.20542931102077
3.1411467167015,-4.51310127699876
3.14806565417114,-1.84671254720215
3.15710896387097,-2.61149836068719
3.16620437989013,-3.68272727617037
3.16993817327565,-3.85019533874962
3.17535235387405,-3.5788432232682
3.18455334270298,-3.82305855538292
3.193807808568,-3.69991713475329
3.19899352964387,-3.79432288511296
3.2031162190485,-2.30309001838421
3.21247904719082,-0.589710787978989
3.22189677158848,-3.01448172817678
3.22831520468694,-4.48648351754545
3.23136987646369,-3.49541315738768
3.24089885175034,-3.26040402562646
3.25048419317845,-4.60389490129458
3.25790563945689,-4.34104969961939
3.26012640236018,-3.55300017554029
3.26982598687732,-3.65760945450134
3.27958346037032,-3.89188345854174
3.28776729738021,-4.19268420690455
3.289399342629,-3.21942590225118
3.29927415968487,-3.84602219031862
3.30920844390503,-4.60565375695481
3.31790266446292,-4.6050162008697
3.31920273408792,-4.33509556241435
3.32925757556065,-1.49929014775663
3.33937352027829,-3.83545166398582
3.34831424949753,-1.87256985325465
3.34955112692476,-1.95246520151946
3.35979096101579,-4.35468190131795
3.37009359500357,-4.55637277317564
3.37900458427191,-3.22920498629529
3.38045960838349,-3.35153307488011
3.3908895878028,-2.91115703913019
3.40138412717122,-3.73538484052838
3.40997622378007,-3.76675832132182
3.41194382777375,-4.32911686365495
3.42256929838544,-0.82121133307797
3.43326115538845,-4.27881206941047
3.44123174643485,-3.99579366157141
3.44402002289119,-3.9309311397266
3.45484653284977,-3.17357913022434
3.46574132519175,-0.824218281429156
3.47277375428258,-4.60650376691521
3.47670504794224,-4.43949476614759
3.48773835735236,-1.52704441581014
3.49884191803018,-4.43561899910762
3.5046048732197,-4.44526057437057
3.5100164030742,-4.2717050862079
3.52126249420934,-2.61446142857082
3.53258088192558,-0.734288864279366
3.53672775321138,-4.45089761166125
3.54397226561932,-3.98989550958632
3.55543735373739,-3.15639003466882
3.56697686392394,-2.79097260963082
3.56914506851211,-3.22107631518233
3.57859152317022,-4.31672158486495
3.59028206796719,-4.00377440402954
3.60185951788837,-3.81837405800374
3.60204924446124,-3.92884414202794
3.61389380861294,-4.1669518705414
3.62581652635889,-4.18997370586161
3.63487382484324,-3.32745132842516
3.63781817377688,-4.39037022413263
3.64989953725425,-3.22404915640377
3.66206141365968,-3.76586014447909
3.66819073784321,-3.10999607676368
3.67430461051836,-3.03244565127605
3.68662994619077,-2.77530201448812
3.69903825005499,-4.59914414078398
3.70181303054695,-3.69769323462558
3.71153036269275,-3.15155431666327
3.72410713607926,-4.36726184727169
3.73574350203621,-3.66527339668633
3.73676943377691,-3.56756189956164
3.74951813113289,-3.74576415313774
3.76235411548096,-2.75435767260726
3.76998497704887,-2.73469076836185
3.77527828634729,-3.5633241765535
3.7882915556606,-2.98929360181225
3.8013948479667,-3.97734393135753
3.8045403062141,-4.53117491649218
3.81458910064736,-3.93426514765824
3.82787526414395,-4.18548222769945
3.83941236628966,-2.92676058402017
3.8412543021856,-3.81163589859821
3.85472719202224,-4.52084869352942
3.86829492466259,-4.54415994125961
3.87460406040141,-4.60794882389436
3.8819585051171,-4.43393601095252
3.89571895264612,-3.18786241349224
3.90957730101341,-4.47750397060693
3.91011831828499,-4.4677928331013
3.92353459874495,-1.72841055549586
3.93759190939347,-4.23603813681857
3.9459580965297,-3.24232084371394
3.95175031180853,-4.27597617659447
3.9660109004126,-4.51696206254585
3.98037478548301,-2.88697480041881
3.98212637882469,-3.73421745523561
3.99484309344014,-1.81757944265692
4.00941696714187,-3.69365661331696
4.01862617620732,-4.03064962351087
4.02409756618449,-4.20904908601202
4.03888606721032,-3.5266326610774
4.05378366422203,-3.77293615911097
4.05546052731382,-4.2294083079141
4.06879156890404,-4.10275591817472
4.08391101095101,-4.60786259596014
4.0926324986323,-4.46061229004997
4.09914323840373,-3.09076081299443
4.11448951799256,-4.12721972681109
4.12995113548852,-4.22165550471598
4.13014518475797,-4.23462339750231
4.1455293960625,-4.31134721422032
4.16122562465245,-2.89020455539176
4.16800170865087,-4.05165009026931
4.17704116633907,-3.98838927365947
4.19297738673,-3.61829773817974
4.20620522189575,-4.13685522115671
4.20903567235295,-3.78384935798332
4.22521743105781,-4.33410445227517
4.2415240924281,-3.65561431758542
4.2447589049645,-4.04244136187489
4.25795710820198,-3.63430256664791
4.27451795270312,-4.57263683253004
4.28366596748095,-4.60685034590492
4.29120812328158,-4.55903051389905
4.30802914076518,-3.83525121648907
4.32292964848799,-3.38788830848833
4.3249825499214,-4.14206276312214
4.34206991993032,-4.28869253484501
4.3592928448688,-3.33883465514717
4.36255321671732,-3.30368811634767
4.37665294420618,-4.02218860573228
4.39415186331193,-4.37808059155114
4.4025399708615,-4.52331984591277
4.41179127397549,-4.2745779708234
4.42957287493872,-4.17370284342505
4.44289323984861,-3.71235840877952
4.44749839244121,-1.95815922933454
4.46556958077896,-0.866651784447329
4.48361638311936,-4.40451020713724
4.48378822287672,-4.4171209859579
4.50215613087431,-4.36428443199438
4.52067514672757,-4.02251869473591
4.5247127909068,0.409902003275731
4.53934714282404,-3.64626409013059
4.55817402261409,-3.66006100694747
4.56618588451851,-3.83780356166548
4.57715772125772,-1.96531605747256
4.59630020628768,-4.45105938277377
4.60803911662149,-4.44300522708747
4.61560347828922,-3.77535142729468
4.63506957159709,-1.7589534166228
4.65027597152954,-4.50383439954712
4.65470055501025,-3.78350055815102
4.6744985325248,-1.88341190201615
4.69289996549334,-3.92079112023842
4.69446564408569,-3.91516686853649
4.71460406635781,-3.46996762791523
4.73491601351698,-4.57837010536153
4.73591464699323,-4.52047273882599
4.75540373806151,-2.35755176494567
4.77606953164487,-3.92699370072867
4.77932359703456,-2.49136958141119
4.7969157259302,-3.66821823844882
4.81794469346732,-2.7980152090972
4.82313042944586,-4.27991595729
4.83915884859286,-4.52744737008632
4.8605606483543,-4.37002172526249
4.86733879117965,-4.13081365671187
4.88215259345864,-2.12921540355532
4.90393722924646,-4.50478569032473
4.9119523626161,-2.29900457848569
4.92591714669219,-2.43536300292615
4.94809498343138,-4.55458419719096
4.95697485786938,-4.53768549081795
4.97047342481586,-4.27206688745437
4.99305520499766,-3.13192369410152
5.0024100250969,-2.08568855763636
5.01584310804261,-2.84223472825923
5.03883996907458,-3.06242959355578
5.04826164681132,-3.71127050722052
5.06204867545133,-2.92549531225669
5.08547216797303,0.533572528209701
5.09453354019545,-4.12496103504842
5.10911344212443,-3.58562453616745
5.13297554935194,-4.06522173225702
5.14122955742005,-4.02686398073942
5.15706159837655,-3.9805067092619
5.181374756544,-0.55712586370416
5.18835358596451,-4.06930799589819
5.2059182512132,-2.91657642617824
5.23069537118446,-2.52835862070353
5.23590954894051,-3.28155105603534
5.2557094681685,-0.219991773153739
5.28096395829803,-3.35851937240577
5.28390140541858,-4.44243815933496
5.30646232368291,-4.04826623989041
5.33220811401076,-3.40304399879406
5.33233315075774,-3.42174441914361
5.35820494819427,-3.14473459539787
5.38120881693807,-4.42154582990068
5.38445651606701,-4.32885312493792
5.41096658012929,-4.29667341879892
5.43053247289643,-4.10954318226359
5.43773897734583,-3.69004014061679
5.46477762099716,-4.33346836647863
5.48030822486515,-4.59346957011704
5.49208650258644,-2.89467864779115
5.51966969380375,-4.48425873063005
5.53054021671393,-4.01096735163671
5.5475313485499,-3.79522330613381
5.57567570502185,-2.06004371764183
5.58123263029477,-3.31369986245372
5.60410708786189,1.18066475148876
5.63238968579013,-4.09843218764652
5.63282991037296,-4.07645811903078
5.66184867680242,-3.27545496455648
5.68401564206428,-4.4390483326853
5.69116798469678,-3.61001053136434
5.72079252732995,-4.37506645483589
5.73611479701783,-2.20206994120596
5.7507270962078,-2.32753263847335
5.78097658365169,-4.42222805062269
5.78869148794557,-4.54571733207988
5.811545985464,-1.98838808242491
5.84175009189749,-3.95921713862069
5.84244040367866,-3.98047417850975
5.87366504939994,-3.449440228562
5.89529502604324,-4.28313343353367
5.90522524573266,-1.11181104066722
5.93712643080749,-3.26913574825889
5.94933074803981,-3.13719417463435
5.96937416090476,-2.3777107971429
6.00197411368064,-3.707370496018
6.00386175640268,-4.14286998991568
6.03493209149966,-3.82764365767392
6.05889259088028,-4.4540757065582
6.06825402487758,-3.7840292671041
6.101945976039,-1.08777774064689
6.11442783283197,-4.26120811859292
6.13601414259407,-3.7290373712718
6.17046486133918,-3.16188108296163
6.17047210560941,-3.16023128805185
6.20530461218626,-4.50116541530756
6.22703007494145,-4.08425401273283
6.24054002222607,-3.66477158649642
6.27617786993069,-1.74394268782257
6.28410644932262,-2.60444355087262
6.31222508950074,-0.940016870457073
6.34170598040501,-1.01440580720313
6.34868877536342,-1.38641843755508
6.38557618682724,-4.38475848782574
6.39983346339396,-4.36218024980937
6.42289475290004,-4.18052613882949
6.45849373744719,-1.8485853284183
6.46065207727691,-2.88871213230348
6.49885594350508,-4.38137053630746
6.51769168607768,-3.82796113923681
6.53751432033321,-2.33527432756805
6.57663536725263,-3.69933032289114
6.57743223756025,-3.66929244757009
6.61622744023887,-3.13259341733928
6.63772036534182,-3.87662134789551
6.65629909770168,-4.17069374083658
6.69685910665277,-3.04680338946489
6.69856108845544,-3.16977322998017
6.73791644910026,-3.69676069878713
6.75995947193817,-1.06470514172961
6.77948032867987,0.241615978075428
6.82156017753314,-2.6129308291265
6.82192062725272,-2.51625198970581
6.86416566344326,-2.00364296066354
6.88444971271298,-4.52981379087291
6.9073066972401,-0.245981448088033
6.94755193391347,-4.12237021873185
6.95099344048621,-4.01378184014325
6.99523631345636,-3.18675256488135
7.01123254416271,-4.57896253221301
7.04004600342374,-4.12796950287518
7.07549684492052,-4.54724703161688
7.08543347326673,-3.71153397428228
7.13140997041072,-3.6441336595951
7.14035018623945,-3.65978267256256
7.17798703612039,-4.02341794473088
7.2057979672101,-3.04074700295897
7.22517651515845,-4.20911044669848
7.27184563641063,-4.24562380449547
7.27299056582795,-4.18208851530241
7.32144167041601,-0.165183396630058
7.33849869236037,-4.44009883850683
7.37054264605768,-3.74743264810783
7.40576268397755,-4.03208201196296
7.42030665604006,-2.91940393521432
7.47074722156732,-2.87329383882266
7.47364321104128,-2.83970140073794
7.52187823400893,-4.44486058972356
7.54214592465772,-4.06526838366577
7.57371396765434,-2.773638455331
7.6112765277305,-4.46685846690835
7.62626909299864,-4.40488137114713
7.67955869058528,-3.15179421893376
7.6810407754356,-2.8701715994516
7.73359826543323,-3.06169081963648
7.75144447570034,-4.47918193281427
7.78840376207756,-4.00665706986556
7.822493489687,-4.40416948158773
7.84399158025416,-4.16012924532456
7.8941937322807,-3.77841200928694
7.90037859126092,-4.27067106638234
7.9575821550297,-3.56394150116953
7.96655117258186,-3.89306727830254
8.01562013794541,-0.587086693413058
8.03957183440309,-3.00517266055206
8.07451093145058,-2.3202808714897
8.11326179677073,-3.43766106711124
8.13427347147609,-4.48854789332049
8.1876271944309,-4.27805748229864
8.19492725874128,-4.17497680851895
8.25649237996906,0.531782991348534
8.26267421836022,1.0742810425331
8.31898953006454,-3.61344729062839
8.33840911628122,-4.42066695079254
8.38244003530862,-2.06415005816828
8.41483819318248,-3.51721924378532
8.44686587762122,-3.09730670764631
8.4919678118435,-4.20502820266879
8.51228971995195,-3.00219321148959
8.56980439336445,-2.89224481529439
8.57873493286003,-4.51924459434562
8.64622562234886,-4.31326305437776
8.64835441770066,-4.32718868652026
8.71478665902488,-4.58579813100354
8.72762442420216,-3.77720037021831
8.78444370865481,-2.86172432513709
8.80762101215803,3.54186178484829
8.85522326420017,-3.99883260226997
8.88835084134583,-3.59572924825139
8.92715267941311,-4.12688248242617
8.96982063258601,-4.5152563860423
9.00026020408289,-3.28570593664009
9.05203716830142,-4.5609635669683
9.07457502102868,-4.31055159298123
9.13500729308197,-4.31281558224376
9.15012728494017,-4.24013488616376
9.21873791425445,-3.5243085753672
9.22694816317484,-2.34899283476475
9.30323600245755,-4.0231517998939
9.30506987862765,-3.81325942404149
9.38452575479718,-3.85976026690165
9.3885085922222,-4.22153847125591
9.4653502631805,-3.71773528028715
9.47456278255714,-2.20858360059376
9.54757907313851,-3.69958662575218
9.56140573754,-3.35906450557261
9.63124910438324,-3.99312626189581
9.64904468691365,-3.2446717272538
9.71639858224933,-3.49742113635873
9.73748692668812,-1.77791047475435
9.80306709592368,-3.07882476972194
9.82673981974799,-0.680648258627032
9.89129565981937,-4.04202981337787
9.91681079646532,-3.93488565955406
9.9811267782941,-4.36432747641422
10.0077073553183,-4.58492887171977
10.0726045139274,-2.618095413352
10.0994370635155,-4.57340128519101
10.1657745595872,-2.68312261154179
10.1920075576256,-3.10078490533241
10.2606843145333,-3.62928357884849
10.2854265442137,-4.58150300950703
10.3573829648242,-2.93860869106115
10.3797018004823,1.35322231091086
10.455921568314,-3.91270582585875
10.4748411749191,-3.30707024038574
10.5563531445473,-4.60707614150167
10.5708525879503,-3.75591695445789
10.6587327698854,-4.4833771430385
10.6677440326,-4.46718708764402
10.7631176782225,-1.76787829604402
10.7655235751555,-1.40833545584812
10.864199355839,-4.0703707591442
10.8695673676774,-4.07535378335919
10.9637795894854,-4.60209817889833
10.9781437136816,-4.23597290497745
11.0642725662256,-2.33668045824496
11.0889110889111,-2.67283419637889
11.1656866521775,-4.23177668344712
11.2019364905553,-4.13090889184631
11.2680302901418,-2.36259612175857
11.3172896754475,-3.99895283194562
11.3713120003051,-4.01717389124602
11.4350433036318,-1.90134694505596
11.4755403809494,-0.576415238538035
11.5552730909877,-3.75797539877735
11.5807241091676,-4.2896333040508
11.6780579715844,-2.9491639957499
11.6868719415861,-4.05390724075571
11.7939927150937,0.552097858790573
11.8034802704972,-0.73670426469633
11.9020953475772,-3.60095890761628
11.9316258878822,-3.18528202188972
12.0111888386641,-4.50233950470548
12.0625844951717,-0.429453728571021
12.1212822704715,-1.35329595918566
12.1964497443341,-2.73864845326725
12.2323848083625,3.06952716507729
12.3333194912239,-4.02859935703057
12.3445057017087,-4.26791809676254
12.4576542846611,-2.78402108395645
12.4732960341411,-2.66509577019693
12.5718399769261,-4.43435634598839
12.6164863688216,-4.04549733809253
12.6870722845507,-3.70186901959429
12.7630024611956,-4.15714536127925
12.8033608007131,-2.4157283638904
12.9129615393745,-4.28023037942197
12.920715206522,-3.66550183086989
13.0391452718219,-3.91592569828325
13.0664864064665,-4.28229683892678
13.158660856007,-4.1344569931442
13.2237057759761,-4.30944759383229
13.2792719088417,-4.07862018340441
13.384754631711,-3.21184702776461
13.4009884712891,-2.35551382373152
13.5238206763467,-4.46595140007909
13.5497746143142,-3.16884213191853
13.6477787498901,-1.46980174302169
13.7189144367449,-2.93164176156543
13.7728730115245,-3.2132715786203
13.8923303312719,-4.42821730906357
13.8991138754435,-4.38847389396895
14.0265118512961,-2.70687087439987
14.0701865308021,-3.86234978567771
14.1550775450621,-3.74381100570273
14.2526557876625,-3.17671896693341
14.2848216599344,-1.1417737752582
14.4157549972104,-4.31004654469686
14.4399199332786,-4.32904939714089
14.5478884571914,-4.04418569441671
14.632170482562,-3.67549514723587
14.6812330400897,-4.1970916174578
14.8157998469444,-2.37448848347239
14.8296092872301,-3.24341386513922
14.9516000805459,-3.73745416518151
15.0324492427416,-4.35835794338968
15.0886450463682,-2.6370575200987
15.2269461535102,-4.57458143162265
15.2409150540547,-4.53267335636966
15.3665149156456,-3.98995378457161
15.4552440659964,-4.50470214217077
15.5073629519813,-3.55256980103124
15.6495019882249,-4.27514022559413
15.6756871646949,-4.01636744681119
15.7929438575605,-4.11333982831187
15.9025097572729,-3.91226459886613
15.9377005016343,-3.39460612297992
16.0837839715482,-2.75925607763262
16.1359928378453,-1.74425246274862
16.2312064288638,2.51452685403885
16.3764341488218,-2.88006619064393
16.379980146614,-3.12767817717352
16.5301175103256,-2.38927624884772
16.624149447609,-4.51926261189024
16.6816310190495,-3.74292726026133
16.8345332864022,-4.35434388129014
16.8794738900391,-4.33948472537512
16.988837041615,-2.16077520088814
17.1427635432746,-3.52468145486168
17.1445551305945,-3.61135222468417
17.3017005169915,-4.5028154283535
17.4143970425476,-3.65937676686306
17.4602862832804,-3.91876648665087
17.6203256318483,-3.84920571367431
17.6947774079446,-2.12074064605864
17.7818318860944,-1.91621114961223
17.9448184915386,-3.82138474349708
17.9843340395705,-4.46465667824887
18.1092990169413,-3.04271124391303
18.275287155433,-3.51888695689374
18.2835249118642,-3.87130619154661
18.442796725654,-1.22985904635292
18.5928389906503,-4.33370904657889
18.6118416729051,-4.51249813425287
18.7824360703082,-3.15143388662156
18.9127988997567,-4.31348392947572
18.9545941199783,-3.44482620949819
19.1283301542056,0.742991720278807
19.2439638677898,-3.60809415852165
19.3036586366489,-1.04292896800124
19.4805941635392,-2.53213041779034
19.5869329900169,-2.48110526847072
19.6591514648954,0.718425228108655
19.8393454057504,-0.698791692998585
19.9423488453799,-3.28062824260027
20.0211909873885,-4.59102181707013
20.2047033485945,-4.43702997995283
20.3109015145844,-3.55007848862872
20.3898977669136,-2.93799733201817
20.5767896599239,-3.40758616450907
20.6933330521245,-2.77340264489439
20.7653945865194,0.228267470744212
20.9557282482055,-1.41987469357187
21.0904424732224,-4.13188184945497
21.147806490406,-4.45932376636731
21.3416453037825,-4.57411534396917
21.503091326206,-4.50921711107273
21.5372608255656,-4.28496191416875
21.7346693408981,-3.52627233695611
21.9322099321038,-2.56662660262723
21.9338872841908,-2.59426367943675
22.134931240491,-2.0141071478553
22.3378179468629,-3.62171066137884
22.3788043865634,-2.86867299978346
22.542564293781,-3.99326308347625
22.7491873265363,-3.9402140314941
22.8439644350095,-4.33119547496787
22.9577042466556,-4.22189144468942
23.1681324133328,-4.25600301143933
23.3288723507963,-4.57556850309581
23.380489344875,-4.4621276712418
23.5947927201603,-3.58361001173026
23.8110603801096,-3.97967389418622
23.8348129686196,-3.93507137776393
24.0293103291723,-3.49018904649344
24.2495607368246,-3.80720753300179
24.3631850524577,-3.65356720233726
24.4718299390826,-4.36703462487779
24.6961364400285,-1.6968854226898
24.9155142098241,-2.79058235856073
24.9224989133513,-2.84360828852121
25.1509362039012,-4.12512623958114
25.3814673292586,-2.03295806410549
25.4934676034146,-3.85856766441057
25.6141114813172,-3.18194974627855
25.8488880278817,-3.83788012446527
26.0858165142806,-3.42739709602611
26.0988707589335,-3.53429848214918
26.3249166649927,-4.586428091812
26.5662083852898,-4.05834735200998
26.7337268260262,-3.94959622244531
26.8097117628933,-4.38467747916556
27.0554470696469,-2.457420745343
27.3034347632042,-2.18754351935857
27.4002387204346,-2.566310005661
27.5536954887317,-4.6056468120527
27.8062500806274,-4.51411750159403
28.0611195642557,-4.01014782973587
28.1008346630662,-4.17971070797293
28.3183251576973,-1.16221845293947
28.5778882735159,-3.21679289687833
28.8381977399188,-4.19546871591504
28.8398305205409,-4.19090445513214
29.104173705666,-4.29492349398785
29.3709398356649,-4.33631031153848
29.6153002413099,-4.4701047555765
29.6401511190234,-4.45841710286285
29.9118299677881,-3.24268507484547
30.1859989994325,-3.76076506123153
30.4354437068925,-4.27358750043041
30.4626810387395,-4.33059636248155
30.741899119702,-3.24727256512708
31.0236764874403,-4.09310617155339
31.3023058140423,-3.84940972447876
31.3080366001372,-3.79346445349066
31.595003130991,-3.84370037984425
31.8845999701865,-4.58771551104835
32.1768512268835,-3.91627750023432
32.2199955140056,-3.69573179794864
32.4717812312243,-3.52020397716896
32.7694145363588,-4.01707131736228
33.0697759204888,-4.19129115134158
33.1931181595264,-4.55704474728774
33.3728903889309,-3.92770417850741
33.678783176198,-3.91121656225116
33.9874797481003,-4.31064759200936
34.2268528021075,-3.34987585587769
34.299005803865,-2.24847806205097
34.6133872782762,-0.864375133896575
34.9306503438337,-4.09387652957204
35.2508214129322,-3.41488207149885
35.3270443971803,-3.74407000737412
35.5739271400595,-3.77818060191376
35.8999944240164,-2.16533219420589
36.2290504101554,-4.20293178711151
36.5003143829972,-2.45822601585084
36.5611224926406,-2.3744982462367
36.8962383167287,-4.11125609961269
37.2344257810701,-4.47368971668053
37.5757130400317,-4.5198558466868
37.7541940515414,-4.31453219671917
37.9201285060405,-4.41940979568486
38.2677008519494,-3.72021042833805
38.6184590134238,-4.49544048004461
38.9724321913507,-0.364510511103477
39.0972863871781,0.419390837147914
39.3296498542699,-1.8927005643985
39.6901417408268,-2.39734875410667
40.0539378622486,-4.50365188047337
40.4210685048426,-4.03386943097198
40.5394637236544,-3.39952636054872
40.7915642325175,-2.04170487606902
41.165455889328,-3.04429518849449
41.5427746020423,-4.1503656989722
41.923551782734,-3.76102211189894
42.0921108222575,-3.63438660944596
42.3078191313964,-3.59547763487538
42.6956086385824,-4.18088490717369
43.0869525880671,-2.77764210480731
43.4818835595356,-2.76263554786786
43.7684260333913,-3.86006932796139
43.8804344312953,-4.23731650123975
44.2826383830133,-3.4801152137093
44.6885288984784,-2.90119973921546
45.0981397683885,-4.23997429076084
45.5115050931639,-4.22663144258027
45.5837974053449,-4.03830633666669
45.9286592857863,-3.78110925106873
46.3496370746634,-4.58358580639194
46.7744735065204,-3.53563023787044
47.2032039493174,-4.27893188704675
47.5562764417917,-4.54537766190092
47.6358640951939,-4.49367791791335
48.0724899634402,-4.44562253283093
48.5131179034962,-4.56057565925303
48.9577845979771,-3.3125005087712
49.4065270657277,-3.49132386871233
49.7071804236306,-4.3859922653559
49.859382664904,-4.46496800399862
50.3163890960834,-2.5210623488812
50.7775844054031,-0.969509263636924
51.243006987728,-2.890558256986
51.7126955898463,-3.04570734441356
52.0618659268377,-1.4562081797699
52.1866893136959,-1.67845716421826
52.6650276196194,-4.33161570397178
53.147750329649,-0.680775551353721
53.6348976308221,-1.41815163270278
54.1265100785267,-4.39661155730559
54.6226285998776,-4.25265453807427
54.6507331274752,-4.25425714862163
55.1232944971238,-4.30292403474218
55.6285494510868,-3.69244168207038
56.1384355246306,-2.24176093561985
56.6529951661635,-3.64643505081617
57.1722712131719,-4.36810982217796
57.5105454317086,-3.47058602155457
57.6963068957867,-3.28437939295751
58.2251458403818,-4.09115399454763
58.7588320732068,-0.615177085024614
59.2974100240515,1.27625629472507
59.840924529945,-3.57703554732402
60.3894208388885,-3.84910793723279
60.6861863130533,-3.30687226631395
60.9429446136222,-3.55436441737422
61.5015419354266,-4.338169652456
62.0652593079588,-3.35395646052726
62.6341436611242,-3.48770284726626
63.2082423549834,-3.66160531879356
63.7876031836947,-4.28568480225081
64.2330322269907,-4.02816196981323
64.3722743794933,-3.68547657802358
64.9623046167063,-3.64848038646275
65.5577430158056,-4.53914776431631
66.1586391474963,-1.01617376468048
66.7650430368442,-0.139976977543059
67.3770051674399,-3.42185448072977
67.9945764856023,-3.86812744879441
68.2202092980378,-3.24749078535425
68.6178084046191,-2.65952787250134
69.2467528090274,-4.03188360117318
69.8814620589333,-3.88707453324824
70.5219889943707,-1.82037671885647
71.1683869397001,-2.37765563458376
71.8207097080484,-3.54254814695381
72.4790116057883,-3.05458113854601
72.7351432066211,-2.59736096374698
73.1433474370597,-2.61306051073049
73.8137725083322,-3.87300609450844
74.4903426330094,-4.60724336793183
75.173114136075,-4.23443265077558
75.8621438587825,-4.26341491946263
76.557489163387,-4.01164672339584
77.2592079379205,-3.20904648869871
77.8900438392867,-3.32754866069351
77.9673586010114,-3.43897412879008
78.6820001067477,-4.38815777979656
79.4031919495851,-4.16029487555025
80.1309941693,-3.24361405013477
80.8654673559876,-2.16827138054831
81.6066726551062,-2.67819051451542
82.3546717725679,-4.01326161331653
83.1095269798753,-4.37473469236434
83.8313577643751,-3.7332101180115
83.8713011193055,-3.6942223411829
84.6400576091423,-3.57547980377322
85.4158604489556,-4.35109153603904
86.1987742249292,-4.51012265514234
86.9888641152379,-3.99859487174879
87.7861958954734,-3.61925558602562
88.5908359441205,-3.64013416104288
89.4028512480829,-4.08290193394524
90.22230940826,-4.0601732773703
90.7539040530798,-3.34878756819163
91.0492786451747,-2.75998858430913
91.8838278046526,-1.10206019575335
92.7260263635542,-1.34080145802094
93.575944435558,-3.34484440584655
94.4336527769979,-4.49799936901499
95.2992227927539,-4.3080968115676
96.1727265421965,-3.92145274336852
97.0542367451853,-4.12456837857659
97.9438267881238,-4.55707012323487
98.8415707300678,-4.4533511131456
98.9226442745674,-4.40983181774217
99.7475433088922,-3.75271439880911
100.661819947512,-2.932439715698
101.58447676016,-2.82470484354096
102.515590558729,-3.83806243343767
103.455238859157,-4.45951429582928
104.40349988789,-2.6054871873861
105.36045258839,0.377229887927255
106.326176627704,1.57686114371395
107.300752403103,0.569954085905605
108.284261048771,-1.74138380825386
108.707372494631,-2.78590249012965
109.27678444256,-3.87227890030218
110.278405212807,-4.52060968577237
111.289206745212,-4.29519571592758
112.309273189781,-3.80653788589072
113.338689467832,-3.26954696249706
114.377541279062,-2.97302220841223
115.425915108684,-3.26847895819961
116.483898234628,-3.68621917253805
117.551578734803,-2.77272438180094
118.629045494432,-0.346124575144275
119.716388213455,1.89382605129006
120.640252939433,2.67456482930507
120.813697413988,2.67548462990297
121.921064447869,1.40498110259293
123.038581504255,-1.44438134261074
124.166341617302,-3.81686514703384
125.304438673908,-4.60561221594318
126.452967421529,-4.2373003671519
127.612023476069,-3.43645100267608
128.781703329835,-2.97756202395968
129.962104359577,-3.38542272533354
131.15332483459,-4.03336305265842
132.355463924896,-4.38316317465407
133.568621709498,-4.40553194510503
134.792899184718,-4.23466208526381
135.515926111819,-4.13869473020034
136.028398272597,-4.09234949274847
137.275221829387,-4.05172796783157
138.533473654109,-4.08952079726893
139.803258497196,-4.03844350032225
141.084682069213,-3.6571064142797
142.377851049661,-3.08484122826926
143.682873095852,-2.70309332587269
144.999856851878,-2.43605026791957
146.328911957649,-2.09458272671529
147.670149058027,-1.81239039109684
149.023679812034,-1.69040774657023
150.389616902147,-1.51064779901967
151.76807404368,-1.34041040596131
153.159165994253,-1.70904385034524
154.563008563341,-2.51877912915083
154.576093806266,-2.52632530396855
155.979718621919,-3.21059815745937
157.409414112191,-3.66027030147555
158.852214057408,-3.97436168072474
160.308238571775,-4.21743037849521
161.777608870455,-4.39434771899542
163.260447279657,-4.46675549776129
164.75687724682,-4.38409354066735
166.267023350892,-4.19548076805066
167.791011312698,-4.04628802904554
169.328968005411,-4.01486744160846
170.881021465108,-4.0911604647458
172.447300901436,-4.23201474874767
174.027936708364,-4.36735960290096
175.623060475041,-4.40155016854672
177.232804996747,-4.29008832539771
178.857304285955,-4.13198374642369
179.875368909012,-4.07247920866681
180.496693583481,-4.0607791851605
182.151109369746,-4.12450928725841
183.820689376139,-4.30487765182116
185.505572596482,-4.51631889962889
187.205899298599,-4.54542846367454
188.921811035998,-4.13134679244851
190.653450659652,-3.31655112642258
192.400962329894,-2.50201874973036
194.164491528417,-2.00070357121976
195.944185070383,-1.85893196518251
197.740191116652,-2.01181526042572
199.552659186108,-2.44650793529169
201.381740168115,-3.15696772116596
203.227586335074,-3.95052744754739
205.090351355098,-4.44103043412511
206.970190304811,-4.373372408905
208.867259682252,-3.86502574571179
210.781717419908,-3.23532058121791
212.713722897861,-2.74098607455065
214.663436957054,-2.4728054184146
215.076702666098,-2.44419992547998
216.631021912683,-2.41402319793846
218.616641567712,-2.53760337604163
220.620461226507,-2.83109859978365
222.642647708596,-3.2582767312334
224.683369362561,-3.72816977820529
226.742796080053,-4.12788113782088
228.821099309931,-4.39401137027264
230.918452072539,-4.53707377424436
233.03502897411,-4.59779475792161
235.171006221301,-4.60559910299739
237.326561635863,-4.57413916449988
239.501874669445,-4.51143679918673
241.69712641853,-4.42665539286279
243.912499639519,-4.33108318088782
246.148178763937,-4.23544712948015
248.404349913793,-4.14660446661546
250.681200917073,-4.06715241185029
252.978921323378,-3.99880331306091
255.297702419698,-3.94619611436267
257.637737246348,-3.91722692850894
259.999220613027,-3.91966211151217
262.382349115046,-3.95680641220273
264.787321149686,-4.02475537614098
267.214336932723,-4.11333576156088
267.408047305601,-4.12091946686653
269.663598515087,-4.21247283349632
272.135309799694,-4.31830057877235
274.629676558411,-4.42850330983694
277.14690644919,-4.529991972229
279.687209033359,-4.59479688347395
282.250795793065,-4.59506926622638
284.837880148879,-4.52844309209908
287.448677477567,-4.424403263009
290.083405130016,-4.32059991331167
292.742282449332,-4.23678848770047
295.4255307891,-4.17086526261224
298.133373531811,-4.11430445431913
300.866036107458,-4.0734200188592
303.623746012305,-4.07444598511549
306.406732827825,-4.13768384168154
309.215228239814,-4.25066949959987
312.049466057677,-4.37105601286086
314.909682233896,-4.44343563611372
317.79611488367,-4.41653833106503
320.709004304739,-4.26351527897455
323.648592997392,-3.99396479649826
326.615125684651,-3.64111839451673
329.608849332645,-3.23396463385811
332.630013171175,-2.78006857165545
335.678868714457,-2.27161334289647
338.755669782063,-1.70936486780718
341.86067252005,-1.12857767924337
344.994135422288,-0.60387226605812
348.156319351977,-0.216713378577909
351.347487563363,-0.00700592443965498
353.394049318875,0.0399131342286108
354.567905723658,0.0417354048687724
357.817841935154,-0.0227657153334651
361.097566757544,-0.150845861352396
364.407353230443,-0.307594636231814
367.747476896126,-0.481172726038809
371.118215822459,-0.68086872737817
374.519850626053,-0.924178779706525
377.952664495627,-1.22693287163853
381.416943215577,-1.60193669954637
384.912975189775,-2.05679839684066
388.441051465576,-2.58408000492742
392.001465758046,-3.14706067364566
395.594514474416,-3.67700906957961
399.22049673876,-4.09857564526712
402.879714416894,-4.36892566408315
406.572472141506,-4.49305796725574
410.299077337522,-4.50747062058568
414.059840247693,-4.45591998284371
417.855073958429,-4.37521268797244
421.685094425857,-4.2920463724162
425.550220502132,-4.22492329173449
429.450773961976,-4.18622939968393
433.387079529468,-4.18271681753467
437.359464905079,-4.21514993181902
441.368260792948,-4.27852727888316
445.413800928422,-4.36315775251311
449.496422105832,-4.45571066248712
453.616464206536,-4.53958933717181
457.77427022721,-4.59527741381774
461.970186308408,-4.60224173237387
466.204561763375,-4.54346210307151
470.477749107128,-4.41122173055212
474.790104085805,-4.21030710319624
479.141985706279,-3.95559266168678
483.533756266044,-3.6655568265459
487.965781383384,-3.35660436559781
492.438430027802,-3.04135608918316
496.952074550741,-2.73045198453767
501.507090716584,-2.43543759844815
506.103857733936,-2.17044815137277
510.742758287189,-1.9513528117096
515.424178568388,-1.79244019043577
520.148508309376,-1.70231570980596
520.887152967052,-1.69462425109171
524.916140814242,-1.68147447080563
529.727472992063,-1.72300781358493
534.58290538995,-1.81579266501845
539.482842226386,-1.94821640297724
544.427691424889,-2.11063790017019
549.417864647961,-2.29594889330693
554.453777331367,-2.49841712228286
559.535848718714,-2.71163324452212
564.664501896361,-2.92675534278234
569.840163828633,-3.13247880891376
575.063265393372,-3.31724241970321
580.334241417806,-3.47247567148466
585.653530714748,-3.59472968755844
591.021576119127,-3.68556792953049
596.438824524859,-3.74986321013481
601.905726922044,-3.79379179242122
607.422738434517,-3.82342841303867
612.990318357735,-3.84402379269759
618.608930197014,-3.85973595715328
624.279041706117,-3.87354837208452
630.001124926193,-3.88721695494783
635.775656225076,-3.90124775298355
641.603116336945,-3.91501857834104
647.483990402342,-3.9271046082354
653.418768008561,-3.93577938935593
659.407943230407,-3.93950434326027
665.452014671331,-3.93726281204678
671.551485504935,-3.92867309429247
677.706863516863,-3.91396754548296
683.918661147072,-3.89392504716389
690.187395532503,-3.86988298454341
696.513588550118,-3.84381647239732
702.897766860358,-3.81849297072071
709.340461950983,-3.79758684542455
715.842210181322,-3.78557231891691
722.403552826922,-3.78717630704003
729.025036124611,-3.80623312655169
735.707211317972,-3.84423142094201
742.450634703236,-3.89929648170218
749.255867675594,-3.96640755850771
756.12347677593,-4.03889041117927
763.054033737991,-4.1102699553625
770.04811553598,-4.17557820822091
777.106304432595,-4.231759952597
784.229188027497,-4.27742179909004
791.417359306228,-4.31231811124079
798.671416689584,-4.33686487338744
805.991964083429,-4.35177707567388
813.379610928971,-4.35787148652432
820.834972253498,-4.35596640544739
828.358668721581,-4.34686818990278
835.951326686748,-4.33139437562963
843.613578243618,-4.31040738050715
851.346061280537,-4.28484507757006
859.149419532669,-4.25571869814351
867.024302635601,-4.22409744255114
874.971366179414,-4.19105730010674
882.991271763269,-4.15761827419377
891.08468705048,-4.12468431963558
899.252285824104,-4.09299850771973
907.494748043029,-4.06312008632355
915.812759898581,-4.03542581529885
924.207013871653,-4.01013606423069
932.678208790352,-3.98734835197408
941.227049888179,-3.96707750552238
949.854248862741,-3.94929397934655
958.560523934992,-3.93395387599984
967.34659990904,-3.9210205252609
976.213208232474,-3.91048275675499
985.161087057266,-3.90234942516898
990.196255113627,-3.89886393514471
994.190981301219,-3.89665424463411
1003.30364270998,-3.89344948992229
1012.49982991963,-3.89278567644183
1021.78030851984,-3.89470287724461
1031.1458511176,-3.89921520959033
1040.59723740154,-3.90629830971645
1050.13525420684,-3.91587989870809
1059.76069558076,-3.92783470836909
1069.47436284869,-3.94198195623622
1079.27706468093,-3.95809268460906
1089.16961715994,-3.97589051141003
1099.15284384833,-3.99507031880657
1109.22757585743,-4.01530147345679
1119.39465191642,-4.03624781269107
1129.65491844221,-4.0575747625787
1140.00922960991,-4.07896407521665
1150.45844742388,-4.10012063293439
1161.00344178955,-4.12078185718534
1171.64509058583,-4.14072079414055
1182.38427973817,-4.15975173350162
1193.22190329235,-4.1777241497849
1204.15886348886,-4.19453319003796
1215.19607083806,-4.2101092464778
1226.33444419598,-4.22441566978481
1237.57491084076,-4.23744733883606
1248.91840654992,-4.24922656227526
1260.3658756782,-4.25979650624393
1271.91827123623,-4.2692176941047
1283.57655496982,-4.2775652050124
1295.34169744009,-4.28492119494135
1307.21467810421,-4.29137180168229
1319.19648539694,-4.29700764763422
1331.28811681299,-4.30190935168022
1343.49057898997,-4.30616078816021
1355.80488779226,-4.30982959258185
1368.23206839556,-4.31297638732801
1380.77315537221,-4.31564955629679
1393.42919277736,-4.31788515270969
1406.20123423588,-4.31970695140737
1419.09034303005,-4.32112874528994
1432.09759218811,-4.32215357449113
1445.22406457356,-4.32277847018404
1458.47085297534,-4.32299604870278
1471.83906019878,-4.32279769729607
1485.32979915744,-4.32217606714565
1498.94419296571,-4.3211304633962
1512.68337503237,-4.31966381801559
1526.5484891549,-4.31779167043553
1540.54068961473,-4.3155376310792
1554.66114127333,-4.31293748170285
1568.91101966917,-4.31003885276292
1583.29151111561,-4.30690000232093
1597.80381279961,-4.30358936498399
1612.44913288149,-4.30018411933546
1627.22869059541,-4.29676821903669
1642.14371635094,-4.29343059893975
1657.19545183545,-4.29026254287922
1672.38515011752,-4.28735303621002
1687.71407575122,-4.28479346282691
1703.18350488142,-4.2826659601424
1718.79472535001,-4.28104747236037
1734.54903680311,-4.2800050674837
1750.44775079928,-4.27959550994066
1766.49219091871,-4.27986280390226
1782.68369287339,-4.28083807789503
1799.02360461833,-4.28253966363607
1815.51328646376,-4.28496943256843
1832.15411118841,-4.2881204382098
1848.94746415373,-4.29196830168419
1865.8947434193,-4.29648291783977
1882.99735985916,-4.30162172331754
1900.25673727932,-4.30733356331163
1917.67431253622,-4.31356267291025
1935.25153565642,-4.32024816645512
1952.98986995728,-4.32732628741465
1970.8907921688,-4.33473352981307
1988.95579255653,-4.34240510693391
2007.18637504566,-4.35027913278393
2025.58405734623,-4.35829631859431
2044.15037107946,-4.36640085966119
2062.88686190526,-4.37454122381146
2081.79508965092,-4.38267050623804
2100.87662844097,-4.39074665612802
2120.1330668282,-4.39873254807637
2139.56600792593,-4.40659592164158
2159.17706954149,-4.41430919623807
2178.96788431084,-4.42184949498736
2198.94009983456,-4.4291971813249
2219.09537881498,-4.43633772771645
2239.43539919459,-4.44325925864675
2259.96185429575,-4.44995331134223
2280.67645296166,-4.45641360298666
2301.5809196986,-4.46263733089572
2322.67699481953,-4.46862272196293
2343.96643458894,-4.47437073429362
2365.45101136911,-4.47988286905181
2387.13251376758,-4.48516262349003
2409.01274678613,-4.49021430789478
2431.09353197101,-4.49504307735586
2453.37670756458,-4.49965475637069
2475.86412865839,-4.50405568471385
2498.55766734754,-4.50825258516559
2521.45921288661,-4.51225244842712
2544.57067184691,-4.5160624355789
2567.89396827518,-4.51968979557413
2591.43104385383,-4.52314179638612
2615.18385806251,-4.52642566727966
2639.15438834131,-4.52954855279941
2663.34463025532,-4.53251747798706
2687.75659766081,-4.5353393166657
2712.39232287288,-4.53802095225834
2737.25385683461,-4.54056865844481
2762.34326928785,-4.54298822577371
2787.66264894552,-4.54528665242893
2813.21410366547,-4.54746892225919
2838.99976062597,-4.54954141388979
2865.02176650283,-4.55150875714716
2891.28228764807,-4.55337680116512
2917.78351027032,-4.5551500455546
2944.52764061675,-4.55683362895033
2971.51690515681,-4.5584313465881
2998.75355076756,-4.5599484094187
3026.23984492073,-4.5613875361768
3053.97807587146,-4.56275380184823
3081.97055284885,-4.56405093612946
3110.21960624815,-4.56528136450223
3138.72758782483,-4.56644940476494
3167.4968708903,-4.56755838438406
3196.52985050952,-4.56861020810558
3225.82894370042,-4.56960864054358
3255.39658963506,-4.57055653022528
3285.23524984274,-4.57145558733331
3315.3474084149,-4.57230895778204
3345.73557221192,-4.5731196746336
3376.40227107184,-4.57388781236497
3407.35005802097,-4.5746168508326
3438.5815094864,-4.57530876014241
3470.0992255105,-4.57596577185106
3501.90582996743,-4.57658848268821
3534.00397078148,-4.57717940445647
3566.39632014759,-4.57774013257526
3599.08557475381,-4.57827294405556
3632.07445600575,-4.57877721975243
3665.36571025317,-4.57925562274576
3698.96210901864,-4.57970944550695
3732.86644922821,-4.58014009915886
3767.08155344433,-4.58054825574831
3801.61027010077,-4.5809363034052
3836.45547373977,-4.58130287787813
3871.62006525138,-4.58165041887341
3907.10697211492,-4.58197987041129
3942.91914864272,-4.58229212862952
3979.05957622603,-4.5825882938336
4015.53126358331,-4.58286852991543
4052.3372470106,-4.58313400488103
4089.48059063437,-4.58338624307325
4126.96438666658,-4.58362394859475
4164.79175566211,-4.58384897358278
4202.96584677857,-4.58406194226879
4241.48983803844,-4.5842634477373
4280.36693659365,-4.58445405354556
4319.6003789926,-4.58463502966291
4359.19343144959,-4.58480513352478
4399.14939011671,-4.58496587250315
4439.47158135831,-4.58511770640618
4480.16336202785,-4.58526107239729
4521.2281197474,-4.58539638615659
4562.66927318969,-4.58552502760634
4604.49027236262,-4.58564506921133
4646.6945988966,-4.58575819248179
4689.28576633433,-4.58586473756097
4732.26732042326,-4.58596502804326
4775.64283941091,-4.5860593718098
4819.4159343426,-4.58614806182013
4863.59024936221,-4.58623137686166
4908.16946201549,-4.58630958225925
4953.15728355621,-4.58638385239957
4998.55745925516,-4.58645229630153
5044.37376871195,-4.58651635749394
5090.61002616959,-4.58657625375176
5137.27008083215,-4.58663219241581
5184.35781718509,-4.58668437090663
5231.87715531874,-4.58673297721211
5279.8320512546,-4.58677819034981
5328.22649727465,-4.58682018080552
5377.06452225383,-4.58686005421757
5426.35019199531,-4.58689584214707
5476.08760956905,-4.58692887574651
5526.28091565337,-4.5869592952715
5576.93428887965,-4.58698723432363
5628.05194618022,-4.58701282017071
5679.63814313943,-4.58703617405101
5731.69717434788,-4.58705741146227
5784.23337376003,-4.58707664243591
5837.25111505491,-4.58709397179811
5890.75481200033,-4.58710949941698
5944.74891882028,-4.5871243235745
5999.2379305657,-4.58713633403298
6054.22638348879,-4.5871468183552
6109.71885542062,-4.58715585876266
6165.71996615219,-4.5871635335856
6222.23437781911,-4.5871699174464
6279.26679528965,-4.58717508143306
6336.82196655651,-4.58717909326512
6394.90468313202,-4.58718201745066
6453.51978044704,-4.58718391543661
6512.67213825359,-4.58718484575096
6572.36668103097,-4.58718486413867
6632.60837839588,-4.58718402369093
6693.402245516,-4.58718237496802
6754.75334352757,-4.58717996503825
6816.66677995676,-4.58717678386754
6879.14770914485,-4.58717293294612
6942.20133267727,-4.58716936399176
7005.83289981677,-4.58716420116289
7070.04770794029,-4.58715848921301
7134.85110298007,-4.58715226392443
7200.24847986867,-4.58714555934526
7266.24528298804,-4.58713840786916
7332.84700662289,-4.58713084031106
7400.05919541801,-4.58712288597954
7467.88744483984,-4.58711457274589
7536.33740164242,-4.58710592710983
7605.41476433733,-4.58709697426227
7675.12528366823,-4.58708773814519
7745.47476308955,-4.58707824150875
7816.46905924959,-4.58706850596556
7888.11408247822,-4.58705855204298
7960.41579727876,-4.58704943263965
8033.38022282466,-4.58703897784327
8107.01343346056,-4.58702836232001
8181.3215592079,-4.58701760269608
8256.31078627541,-4.58700671473892
8331.98735757399,-4.58699571339665
8408.35757323646,-4.5869846128355
8485.42779114211,-4.58697342647563
8563.2044274459,-4.58696216702541
8641.69395711272,-4.58695084651387
8720.90291445637,-4.58693947632222
8800.83789368351,-4.58692806721334
8881.50554944274,-4.58691662936028
8962.91259737854,-4.58690517237366
9045.0658146903,-4.58689370532736
9127.97204069667,-4.58688223678334
9211.63817740478,-4.58687077481548
9296.07119008494,-4.58685932703216
9381.27810785051,-4.58684790059775
9467.26602424298,-4.58683650225331
9554.04209782262,-4.58682513833648
9641.61355276437,-4.5868138148002
9729.9876794593,-4.58680253723074
9819.17183512153,-4.58679131086493
9909.17344440067,-4.58678014060658
10000,-4.59463183397813
