"V1","V2"
15110.97566,-5.91118050367368
15171.9037270001,-8.0051308369184
15188.7847449998,11.6169804176061
15231.7590390001,-9.54648253022606
15255.709942,8.3353091603858
15255.7105669999,12.6699515602777
15260.7145489999,13.2819937099011
15261.7205670001,7.1752219710288
15426.1442010002,-12.6699446289604
15427.147477,-8.04636080278578
15434.1467940002,8.10722616492058
15435.1457179999,9.83475657456802
15436.1439350001,-3.68829867375098
15437.1485529998,8.85021652822979
15438.1501389998,-8.14192481444479
15439.1476389999,-7.0021952918396
15439.1481599999,-10.7770684685129
15439.1486920002,-7.48588188867143
15440.1501270002,-16.5918805331821
15441.1484949999,-12.4008019105568
15456.0133560002,9.42479758979971
15465.0704399999,0.426820272678015
15469.1245949999,6.7492799899992
15486.9994910001,-4.48874170526324
15500.9818750001,4.83415974274249
15521.888206,-15.5575015499344
15542.9469790002,-4.03986965709555
15613.7048379998,25.5893257484822
15791.138299,15.6103301959338
15792.1340049999,-9.88908678590087
15793.1378589999,-7.24628072781343
15795.139641,-6.36363501101732
15797.1372219999,-2.69614650832591
15798.1408099998,0.985311606324103
15807.1097110002,-4.26508744218518
15809.1346530002,10.0826598722961
15870.9851500001,6.77387026819633
15902.8967940002,-2.37555448528656
15902.898542,-1.26909395544135
15902.8995019998,-1.78853238290321
15960.6989239999,-4.79686762887286
16138.1307870001,-17.2732134559374
16149.13228,-1.36707521237986
16149.132801,-16.475581901479
16149.1333329999,-12.0574175552756
16173.1296179998,-9.67849078031577
16202.9935070002,12.6474931121375
16202.994225,12.2786830517725
16202.9949770002,9.32242703077281
16327.7014930001,20.4109419624365
16343.7037729998,4.39509432763589
16530.1163659999,-4.6002449664411
16532.1207409999,-3.98980677779036
16587.961875,-4.44302881059048
16613.905243,-6.77468063972992
16637.8106129998,3.2457482206446
16638.7869099998,7.49959047826269
16674.8042009999,7.43482684792616
16708.783727,-5.97229661484016
16884.1306250002,-2.66066774070714
16889.146042,5.65437839542574
16890.1462039999,4.31072913281605
16894.1388190002,-7.71713996938342
16896.1099769999,0.40011723693533
16911.0197689999,-6.12455441010025
16911.0203129998,-5.31163764653684
16911.0208680001,7.46491717876052
17234.1393519999,-0.576687287924869
17241.1373840002,-4.40349150220572
17241.1379169999,-7.32285416603554
17241.1384609998,-2.64649433554223
17243.1432059999,-1.43270574136841
17245.1453820001,-2.95249803786282
17246.1423960002,-5.49117115632907
17247.1466669999,-13.6885032678474
17254.1481710002,1.8087458621485
17255.1516320002,2.1796045647061
17256.1507870001,-1.68666244917404
17291.0432870002,6.07325420281268
17326.9781129998,7.24900512727254
17353.8766899998,-11.1229080624144
17378.7861810001,4.4773262195813
17384.7780670002,12.1095567288758
17401.7489470001,13.6260480634846
17672.9905090001,9.37892445853504
17678.9750689999,-5.09778093325804
17703.9552199999,-5.80180850832039
17703.9557409999,-8.01016876939684
17703.9562960002,-5.7197641508028
17712.9878699998,-0.419052206510969
17789.7497220002,1.66319100254987
17790.7369329999,4.22581981177427
17803.7051499998,9.95391120402564
17804.7083450002,15.5975366665116
17806.793356,0.983212893203017
17828.7575929998,-3.91916706322081
17829.7219099998,-7.28611548486879
17830.7230210002,2.40474072009602
18000.1515279999,0.344081180632202
18001.1496299999,7.37344275488431
18003.1490620002,-4.82063821528573
18029.934225,6.16435114094929
18065.898947,-0.281993993648939
18091.904873,-8.36017657987031
