"V1","V2"
15110.97566,-6.53467177662969
15171.9037270001,-7.31580970673895
15188.7847449998,11.4046045555224
15231.7590390001,-9.70962592847354
15255.709942,8.19902725040811
15255.7105669999,10.9238877472926
15260.7145489999,13.1511459009962
15261.7205670001,7.04545666677586
15426.1442010002,-11.6406465603795
15427.147477,-8.10799793128899
15434.1467940002,8.87132515602934
15435.1457179999,9.76806091723483
15436.1439350001,-3.75569060089401
15437.1485529998,8.78210932105867
15438.1501389998,-7.69167533037762
15439.1476389999,-7.07176921915743
15439.1481599999,-10.8466427856147
15439.1486920002,-7.5554566037863
15440.1501270002,-15.4257683516553
15441.1484949999,-12.4719016367053
15456.0133560002,9.34056305000922
15465.0704399999,0.333049036169541
15469.1245949999,6.65087169537583
15486.9994910001,-4.61021400765458
15500.9818750001,4.6918350400083
15521.888206,-15.6434842141607
15542.9469790002,-4.25713126999472
15613.7048379998,25.2235597040017
15791.138299,15.2911626301284
15792.1340049999,-10.3946155002122
15793.1378589999,-7.85227200882946
15795.139641,-6.68619929042325
15797.1372219999,-0.932405689076404
15798.1408099998,0.378217698100343
15807.1097110002,-4.05708356819014
15809.1346530002,9.47426340702805
15870.9851500001,6.78224708606285
15902.8967940002,-2.94002720822755
15902.898542,-1.8335650887966
15902.8995019998,-2.19595068360286
15960.6989239999,-5.29796417136822
16138.1307870001,-16.8720837812907
16149.13228,-1.60836054535321
16149.132801,-16.5853082798749
16149.1333329999,-11.1837962114732
16173.1296179998,-9.15969504134773
16202.9935070002,13.7436986285757
16202.994225,11.2841351635507
16202.9949770002,9.14640426494589
16327.7014930001,20.3463237136421
16343.7037729998,4.34034943632287
16530.1163659999,-3.25571025813406
16532.1207409999,-4.00231244289535
16587.961875,-4.46663411577538
16613.905243,-6.6145950426544
16637.8106129998,3.25702641667158
16638.7869099998,7.45811113905438
16674.8042009999,7.37674724145472
16708.783727,-6.04864361269938
16884.1306250002,-3.36564594950687
16889.146042,5.57017414357324
16890.1462039999,4.10935092364161
16894.1388190002,-7.51156068122509
16896.1099769999,0.194279080926208
16911.0197689999,-6.34151311344249
16911.0203129998,-5.71918585135063
16911.0208680001,7.34366119596234
17234.1393519999,2.28739301627138
17241.1373840002,-4.75288457726856
17241.1379169999,-7.67224711490417
17241.1384609998,-2.24389183487801
17243.1432059999,-1.78161297654151
17245.1453820001,-3.30089852052333
17246.1423960002,-5.83931115495579
17247.1466669999,-14.0363754071332
17254.1481710002,2.96879375560093
17255.1516320002,1.83406486016611
17256.1507870001,-2.00387054443127
17291.0432870002,5.78615507018185
17326.9781129998,6.94022836414661
17353.8766899998,-11.4108144457423
17378.7861810001,4.21180391862072
17384.7780670002,11.8498104603605
17401.7489470001,13.2917666534631
17672.9905090001,9.32258022936367
17678.9750689999,-6.61301977713083
17703.9552199999,-5.87753598573545
17703.9557409999,-7.70853570395047
17703.9562960002,-5.79549248686817
17712.9878699998,1.30150114841672
17789.7497220002,1.67963683610651
17790.7369329999,4.28013070179077
17803.7051499998,9.75843892569901
17804.7083450002,17.507730059071
17806.793356,0.78327936883943
17828.7575929998,-1.30647848941953
17829.7219099998,-7.65443642993341
17830.7230210002,-0.0503171672316967
18000.1515279999,-0.0369886551670788
18001.1496299999,7.11959264235338
18003.1490620002,-3.87491096520171
18029.934225,5.46083744142015
18065.898947,-0.215012857152033
18091.904873,-8.70502803926138
