"V1","V2"
15110.97566,-5.40653779607237
15171.9037270001,-7.9770833987277
15188.7847449998,11.1130859187251
15231.7590390001,-8.95987344060632
15255.709942,8.00981098172633
15255.7105669999,12.6672811442259
15260.7145489999,12.8634768655938
15261.7205670001,6.37949062439293
15426.1442010002,-12.3435045896003
15427.147477,-7.80287516039607
15434.1467940002,6.92744574337848
15435.1457179999,9.83924107758139
15436.1439350001,-3.36584003775351
15437.1485529998,8.65627461044642
15438.1501389998,-7.9145557296215
15439.1476389999,-6.68060345761478
15439.1481599999,-11.7074659895516
15439.1486920002,-7.19545021731392
15440.1501270002,-16.6953987117558
15441.1484949999,-12.0797023012565
15456.0133560002,9.74439095408889
15465.0704399999,0.747365162649658
15469.1245949999,5.96970984216023
15486.9994910001,-5.0129424031802
15500.9818750001,4.97372781515151
15521.888206,-15.4287108357421
15542.9469790002,-5.06498529415694
15613.7048379998,23.4096066242928
15791.138299,15.1772460722386
15792.1340049999,-9.80761930611334
15793.1378589999,-7.08843660551065
15795.139641,-5.66822064822554
15797.1372219999,-1.9559125410633
15798.1408099998,0.466367971388536
15807.1097110002,-3.69145553732233
15809.1346530002,10.7070686396983
15870.9851500001,6.59500599857347
15902.8967940002,-1.7198602395365
15902.898542,-0.595951086717832
15902.8995019998,-2.6161091156464
15960.6989239999,-4.31324404051702
16138.1307870001,-17.1003733969119
16149.13228,-1.52434715819618
16149.132801,-16.0643589383035
16149.1333329999,-11.6461950677403
16173.1296179998,-10.0357043599797
16202.9935070002,12.8805565507464
16202.994225,12.6497118494153
16202.9949770002,9.69345538332345
16327.7014930001,20.7554173493518
16343.7037729998,4.72987081508109
16530.1163659999,-6.59555997462667
16532.1207409999,-4.68212058369681
16587.961875,-4.58558908176565
16613.905243,-7.23293375037611
16637.8106129998,3.03101544814126
16638.7869099998,8.01482330288854
16674.8042009999,7.7592999133376
16708.783727,-7.03963625107281
16884.1306250002,-2.16486616860129
16889.146042,5.37353747366797
16890.1462039999,4.76714033304597
16894.1388190002,-8.52959749717775
16896.1099769999,-0.224381590411213
16911.0197689999,-5.23159466560173
16911.0203129998,-4.27035031535706
16911.0208680001,8.50620526072089
17234.1393519999,0.450213272313704
17241.1373840002,-3.78876085464435
17241.1379169999,-6.12804052311549
17241.1384609998,-1.6025982333158
17243.1432059999,-0.418471185010276
17245.1453820001,-3.08640873761397
17246.1423960002,-6.44728484259394
17247.1466669999,-12.5023427828964
17254.1481710002,2.9926822076086
17255.1516320002,1.39948977832319
17256.1507870001,-0.773444988692063
17291.0432870002,6.79940591673949
17326.9781129998,7.8585075985211
17353.8766899998,-10.0701347151626
17378.7861810001,1.88247960303852
17384.7780670002,12.1080260130548
17401.7489470001,14.4995287036254
17672.9905090001,5.17088714738566
17678.9750689999,-5.90779623659546
17703.9552199999,-5.46299766548327
17703.9557409999,-7.33544050951605
17703.9562960002,-5.04503511800067
17712.9878699998,0.269015805792151
17789.7497220002,2.43743154239564
17790.7369329999,4.8193967178413
17803.7051499998,10.1847716696211
17804.7083450002,16.2498939333855
17806.793356,1.20928659657147
17828.7575929998,-3.532824232454
17829.7219099998,-6.4608680506135
17830.7230210002,3.36797772232239
18000.1515279999,1.25369743939154
18001.1496299999,6.56119573163232
18003.1490620002,-4.2042316194711
18029.934225,7.16134258457168
18065.898947,-1.03887587527061
18091.904873,-7.20566605915519
