"V1","V2"
1.1,-4.45186320161744
1.1,-4.45186380220943
1.10110208304486,-3.64506020617066
1.10220637664453,-1.33910091315457
1.10331288745657,1.32948707187145
1.10442162216531,-4.53522001226773
1.10553258748197,-3.16903178467729
1.10664579014479,-4.26236591779011
1.1077612369192,-4.59164031663326
1.10887893459792,-2.39244100144893
1.10999889000111,-0.342297355618969
1.11008249696303,-0.91642334218014
1.11112110997652,-2.74034933605842
1.11224560139962,-3.99100818632965
1.11337237117373,-4.38245875041511
1.11450142623018,-2.77193263718041
1.11563277352846,-2.64834175674983
1.11676642005631,-0.188733134987134
1.11790237282993,-2.74572966872486
1.1190406388941,-4.07973938639813
1.1201812253223,-4.02244141841371
1.12025740914879,-4.20971477911078
1.12132413921689,-3.36283294370131
1.12246938770924,-4.07322378446773
1.1236169779599,-3.5389248557789
1.12476691715871,3.18094768986142
1.12591921252499,-4.06783997615978
1.12707387130767,-4.31951401134725
1.12823090078545,-2.57467533940971
1.12939030826693,-1.31290114105028
1.13052558362656,-4.43489082845568
1.1305521010908,-4.36034738954752
1.13171628662599,-0.557216255196666
1.13288287227179,-3.57447165204261
1.13405186545804,-0.609835166231251
1.13522327364529,-4.31308564147682
1.13639710432492,-3.99719943598942
1.13757336501934,-2.24287676502834
1.13875206328216,0.78235676907755
1.13993320669829,-4.21256758663188
1.14088787522978,-4.54047631222645
1.14111680288418,-4.61984915812687
1.1423028594879,-3.35481170248031
1.1434913841894,-4.16753878049949
1.14468238470059,-3.8631179258343
1.14587586876557,-2.28345469010523
1.14707184416073,-4.556062435207
1.14827031869501,-3.95558905630915
1.14947130020999,-4.16694197520158
1.15067479658009,-4.33987336994321
1.1513451466272,-2.52169473333888
1.15188081571275,-3.72566799196912
1.1530893655486,-3.45090372460712
1.15430045406161,-2.64681016545572
1.15551408925932,-3.96057979760795
1.15673027918294,-4.25355004344581
1.15794903190761,-3.84483595537754
1.15917035554252,-4.00496307736998
1.16039425823109,-2.98079125837384
1.1616207481512,-3.93014683760399
1.16189826839471,-3.56501010137245
1.16284983351533,-4.50558312972581
1.16408152257075,-4.34767624302467
1.16531582359971,-3.33530864762108
1.16655274491963,-3.25361230620061
1.16779229488327,-3.82387807528827
1.16903448187895,-1.45720287964812
1.1702793143307,-2.78574727645239
1.17152680069847,-4.17206225081876
1.17254811908784,-2.10905753104183
1.17277694947834,-3.749265101818
1.17402976920267,-1.91639915493048
1.17528526844033,-3.99668972247074
1.17654345579689,-1.0729941350746
1.17780433991478,-3.26474818221593
1.17906792947356,-3.39327925307905
1.18033423319005,-4.36800220972978
1.18160325981856,-4.14747016903553
1.18287501815109,-4.61223818364405
1.18329558531484,0.545917790186165
1.18414951701754,-0.748866224817194
1.18542676528589,-2.20504971223952
1.18670677186244,-4.04312009357258
1.187989545692,-4.19869733928468
1.18927509575807,-1.95618592045563
1.19056343108312,-3.23053572134077
1.19185456072871,-3.85499913353547
1.19314849379579,-4.54748830234277
1.19414156181057,-3.82903830415384
1.19444523942486,-3.62249887740129
1.19574480679619,-4.58701165428639
1.19704720513007,-3.68898445890378
1.19835244368698,-4.1635935245985
1.19966053176785,-3.76494390031476
1.20097147871425,-3.82715732073277
1.20228529390865,-4.1950507443901
1.2036019867746,-2.52263663774304
1.20492156677698,-4.51910856923971
1.20508695151092,-4.56915163119933
1.20624404342224,-2.62636046995076
1.20756942625859,-4.04156657363686
1.20889772487626,-3.25845232262745
1.21022894890773,-3.70027423054242
1.21156310802795,-4.21512304700085
1.21290021195456,-3.28961287940123
1.21424027044818,-3.00044733670566
1.21558329331259,-3.55140060948347
1.216132665628,-4.59324531214739
1.21692929039501,-4.26148983030649
1.2182782715863,-4.57630534365862
1.21963024682124,-2.07355763807985
1.22098522607877,-3.59030772744254
1.22234321938219,-3.004709346868
1.22370423679948,-3.89564519302022
1.22506828844348,-3.1595864621784
1.2264353844722,-4.36434846791721
1.22727962372603,-4.40551602739791
1.22780553508903,-4.39816728041839
1.22917875054299,-4.38088639366569
1.23055504112903,-2.81020849748055
1.23193441718824,-3.44977362580872
1.23331688910815,-3.31936613471655
1.23470246732294,-3.64208814570489
1.23609116231376,-4.45631771787376
1.23748298460896,-4.61203293717117
1.23852875379785,-4.36630489359212
1.23887794478435,-4.02061178047919
1.24027605346349,-1.49694569365002
1.24167732131796,-4.03621447269544
1.24308175906759,-4.26188351073333
1.2444893774808,-2.04455876869432
1.24590018737482,-4.43145009132232
1.24731419961599,-4.13788072191355
1.24873142512005,-4.57003007788811
1.2498809923422,-2.90817453710557
1.25015187485239,-3.99898203441441
1.25157555982836,-3.23888639845561
1.25300249111354,-4.27533553212445
1.25443267982402,-4.45280828445616
1.25586613712673,-3.81871524233228
1.25730287423968,-4.51723075842537
1.25874290243227,-2.93408548159485
1.2601862330256,-2.95328863228812
1.26133728444169,-2.71273906261846
1.26163287739275,-3.3503022290557
1.26308284695908,-3.75507927397595
1.26453615320254,-4.47362898402642
1.26599280765397,-4.193631941262
1.26745282189738,-4.56815188601471
1.26891620757031,-2.47035774302546
1.27038297636408,-3.90401169030096
1.27185314002416,-4.28080055452259
1.27289858384145,-4.23279837430053
1.27332671035042,-4.5192972628407
1.27480369919751,-3.9706379272304
1.27628411847512,-4.06093290349773
1.27776798014835,-2.98421663799607
1.279255296238,-2.35237971858445
1.28074607882088,-4.29658082171906
1.28224034003021,-4.52384458168982
1.28373809205586,-1.69666925736849
1.28456585302856,-3.25363290198513
1.28523934714473,-3.95157385343023
1.28674411760108,-2.90161997865678
1.28825241578687,-3.18463463674451
1.28976425412208,-4.15117413953121
1.29127964508505,-3.76614445827212
1.29279860121286,-1.9880202710817
1.29432113510162,-4.61099900138075
1.29584725940687,-4.05565343156698
1.29634006331217,-3.61242697321737
1.2973769868439,-3.76132970382051
1.29891033018811,-4.46098977466895
1.30044730227539,-1.95027012033623
1.30198791600241,-3.58894221707343
1.30353218432707,-3.96547621916497
1.30508012026879,-3.31946606708422
1.30663173690893,-4.48536680319083
1.30818704739112,-4.3507527120523
1.30822219490435,-4.31930825146915
1.30974606492164,-4.6085465683552
1.31130880276981,-3.88223020137028
1.31287527426836,-3.65391601352897
1.31444549281377,-3.935600387856
1.31601947186674,-2.87486477607675
1.31759722495248,-2.91745277169119
1.31917876566115,-4.21941916022618
1.3202132370017,-4.26400748739943
1.32076410764825,-4.12357984889357
1.32235326463498,-4.4232236136248
1.32394625040868,-4.0013442772603
1.32554307882319,-3.98357377031042
1.32714376379928,-2.77235167618463
1.32874831932503,-4.31110638246443
1.33035675945626,-3.66848897251427
1.33196909831692,-4.17058240002339
1.33231418786772,-4.42611365074825
1.33358535009953,-4.57865082686098
1.33520552906556,-4.57911680860426
1.33682964954589,-1.95916230398845
1.3384577259412,-4.53698884815609
1.34008977272241,-2.5449496282105
1.3417258044311,-3.85289380031569
1.34336583567997,-3.77110420097196
1.34452605491588,-4.57285885170481
1.34500988115322,-2.93600388883837
1.34665795560705,-1.90418515194685
1.34831007387007,-4.50929221323648
1.34996625084373,-4.42651921944682
1.3516265015028,-4.4167164306808
1.35329084089582,-3.31002823568096
1.35495928414551,-4.31464972801203
1.35663184644928,-1.32316501192466
1.35684985479351,-1.33034733446246
1.35830854307967,-3.48536367700021
1.35998938938481,-3.81891267378953
1.36167440078892,-3.97931344431382
1.36336359279271,-2.00710047946936
1.36505698097395,-3.39942691204206
1.36675458098786,-3.87713101272064
1.36845640856766,-3.23133337187508
1.36928661346646,-4.00830903846296
1.37016247952502,-4.33218865424121
1.37187280975057,-4.54783857369572
1.37358741521435,-3.80407917495578
1.37530631196638,-2.25846439795956
1.37702951613709,-4.50390567736869
1.37875704393787,-2.40819533216714
1.38048891166156,-4.52953924535788
1.38183736630445,-4.15418539349813
1.38222513568296,-4.60135843994314
1.38396573245936,-2.65572019908362
1.38571071853105,-2.10476339456219
1.38746011052182,-3.72179478891977
1.38921392513956,-4.32012775629883
1.39097217917671,-3.8056682437813
1.39273488951084,-3.99336059539425
1.39450207310518,-4.51276571193611
1.39450315816732,-4.51387656980998
1.39627374700918,-3.50725896449788
1.39804992835901,-4.16276640878553
1.39983063437818,-3.94964304139248
1.40161588237804,-3.87303202427941
1.40340568975838,-3.59796747953308
1.40520007400797,-4.30305430764932
1.40699905270514,-3.26695038508038
1.40728504349201,-0.681188113970935
1.40880264351836,-4.51089064330771
1.41061086420679,-3.68390056930972
1.4124237326209,-4.4643376415012
1.41424126670305,-4.60681885644223
1.41606348448805,-4.20548419795969
1.4178904041038,-4.30508323409672
1.41972204377186,-4.50886600235205
1.4201840863803,-1.93533298474572
1.42155842180807,-4.50802085372951
1.42339955662315,-4.32214245384299
1.42524546672334,-4.61873479937245
1.42709617071099,-3.55432643204941
1.42895168728519,-3.78357752999185
1.43081203524243,-4.5609602825779
1.43267723347719,-3.67052305693611
1.43320136068746,-4.20939779184769
1.43454730098261,-4.62743678602956
1.43642225685112,-3.3704622777523
1.43830212027512,-4.43204737535948
1.44018691054758,-3.21705214690607
1.44207664706275,-3.20210019546554
1.44397134931679,-4.53793177481308
1.44587103690847,-1.85062687609698
1.44633795011158,-1.68660534168808
1.44777572953984,-2.99210049562598
1.44968544701689,-4.58618921312424
1.45160020925024,-4.40289190232798
1.45352003625586,-1.02467033724847
1.45544494815575,-4.22411555870659
1.45737496517863,-4.27198416100603
1.45931010766067,0.217366720491752
1.45959494828386,-1.50416093334926
1.4612503960462,-4.50529247046214
1.4631958508884,-4.43485953161738
1.46514649285008,-1.21601162114476
1.46710234270437,-4.33251936914221
1.46906342133548,-3.85569491179698
1.47102974973941,-3.01075172514354
1.47297345885961,-4.46528238762491
1.47300134902474,-4.47649460171792
1.47497824041337,-4.51236361295591
1.47696044524128,-2.83767305222827
1.47894798495928,-3.85475764210631
1.48094088113382,-3.42050409264985
1.48293915544773,-3.40508750823764
1.48494282970106,-3.71653968113074
1.48647459561013,-2.98571099809308
1.4869519258118,-3.72081595572948
1.48896646581676,-4.33528071631523
1.4909864718723,-3.04909830146741
1.49301196625519,-4.25001415932812
1.49504297136342,-2.03164117336033
1.49707950971702,-3.64897769120327
1.49912160395889,-4.19584471403684
1.50009948251546,-3.6851581460729
1.50116927685566,-4.48438939829188
1.50322255129848,-2.93264803918462
1.50528145030395,-2.95158624251016
1.50734599701494,-2.46543044422063
1.50941621470143,-4.44212332748148
1.51149212676144,-4.49114908734416
1.51357375672188,-4.02111049284659
1.51384925385791,-3.98937977175254
1.51566112823944,-4.52029271764897
1.51775426510149,-2.0624479935033
1.51985319122699,-3.34091649184686
1.52195793066739,-3.06182643649717
1.52406850760754,-2.495770392369
1.52618494636666,-3.83202358954063
1.52772505431655,-4.03321527480714
1.52830727139922,-4.41555305646168
1.53043550729592,-4.05764717896963
1.53256967878461,-2.04817880945646
1.53470981073127,-4.38265964063683
1.53685592814099,-3.23844344836621
1.53900805615888,-4.17903123819358
1.54116622007113,-4.36429973582548
1.54172803906245,-2.66533787492185
1.54333044530596,-3.39057823783483
1.54550075743461,-3.87811167095978
1.54767718217237,-4.16640373956401
1.54985974537958,-4.36875821514596
1.55204847306268,-3.6762577380849
1.5542433913752,-3.88607567456867
1.55585937385487,-4.2081782532209
1.55644452661885,-3.44616601774774
1.55865190524452,-4.24492779594883
1.56086555385338,-2.35888881465186
1.56308549919793,-2.42848268983491
1.5653117681831,-3.09395593063758
1.56754438786728,-4.0302326349935
1.5697833854635,-2.589181576909
1.57012023513831,-3.85865633484215
1.57202878834047,-4.40941282813489
1.5742806240237,-3.21386754256398
1.57653892019666,-3.65925809835542
1.5788037047019,-3.57424909234968
1.58107500554218,-4.32041423482534
1.58335285088163,-4.57742895999533
1.58451181014047,-3.01634409484169
1.58563726904693,-4.50129695478407
1.58792828852846,-2.70843410544174
1.59022593798151,-3.06266198535903
1.59253024622744,-2.8080730177999
1.59484124225492,-3.513325276095
1.59715895522114,-2.67460466431331
1.59903529697103,-3.91733745018613
1.59948341445301,-4.10196143348893
1.60181464944843,-1.48871276912448
1.60415268987751,-3.38810815538315
1.60649756558385,-4.32906261282827
1.6088493065858,-3.78361340740511
1.61120794307775,-3.92750269500564
1.6135735054314,-4.42827583828231
1.61369190472147,-4.45123215705738
1.61594602419708,-4.11131091827801
1.61832553010507,-2.33236355226214
1.62071205406692,-3.67739463678456
1.62310562717679,-4.5935898023977
1.62550628071279,-3.6724678440032
1.62791404613837,-3.44291448039437
1.62848285356567,-3.48208482108086
1.63032895510364,-3.66525619955039
1.63275103944684,-2.71163064535975
1.63518033119567,-4.5308541704492
1.6376168625687,-4.26143518365652
1.64006066597686,-3.45145108057702
1.64251177402482,-4.38521921916012
1.6434093748615,-4.33515187136376
1.64497021951244,-4.19143842727206
1.64743603543626,-1.51114241122875
1.64990925499098,-3.82859550480006
1.6523899115709,-3.81478568815115
1.65487803877149,-1.77232913861016
1.65737367039086,-3.6596875083836
1.65847271125337,-3.2885127677225
1.65987684043131,-4.25300841177776
1.66238758310085,-2.98692282896283
1.6649059328148,-3.23150667355188
1.66743192419732,0.574519301521915
1.66996559208304,-1.92063137366628
1.67250697151862,-2.83399916888831
1.67367411677562,-4.59433580687821
1.67505609776438,-3.89879446870813
1.67761300629594,0.933031842600057
1.68017773280587,-3.25573483702968
1.68275031320533,-3.50711296756427
1.68533078362575,-3.62508837142653
1.68791918042054,-1.8568078595396
1.68901485695697,-4.59280743713774
1.69051554016679,-4.49005233581213
1.69311989966697,-3.14618531218886
1.6957322959507,-3.97360525193889
1.69835276627649,-4.49714184129934
1.70098134813352,-1.55677969720168
1.7036180792434,-3.4661666258933
1.70449620892586,-4.40647187417088
1.70626299756203,-3.797225681941
1.70891614128135,-1.4163614273792
1.71157754883124,-2.89380585460302
1.71424725888135,-3.50568833114821
1.71692531034296,1.00710517074302
1.7196117423709,-2.48004797332149
1.72011946151676,-3.99285715523158
1.72230659436542,-3.54315968466639
1.72500990597417,-4.39239463797449
1.72772171709408,-3.32842090761094
1.73044206787339,-4.47164504083824
1.73317099871357,-1.78645399712886
1.73588591537747,-1.92086957567088
1.73590855027135,-2.06862204879073
1.73865476346076,-4.62203555574721
1.74140967945511,-1.18078706605988
1.74417333968912,-4.54623925882382
1.74694578586092,-1.97769748100009
1.74972705993421,3.05903915717775
1.75179688307743,-4.23613107127423
1.75251720414036,-2.0645149956051
1.75531626098053,-3.86652736681364
1.75812427322784,-3.70957574450412
1.76094128392955,-2.97823694299953
1.76376733640926,-2.39575124226022
1.76660247426912,-2.87362744870373
1.76785368921695,-3.67829043694141
1.7694467413921,-4.54329679818633
1.77230018194422,-4.15930148195557
1.77516284037685,-4.05265873666517
1.77803476142904,-3.21483801482398
1.78091599012981,-1.8199322022883
1.78380657180054,-3.81093994279562
1.7840576705375,-3.27549084205779
1.7867065520573,-4.36733323703285
1.78961597681333,-3.8657091865247
1.79253489228136,-4.10162046615594
1.79546334497615,-3.38181960091802
1.79840138171691,-2.93366413972879
1.80041017603301,-4.5524572020162
1.80134904962978,-3.23144662004981
1.80430639615042,-4.45413029888684
1.80727346902648,-3.38761085216604
1.8102503163202,-4.33625548371683
1.81323698641102,-1.90791046172009
1.81623352799818,-4.36026394416106
1.81691256706215,-3.40015970127323
1.81923999010336,-4.62863557906801
1.82225642207339,-3.11907063151946
1.82528287358291,-3.53282701725286
1.82831939463711,-4.37805763816559
1.8313660355745,-3.35989911936864
1.83356621746169,-4.39371496458236
1.83442284706967,-3.42867110528417
1.8374898801361,-4.12367482987506
1.84056718612903,-3.92228346506258
1.84365481674828,-4.60938784895026
1.84675282404118,-4.49708574758515
1.84986126040547,-4.28991223435415
1.85037251366084,-2.17151135470519
1.85298017859229,-4.00894046735627
1.8561096317091,-4.62118112987608
1.85924967322279,-2.76308986053513
1.86240035696261,-2.74111565805109
1.86556173712336,-4.5266897335591
1.86733285479671,-2.59796476397051
1.8687338682684,-3.41155633545648
1.87191680533285,-3.98697220205534
1.87511060362675,-3.9900439174792
1.87831531883826,-1.99063836126428
1.88153100703687,-2.52972829033419
1.88444865283075,-3.76454858374663
1.88475772467671,-4.38792921623318
1.88799552859984,-3.3065017622923
1.89124447603957,-3.17817756936458
1.89450462462388,-3.23504608578119
1.89777603237877,-3.29804394794169
1.90105875773171,-3.5207547603047
1.90172133266634,-3.65481352984566
1.90435285951519,-2.19975253919395
1.90765839697012,-2.83746958224069
1.91097542974949,-3.2690109307222
1.91430401792189,-4.17869331365276
1.91764422197515,-4.28663075989781
1.91915233226737,-3.42686677422089
1.92099610282002,-2.88827629743216
1.92435972179387,-2.43902428430656
1.92773514066441,-4.15091243708227
1.93112242163349,-4.37740256570609
1.93452162734093,-3.98399474300411
1.93674310277798,-3.56380392345292
1.93793282086835,-4.42474585100203
1.94135606574309,-3.70943267252867
1.94479142594217,-1.45679891893994
1.94823896589625,-4.4608365811001
1.95169875049365,-4.30686595169547
1.95449510864336,-3.73709302765977
1.95517084508448,-3.19221300808525
1.95865531548467,-3.33478371757602
1.9621522279802,-4.45740985557157
1.96566164933126,-4.25377974338093
1.96918364677652,-4.31495542305746
1.97240982773168,-3.80359244132828
1.97271828803741,-3.70321646919999
1.97626564132248,-3.21234864891423
1.97982577533177,-3.4126996793681
1.98339875926125,-1.25002007655363
1.98698466280731,-2.90391392801868
1.99048875145709,-4.44159010578702
1.99058355617128,-4.5824199999079
1.994195510064,-4.48913895516924
1.99782059571051,-4.31677163148456
2.00145888485465,-2.00682758647574
2.00511044976385,-4.14452893048812
2.00873338490391,-4.17304059595736
2.0087753632339,-4.12806008061304
2.01245369859377,-3.79575093713513
2.01614552971055,-4.56331809335936
2.01985093099431,-3.87037774803847
2.02356997740319,-2.78214251913423
2.02714524695194,-4.32034464598192
2.02730274444841,-4.41055793841488
2.03104930819936,-4.54852672190842
2.03480974528882,-3.69274015914792
2.03858413291814,-4.47943866766892
2.04237254886254,-3.41861209439932
2.04572587040285,0.368751265651865
2.04617507147648,0.820970470665797
2.04999177969899,-4.57391522990773
2.05382275305922,-4.15040953554998
2.0576680716819,-2.44365864950791
2.06152781629294,-4.19224155286546
2.06447680210787,-3.67239697431043
2.06540206822511,-3.3496084326637
2.0692909094237,-2.98544783220174
2.07319442245235,-4.35733253814991
2.07711269049887,-3.77190395851469
2.08104579738113,-1.74652302733105
2.0833996030965,-1.030732246523
2.08499382755308,-4.25163406292276
2.08895686611076,-3.528375751705
2.09293499879841,-4.39948775267803
2.09692831201469,-3.94917267635296
2.10093689281892,-2.61623696705127
2.1024958487065,-4.25200155105083
2.10496082893737,-2.46162389776274
2.10900020876972,-4.07097716175437
2.11305512139549,-4.43298636651653
2.1171256565806,-4.53709066274311
2.12121190478401,-2.42081025176023
2.12176712871501,-2.30174117793061
2.12531395716439,-2.05820754813519
2.12943190558693,-3.77062598509994
2.13356584263017,-0.16325358518438
2.13771586159297,-4.20183591974095
2.14121504747093,-4.0413911967016
2.14188205650148,-4.5037289772578
2.14606452211631,-3.11953389928081
2.15026335393965,-2.07924700792339
2.15447864822257,-3.65514633336747
2.15871050197239,-4.01678215409086
2.16084122402849,-2.64302682903159
2.16295901296006,-1.37187021416313
2.16722427972778,-4.39183255907958
2.17150640159653,-3.73901432621907
2.17580547867384,-4.34857139802105
2.18012161186158,-3.65235794911806
2.18064729228199,-3.97228611980793
2.18445490286382,-4.33053215669756
2.18880545419486,-3.43491491086357
2.1931733691873,-4.10775246033873
2.19755875200021,-3.28989770529799
2.20063490110187,-1.95246681939997
2.20196170762742,-3.0364504842382
2.2063823419059,-4.34538599493945
2.21082076152424,-3.8975783445413
2.21527707403124,0.702455664723542
2.21975138784456,-3.16787446505779
2.22080571447196,-4.53424090366187
2.22424381225958,-2.99067310799941
2.22875445745821,-3.64147223759292
2.233283434518,-4.1526227572526
2.23783085542118,-2.87454671097848
2.24116141162799,-1.92448228149479
2.24239683306391,-4.15369756128453
2.24698148126565,-3.46533441155688
2.25158491477857,-4.26314979600741
2.25620724929717,-2.96749982708471
2.26084860146794,-2.96644149634406
2.26170368719744,-4.35544654412755
2.26550908889921,-2.36620406822229
2.27018883017102,-3.2531557993506
2.27488794484524,-4.29640456821548
2.27960655347574,-3.92659601212054
2.28243425134056,-4.50472473407521
2.28434477761865,-3.64208759056723
2.28910273984288,-3.12800211677481
2.29388056374062,-2.54973739823029
2.29867837393806,-4.34508125760337
2.30335482989279,-4.20163660370187
2.30349629610624,-4.20710240746493
2.30833445697204,-4.58619810422872
2.31319298432923,-3.37219679187999
2.31807200704978,-3.02766109468146
2.32297165509522,-3.11162221752162
2.3244671645084,-1.62431691542955
2.3278920595282,-2.91391504167658
2.33283335252417,-2.79584743507408
2.33779566738323,-4.54364392222439
2.34277913854206,-4.19435322353204
2.3457730128055,-4.50348328986516
2.34778390158613,-3.77416408571256
2.35281009326198,-4.14878878681108
2.35785785148963,-3.86269061140345
2.36292731537526,-3.35484861091979
2.36727414851237,-4.5520043741839
2.36801862522394,-4.38032438373634
2.37313192255259,-4.30301532696942
2.3782673501031,-3.00446586345365
2.3834250518556,-3.41283279851265
2.38860517304194,-2.21112910164723
2.38897236161513,-1.60666066362254
2.39380786015928,-0.912302076065517
2.39903326098393,-2.54470854547819
2.40428152458535,-4.58948576637695
2.4095528013403,-3.34408602717295
2.41086945850671,-3.08984426266105
2.41484724294722,-3.85704554433792
2.42016500244076,-4.00690573108838
2.42550623420657,0.380140963389833
2.43087109399618,-4.07847930692512
2.4329672621373,-4.57724363158136
2.43625973894221,-2.91987062076774
2.44167232757364,-3.20527926552265
2.44710901983141,-1.01063872925201
2.45256997708413,-2.90805257477931
2.45526761216607,-1.11495035346516
2.4580553621441,-2.40111358182648
2.46356533928344,-3.59428155451642
2.46910007425051,-2.70711913325832
2.47465973428654,-3.14766749229855
2.47777236511433,-3.14999780650854
2.48024448814245,-2.11979706772095
2.48585450609596,-4.30522767570213
2.49148995996884,-3.18508850533292
2.49715102314452,-3.74126446405185
2.50048339452009,-4.56037754588968
2.50283787058582,-3.14008498883251
2.50855067885299,-1.88240870163665
2.514289626122,-3.88315605950405
2.52005489220304,-4.23698849040167
2.52340259109404,-3.1217609802915
2.52584665855932,-0.181006921429828
2.53166510832608,-3.89154251637788
2.53751042632993,-4.07438034313734
2.54338279910838,-0.3673579576857
2.54653186287695,-2.27171587584658
2.54928241492974,-3.94100600591136
2.55520946381316,-3.76400449820713
2.56116413754913,0.996429933172434
2.56714662972007,-3.79848390459975
2.56987313539851,-2.87481076707761
2.57315713572136,-3.04446302878475
2.57919585278263,-4.20874602656946
2.58526297998928,-2.95119655906749
2.59135871830441,-4.44233952583906
2.59342835183762,-3.3277695937052
2.59748327059096,-3.0328845454138
2.60363684163427,-3.0357952190071
2.60981963816486,-4.5010478627689
2.6160318688816,-3.2065929171994
2.61719947318419,-3.93122764891902
2.62227374447519,-2.884717288384
2.62854547765197,-4.49322636952522
2.63484728315811,-3.88100878233681
2.64117937780409,-0.95579352497842
2.64118847840239,-0.955329897134364
2.64754198048958,-3.46243335854277
2.65393531222864,-4.09814348374576
2.66035959617538,-2.87304201726536
2.66539736459536,-4.11587605736296
2.66681505764983,-4.13014891100224
2.67330192416435,-3.57818144001951
2.67982042545033,0.381678401578851
2.68637079348534,-4.6094283575969
2.68982814717154,-3.40352673684848
2.6929532625206,-4.58637443672754
2.69956806910894,-3.2285550777435
2.70621545213315,-4.33347355915541
2.71289565283468,-3.62862374447829
2.71448286001238,-4.09661887219321
2.71960891484288,-3.26073653732064
2.72635548420461,-4.06406469823972
2.73313560941426,-3.79219607303017
2.73936355564171,-4.15190035864279
2.7399495414443,-4.60894748276869
2.74679753377625,-4.18135298396155
2.75367984243208,-4.25528814748393
2.76059672600614,-3.58889580656452
2.7644723053966,-3.6717687380793
2.76754844569755,-1.58456477925071
2.77453526534306,-4.47773365318224
2.78155745145045,-4.16629611686059
2.7886152732324,-3.87306616177759
2.78981119959982,-4.2299540125658
2.79570900264093,-4.17067252073204
2.80283891440226,-4.10184394478793
2.81000528605235,-4.20016790476936
2.8153823477338,-3.96724455607054
2.81720839797287,-4.23400728518956
2.82444853342778,-3.6768833728701
2.83172597860046,-4.56290629574326
2.83904102263141,-4.23119450276713
2.84118787861634,-3.27482665824064
2.84639395765657,-2.43904659389333
2.85378507884617,-3.96009465944209
2.86121468444427,-3.03161978430203
2.86722994057774,-4.62722404063621
2.86868307580884,-4.47508282866593
2.87619055745253,-4.06152545454339
2.88373743708406,-4.47418821369573
2.89132402565025,-4.43099958932541
2.89351070163972,-1.44908073239501
2.89895063737871,-3.69730513598037
2.90661758982127,-3.40662032768077
2.91432520389801,-3.67361739825637
2.92003234969587,-4.51790683473334
2.92207380394207,-4.28505989519337
2.92986371774511,-4.45278746452598
2.93769527660357,-4.12865778202345
2.94556881536562,-3.26335447947005
2.94679709269382,-3.18500257122716
2.95348467247887,-4.00208805744612
2.9614431900389,-4.37572770349996
2.96944471383851,-4.0757911760405
2.97380715881904,-2.47825049402931
2.97748959341782,-3.63972410300156
2.98557818211516,-4.60827874854354
2.99371083711881,-4.08327163241452
3.00106479668034,-1.71689145898668
3.00188791951958,-3.34992972915907
3.01010979436422,-4.03687883197014
3.01837683070982,-4.31041071764409
3.02668940167895,-4.46305483726329
3.02857227549704,-3.58981905732057
3.03504788451584,-4.53730233722851
3.04345266064343,-3.7338016293032
3.05190411572141,-4.06459737001544
3.05633188528796,-3.87091526115185
3.0604026397052,-4.08891369463632
3.06894862690592,-2.81066188362067
3.07754247605138,-4.28940082436307
3.08434593706198,-4.38495571227881
3.08618459034811,-4.01722579671824
3.09487537754438,-3.98367825047481
3.10361524999439,-2.57983940411586
3.11240462472342,-4.53625000532927
3.11261676301048,-4.47168008755793
3.12124392349422,-2.73580680941083
3.13013357287443,-3.94180978057986
3.13907400430524,-4.1118662703253
3.1411467167015,-4.50225950495681
3.14806565417114,-2.05570057378142
3.15710896387097,-2.70194536429492
3.16620437989013,-3.46243519999993
3.16993817327565,-3.70023466912298
3.17535235387405,-3.87990838112373
3.18455334270298,-3.96669668524751
3.193807808568,-3.54591374668556
3.19899352964387,-4.0751648418611
3.2031162190485,-2.80939247408506
3.21247904719082,-1.16027994887335
3.22189677158848,-3.12333292024684
3.22831520468694,-4.5179988373155
3.23136987646369,-3.42299742384992
3.24089885175034,-3.47819178791591
3.25048419317845,-4.62884131066946
3.25790563945689,-4.35000135168034
3.26012640236018,-3.6091415304185
3.26982598687732,-3.91362146321578
3.27958346037032,-4.00790307229787
3.28776729738021,-4.03050345927201
3.289399342629,-3.16327300734312
3.29927415968487,-3.67041353336018
3.30920844390503,-4.59750635830804
3.31790266446292,-4.6272980671022
3.31920273408792,-4.41582221321548
3.32925757556065,-1.94416459783113
3.33937352027829,-3.78460240798015
3.34831424949753,-1.97988894543741
3.34955112692476,-2.34023359712828
3.35979096101579,-4.32010536991342
3.37009359500357,-4.62889343464556
3.37900458427191,-3.39384567545247
3.38045960838349,-3.78473168253132
3.3908895878028,-3.1082430407092
3.40138412717122,-3.8323763309908
3.40997622378007,-3.86488057027495
3.41194382777375,-4.28620237857783
3.42256929838544,-0.934297206822494
3.43326115538845,-4.22319225696615
3.44123174643485,-4.02378336101722
3.44402002289119,-3.95150208517927
3.45484653284977,-3.60369190308805
3.46574132519175,-1.05763005633892
3.47277375428258,-4.61856352908726
3.47670504794224,-4.51445450315097
3.48773835735236,-1.31418985616384
3.49884191803018,-4.48046659497564
3.5046048732197,-4.43752270703576
3.5100164030742,-4.22163688623729
3.52126249420934,-2.94085748873252
3.53258088192558,-1.16292643018758
3.53672775321138,-4.42084532721182
3.54397226561932,-3.6762535322487
3.55543735373739,-2.97273951857628
3.56697686392394,-2.99222503637808
3.56914506851211,-3.13473878157336
3.57859152317022,-4.27415089652206
3.59028206796719,-3.86987045662576
3.60185951788837,-4.19398690477996
3.60204924446124,-4.2430794055496
3.61389380861294,-4.23116155560789
3.62581652635889,-4.29332276574391
3.63487382484324,-3.21250863379933
3.63781817377688,-4.34331797483773
3.64989953725425,-3.31308431215021
3.66206141365968,-3.74778105306209
3.66819073784321,-2.83441898103067
3.67430461051836,-3.1004343446613
3.68662994619077,-3.19281466560276
3.69903825005499,-4.61930920515025
3.70181303054695,-3.35454952007561
3.71153036269275,-3.51050690571927
3.72410713607926,-4.45377317098249
3.73574350203621,-3.70654527904904
3.73676943377691,-3.62458600490399
3.74951813113289,-3.75654584322385
3.76235411548096,-2.88964157155496
3.76998497704887,-3.04704192316004
3.77527828634729,-3.94066125647154
3.7882915556606,-3.24904885459947
3.8013948479667,-4.18415484185224
3.8045403062141,-4.52679275780767
3.81458910064736,-3.73385578117953
3.82787526414395,-4.24091928666499
3.83941236628966,-3.2125899094651
3.8412543021856,-3.92259473083303
3.85472719202224,-4.55318823058045
3.86829492466259,-4.61847367095035
3.87460406040141,-4.59987827257331
3.8819585051171,-4.46857599832228
3.89571895264612,-3.110247401701
3.90957730101341,-4.52139519790834
3.91011831828499,-4.4929239270007
3.92353459874495,-2.34691765142938
3.93759190939347,-4.39605916604418
3.9459580965297,-3.33221456806015
3.95175031180853,-4.41163259863143
3.9660109004126,-4.59917703674725
3.98037478548301,-3.05561766259425
3.98212637882469,-3.75970988850716
3.99484309344014,-2.44405316960112
4.00941696714187,-3.80223773304053
4.01862617620732,-4.03774291492661
4.02409756618449,-4.35595380433139
4.03888606721032,-3.46402290932699
4.05378366422203,-3.59487105310578
4.05546052731382,-4.14217065206575
4.06879156890404,-4.26863497738427
4.08391101095101,-4.62547392118299
4.0926324986323,-4.5715894349672
4.09914323840373,-3.20021691411464
4.11448951799256,-4.18683599825798
4.12995113548852,-3.82052743156194
4.13014518475797,-3.81254540952799
4.1455293960625,-4.16249453362841
4.16122562465245,-2.67862542531052
4.16800170865087,-4.07681032571768
4.17704116633907,-4.13563941323949
4.19297738673,-3.47076406096349
4.20620522189575,-4.20018668682744
4.20903567235295,-3.95387629568885
4.22521743105781,-4.35602469622327
4.2415240924281,-3.6342851176756
4.2447589049645,-4.07042767819056
4.25795710820198,-3.36191292050805
4.27451795270312,-4.56253977442177
4.28366596748095,-4.60250961056963
4.29120812328158,-4.60745274961582
4.30802914076518,-4.0655138092894
4.32292964848799,-3.57319565297181
4.3249825499214,-4.33947216378167
4.34206991993032,-4.21394236885598
4.3592928448688,-3.18497012156294
4.36255321671732,-3.31485358940231
4.37665294420618,-3.81921167877906
4.39415186331193,-4.45382388752521
4.4025399708615,-4.29781091714156
4.41179127397549,-3.8684067358943
4.42957287493872,-4.20639288777218
4.44289323984861,-3.71321287178321
4.44749839244121,-2.00754391474445
4.46556958077896,-0.23378830409567
4.48361638311936,-4.36232056457274
4.48378822287672,-4.36838906671895
4.50215613087431,-4.48330571767039
4.52067514672757,-4.01417934625235
4.5247127909068,0.185409687077394
4.53934714282404,-3.47996656346518
4.55817402261409,-3.5897100574683
4.56618588451851,-3.7247882322512
4.57715772125772,-2.06062942518284
4.59630020628768,-4.35377458119646
4.60803911662149,-4.38344209442349
4.61560347828922,-3.81660890272443
4.63506957159709,-1.99974744070508
4.65027597152954,-4.53514279837688
4.65470055501025,-3.72801107689779
4.6744985325248,-1.66246891406885
4.69289996549334,-3.9287888035453
4.69446564408569,-3.97167470372026
4.71460406635781,-3.61929156728067
4.73491601351698,-4.47736784555556
4.73591464699323,-4.4337158094381
4.75540373806151,-2.75894682772392
4.77606953164487,-3.87037434768738
4.77932359703456,-2.84051482008576
4.7969157259302,-3.57740539946642
4.81794469346732,-2.95405479559369
4.82313042944586,-4.50646736326829
4.83915884859286,-4.52605449903794
4.8605606483543,-4.39488564732435
4.86733879117965,-4.24735035579377
4.88215259345864,-1.98676194250973
4.90393722924646,-4.58370841363879
4.9119523626161,-2.8695427428319
4.92591714669219,-2.27975408499654
4.94809498343138,-4.51669558344716
4.95697485786938,-4.62723625384663
4.97047342481586,-4.31257322968119
4.99305520499766,-2.77553991455497
5.0024100250969,-1.8963145009229
5.01584310804261,-2.86263216374809
5.03883996907458,-3.09278291672374
5.04826164681132,-3.72396334775269
5.06204867545133,-3.18123503482886
5.08547216797303,0.763314349663828
5.09453354019545,-4.14986686401054
5.10911344212443,-3.609530958889
5.13297554935194,-4.1076079436036
5.14122955742005,-4.11679195712222
5.15706159837655,-3.74884065983761
5.181374756544,-0.816174143688132
5.18835358596451,-4.00714962381935
5.2059182512132,-3.39773446243166
5.23069537118446,-2.32321773611895
5.23590954894051,-3.15503364500214
5.2557094681685,-0.121024230949475
5.28096395829803,-3.51921370884108
5.28390140541858,-4.45114340614177
5.30646232368291,-3.75885121489225
5.33220811401076,-3.6091264674956
5.33233315075774,-3.63057649002056
5.35820494819427,-3.46160868800459
5.38120881693807,-4.56233152711408
5.38445651606701,-4.31855118597488
5.41096658012929,-4.2654120669142
5.43053247289643,-4.19890508628524
5.43773897734583,-3.75904564009815
5.46477762099716,-4.30994854254451
5.48030822486515,-4.60030328572268
5.49208650258644,-3.00051314371163
5.51966969380375,-4.44828948073573
5.53054021671393,-4.20111461992653
5.5475313485499,-4.23261401223337
5.57567570502185,-1.88374413537727
5.58123263029477,-3.30738448303268
5.60410708786189,0.63781641288139
5.63238968579013,-4.25017036152471
5.63282991037296,-4.2573463231781
5.66184867680242,-3.49094118812033
5.68401564206428,-4.50740543492569
5.69116798469678,-3.51447314837319
5.72079252732995,-4.55949033851059
5.73611479701783,-2.6368395160998
5.7507270962078,-2.54161181643005
5.78097658365169,-4.54659611163138
5.78869148794557,-4.60186092230325
5.811545985464,-1.7239782005706
5.84175009189749,-4.05023088859028
5.84244040367866,-4.08018635867686
5.87366504939994,-3.41842666895522
5.89529502604324,-4.33240643985258
5.90522524573266,-1.34828474822408
5.93712643080749,-3.43419863735395
5.94933074803981,-3.06208563456053
5.96937416090476,-2.41995786043961
6.00197411368064,-3.78306863380678
6.00386175640268,-4.23757471506807
6.03493209149966,-3.79875312898693
6.05889259088028,-4.35992710439476
6.06825402487758,-4.12786864171025
6.101945976039,-1.054508710661
6.11442783283197,-4.36277824477688
6.13601414259407,-3.97090537080797
6.17046486133918,-2.85826384655772
6.17047210560941,-2.85653396534431
6.20530461218626,-4.54879280514618
6.22703007494145,-4.15183242951488
6.24054002222607,-3.64590279067667
6.27617786993069,-1.63260221707773
6.28410644932262,-2.83381086703221
6.31222508950074,-0.668410120987149
6.34170598040501,-1.01727879568509
6.34868877536342,-1.63668875004535
6.38557618682724,-4.40098399765825
6.39983346339396,-4.21795538348752
6.42289475290004,-4.07153914903026
6.45849373744719,-1.89457577017041
6.46065207727691,-2.88129168787575
6.49885594350508,-4.4194637263341
6.51769168607768,-4.02896628572344
6.53751432033321,-2.50230885171331
6.57663536725263,-3.79968998209856
6.57743223756025,-3.77737135900841
6.61622744023887,-3.13458442652663
6.63772036534182,-3.69392799049635
6.65629909770168,-4.1893454607845
6.69685910665277,-3.41409725633966
6.69856108845544,-3.59827000835682
6.73791644910026,-3.51545839727626
6.75995947193817,-1.06151218929031
6.77948032867987,0.210625231212161
6.82156017753314,-2.69940856416994
6.82192062725272,-2.59856141834374
6.86416566344326,-2.43080298202821
6.88444971271298,-4.58068534789149
6.9073066972401,-0.569143832406072
6.94755193391347,-4.16143972124078
6.95099344048621,-4.05403721551849
6.99523631345636,-3.55703389007712
7.01123254416271,-4.53732397690382
7.04004600342374,-4.08879763564696
7.07549684492052,-4.57888167876624
7.08543347326673,-3.65252334201236
7.13140997041072,-3.72766511650159
7.14035018623945,-3.61980512069877
7.17798703612039,-4.21094689599622
7.2057979672101,-3.146220048755
7.22517651515845,-4.20622369856105
7.27184563641063,-4.36613755624703
7.27299056582795,-4.31312400302906
7.32144167041601,-0.192323817772804
7.33849869236037,-4.48003246601016
7.37054264605768,-3.78507948274248
7.40576268397755,-3.88819648917709
7.42030665604006,-2.5858596399319
7.47074722156732,-2.77745591600851
7.47364321104128,-2.81632183204218
7.52187823400893,-4.34664332873141
7.54214592465772,-4.06358513814311
7.57371396765434,-2.87208258942721
7.6112765277305,-4.53816177033193
7.62626909299864,-4.49767744010487
7.67955869058528,-3.22511780567467
7.6810407754356,-3.0044630732348
7.73359826543323,-2.87296354010559
7.75144447570034,-4.45582108640079
7.78840376207756,-4.11930571565571
7.822493489687,-4.41339963054745
7.84399158025416,-4.12815930420098
7.8941937322807,-3.81760003741553
7.90037859126092,-4.40636406355682
7.9575821550297,-3.77346653657568
7.96655117258186,-4.20671875909952
8.01562013794541,-0.844972459430126
8.03957183440309,-2.81488335101196
8.07451093145058,-2.21043384545075
8.11326179677073,-3.56454623443844
8.13427347147609,-4.51647340956592
8.1876271944309,-4.24996008612252
8.19492725874128,-4.19927923970354
8.25649237996906,-0.103464820064206
8.26267421836022,0.415893256184601
8.31898953006454,-3.53434746719287
8.33840911628122,-4.3597511585152
8.38244003530862,-1.65477289504057
8.41483819318248,-3.79414790711096
8.44686587762122,-3.60603479115739
8.4919678118435,-3.94847355509805
8.51228971995195,-2.91838483665001
8.56980439336445,-2.44094381604916
8.57873493286003,-4.48817356227406
8.64622562234886,-4.43360736739246
8.64835441770066,-4.43721688490095
8.71478665902488,-4.62173332891152
8.72762442420216,-4.00502898027085
8.78444370865481,-2.60570239813458
8.80098703251839,4.64384947867629
8.85522326420017,-4.05538963452668
8.88835084134583,-3.54265662041669
8.92715267941311,-3.84052943332333
8.96982063258601,-4.58344260199439
9.00026020408289,-3.2028565605518
9.05203716830142,-4.60483079742355
9.07457502102868,-4.32019745332818
9.13500729308197,-4.36439092371794
9.15012728494017,-4.12948378109414
9.21873791425445,-3.34475563263507
9.22694816317484,-2.37989428019549
9.30323600245755,-3.80198451717982
9.30506987862765,-3.567426938475
9.38452575479718,-3.99341606865792
9.3885085922222,-4.26968824787579
9.4653502631805,-3.78977700602943
9.47456278255714,-2.66293388461881
9.54757907313851,-3.66585422947921
9.56140573754,-3.48662473528023
9.63124910438324,-4.15898700109844
9.64904468691365,-3.59956310212235
9.71639858224933,-3.13645334006068
9.73748692668812,-1.64719319796981
9.80306709592368,-3.17476858604752
9.82673981974799,-0.999890843632928
9.89129565981937,-4.04214090556141
9.91681079646532,-3.852444005568
9.9811267782941,-4.40386756946086
10.0077073553183,-4.57180640007593
10.0726045139274,-2.40811217981613
10.0994370635155,-4.60418164056589
10.1657745595872,-2.77042476285507
10.1920075576256,-3.62475787435599
10.2606843145333,-3.41618706965497
10.2854265442137,-4.54065458063067
10.3573829648242,-2.76108462640829
10.3797018004823,2.19631141619831
10.455921568314,-3.79415430277831
10.4748411749191,-2.84135006809183
10.5563531445473,-4.39830594114872
10.5708525879503,-3.5900935396202
10.6587327698854,-4.31916223751776
10.6677440326,-4.27954802532347
10.7631176782225,-1.38540700862419
10.7655235751555,-1.08219883107572
10.864199355839,-3.80394230326485
10.8695673676774,-3.82585851428783
10.9637795894854,-4.35441102005749
10.9781437136816,-3.72825554907254
11.0642725662256,-2.02769012736448
11.0889110889111,-2.67005962052528
11.1656866521775,-3.99204735968923
11.2019364905553,-3.98493173281199
11.2680302901418,-1.9702501714684
11.3172896754475,-3.95865544227141
11.3713120003051,-3.82696481193622
11.4350433036318,-1.52012484987157
11.4755403809494,-0.189496323499982
11.5552730909877,-3.50517027806521
11.5807241091676,-4.11140675380344
11.6780579715844,-2.93203896369974
11.6868719415861,-3.89770594836804
11.7939927150937,-0.0312550198864034
11.8034802704972,-0.63994041502619
11.9020953475772,-3.37057708756774
11.9316258878822,-3.15392817232808
12.0111888386641,-4.2423378295396
12.0625844951717,-0.263871806617518
12.1212822704715,-1.66837464952951
12.1964497443341,-2.12051282366306
12.2323848083625,2.74482704209626
12.3333194912239,-3.88289758462983
12.3445057017087,-4.07057946035278
12.4576542846611,-2.52456938440449
12.4732960341411,-2.31092395977007
12.5718399769261,-4.32681796731336
12.6164863688216,-3.6731378138891
12.6870722845507,-3.27153059029811
12.7630024611956,-3.84435737905719
12.8033608007131,-2.3487434467763
12.9129615393745,-4.02550769069737
12.920715206522,-3.46719308690698
13.0391452718219,-3.82788135174676
13.0664864064665,-4.02194890995966
13.158660856007,-4.0017767877491
13.2237057759761,-3.93524162993188
13.2792719088417,-4.07348755575575
13.384754631711,-2.55902373857046
13.4009884712891,-1.76771234531296
13.5238206763467,-4.24827025470424
13.5497746143142,-3.11122312848565
13.6477787498901,-1.6006326867487
13.7189144367449,-2.94539309414106
13.7728730115245,-2.76765138634156
13.8923303312719,-4.05073521539996
13.8991138754435,-3.99246127539138
14.0265118512961,-2.47643780337396
14.0701865308021,-3.45277448190561
14.1550775450621,-3.4901553966009
14.2526557876625,-2.81857798260237
14.2848216599344,-0.835978630942323
14.4157549972104,-4.17620204352304
14.4399199332786,-4.10997639036461
14.5478884571914,-3.69979572730372
14.632170482562,-3.3672468887128
14.6812330400897,-4.0030779435439
14.8157998469444,-2.25990175185055
14.8296092872301,-3.13135076532368
14.9516000805459,-3.45913585441858
15.0324492427416,-4.22510982007177
15.0886450463682,-2.3015364961997
15.2269461535102,-4.31563009010998
15.2409150540547,-4.24471843874662
15.3665149156456,-3.62331070151609
15.4552440659964,-4.3114611812895
15.5073629519813,-3.036917844616
15.6495019882249,-4.17179248467957
15.6756871646949,-3.97402400243092
15.7929438575605,-3.95855124014523
15.9025097572729,-3.75817662400371
15.9377005016343,-3.4115049400983
16.0837839715482,-2.63877586847994
16.1359928378453,-1.05884474799174
16.2312064288638,2.96488955349369
16.3764341488218,-3.11997577840484
16.379980146614,-3.33368701841911
16.5301175103256,-2.0126640573192
16.624149447609,-4.31165853713836
16.6816310190495,-3.52049575919679
16.8345332864022,-4.22122125682935
16.8794738900391,-4.25080420433679
16.988837041615,-2.17047641938373
17.1427635432746,-3.48362376497428
17.1445551305945,-3.56724233334674
17.3017005169915,-4.20647146187665
17.4143970425476,-3.28605828531451
17.4602862832804,-3.91686807201941
17.6203256318483,-3.55975318806819
17.6947774079446,-1.62589499428694
17.7818318860944,-1.89899694925234
17.9448184915386,-3.33208859068148
17.9843340395705,-4.23412798092156
18.1092990169413,-3.14897200420219
18.275287155433,-3.16037977295096
18.2835249118642,-3.52911538752275
18.442796725654,-1.19253816764209
18.5928389906503,-4.10058554970917
18.6118416729051,-4.28024565808099
18.7824360703082,-2.8200716961567
18.9127988997567,-4.03167800634893
18.9545941199783,-3.05203615223471
19.1283301542056,0.844635354258484
19.2439638677898,-3.57741504743857
19.3036586366489,-1.1459729397221
19.4805941635392,-2.28373586946342
19.5869329900169,-2.60097667888934
19.6591514648954,1.95863394779238
19.8393454057504,-0.549286680738165
19.9423488453799,-2.83176521581223
20.0211909873885,-4.38891571317427
20.2047033485945,-4.2481617523018
20.3109015145844,-3.43350484859812
20.3898977669136,-2.80559504855197
20.5767896599239,-3.36692758198527
20.6933330521245,-2.73427896136539
20.7653945865194,0.318117988360738
20.9557282482055,-1.7225740977602
21.0904424732224,-4.01841379877394
21.147806490406,-4.26835527051421
21.3416453037825,-4.35425548245783
21.503091326206,-4.26826643753995
21.5372608255656,-4.0273053248018
21.7346693408981,-3.56427507715606
21.9322099321038,-2.9504817943089
21.9338872841908,-2.98037742927753
22.134931240491,-2.05535297532757
22.3378179468629,-3.58101303164014
22.3788043865634,-2.80864586559696
22.542564293781,-3.89316935133545
22.7491873265363,-3.98371616329169
22.8439644350095,-4.18413543856698
22.9577042466556,-3.93643721332737
23.1681324133328,-4.12578102192575
23.3288723507963,-4.38163858085355
23.380489344875,-4.19601006762812
23.5947927201603,-3.52717493594239
23.8110603801096,-3.81322072786011
23.8348129686196,-3.78241505879802
24.0293103291723,-3.41041241615258
24.2495607368246,-3.4972351953551
24.3631850524577,-3.46961480429431
24.4718299390826,-4.20631965150344
24.6961364400285,-1.27060265735858
24.9155142098241,-2.70420115727947
24.9224989133513,-2.74628403552637
25.1509362039012,-3.87041848906157
25.3814673292586,-2.07615478156035
25.4934676034146,-3.55349612242461
25.6141114813172,-3.09972749515336
25.8488880278817,-3.51799508534984
26.0858165142806,-3.27028282084027
26.0988707589335,-3.3931811603625
26.3249166649927,-4.3809017043823
26.5662083852898,-3.8592928161776
26.7337268260262,-3.85920871462722
26.8097117628933,-4.19902187699003
27.0554470696469,-2.27614838304024
27.3034347632042,-2.28046192416682
27.4002387204346,-2.67376253674954
27.5536954887317,-4.3868033859483
27.8062500806274,-4.33733017843852
28.0611195642557,-3.88057631053639
28.1008346630662,-4.02189934132795
28.3183251576973,-0.733919448854722
28.5778882735159,-3.02392168409418
28.8381977399188,-4.04147729694555
28.8398305205409,-4.03690968868969
29.104173705666,-4.18666183748164
29.3709398356649,-4.10946886074069
29.6153002413099,-4.27454130999073
29.6401511190234,-4.26425928548687
29.9118299677881,-3.15917818022288
30.1859989994325,-3.28782484233077
30.4354437068925,-4.16456725286358
30.4626810387395,-4.21193273457189
30.741899119702,-2.83915160787999
31.0236764874403,-3.91049732087638
31.3023058140423,-3.65722231456519
31.3080366001372,-3.59903789445585
31.595003130991,-3.44203689046995
31.8845999701865,-4.39155722115172
32.1768512268835,-3.84165468200016
32.2199955140056,-3.64438475257103
32.4717812312243,-3.28152305879385
32.7694145363588,-3.92195100491827
33.0697759204888,-4.10780032535175
33.1931181595264,-4.39225706989132
33.3728903889309,-3.63196414446091
33.678783176198,-3.81246724605561
33.9874797481003,-4.09562933280276
34.2268528021075,-3.11534101936482
34.299005803865,-1.95361129564802
34.6133872782762,-0.785575072479874
34.9306503438337,-3.86420057696412
35.2508214129322,-3.39921537630667
35.3270443971803,-3.75934347675158
35.5739271400595,-3.42666890402106
35.8999944240164,-1.9231449692056
36.2290504101554,-3.96521822190428
36.5003143829972,-2.37954470950982
36.5611224926406,-2.39164595228155
36.8962383167287,-3.97488603109761
37.2344257810701,-4.17328150364748
37.5757130400317,-4.33878488999156
37.7541940515414,-4.20763718469741
37.9201285060405,-4.24437169380528
38.2677008519494,-3.5724168564399
38.6184590134238,-4.34728494840854
38.9724321913507,-0.17705865482637
39.0972863871781,0.380958162597521
39.3296498542699,-2.15251000167123
39.6901417408268,-2.15719523757602
40.0539378622486,-4.35916007417009
40.4210685048426,-3.63580040020114
40.5394637236544,-2.86681124560985
40.7915642325175,-1.81921153388797
41.165455889328,-3.06405096380328
41.5427746020423,-3.84143828967049
41.923551782734,-3.61216033386686
42.0921108222575,-3.44953615856977
42.3078191313964,-3.38335565564742
42.6956086385824,-3.95062697951173
43.0869525880671,-2.55705016712452
43.4818835595356,-2.50185317883197
43.7684260333913,-3.64107075754734
43.8804344312953,-4.01501380399637
44.2826383830133,-3.09038199431009
44.6885288984784,-2.64472911955747
45.0981397683885,-4.02477534070428
45.5115050931639,-3.9268361707635
45.5837974053449,-3.70566844845328
45.9286592857863,-3.41625021183521
46.3496370746634,-4.3867602813788
46.7744735065204,-3.36220358538728
47.2032039493174,-4.122846076625
47.5562764417917,-4.26463827141404
47.6358640951939,-4.19797274352547
48.0724899634402,-4.24290426340096
48.5131179034962,-4.32947377189626
48.9577845979771,-3.39575475597499
49.4065270657277,-3.44234635975417
49.7071804236306,-4.06815219185373
49.859382664904,-4.22232260818797
50.3163890960834,-2.69513017124771
50.7775844054031,-0.679531111421428
51.243006987728,-2.52664542718984
51.7126955898463,-3.10830800890213
52.0618659268377,-1.39852109669724
52.1866893136959,-1.53805869064806
52.6650276196194,-4.16052250343441
53.147750329649,-0.646763336164925
53.6348976308221,-1.4710771730324
54.1265100785267,-4.22777921760385
54.6226285998776,-3.97844467189091
54.6507331274752,-3.98692542821417
55.1232944971238,-4.14253321801439
55.6285494510868,-3.63724599848772
56.1384355246306,-2.15045885936522
56.6529951661635,-3.35922627100038
57.1722712131719,-4.22470846816353
57.5105454317086,-3.36502260768825
57.6963068957867,-3.16294706332448
58.2251458403818,-3.84902870922591
58.7588320732068,0.105146203827216
59.2974100240515,2.41675863638429
59.840924529945,-3.23741856686618
60.3894208388885,-3.74903397107758
60.6861863130533,-3.20687538618452
60.9429446136222,-3.40810919958258
61.5015419354266,-4.08322763884039
62.0652593079588,-3.20145732489178
62.6341436611242,-3.23556193906959
63.2082423549834,-3.35937153518231
63.7876031836947,-4.09801016504744
64.2330322269907,-3.67654881028435
64.3722743794933,-3.28391470074539
64.9623046167063,-3.33844845900606
65.5577430158056,-4.30750793600927
66.1586391474963,-0.715522584015192
66.7650430368442,0.016483830011536
67.3770051674399,-3.23010838551895
67.9945764856023,-3.81158297889997
68.2202092980378,-3.27147530067876
68.6178084046191,-2.7284087644359
69.2467528090274,-3.85514842843205
69.8814620589333,-3.8095161603238
70.5219889943707,-2.04646831424597
71.1683869397001,-2.28328792741846
71.8207097080484,-3.30622113270531
72.4790116057883,-3.15556308482386
72.7351432066211,-2.84628598686803
73.1433474370597,-2.90396195069221
73.8137725083322,-3.8779497848212
74.4903426330094,-4.40107737266246
75.173114136075,-4.18727685382268
75.8621438587825,-4.14153984093386
76.557489163387,-3.58323557096063
77.2592079379205,-2.71666232156989
77.8900438392867,-3.05892586562172
77.9673586010114,-3.19679020272409
78.6820001067477,-4.24613508603054
79.4031919495851,-3.89388657711439
80.1309941693,-2.7994983348635
80.8654673559876,-1.60737665845878
81.6066726551062,-2.28999101582352
82.3546717725679,-3.70762298193225
83.1095269798753,-4.12156063705763
83.8313577643751,-3.60842265994049
83.8713011193055,-3.57936221239365
84.6400576091423,-3.61106750932018
85.4158604489556,-4.25244184065648
86.1987742249292,-4.22356989106336
86.9888641152379,-3.72492144057137
87.7861958954734,-3.51614749468777
88.5908359441205,-3.59187418158766
89.4028512480829,-3.89000023979239
90.22230940826,-3.81936287991127
90.7539040530798,-3.16836144784739
91.0492786451747,-2.62571110653372
91.8838278046526,-1.03841341266915
92.7260263635542,-1.141843944513
93.575944435558,-3.00510214892486
94.4336527769979,-4.19171645360987
95.2992227927539,-4.12423508603743
96.1727265421965,-3.78907971751315
97.0542367451853,-3.96440332303851
97.9438267881238,-4.35682559803118
98.8415707300678,-4.23892910579028
98.9226442745674,-4.19356446882043
99.7475433088922,-3.49064956715634
100.661819947512,-2.58698394573682
101.58447676016,-2.48155257432504
102.515590558729,-3.61275602256424
103.455238859157,-4.30598532330905
104.40349988789,-2.31883636753472
105.36045258839,0.913002469421171
106.326176627704,2.33240017417469
107.300752403103,1.37001498940466
108.284261048771,-1.1170544351281
108.707372494631,-2.26919663317935
109.27678444256,-3.49334391243187
110.278405212807,-4.29613617377348
111.289206745212,-4.12868844820199
112.309273189781,-3.70239567800994
113.338689467832,-3.21699454708247
114.377541279062,-2.9305935826205
115.425915108684,-3.18343015815808
116.483898234628,-3.57186080609708
117.551578734803,-2.65630213148424
118.629045494432,-0.155218637437402
119.716388213455,2.2249333318255
120.640252939433,3.11149554217761
120.813697413988,3.12928129805434
121.921064447869,1.930434403323
123.038581504255,-0.982953782026273
124.166341617302,-3.51511013871002
125.304438673908,-4.39427190925031
126.452967421529,-4.03570855129417
127.612023476069,-3.22249825097023
128.781703329835,-2.73844420654675
129.962104359577,-3.13395870530374
131.15332483459,-3.78500800805651
132.355463924896,-4.13041226905384
133.568621709498,-4.15750588760895
134.792899184718,-3.99765806764262
135.515926111819,-3.89638360647379
136.028398272597,-3.83875772269764
137.275221829387,-3.75652781532151
138.533473654109,-3.75357439177285
139.803258497196,-3.65640302584282
141.084682069213,-3.2403631679903
142.377851049661,-2.71620440406113
143.682873095852,-2.4572542986023
144.999856851878,-2.31546579980281
146.328911957649,-2.06245117150039
147.670149058027,-1.7946561938509
149.023679812034,-1.58235546777783
150.389616902147,-1.24713642401926
151.76807404368,-0.95308323960356
153.159165994253,-1.29549859801986
154.563008563341,-2.16841673693054
154.576093806266,-2.17676731040692
155.979718621919,-2.94988002426735
157.409414112191,-3.47374130250299
158.852214057408,-3.82882275221803
160.308238571775,-4.07911909346555
161.777608870455,-4.23158064492859
163.260447279657,-4.24487945104087
164.75687724682,-4.08799970158461
166.267023350892,-3.8556655133223
167.791011312698,-3.7126475404057
169.328968005411,-3.71480522615721
170.881021465108,-3.82734428368505
172.447300901436,-3.99791279015781
174.027936708364,-4.15499410698649
175.623060475041,-4.20216196065033
177.232804996747,-4.09936974025502
178.857304285955,-3.95402394708279
179.875368909012,-3.90516887751588
180.496693583481,-3.90012768739953
182.151109369746,-3.97750177765252
183.820689376139,-4.15631507384663
185.505572596482,-4.33394278311082
187.205899298599,-4.28144986868844
188.921811035998,-3.75775723717314
190.653450659652,-2.87053537831471
192.400962329894,-2.06608342805251
194.164491528417,-1.64101121856581
195.944185070383,-1.60015824953124
197.740191116652,-1.85107995194702
199.552659186108,-2.36507173716777
201.381740168115,-3.10822470463606
203.227586335074,-3.86222263802657
205.090351355098,-4.26174029312486
206.970190304811,-4.11293545448322
208.867259682252,-3.57814191242525
210.781717419908,-2.9824429711442
212.713722897861,-2.56278718249124
214.663436957054,-2.38612698726465
215.076702666098,-2.37737871450904
216.631021912683,-2.42009206661621
218.616641567712,-2.623634788381
220.620461226507,-2.96327638129967
222.642647708596,-3.38176300259332
224.683369362561,-3.78697940084644
226.742796080053,-4.09307771793189
228.821099309931,-4.27382196370789
230.918452072539,-4.36039979789408
233.03502897411,-4.39179983515297
235.171006221301,-4.38626177106031
237.326561635863,-4.347049927212
239.501874669445,-4.27545973924632
241.69712641853,-4.17767372698731
243.912499639519,-4.06531051482378
246.148178763937,-3.95160349816436
248.404349913793,-3.84626216825822
250.681200917073,-3.75356309362579
252.978921323378,-3.6755276969088
255.297702419698,-3.61669055404227
257.637737246348,-3.58546014745653
259.999220613027,-3.59079592229765
262.382349115046,-3.63695533518083
264.787321149686,-3.71934291532082
267.214336932723,-3.824639391028
267.408047305601,-3.83351443968198
269.663598515087,-3.93845796481711
272.135309799694,-4.05488566551216
274.629676558411,-4.17388119025262
277.14690644919,-4.28728923463697
279.687209033359,-4.37121017612466
282.250795793065,-4.39785022418207
284.837880148879,-4.36010671042956
287.448677477567,-4.28119785644216
290.083405130016,-4.19558823597547
292.742282449332,-4.1243732675114
295.4255307891,-4.06921182061015
298.133373531811,-4.02432081154652
300.866036107458,-3.99435682494996
303.623746012305,-3.99916891695912
306.406732827825,-4.05338536072517
309.215228239814,-4.14476955675835
312.049466057677,-4.23589654292155
314.909682233896,-4.27786821145449
317.79611488367,-4.2258518370771
320.709004304739,-4.05746036695703
323.648592997392,-3.78256440430053
326.615125684651,-3.43036984434505
329.608849332645,-3.02420488349273
332.630013171175,-2.56759949202203
335.678868714457,-2.05203633641693
338.755669782063,-1.48070376251261
341.86067252005,-0.892661019400892
344.994135422288,-0.365317658312195
348.156319351977,0.0194475226882371
351.347487563363,0.223005657281957
353.394049318875,0.264625171040761
354.567905723658,0.262950601583013
357.817841935154,0.186253191397467
361.097566757544,0.0396734209165555
364.407353230443,-0.144204354494407
367.747476896126,-0.350462518984076
371.118215822459,-0.579564662610013
374.519850626053,-0.840828980247609
377.952664495627,-1.14687222778255
381.416943215577,-1.51083782544905
384.912975189775,-1.94183987614125
388.441051465576,-2.43468072397255
392.001465758046,-2.95665192503671
395.594514474416,-3.44557634542528
399.22049673876,-3.83385022757816
402.879714416894,-4.0842780296675
406.572472141506,-4.20323184238063
410.299077337522,-4.22531528853122
414.059840247693,-4.19152951633643
417.855073958429,-4.13648624455502
421.685094425857,-4.0851343316559
425.550220502132,-4.05370043665775
429.450773961976,-4.05092466887069
433.387079529468,-4.07861953830988
437.359464905079,-4.1324264851809
441.368260792948,-4.20339352746194
445.413800928422,-4.27977196073241
449.496422105832,-4.34792466834418
453.616464206536,-4.39226464348875
457.77427022721,-4.39539760386688
461.970186308408,-4.34012803043268
466.204561763375,-4.21397004926624
470.477749107128,-4.0143672664419
474.790104085805,-3.75075691436322
479.141985706279,-3.44113805078652
483.533756266044,-3.10547802970669
487.965781383384,-2.7608172340654
492.438430027802,-2.42057615729263
496.952074550741,-2.09693473666661
501.507090716584,-1.80358085317121
506.103857733936,-1.55661041686168
510.742758287189,-1.37254286693408
515.424178568388,-1.26407942840402
520.148508309376,-1.23584861998146
520.887152967052,-1.23846377425301
524.916140814242,-1.28278795146551
529.727472992063,-1.39219779752173
534.58290538995,-1.54812751034459
539.482842226386,-1.73566810724205
544.427691424889,-1.94341090015465
549.417864647961,-2.16367887897693
554.453777331367,-2.39103170166462
559.535848718714,-2.61999902603927
564.664501896361,-2.8432617707455
569.840163828633,-3.0515040597335
575.063265393372,-3.23531406889774
580.334241417806,-3.38798607516194
585.653530714748,-3.50729983323603
591.021576119127,-3.59534313756208
596.438824524859,-3.65696409672202
601.905726922044,-3.69802069243227
607.422738434517,-3.72415644479381
612.990318357735,-3.74021031511521
618.608930197014,-3.75002492868927
624.279041706117,-3.75642659889147
630.001124926193,-3.7612143292121
635.775656225076,-3.76516162057666
641.603116336945,-3.7680943716841
647.483990402342,-3.76911962186782
653.418768008561,-3.76698757989473
659.407943230407,-3.76047379654958
665.452014671331,-3.7486549907068
671.551485504935,-3.73104271331519
677.706863516863,-3.70761346556739
683.918661147072,-3.67882072922859
690.187395532503,-3.64565901020339
696.513588550118,-3.6098207323939
702.897766860358,-3.57391670491237
709.340461950983,-3.54167493850784
715.842210181322,-3.5179460345378
722.403552826922,-3.50819930770379
729.025036124611,-3.51731612343284
735.707211317972,-3.54786582234218
742.450634703236,-3.59869816509493
749.255867675594,-3.66491253231411
756.12347677593,-3.73938097102021
763.054033737991,-3.81484518502353
770.04811553598,-3.88547689255225
777.106304432595,-3.94744494530537
784.229188027497,-3.99872598208433
791.417359306228,-4.03859867268469
798.671416689584,-4.06713001510829
805.991964083429,-4.08479024195836
813.379610928971,-4.09223147487566
820.834972253498,-4.09017646843077
828.358668721581,-4.07940507893696
835.951326686748,-4.0607820677416
843.613578243618,-4.03529544001364
851.346061280537,-4.00408545634574
859.149419532669,-3.96843944781634
867.024302635601,-3.9297584725442
874.971366179414,-3.88947657133613
882.991271763269,-3.84896681569799
891.08468705048,-3.8094536161702
899.252285824104,-3.77194493653625
907.494748043029,-3.73720192236599
915.812759898581,-3.70573989189123
924.207013871653,-3.67785979793374
932.678208790352,-3.65369588206605
941.227049888179,-3.63326697661907
949.854248862741,-3.61652754949606
958.560523934992,-3.60339968822453
967.34659990904,-3.59380577324797
976.213208232474,-3.58768096893644
985.161087057266,-3.5849793767608
990.196255113627,-3.58494806048182
994.190981301219,-3.58566737119495
1003.30364270998,-3.58971889564245
1012.49982991963,-3.59709610114627
1021.78030851984,-3.60773742554008
1031.1458511176,-3.6215404886926
1040.59723740154,-3.63835394974117
1050.13525420684,-3.65796690170939
1059.76069558076,-3.68010775451106
1069.47436284869,-3.70444722798581
1079.27706468093,-3.73060330004953
1089.16961715994,-3.75815782664765
1099.15284384833,-3.78666520734677
1109.22757585743,-3.81567149795726
1119.39465191642,-3.8447278411733
1129.65491844221,-3.8734057611799
1140.00922960991,-3.90130875735221
1150.45844742388,-3.92808238578638
1161.00344178955,-3.9534206904381
1171.64509058583,-3.97707051882768
1182.38427973817,-3.99883280726155
1193.22190329235,-4.01856175400812
1204.15886348886,-4.03616098247713
1215.19607083806,-4.05158305399405
1226.33444419598,-4.06482130041334
1237.57491084076,-4.07590524010843
1248.91840654992,-4.0848960503524
1260.3658756782,-4.09187936985703
1271.91827123623,-4.0969616690409
1283.57655496982,-4.10026062148174
1295.34169744009,-4.10190972229552
1307.21467810421,-4.10204022257816
1319.19648539694,-4.10079166311928
1331.28811681299,-4.09829700055511
1343.49057898997,-4.09468546519915
1355.80488779226,-4.09007876745531
1368.23206839556,-4.08459021524257
1380.77315537221,-4.07832139058363
1393.42919277736,-4.07136439253165
1406.20123423588,-4.06379993554603
1419.09034303005,-4.05570041649682
1432.09759218811,-4.04712778746657
1445.22406457356,-4.0381385807564
1458.47085297534,-4.02878619233863
1471.83906019878,-4.01912170448677
1485.32979915744,-4.0091973352277
1498.94419296571,-3.99906946528356
1512.68337503237,-3.98879718965512
1526.5484891549,-3.97844935638543
1540.54068961473,-3.96810127888219
1554.66114127333,-3.95783715584597
1568.91101966917,-3.94774962199048
1583.29151111561,-3.93793923535182
1597.80381279961,-3.92851338579587
1612.44913288149,-3.91958322098148
1627.22869059541,-3.91126587869869
1642.14371635094,-3.90367348916894
1657.19545183545,-3.89692050244421
1672.38515011752,-3.89111487639681
1687.71407575122,-3.88635536987116
1703.18350488142,-3.88273201598898
1718.79472535001,-3.88031802056989
1734.54903680311,-3.87917480334201
1750.44775079928,-3.87934261709884
1766.49219091871,-3.88084655767816
1782.68369287339,-3.88368723086896
1799.02360461833,-3.88785093740407
1815.51328646376,-3.8933022434434
1832.15411118841,-3.89998734382348
1848.94746415373,-3.90783761076912
1865.8947434193,-3.91677032954104
1882.99735985916,-3.92668941874436
1900.25673727932,-3.93749252432375
1917.67431253622,-3.94907003587721
1935.25153565642,-3.9613081125398
1952.98986995728,-3.97409339988693
1970.8907921688,-3.98731357775583
1988.95579255653,-4.00085956682082
2007.18637504566,-4.01462950068898
2025.58405734623,-4.02852492452203
2044.15037107946,-4.0424574863155
2062.88686190526,-4.05634627785028
2081.79508965092,-4.07011910477891
2100.87662844097,-4.08371249043168
2120.1330668282,-4.09707176131022
2139.56600792593,-4.11015051523103
2159.17706954149,-4.12290988003244
2178.96788431084,-4.13531853403404
2198.94009983456,-4.14735154837016
2219.09537881498,-4.15899082476315
2239.43539919459,-4.17022222759604
2259.96185429575,-4.18103854750982
2280.67645296166,-4.19143445421421
2301.5809196986,-4.20140975375009
2322.67699481953,-4.21096684208479
2343.96643458894,-4.22011068571695
2365.45101136911,-4.22884837719764
2387.13251376758,-4.2371887386997
2409.01274678613,-4.24514196973328
2431.09353197101,-4.25271933976657
2453.37670756458,-4.25993291896546
2475.86412865839,-4.26679534769645
2498.55766734754,-4.27331963882804
2521.45921288661,-4.27951901189485
2544.57067184691,-4.28540675095806
2567.89396827518,-4.29099608832084
2591.43104385383,-4.29630011194925
2615.18385806251,-4.30133169082828
2639.15438834131,-4.30610340994073
2663.34463025532,-4.31062745140409
2687.75659766081,-4.31491581785926
2712.39232287288,-4.31897978311415
2737.25385683461,-4.32283057640407
2762.34326928785,-4.32647939124567
2787.66264894552,-4.32993550364111
2813.21410366547,-4.33320840945211
2838.99976062597,-4.33630891589232
2865.02176650283,-4.33924439744473
2891.28228764807,-4.34202439721699
2917.78351027032,-4.34465643998979
2944.52764061675,-4.34714951318714
2971.51690515681,-4.34950866052114
2998.75355076756,-4.35174270898321
3026.23984492073,-4.35385712696936
3053.97807587146,-4.35585982580025
3081.97055284885,-4.35775463710016
3110.21960624815,-4.35954870667254
3138.72758782483,-4.36124641617315
3167.4968708903,-4.36285413014517
3196.52985050952,-4.36437503894669
3225.82894370042,-4.36581496258791
3255.39658963506,-4.36717726913597
3285.23524984274,-4.36846729045598
3315.3474084149,-4.36968705062796
3345.73557221192,-4.37084186223879
3376.40227107184,-4.37193524652193
3407.35005802097,-4.37296806822471
3438.5815094864,-4.37394540922148
3470.0992255105,-4.37487048435142
3501.90582996743,-4.37574493343905
3534.00397078148,-4.37657309587709
3566.39632014759,-4.37735462584098
3599.08557475381,-4.37809376300854
3632.07445600575,-4.37879307702528
3665.36571025317,-4.37945458288405
3698.96210901864,-4.38007831268564
3732.86644922821,-4.38066781635152
3767.08155344433,-4.38122529604041
3801.61027010077,-4.38175214811938
3836.45547373977,-4.38224838175771
3871.62006525138,-4.38271695570424
3907.10697211492,-4.38315971615643
3942.91914864272,-4.3835777003857
3979.05957622603,-4.38397081309947
4015.53126358331,-4.38434155549183
4052.3372470106,-4.38469149287008
4089.48059063437,-4.38502142636949
4126.96438666658,-4.38533104723402
4164.79175566211,-4.38562256720437
4202.96584677857,-4.38589744313666
4241.48983803844,-4.38615634321784
4280.36693659365,-4.38639825802963
4319.6003789926,-4.38662552644158
4359.19343144959,-4.38683890133362
4399.14939011671,-4.38703953215676
4439.47158135831,-4.38722789806102
4480.16336202785,-4.38740315545837
4521.2281197474,-4.38756717613401
4562.66927318969,-4.38772053974205
4604.49027236262,-4.38786419156267
4646.6945988966,-4.3879985326208
4689.28576633433,-4.38812259204022
4732.26732042326,-4.38823804418613
4775.64283941091,-4.388345336519
4819.4159343426,-4.38844489407038
4863.59024936221,-4.38853712060379
4908.16946201549,-4.38862338244681
4953.15728355621,-4.38870159870564
4998.55745925516,-4.38877358763679
5044.37376871195,-4.38883967814761
5090.61002616959,-4.38890018280395
5137.27008083215,-4.38895539866118
5184.35781718509,-4.38900552980553
5231.87715531874,-4.38905121958774
5279.8320512546,-4.38909299640298
5328.22649727465,-4.38912908798975
5377.06452225383,-4.38916118061351
5426.35019199531,-4.38918949325162
5476.08760956905,-4.38921423407251
5526.28091565337,-4.38923560097422
5576.93428887965,-4.38925419255165
5628.05194618022,-4.3892702325779
5679.63814313943,-4.38928223622557
5731.69717434788,-4.38929157077169
5784.23337376003,-4.38929838979519
5837.25111505491,-4.38930283929565
5890.75481200033,-4.38930505806471
5944.74891882028,-4.38930517803809
5999.2379305657,-4.38930332463005
6054.22638348879,-4.38929961705074
6109.71885542062,-4.38929515436107
6165.71996615219,-4.38928779869193
6222.23437781911,-4.3892789174794
6279.26679528965,-4.38926860787703
6336.82196655651,-4.38925696219909
6394.90468313202,-4.38924406815349
6453.51978044704,-4.38923000906314
6512.67213825359,-4.38921486407682
6572.36668103097,-4.38919870836892
6632.60837839588,-4.38918249849442
6693.402245516,-4.38916423533911
6754.75334352757,-4.3891451703075
6816.66677995676,-4.38912536439844
6879.14770914485,-4.38910487550052
6942.20133267727,-4.38908375854024
7005.83289981677,-4.389062065623
7070.04770794029,-4.38903984616721
7134.85110298007,-4.38901714703209
7200.24847986867,-4.38899401263936
7266.24528298804,-4.38897048508866
7332.84700662289,-4.38894660426829
7400.05919541801,-4.38892240400051
7467.88744483984,-4.38889784464075
7536.33740164242,-4.38887392755876
7605.41476433733,-4.38884881057206
7675.12528366823,-4.38882351348056
7745.47476308955,-4.38879806487549
7816.46905924959,-4.38877249177583
7888.11408247822,-4.38874681970285
7960.41579727876,-4.38872107275162
8033.38022282466,-4.38869633269067
8107.01343346056,-4.38867033415861
8181.3215592079,-4.38864432811644
8256.31078627541,-4.38861833355154
8331.98735757399,-4.38859236833477
8408.35757323646,-4.38856644927407
8485.42779114211,-4.38854059216519
8563.2044274459,-4.38851481184062
8641.69395711272,-4.3884891222157
8720.90291445637,-4.38846353633309
8800.83789368351,-4.38843806640458
8881.50554944274,-4.38841272385176
8962.91259737854,-4.38838751934404
9045.0658146903,-4.38836246283543
9127.97204069667,-4.38833756359938
9211.63817740478,-4.38831283026227
9296.07119008494,-4.38828827083486
9381.27810785051,-4.38826389274297
9467.26602424298,-4.38823970285611
9554.04209782262,-4.3882157075154
9641.61355276437,-4.38819191255951
9729.9876794593,-4.38816832335019
9819.17183512153,-4.38814494479587
9909.17344440067,-4.38812178137485
10000,-4.388925267411
