"V1","V2"
15110.97566,-4.68162501142679
15171.9037270001,-4.53580454668657
15188.7847449998,11.8338806796535
15231.7590390001,-7.69350146072758
15255.709942,6.78147410166979
15255.7105669999,11.4368849637682
15260.7145489999,12.5225714985226
15261.7205670001,8.45805318538955
15426.1442010002,-12.622382276583
15427.147477,-5.82062483746516
15434.1467940002,7.47954466079224
15435.1457179999,4.81869816524293
15436.1439350001,-3.83008898241202
15437.1485529998,10.3247256318445
15438.1501389998,-9.7619675048734
15439.1476389999,-6.22361549286061
15439.1481599999,-11.2520411113895
15439.1486920002,-6.74162108349831
15440.1501270002,-13.8708409716308
15441.1484949999,-12.6560773763216
15456.0133560002,9.38366031848769
15465.0704399999,4.38600231161804
15469.1245949999,7.03722239707013
15486.9994910001,-4.01252029781438
15500.9818750001,3.57669061871598
15521.888206,-14.8419020456255
15542.9469790002,-0.963288240387433
15613.7048379998,21.1235548943989
15791.138299,9.38933574820257
15792.1340049999,-10.21464704238
15793.1378589999,-5.95454839209591
15795.139641,-5.82387144486591
15797.1372219999,-3.1319023500926
15798.1408099998,1.42951940825969
15807.1097110002,-4.98673685764828
15809.1346530002,7.81390551556774
15870.9851500001,7.67379151727861
15902.8967940002,-2.10921045815074
15902.898542,-1.00788023742999
15902.8995019998,-3.05702989400694
15960.6989239999,-4.15398480824189
16138.1307870001,-17.2249075227378
16149.13228,0.463180888098595
16149.132801,-14.079707909948
16149.1333329999,-9.66447701903761
16173.1296179998,-10.7863060686615
16202.9935070002,11.9830577830554
16202.994225,11.7496008173001
16202.9949770002,8.79060561373232
16327.7014930001,16.2565570926435
16343.7037729998,4.12195082240332
16530.1163659999,-5.04692910857899
16532.1207409999,-4.30239094203848
16587.961875,-1.89498204353017
16613.905243,-8.29583573108887
16637.8106129998,4.17306267488109
16638.7869099998,5.56759949617007
16674.8042009999,7.07459614761874
16708.783727,-3.10849797701905
16884.1306250002,-0.0735678152712161
16889.146042,8.32035348988747
16890.1462039999,3.39451208763332
16894.1388190002,-5.84710620945919
16896.1099769999,0.476714400550714
16911.0197689999,-4.58365191330531
16911.0203129998,-3.62451454914154
16911.0208680001,9.14989340280061
17234.1393519999,0.273479684284981
17241.1373840002,-5.07280631241079
17241.1379169999,-7.41377330159247
17241.1384609998,-2.89005386392399
17243.1432059999,-3.12290523192189
17245.1453820001,-0.204812622008561
17246.1423960002,-7.8405904177871
17247.1466669999,-11.8200754237357
17254.1481710002,2.44633380942017
17255.1516320002,3.80441024600327
17256.1507870001,-2.39163128988115
17291.0432870002,5.23461697924614
17326.9781129998,8.09656995834925
17353.8766899998,-11.4832842595537
17378.7861810001,0.293235760929252
17384.7780670002,13.554346365852
17401.7489470001,13.778245551717
17672.9905090001,6.00058303143956
17678.9750689999,-4.09479614811171
17703.9552199999,-2.51031800932166
17703.9557409999,-4.38709833795698
17703.9562960002,-2.02932007044601
17712.9878699998,0.210946657315832
17789.7497220002,-0.891501726048271
17790.7369329999,4.58725994651046
17803.7051499998,10.7174713954862
17804.7083450002,12.0662723802287
17806.793356,2.57630884171529
17828.7575929998,-3.23743829472589
17829.7219099998,-3.23800565555023
17830.7230210002,2.13286946058354
18000.1515279999,-4.72403550518636
18001.1496299999,4.99485146144504
18003.1490620002,-7.02494008953091
18029.934225,1.68750620164515
18065.898947,-1.10819552768636
18091.904873,-7.83675727768813
