"V1","V2"
1.1,-4.31172483342934
1.1,-4.31172483343161
1.10110208304486,-3.75729446151237
1.10220637664453,-1.24443109843233
1.10331288745657,1.79289993920977
1.10442162216531,-4.50895157689243
1.10553258748197,-3.06676771747979
1.10664579014479,-4.18558512236595
1.1077612369192,-4.5818727614745
1.10887893459792,-2.35275884733878
1.10999889000111,-0.320080024190334
1.11008249696303,-1.08544404841112
1.11112110997652,-2.93327569464785
1.11224560139962,-3.94119479459229
1.11337237117373,-4.35032871709686
1.11450142623018,-2.84418402969178
1.11563277352846,-2.50405878754285
1.11676642005631,0.0970868414985642
1.11790237282993,-2.62513249250444
1.1190406388941,-4.09777113438057
1.1201812253223,-3.97720815539108
1.12025740914879,-4.15000413853997
1.12132413921689,-3.33871469872665
1.12246938770924,-4.08793215578905
1.1236169779599,-3.56367634225862
1.12476691715871,3.30628939806038
1.12591921252499,-4.03192217578064
1.12707387130767,-4.29237721037501
1.12823090078545,-2.54324282162512
1.12939030826693,-1.17973667892645
1.13052558362656,-4.35450192695842
1.1305521010908,-4.27046027081619
1.13171628662599,-0.725276781178112
1.13288287227179,-3.54159786711958
1.13405186545804,-0.0918074837793785
1.13522327364529,-4.38180685218723
1.13639710432492,-3.87780877863443
1.13757336501934,-1.91403221514108
1.13875206328216,1.18064118414
1.13993320669829,-4.21542298424603
1.14088787522978,-4.47978245146371
1.14111680288418,-4.58537200354854
1.1423028594879,-3.29089361234029
1.1434913841894,-4.0760908533388
1.14468238470059,-3.68743401934401
1.14587586876557,-2.29656123879087
1.14707184416073,-4.48235037276655
1.14827031869501,-4.02645136745159
1.14947130020999,-4.25394254002546
1.15067479658009,-4.30032049910065
1.1513451466272,-2.73171428196705
1.15188081571275,-3.56809983500787
1.1530893655486,-3.27111687203396
1.15430045406161,-2.75942869016521
1.15551408925932,-4.04960061586374
1.15673027918294,-4.27977463208262
1.15794903190761,-3.87562828107625
1.15917035554252,-3.84757898644549
1.16039425823109,-2.92318026519612
1.1616207481512,-3.81375508895397
1.16189826839471,-3.39556330882854
1.16284983351533,-4.44555919949286
1.16408152257075,-4.31147696512207
1.16531582359971,-3.16202197550425
1.16655274491963,-3.02836452508277
1.16779229488327,-3.73585357734507
1.16903448187895,-1.21989972355724
1.1702793143307,-2.98289948371328
1.17152680069847,-4.04653223857454
1.17254811908784,-1.87009209640999
1.17277694947834,-3.6847326600662
1.17402976920267,-1.7398484143171
1.17528526844033,-4.06655927655979
1.17654345579689,-0.923522742820269
1.17780433991478,-3.27226274892578
1.17906792947356,-3.37480348645531
1.18033423319005,-4.44945832191289
1.18160325981856,-4.06754114108648
1.18287501815109,-4.57859505514799
1.18329558531484,0.886992468296482
1.18414951701754,-0.840028742999467
1.18542676528589,-2.41519487057107
1.18670677186244,-4.02339505643656
1.187989545692,-4.20774848635753
1.18927509575807,-2.13758179708756
1.19056343108312,-3.13355357966626
1.19185456072871,-3.72943560761374
1.19314849379579,-4.53290328015444
1.19414156181057,-3.90288153700536
1.19444523942486,-3.54603088030703
1.19574480679619,-4.56176327299196
1.19704720513007,-3.75084158410752
1.19835244368698,-4.03318339398075
1.19966053176785,-3.65599385490677
1.20097147871425,-3.91790712033631
1.20228529390865,-4.26688525141614
1.2036019867746,-2.53307194753833
1.20492156677698,-4.5041749886216
1.20508695151092,-4.54312832005971
1.20624404342224,-2.74577334997903
1.20756942625859,-3.92823225261836
1.20889772487626,-3.20026060021914
1.21022894890773,-3.58576175700185
1.21156310802795,-4.2258796748707
1.21290021195456,-3.18416393520985
1.21424027044818,-2.72386722570727
1.21558329331259,-3.57276802537868
1.216132665628,-4.58542634843016
1.21692929039501,-4.27830910435719
1.2182782715863,-4.56439795651281
1.21963024682124,-2.04424184474672
1.22098522607877,-3.59306716015314
1.22234321938219,-3.1145927621225
1.22370423679948,-3.84869227655534
1.22506828844348,-3.07219897366602
1.2264353844722,-4.35923033304894
1.22727962372603,-4.42251476082024
1.22780553508903,-4.37640092352817
1.22917875054299,-4.40086410637318
1.23055504112903,-2.77495367867832
1.23193441718824,-3.4793322055464
1.23331688910815,-3.22303075692932
1.23470246732294,-3.64643640729096
1.23609116231376,-4.42521445699995
1.23748298460896,-4.57411409402678
1.23852875379785,-4.38827389942932
1.23887794478435,-3.97029032750246
1.24027605346349,-1.52416360744488
1.24167732131796,-3.88377564322039
1.24308175906759,-4.26136082531863
1.2444893774808,-2.22127719357198
1.24590018737482,-4.46550614945667
1.24731419961599,-4.02096287675269
1.24873142512005,-4.58073312431756
1.2498809923422,-2.73481432209499
1.25015187485239,-3.90098744262528
1.25157555982836,-3.15882649153613
1.25300249111354,-4.20165525558767
1.25443267982402,-4.50257724276438
1.25586613712673,-3.69584268176991
1.25730287423968,-4.51191035485746
1.25874290243227,-3.16480502271955
1.2601862330256,-2.89458898788647
1.26133728444169,-2.54554692629788
1.26163287739275,-3.34794707200203
1.26308284695908,-3.83608236850697
1.26453615320254,-4.47699374252542
1.26599280765397,-4.28728730961976
1.26745282189738,-4.55729236643239
1.26891620757031,-2.07579375110308
1.27038297636408,-3.71951083053247
1.27185314002416,-4.26018331429501
1.27289858384145,-4.24979869829335
1.27332671035042,-4.39069001114697
1.27480369919751,-3.84622393058638
1.27628411847512,-4.12513981672837
1.27776798014835,-2.74737724411185
1.279255296238,-2.41039349369859
1.28074607882088,-4.33793693821034
1.28224034003021,-4.52995318894242
1.28373809205586,-1.73894753950887
1.28456585302856,-3.14592317023775
1.28523934714473,-3.96690125088188
1.28674411760108,-2.44752322755946
1.28825241578687,-3.03838901134131
1.28976425412208,-4.26052035696572
1.29127964508505,-3.94075255787991
1.29279860121286,-1.7680369709087
1.29432113510162,-4.54852460643534
1.29584725940687,-3.81558961934289
1.29634006331217,-3.55064558704552
1.2973769868439,-3.64748565616978
1.29891033018811,-4.49697914895219
1.30044730227539,-2.08156752840918
1.30198791600241,-3.4774417519474
1.30353218432707,-3.77803890276877
1.30508012026879,-3.50968835090092
1.30663173690893,-4.47785228938247
1.30818704739112,-4.37069412697341
1.30822219490435,-4.39159451363949
1.30974606492164,-4.5904084356919
1.31130880276981,-3.83438841611698
1.31287527426836,-3.64858261550532
1.31444549281377,-4.08792737271185
1.31601947186674,-2.54478132206813
1.31759722495248,-2.72862165723322
1.31917876566115,-4.34380678940576
1.3202132370017,-4.2356645279946
1.32076410764825,-4.11846594683843
1.32235326463498,-4.4757143503924
1.32394625040868,-4.17748049294684
1.32554307882319,-4.15216467826932
1.32714376379928,-2.76721063487989
1.32874831932503,-4.14308662664584
1.33035675945626,-3.73498986664808
1.33196909831692,-4.27239690352704
1.33231418786772,-4.34465037638054
1.33358535009953,-4.55568305658156
1.33520552906556,-4.4793458399316
1.33682964954589,-1.71759818844285
1.3384577259412,-4.54284612594356
1.34008977272241,-2.5177310460351
1.3417258044311,-3.86253244679844
1.34336583567997,-4.02201022305568
1.34452605491588,-4.52100212093794
1.34500988115322,-3.12517035049396
1.34665795560705,-1.75192280151666
1.34831007387007,-4.51170318643486
1.34996625084373,-4.45249696381669
1.3516265015028,-4.44172948928915
1.35329084089582,-3.49392364910691
1.35495928414551,-4.3676241363024
1.35663184644928,-1.09131752049351
1.35684985479351,-0.960093191585687
1.35830854307967,-3.52299347577505
1.35998938938481,-3.79105066727189
1.36167440078892,-4.0575943403932
1.36336359279271,-2.10239886756531
1.36505698097395,-3.45064684301789
1.36675458098786,-3.67266565956251
1.36845640856766,-3.38016560527623
1.36928661346646,-3.93486484729729
1.37016247952502,-4.31945064941468
1.37187280975057,-4.55374484059129
1.37358741521435,-3.8700068245723
1.37530631196638,-2.27111295287526
1.37702951613709,-4.45457077686686
1.37875704393787,-2.56982403817844
1.38048891166156,-4.51392142062926
1.38183736630445,-4.12597086789188
1.38222513568296,-4.568164791138
1.38396573245936,-2.7240912311178
1.38571071853105,-1.99946268805062
1.38746011052182,-3.78318667705563
1.38921392513956,-4.16627639544257
1.39097217917671,-3.7661337335704
1.39273488951084,-4.02232781901697
1.39450207310518,-4.46569666597193
1.39450315816732,-4.46695490435937
1.39627374700918,-3.47305652635473
1.39804992835901,-4.12585956394176
1.39983063437818,-3.74181017356367
1.40161588237804,-3.87776348334316
1.40340568975838,-3.67685983126862
1.40520007400797,-4.31926328716091
1.40699905270514,-3.04627706928531
1.40728504349201,-0.597811364073751
1.40880264351836,-4.46125752071404
1.41061086420679,-3.83542496828258
1.4124237326209,-4.37545931108312
1.41424126670305,-4.59660431516662
1.41606348448805,-4.15381316144433
1.4178904041038,-4.22426569415203
1.41972204377186,-4.43625378016506
1.4201840863803,-2.11546025927081
1.42155842180807,-4.49408995814329
1.42339955662315,-4.34048584868467
1.42524546672334,-4.58058971715272
1.42709617071099,-3.66993611024188
1.42895168728519,-3.87682383543674
1.43081203524243,-4.4956420719827
1.43267723347719,-3.62266892099987
1.43320136068746,-4.31668957542431
1.43454730098261,-4.59456591034743
1.43642225685112,-3.53122502010624
1.43830212027512,-4.34681320879153
1.44018691054758,-3.21851390724206
1.44207664706275,-3.03307312068611
1.44397134931679,-4.52277364645195
1.44587103690847,-1.90948755116037
1.44633795011158,-1.77522570627699
1.44777572953984,-3.11346717777119
1.44968544701689,-4.57408826304359
1.45160020925024,-4.43244346543614
1.45352003625586,-0.88972380290406
1.45544494815575,-4.21830937419216
1.45737496517863,-4.32091457160877
1.45931010766067,0.0183060660269501
1.45959494828386,-1.60428534400822
1.4612503960462,-4.514866903696
1.4631958508884,-4.35259143435278
1.46514649285008,-0.773441920108242
1.46710234270437,-4.25311512334091
1.46906342133548,-3.95332035648849
1.47102974973941,-3.3019584625126
1.47297345885961,-4.43469195204622
1.47300134902474,-4.42988469391989
1.47497824041337,-4.543323322205
1.47696044524128,-2.98339309878301
1.47894798495928,-3.76643764678696
1.48094088113382,-3.60266973048513
1.48293915544773,-3.59264117440583
1.48494282970106,-3.64927404088954
1.48647459561013,-3.32243736834622
1.4869519258118,-3.8027143234701
1.48896646581676,-4.39891980301585
1.4909864718723,-2.76224483706969
1.49301196625519,-4.3491238802055
1.49504297136342,-2.26840811122841
1.49707950971702,-3.55330343509471
1.49912160395889,-4.25484715915636
1.50009948251546,-3.92730500994642
1.50116927685566,-4.56568408195565
1.50322255129848,-2.62349377885013
1.50528145030395,-3.240658574945
1.50734599701494,-2.72377931724262
1.50941621470143,-4.34368057885561
1.51149212676144,-4.43430783839458
1.51357375672188,-4.12889913081577
1.51384925385791,-3.868763136897
1.51566112823944,-4.54222777904616
1.51775426510149,-1.99840026818564
1.51985319122699,-3.45633427989768
1.52195793066739,-3.16397733511903
1.52406850760754,-2.58981511270994
1.52618494636666,-4.06902645722343
1.52772505431655,-4.07466077772884
1.52830727139922,-4.33014264445436
1.53043550729592,-3.96846152355895
1.53256967878461,-2.20867263837815
1.53470981073127,-4.38552290408879
1.53685592814099,-3.12944525848494
1.53900805615888,-4.28144940123954
1.54116622007113,-4.3777473088762
1.54172803906245,-2.13232286016447
1.54333044530596,-3.51669645385945
1.54550075743461,-3.9606971182898
1.54767718217237,-4.14125016513148
1.54985974537958,-4.45648925478983
1.55204847306268,-3.8811945749579
1.5542433913752,-3.80298795035626
1.55585937385487,-4.1415591449809
1.55644452661885,-3.71346963851127
1.55865190524452,-4.23932070480336
1.56086555385338,-2.1235497229807
1.56308549919793,-2.53201401331731
1.5653117681831,-3.41606327064417
1.56754438786728,-3.95016120000466
1.5697833854635,-2.23220308261981
1.57012023513831,-3.62794465299268
1.57202878834047,-4.37631132374159
1.5742806240237,-3.0893535284317
1.57653892019666,-3.83762102986592
1.5788037047019,-3.75172543740436
1.58107500554218,-4.26320837200777
1.58335285088163,-4.48149964980783
1.58451181014047,-3.13082945352599
1.58563726904693,-4.52985013159938
1.58792828852846,-2.62740514002181
1.59022593798151,-3.14699527496114
1.59253024622744,-3.15738805738411
1.59484124225492,-3.59187293410068
1.59715895522114,-2.20894699822466
1.59903529697103,-3.66594262587134
1.59948341445301,-3.98490886548385
1.60181464944843,-1.37103870134271
1.60415268987751,-3.44286484765988
1.60649756558385,-4.42316341799241
1.6088493065858,-3.89191071086705
1.61120794307775,-3.73667684610351
1.6135735054314,-4.38762841751893
1.61369190472147,-4.39625061962525
1.61594602419708,-3.98145101482001
1.61832553010507,-2.38939922832529
1.62071205406692,-3.72818713907489
1.62310562717679,-4.57320591543695
1.62550628071279,-3.55611448785035
1.62791404613837,-3.07119388613276
1.62848285356567,-3.5056295869791
1.63032895510364,-3.53247771609918
1.63275103944684,-2.53325123260263
1.63518033119567,-4.56090561865543
1.6376168625687,-4.2415645971752
1.64006066597686,-3.38570158615946
1.64251177402482,-4.21609782045639
1.6434093748615,-4.40573812420277
1.64497021951244,-4.07683865721524
1.64743603543626,-1.43534022911544
1.64990925499098,-3.85026676092858
1.6523899115709,-3.74653228174233
1.65487803877149,-1.78101734464448
1.65737367039086,-3.37793246529898
1.65847271125337,-2.94178902632811
1.65987684043131,-4.15798893134681
1.66238758310085,-2.87612696225338
1.6649059328148,-3.4173041753468
1.66743192419732,1.05245719794763
1.66996559208304,-2.17074835799272
1.67250697151862,-2.86045549124381
1.67367411677562,-4.60612133340769
1.67505609776438,-3.83818242808158
1.67761300629594,0.939932480419342
1.68017773280587,-3.217773950441
1.68275031320533,-3.33401056940059
1.68533078362575,-3.67178175147817
1.68791918042054,-1.81954409754431
1.68901485695697,-4.54806265145712
1.69051554016679,-4.47851548115685
1.69311989966697,-3.08409563271127
1.6957322959507,-4.03039991323695
1.69835276627649,-4.3987839941004
1.70098134813352,-1.5105538896793
1.7036180792434,-3.66605501523876
1.70449620892586,-4.40719858314717
1.70626299756203,-3.72663354629779
1.70891614128135,-1.24682722484781
1.71157754883124,-2.69612345471907
1.71424725888135,-3.32960782475326
1.71692531034296,1.29407679957634
1.7196117423709,-2.59688294415256
1.72011946151676,-4.05746890470457
1.72230659436542,-3.47479130594948
1.72500990597417,-4.34024728382767
1.72772171709408,-3.38395409255028
1.73044206787339,-4.35413816495336
1.73317099871357,-1.48975600952579
1.73588591537747,-2.07201127887541
1.73590855027135,-2.22672612892981
1.73865476346076,-4.60050634630395
1.74140967945511,-0.998075586163312
1.74417333968912,-4.47753647943941
1.74694578586092,-1.70851838206969
1.74964015923312,3.9712190453192
1.75179688307743,-4.04905127649383
1.75251720414036,-1.95435674047511
1.75531626098053,-3.92726136233157
1.75812427322784,-3.67003201808868
1.76094128392955,-3.07042528991079
1.76376733640926,-2.03632303659177
1.76660247426912,-2.77133318231594
1.76785368921695,-3.86952116935285
1.7694467413921,-4.49015591626946
1.77230018194422,-4.13072434027979
1.77516284037685,-3.97856689976109
1.77803476142904,-3.20522770435596
1.78091599012981,-1.66332949568843
1.78380657180054,-3.61630398936959
1.7840576705375,-3.02086303054003
1.7867065520573,-4.27153322607674
1.78961597681333,-3.96499624816031
1.79253489228136,-4.06160881869946
1.79546334497615,-3.37652117615815
1.79840138171691,-2.54506734816002
1.80041017603301,-4.54763398843088
1.80134904962978,-3.10560542379787
1.80430639615042,-4.31076641402163
1.80727346902648,-3.35331290535916
1.8102503163202,-4.35293726640359
1.81323698641102,-1.76848231492343
1.81623352799818,-4.35796299725703
1.81691256706215,-3.18589128789475
1.81923999010336,-4.6083933560968
1.82225642207339,-2.88403168925871
1.82528287358291,-3.59567535572043
1.82831939463711,-4.3142560905313
1.8313660355745,-3.27353856865207
1.83356621746169,-4.32766356162463
1.83442284706967,-3.54751269520958
1.8374898801361,-4.04781586881777
1.84056718612903,-3.77558794126341
1.84365481674828,-4.55843752850368
1.84675282404118,-4.47505762244075
1.84986126040547,-4.20319965103184
1.85037251366084,-1.98010185896928
1.85298017859229,-3.91552541794627
1.8561096317091,-4.6099615986648
1.85924967322279,-2.4891678915769
1.86240035696261,-2.43431343581378
1.86556173712336,-4.45962169846391
1.86733285479671,-2.60344133822761
1.8687338682684,-3.23196461559346
1.87191680533285,-3.71929291678706
1.87511060362675,-3.80619048243025
1.87831531883826,-1.93012471762492
1.88153100703687,-2.12768637022802
1.88444865283075,-3.90066146507817
1.88475772467671,-4.42539313982749
1.88799552859984,-3.4336485407388
1.89124447603957,-3.02817025447783
1.89450462462388,-2.95793822091625
1.89777603237877,-3.24271235265823
1.90105875773171,-3.39451787597355
1.90172133266634,-3.4509964485209
1.90435285951519,-2.06542742111012
1.90765839697012,-2.84247206019788
1.91097542974949,-3.23198830290878
1.91430401792189,-4.09472678391202
1.91764422197515,-4.25829178887605
1.91915233226737,-3.24724654383962
1.92099610282002,-3.00294213271505
1.92435972179387,-2.53012844840223
1.92773514066441,-4.08961781077741
1.93112242163349,-4.28770390056209
1.93452162734093,-3.81074937379211
1.93674310277798,-3.45239734553857
1.93793282086835,-4.3298808229342
1.94135606574309,-3.80448673394298
1.94479142594217,-0.94851131409658
1.94823896589625,-4.45444919694248
1.95169875049365,-4.32067582981145
1.95449510864336,-3.76157989537805
1.95517084508448,-2.76397503799095
1.95865531548467,-3.18585945435453
1.9621522279802,-4.46876309060608
1.96566164933126,-4.09150288381929
1.96918364677652,-4.30379766313237
1.97240982773168,-3.80640906230596
1.97271828803741,-3.64179253786009
1.97626564132248,-3.27749330838148
1.97982577533177,-3.18617661954622
1.98339875926125,-1.07108920610111
1.98698466280731,-2.72584287291366
1.99048875145709,-4.37046630964434
1.99058355617128,-4.54020449990404
1.994195510064,-4.44456254894917
1.99782059571051,-4.31613956916076
2.00145888485465,-1.9450254687271
2.00511044976385,-3.99015923245727
2.00873338490391,-4.05526538709123
2.0087753632339,-4.00895587211008
2.01245369859377,-3.83884308082841
2.01614552971055,-4.55143242529309
2.01985093099431,-3.71464537778658
2.02356997740319,-2.60015003380815
2.02714524695194,-4.24669197361922
2.02730274444841,-4.32032163151476
2.03104930819936,-4.46385001883297
2.03480974528882,-3.64666372307969
2.03858413291814,-4.48016939602255
2.04237254886254,-3.36160841441583
2.04572587040285,0.118588996041209
2.04617507147648,0.982829586487041
2.04999177969899,-4.60006899301121
2.05382275305922,-3.97112560737784
2.0576680716819,-2.31286502355798
2.06152781629294,-4.08901704489679
2.06447680210787,-3.88411461745298
2.06540206822511,-3.31980189511441
2.0692909094237,-3.00511282340014
2.07319442245235,-4.38077260904893
2.07711269049887,-3.58378658487206
2.08104579738113,-1.68635642233571
2.0833996030965,-1.22808549414342
2.08499382755308,-4.25502468897085
2.08895686611076,-3.62253627108069
2.09293499879841,-4.41189720144425
2.09692831201469,-3.82207936037506
2.10093689281892,-2.27262888776616
2.1024958487065,-4.23159079260157
2.10496082893737,-2.33168645566869
2.10900020876972,-4.03036755560302
2.11305512139549,-4.45452816189138
2.1171256565806,-4.49830393474471
2.12121190478401,-2.21093502924131
2.12176712871501,-1.82931511083885
2.12531395716439,-1.79956407872223
2.12943190558693,-3.66106019080141
2.13356584263017,-0.0153483091459936
2.13771586159297,-4.04763916134093
2.14121504747093,-3.78286104660103
2.14188205650148,-4.41158869560641
2.14606452211631,-2.76407822344257
2.15026335393965,-1.40892631036385
2.15447864822257,-3.38975394813358
2.15871050197239,-3.90159080420969
2.16084122402849,-2.5390250702271
2.16295901296006,-1.17079050881213
2.16722427972778,-4.31979950386412
2.17150640159653,-3.73689591612922
2.17580547867384,-4.18745607532637
2.18012161186158,-3.60340161371713
2.18064729228199,-3.83680322327197
2.18445490286382,-4.22774460320901
2.18880545419486,-3.32744935282827
2.1931733691873,-4.17043122570604
2.19755875200021,-3.22500417984051
2.20063490110187,-1.73252625773782
2.20196170762742,-2.67119761830978
2.2063823419059,-4.16866296201752
2.21082076152424,-3.79137688121617
2.21527707403124,0.967684961077593
2.21975138784456,-3.54958329038416
2.22080571447196,-4.52022672620794
2.22424381225958,-2.9294651072531
2.22875445745821,-3.53735731771534
2.233283434518,-3.98335119865809
2.23783085542118,-2.7651512155891
2.24116141162799,-2.1275728427502
2.24239683306391,-4.00598298326597
2.24698148126565,-3.61865300829695
2.25158491477857,-4.24537374705952
2.25620724929717,-2.78240646979785
2.26084860146794,-2.74975898922159
2.26170368719744,-4.26877677908633
2.26550908889921,-2.18226729366651
2.27018883017102,-3.11349231132275
2.27488794484524,-4.15179546505331
2.27960655347574,-4.00582622667199
2.28243425134056,-4.49508621958043
2.28434477761865,-3.51537639710003
2.28910273984288,-2.86402270240657
2.29388056374062,-2.51782467896871
2.29867837393806,-4.19362958966949
2.30335482989279,-4.13990308899591
2.30349629610624,-4.13820812608842
2.30833445697204,-4.57826763197133
2.31319298432923,-3.20025694466247
2.31807200704978,-2.85130767314698
2.32297165509522,-2.84684013479873
2.3244671645084,-1.51779489418587
2.3278920595282,-2.61159599873926
2.33283335252417,-2.62716922576945
2.33779566738323,-4.48501122304848
2.34277913854206,-3.99766489492331
2.3457730128055,-4.5035150892945
2.34778390158613,-3.68952500167237
2.35281009326198,-4.15733538008405
2.35785785148963,-3.72566598114205
2.36292731537526,-3.32560012911242
2.36727414851237,-4.55711991800459
2.36801862522394,-4.32155077546085
2.37313192255259,-4.36525239244478
2.3782673501031,-3.02747793167382
2.3834250518556,-3.37249156533014
2.38860517304194,-2.04337458450712
2.38897236161513,-1.33837837828944
2.39380786015928,-0.800510875137862
2.39903326098393,-2.63431986434964
2.40428152458535,-4.57988516266565
2.4095528013403,-3.4649123866482
2.41086945850671,-2.94633214080116
2.41484724294722,-3.78863245373023
2.42016500244076,-3.96823730252956
2.42550623420657,0.111688177537159
2.43087109399618,-4.09345204747663
2.4329672621373,-4.54486051074983
2.43625973894221,-2.92885227442688
2.44167232757364,-3.26201015789658
2.44710901983141,-0.996580763617006
2.45256997708413,-2.90358326517057
2.45526761216607,-0.957124591542625
2.4580553621441,-2.45574318724315
2.46356533928344,-3.69265628845395
2.46910007425051,-2.66977077316111
2.47465973428654,-3.38595308842898
2.47777236511433,-3.51755060700541
2.48024448814245,-2.3905466133638
2.48585450609596,-4.29971781858782
2.49148995996884,-3.46513409224073
2.49715102314452,-3.99612132051434
2.50048339452009,-4.5122911348727
2.50283787058582,-3.16443288529527
2.50855067885299,-2.10337268002573
2.514289626122,-3.84956936575836
2.52005489220304,-4.29498588397328
2.52340259109404,-3.27697530417547
2.52584665855932,-0.48034682915298
2.53166510832608,-3.91074119284261
2.53751042632993,-4.06160961876108
2.54338279910838,-0.763021340114024
2.54653186287695,-2.46092948257993
2.54928241492974,-4.05414036028091
2.55520946381316,-3.66009782119628
2.56116413754913,0.545533550871509
2.56714662972007,-3.84713502616219
2.56987313539851,-2.70163729668119
2.57315713572136,-3.00573836761507
2.57919585278263,-4.32482789117634
2.58526297998928,-3.16556320611196
2.59135871830441,-4.43567025785248
2.59342835183762,-3.19320451570386
2.59748327059096,-3.13202323504666
2.60363684163427,-3.29897196139589
2.60981963816486,-4.42015821334908
2.6160318688816,-3.17175441123928
2.61719947318419,-3.87943163800472
2.62227374447519,-3.21463265822715
2.62854547765197,-4.4384437341939
2.63484728315811,-3.99040867773457
2.64117937780409,-1.16242813417458
2.64118847840239,-1.15834763571857
2.64754198048958,-3.32527746940591
2.65393531222864,-3.87457455901071
2.66035959617538,-3.23542134876593
2.66539736459536,-4.21913139920687
2.66681505764983,-4.14406979971707
2.67330192416435,-3.69749862732707
2.67982042545033,-0.111719070110356
2.68637079348534,-4.59742012445796
2.68982814717154,-3.41095944493631
2.6929532625206,-4.47134391077086
2.69956806910894,-3.57415025974993
2.70621545213315,-4.30440601761532
2.71289565283468,-3.87701716803909
2.71448286001238,-4.08466650097981
2.71960891484288,-3.34120683600813
2.72635548420461,-3.9838099341637
2.73313560941426,-3.60387943548304
2.73936355564171,-4.13043009538953
2.7399495414443,-4.59326162661009
2.74679753377625,-4.22486626471837
2.75367984243208,-4.33180674781582
2.76059672600614,-3.61489628545357
2.7644723053966,-3.70509264103666
2.76754844569755,-1.94025320113022
2.77453526534306,-4.5416178347526
2.78155745145045,-3.92794574746367
2.7886152732324,-3.94804079686063
2.78981119959982,-4.33736296036531
2.79570900264093,-4.27134648207468
2.80283891440226,-4.17889306881907
2.81000528605235,-4.2435532112668
2.8153823477338,-3.99964311686537
2.81720839797287,-4.11266137873943
2.82444853342778,-3.3146543792972
2.83172597860046,-4.53425218738514
2.83904102263141,-4.19961176558772
2.84118787861634,-3.02227499800856
2.84639395765657,-2.73748601920156
2.85378507884617,-3.99118202190331
2.86121468444427,-2.90918075716863
2.86722994057774,-4.60279267155446
2.86868307580884,-4.41138838523713
2.87619055745253,-4.14093785703975
2.88373743708406,-4.50548535380367
2.89132402565025,-4.42871326142998
2.89351070163972,-1.42068929727898
2.89895063737871,-3.93826945021644
2.90661758982127,-3.20527379419653
2.91432520389801,-3.10953984039614
2.92003234969587,-4.45763053537732
2.92207380394207,-4.08568601037936
2.92986371774511,-4.44524641058254
2.93769527660357,-4.24247748514395
2.94556881536562,-3.18056931656324
2.94679709269382,-3.31133423151172
2.95348467247887,-3.93046461009468
2.9614431900389,-4.20049861798216
2.96944471383851,-4.09795184483565
2.97380715881904,-2.76794343602674
2.97748959341782,-3.7187779117659
2.98557818211516,-4.52001948198435
2.99371083711881,-4.11447443889696
3.00106479668034,-1.81024979385481
3.00188791951958,-3.46240334920813
3.01010979436422,-3.71777853874963
3.01837683070982,-4.24138047263162
3.02668940167895,-4.46166402460026
3.02857227549704,-3.69761890358129
3.03504788451584,-4.52780030560197
3.04345266064343,-3.58317137806515
3.05190411572141,-4.00306033024416
3.05633188528796,-4.09913917120659
3.0604026397052,-4.15568296258371
3.06894862690592,-2.71539183871519
3.07754247605138,-4.40137499313178
3.08434593706198,-4.30211730765919
3.08618459034811,-3.95384405601627
3.09487537754438,-3.99897685985278
3.10361524999439,-2.61850128291238
3.11240462472342,-4.51174089239791
3.11261676301048,-4.44354972315549
3.12124392349422,-2.44956858474834
3.13013357287443,-3.71290764797809
3.13907400430524,-4.13512093216358
3.1411467167015,-4.43414422282152
3.14806565417114,-2.0062359113484
3.15710896387097,-2.81204095332638
3.16620437989013,-3.56165726945162
3.16993817327565,-3.85786077950118
3.17535235387405,-3.67704981872507
3.18455334270298,-4.11310015564047
3.193807808568,-3.60475216335223
3.19899352964387,-3.86853525685192
3.2031162190485,-2.69069716435124
3.21247904719082,-1.24765475884394
3.22189677158848,-3.05904718939846
3.22831520468694,-4.54633056939778
3.23136987646369,-3.42811481130414
3.24089885175034,-3.59740300443369
3.25048419317845,-4.59959415644724
3.25790563945689,-4.30529791012876
3.26012640236018,-3.62575873311877
3.26982598687732,-3.99696196753038
3.27958346037032,-4.16238326764599
3.28776729738021,-4.00868276405154
3.289399342629,-3.03471959616823
3.29927415968487,-3.76387486405523
3.30920844390503,-4.57419043505624
3.31790266446292,-4.60196618414361
3.31920273408792,-4.39707318053971
3.32925757556065,-2.05410063782333
3.33937352027829,-3.8621522950813
3.34831424949753,-2.13362555962161
3.34955112692476,-2.38753536554512
3.35979096101579,-4.34781408907603
3.37009359500357,-4.5932449797285
3.37900458427191,-3.31702621287255
3.38045960838349,-3.82341720430654
3.3908895878028,-3.3303458508158
3.40138412717122,-3.94241059699297
3.40997622378007,-3.77858849400539
3.41194382777375,-4.32151136633215
3.42256929838544,-0.912194944705762
3.43326115538845,-4.1025303169441
3.44123174643485,-4.12456084248979
3.44402002289119,-4.05379669316082
3.45484653284977,-3.72629791558362
3.46574132519175,-0.917773348774832
3.47277375428258,-4.57007672022658
3.47670504794224,-4.46323425344056
3.48773835735236,-1.24730601530874
3.49884191803018,-4.49842248223652
3.5046048732197,-4.35982321553118
3.5100164030742,-4.22244251567563
3.52126249420934,-2.96811306192709
3.53258088192558,-1.35514085663502
3.53672775321138,-4.43225393904121
3.54397226561932,-3.67668435964353
3.55543735373739,-3.00506186703055
3.56697686392394,-3.09113101851594
3.56914506851211,-3.12286342802216
3.57859152317022,-4.2214821317223
3.59028206796719,-3.9639766135048
3.60185951788837,-4.0812191505631
3.60204924446124,-4.13401085959552
3.61389380861294,-4.16456047433295
3.62581652635889,-4.29951448629706
3.63487382484324,-3.11512984755703
3.63781817377688,-4.37808981341252
3.64989953725425,-3.31918453762469
3.66206141365968,-3.84651850442404
3.66819073784321,-2.81524842237454
3.67430461051836,-3.17708138440222
3.68662994619077,-3.33422864265569
3.69903825005499,-4.60918528050209
3.70181303054695,-3.3657401188477
3.71153036269275,-3.50717838210594
3.72410713607926,-4.44340957471118
3.73574350203621,-3.72885834982012
3.73676943377691,-3.63824849751015
3.74951813113289,-3.77543330007419
3.76235411548096,-2.65430079809332
3.76998497704887,-3.04566103036345
3.77527828634729,-3.871556214072
3.7882915556606,-3.18776924149287
3.8013948479667,-4.15430072223652
3.8045403062141,-4.48040922047423
3.81458910064736,-3.70362326032691
3.82787526414395,-4.22325708543835
3.83941236628966,-3.06129373024058
3.8412543021856,-3.64064621147887
3.85472719202224,-4.53904740617421
3.86829492466259,-4.58392390161308
3.87460406040141,-4.57450434566121
3.8819585051171,-4.47552095758894
3.89571895264612,-2.94462237179138
3.90957730101341,-4.55701976550952
3.91011831828499,-4.5380115837971
3.92353459874495,-2.03584228650479
3.93759190939347,-4.29862179536619
3.9459580965297,-3.40747401834395
3.95175031180853,-4.27515982179577
3.9660109004126,-4.54997064547357
3.98037478548301,-3.06962099050898
3.98212637882469,-3.7505145968361
3.99484309344014,-2.1876063461261
4.00941696714187,-3.40353317114884
4.01862617620732,-3.94619786949019
4.02409756618449,-4.34725383316274
4.03888606721032,-3.5328412417567
4.05378366422203,-3.72032032212448
4.05546052731382,-4.25462532258226
4.06879156890404,-4.20018185936911
4.08391101095101,-4.58696595378027
4.0926324986323,-4.56341145699699
4.09914323840373,-3.21863763215274
4.11448951799256,-4.19424319028181
4.12995113548852,-3.91786841467925
4.13014518475797,-3.91773682677322
4.1455293960625,-4.21767098406846
4.16122562465245,-2.69934142184528
4.16800170865087,-4.16259842628463
4.17704116633907,-4.07337051268363
4.19297738673,-3.77999928424421
4.20620522189575,-4.17802355397564
4.20903567235295,-3.84641791239224
4.22521743105781,-4.39459635605098
4.2415240924281,-3.64407797710376
4.2447589049645,-3.87379266821168
4.25795710820198,-3.43808544688139
4.27451795270312,-4.54066807615951
4.28366596748095,-4.58915779942518
4.29120812328158,-4.52921783770776
4.30802914076518,-3.96408894936556
4.32292964848799,-3.5356463596556
4.3249825499214,-4.34873645213961
4.34206991993032,-4.12976659561994
4.3592928448688,-3.36296767122153
4.36255321671732,-3.14568333085887
4.37665294420618,-4.01357902372601
4.39415186331193,-4.51837230501141
4.4025399708615,-4.42466945359902
4.41179127397549,-3.96021781609895
4.42957287493872,-4.29530303236342
4.44289323984861,-3.7024514496857
4.44749839244121,-1.99134374205025
4.46556958077896,-0.261363276688003
4.48361638311936,-4.36521632596075
4.48378822287672,-4.37384608626619
4.50215613087431,-4.37841815288434
4.52067514672757,-3.91399702287791
4.5247127909068,0.146555326402305
4.53934714282404,-3.43254045276925
4.55817402261409,-3.61239337004665
4.56618588451851,-3.79798427259434
4.57715772125772,-2.38371501015487
4.59630020628768,-4.39578414474826
4.60803911662149,-4.418642425976
4.61560347828922,-3.87695847919551
4.63506957159709,-2.03732793610786
4.65027597152954,-4.48483211182085
4.65470055501025,-3.6640364586975
4.6744985325248,-2.25926843266112
4.69289996549334,-3.94402540911128
4.69446564408569,-3.91697649282239
4.71460406635781,-3.58254913798399
4.73491601351698,-4.49989431550617
4.73591464699323,-4.47121617212034
4.75540373806151,-2.54626548348554
4.77606953164487,-3.86800312786605
4.77932359703456,-2.7130690763685
4.7969157259302,-3.72208484690353
4.81794469346732,-3.03295164136697
4.82313042944586,-4.49079254982795
4.83915884859286,-4.56520016013607
4.8605606483543,-4.41422337465966
4.86733879117965,-4.32098130453264
4.88215259345864,-1.99992642309692
4.90393722924646,-4.5526187082709
4.9119523626161,-2.56017277678959
4.92591714669219,-2.44714079749244
4.94809498343138,-4.5034257421282
4.95697485786938,-4.58879034384901
4.97047342481586,-4.21977391798279
4.99305520499766,-2.63839826637295
5.0024100250969,-1.88313115877625
5.01584310804261,-2.96521271719789
5.03883996907458,-3.09268092678187
5.04826164681132,-3.70909114577668
5.06204867545133,-3.03385333103026
5.08547216797303,0.373609660231777
5.09453354019545,-4.2055308144036
5.10911344212443,-3.35683175438433
5.13297554935194,-4.02364670389201
5.14122955742005,-4.10093078284464
5.15706159837655,-3.85514975761615
5.181374756544,-0.728675183381457
5.18835358596451,-4.06072850446324
5.2059182512132,-3.24029391748386
5.23069537118446,-2.58393778727353
5.23590954894051,-3.10447363988445
5.2557094681685,0.381269579694814
5.28096395829803,-3.44701811028975
5.28390140541858,-4.44208862439624
5.30646232368291,-3.82666601783271
5.33220811401076,-3.78827036217658
5.33233315075774,-3.80253359798829
5.35820494819427,-3.40223468243235
5.38120881693807,-4.50448922168678
5.38445651606701,-4.38071874174475
5.41096658012929,-4.18906883009285
5.43053247289643,-4.01437583928939
5.43773897734583,-3.74204652041036
5.46477762099716,-4.3292247977395
5.48030822486515,-4.5801056233872
5.49208650258644,-3.02305078731971
5.51966969380375,-4.39522823199215
5.53054021671393,-4.1614200350223
5.5475313485499,-4.17880600368372
5.57567570502185,-1.68136470986221
5.58123263029477,-3.08017772373867
5.60410708786189,1.0207811468106
5.63238968579013,-4.22742813103807
5.63282991037296,-4.22952159421041
5.66184867680242,-3.68972933264516
5.68401564206428,-4.52108833860436
5.69116798469678,-3.45760089695861
5.72079252732995,-4.52219316005531
5.73611479701783,-2.82801954459083
5.7507270962078,-2.54134991586469
5.78097658365169,-4.52152096437217
5.78869148794557,-4.58769034161671
5.811545985464,-1.64316794436584
5.84175009189749,-4.16807772453487
5.84244040367866,-4.17979371207619
5.87366504939994,-3.30738994571473
5.89529502604324,-4.26063422493454
5.90522524573266,-1.11139684828854
5.93712643080749,-3.34658095180683
5.94933074803981,-3.21197936484211
5.96937416090476,-2.47406259113953
6.00197411368064,-3.82905705951223
6.00386175640268,-4.27226984062438
6.03493209149966,-3.69844279379331
6.05889259088028,-4.39685048175025
6.06825402487758,-4.15175737846872
6.101945976039,-0.943772912915309
6.11442783283197,-4.3211264008381
6.13601414259407,-3.82386261012826
6.17046486133918,-2.98077503355379
6.17047210560941,-2.97930517679973
6.20530461218626,-4.56673632041671
6.22703007494145,-4.21538997723357
6.24054002222607,-3.43252415133859
6.27617786993069,-1.98142026614991
6.28410644932262,-3.01035725182087
6.31222508950074,-0.849056415297953
6.34170598040501,-0.710326405733698
6.34868877536342,-1.48297255732902
6.38557618682724,-4.29620154139289
6.39983346339396,-4.03695677299319
6.42289475290004,-4.00414857122112
6.45849373744719,-1.69918678945268
6.46065207727691,-2.74273348016155
6.49885594350508,-4.47815711249135
6.51769168607768,-3.81469536080644
6.53751432033321,-2.54505118875469
6.57663536725263,-3.7984004105102
6.57743223756025,-3.77412192421011
6.61622744023887,-3.12626894051485
6.63772036534182,-3.89564803143353
6.65629909770168,-4.1117102922585
6.69685910665277,-3.49001361041948
6.69856108845544,-3.63485794405872
6.73791644910026,-3.74451010970145
6.75995947193817,-0.886916821457449
6.77948032867987,0.0383882879043238
6.82156017753314,-2.54788404071835
6.82192062725272,-2.43885038323234
6.86416566344326,-1.92729291197216
6.88444971271298,-4.58454228538241
6.9073066972401,-0.354507717635927
6.94755193391347,-4.154375013156
6.95099344048621,-4.01194967837066
6.99523631345636,-3.50261899927725
7.01123254416271,-4.47340518624228
7.04004600342374,-3.94333504050033
7.07549684492052,-4.53732752131075
7.08543347326673,-3.49145443173413
7.13140997041072,-3.61548748245267
7.14035018623945,-3.46407098790289
7.17798703612039,-4.17731052564861
7.2057979672101,-2.92566939482649
7.22517651515845,-4.15761999572422
7.27184563641063,-4.41986969073869
7.27299056582795,-4.38633984460492
7.32144167041601,-0.640324841751836
7.33849869236037,-4.43108278950243
7.37054264605768,-3.65205276454432
7.40576268397755,-3.76575586610702
7.42030665604006,-2.29722436159742
7.47074722156732,-2.73524462082949
7.47364321104128,-2.75838728205375
7.52187823400893,-4.34453832878401
7.54214592465772,-4.05030245127247
7.57371396765434,-3.02976255003139
7.6112765277305,-4.49397906438341
7.62626909299864,-4.47446604694986
7.67955869058528,-3.33303872734703
7.6810407754356,-3.1542507860917
7.73359826543323,-2.85634799797603
7.75144447570034,-4.4547297811537
7.78840376207756,-4.18311967561354
7.822493489687,-4.41478153980515
7.84399158025416,-3.94278112825313
7.8941937322807,-3.84768705780854
7.90037859126092,-4.3886327405717
7.9575821550297,-3.80856953731339
7.96655117258186,-4.24818745007602
8.01562013794541,-0.941228527205256
8.03957183440309,-2.87815878815511
8.07451093145058,-2.06361989323907
8.11326179677073,-3.60804783832643
8.13427347147609,-4.47395500409246
8.1876271944309,-4.22089733849842
8.19492725874128,-4.21674873478585
8.25649237996906,-0.000551220867608393
8.26267421836022,0.79867424802225
8.31898953006454,-3.36558375068089
8.33840911628122,-4.30038763430187
8.38244003530862,-1.77254088463755
8.41483819318248,-3.84277710705331
8.44686587762122,-3.57353779664814
8.4919678118435,-3.85335151258514
8.51228971995195,-2.78471515827644
8.56980439336445,-2.46819634190118
8.57873493286003,-4.44756053936462
8.64622562234886,-4.39443352693817
8.64835441770066,-4.39412260463885
8.71478665902488,-4.59622405859872
8.72762442420216,-4.02785979333194
8.78444370865481,-2.71882731978795
8.80762101215803,3.73904610342285
8.85522326420017,-3.9972346093534
8.88835084134583,-3.44343357178193
8.92715267941311,-3.82866391503805
8.96982063258601,-4.5353850204892
9.00026020408289,-3.18837762640183
9.05203716830142,-4.59287596661707
9.07457502102868,-4.31018398839038
9.13500729308197,-4.36003052797364
9.15012728494017,-4.15643246621463
9.21873791425445,-3.41974899403354
9.22694816317484,-2.48511012096216
9.30323600245755,-3.67881851771782
9.30506987862765,-3.42542880779055
9.38452575479718,-4.01249032443602
9.3885085922222,-4.21823360122764
9.4653502631805,-3.7749296744698
9.47456278255714,-2.64714186178404
9.54757907313851,-3.56162465869741
9.56140573754,-3.30887626597573
9.63124910438324,-4.18174842871966
9.64904468691365,-3.52864647265452
9.71639858224933,-3.31598263900978
9.73748692668812,-1.78384451615298
9.80306709592368,-3.35002524326748
9.82673981974799,-0.771990409104349
9.89129565981937,-3.98451575588271
9.91681079646532,-3.83986639020125
9.9811267782941,-4.33688489922585
10.0077073553183,-4.53862070644326
10.0726045139274,-2.59402319976707
10.0994370635155,-4.52445187629596
10.1657745595872,-2.81980921381452
10.1920075576256,-3.49280534293129
10.2606843145333,-3.39235339615633
10.2854265442137,-4.48155030567662
10.3573829648242,-2.71858372154989
10.3797018004823,1.96858979119324
10.455921568314,-3.99617998600738
10.4748411749191,-3.16708217632166
10.5563531445473,-4.59629259274951
10.5708525879503,-4.01046786516381
10.6587327698854,-4.53814666786153
10.6677440326,-4.41377647999482
10.7631176782225,-1.7062910338673
10.7655235751555,-1.37831623016004
10.864199355839,-4.15390101328453
10.8695673676774,-4.21446949280127
10.9637795894854,-4.56990785064792
10.9781437136816,-3.9322420803446
11.0642725662256,-2.62268821420074
11.0889110889111,-2.96194182883491
11.1656866521775,-4.20959472036052
11.2019364905553,-4.25973642105336
11.2680302901418,-2.48993257824563
11.3172896754475,-4.16512714498615
11.3713120003051,-4.11362428462289
11.4350433036318,-2.16867479630261
11.4755403809494,-0.371964122298239
11.5552730909877,-3.75793160659967
11.5807241091676,-4.26312703867038
11.6780579715844,-3.31307303987674
11.6868719415861,-4.21086530755812
11.7939927150937,-0.704658942830152
11.8034802704972,-1.18432326982995
11.9020953475772,-3.77097451901253
11.9316258878822,-3.38553092372442
12.0111888386641,-4.35148235514092
12.0625844951717,-0.651762703451796
12.1212822704715,-1.52931744177588
12.1964497443341,-2.70943412314469
12.2323848083625,2.39093648611268
12.3333194912239,-3.98477864910686
12.3445057017087,-4.22973378918627
12.4576542846611,-3.04798938253495
12.4732960341411,-2.7022163547201
12.5718399769261,-4.5572627192885
12.6164863688216,-4.00882906296008
12.6870722845507,-3.59003816355616
12.7630024611956,-4.13413320466381
12.8033608007131,-2.6329816384073
12.9129615393745,-4.29227101058317
12.920715206522,-3.81130201391764
13.0391452718219,-3.95648174311825
13.0664864064665,-4.34008061700357
13.158660856007,-4.31738252037136
13.2237057759761,-4.20236507826999
13.2792719088417,-4.22775618893886
13.384754631711,-2.98998054073465
13.4009884712891,-2.1473556450994
13.5238206763467,-4.47319270246172
13.5497746143142,-3.45283709395582
13.6477787498901,-2.22462415859789
13.7189144367449,-3.17688821859517
13.7728730115245,-3.14541428800269
13.8923303312719,-4.18246355767312
13.8991138754435,-4.06555904943176
14.0265118512961,-2.59652751163728
14.0701865308021,-3.46155967192525
14.1550775450621,-3.80275722573006
14.2526557876625,-3.25113947438681
14.2848216599344,-1.36416199021673
14.4157549972104,-4.37960919535371
14.4399199332786,-4.36576176017846
14.5478884571914,-3.89370224844166
14.632170482562,-3.33439244763449
14.6812330400897,-4.22663457360616
14.8157998469444,-2.5645462265538
14.8296092872301,-3.4618915983377
14.9516000805459,-3.52602250918645
15.0324492427416,-4.49579117490683
15.0886450463682,-2.23420364670122
15.2269461535102,-4.485174392831
15.2409150540547,-4.4235802323673
15.3665149156456,-3.94187206690745
15.4552440659964,-4.48273561150504
15.5073629519813,-3.40590607312274
15.6495019882249,-4.4050293151748
15.6756871646949,-4.34937259131815
15.7929438575605,-4.14987985002623
15.9025097572729,-3.88121015243425
15.9377005016343,-3.58353161610259
16.0837839715482,-2.89162819113713
16.1359928378453,-1.40123614747219
16.2312064288638,2.83118324383596
16.3764341488218,-3.38606462420577
16.379980146614,-3.58862364049489
16.5301175103256,-2.21614127531618
16.624149447609,-4.51160643095116
16.6816310190495,-3.70927221882804
16.8345332864022,-4.45459973767632
16.8794738900391,-4.469275083079
16.988837041615,-2.47102399938908
17.1427635432746,-3.5185129522358
17.1445551305945,-3.60546611991529
17.3017005169915,-4.41418797817235
17.4143970425476,-3.50479192010224
17.4602862832804,-3.9998499013482
17.6203256318483,-3.58492710627385
17.6947774079446,-1.93177226152128
17.7818318860944,-2.11017619095029
17.9448184915386,-3.47686667171931
17.9843340395705,-4.33844507503548
18.1092990169413,-3.28732921194794
18.275287155433,-3.64167100333001
18.2835249118642,-3.93595804042266
18.442796725654,-1.23485591197684
18.5928389906503,-4.34470504616999
18.6118416729051,-4.50560948065291
18.7824360703082,-3.01447862229205
18.9127988997567,-4.39565053224882
18.9545941199783,-3.57230697924897
19.1283301542056,0.255170373098137
19.2439638677898,-3.48844315047276
19.3036586366489,-1.21244406268866
19.4805941635392,-2.76115103162502
19.5869329900169,-2.8242342592358
19.6591514648954,1.75986271647312
19.8393454057504,-0.539507963816364
19.9423488453799,-3.22192468820978
20.0211909873885,-4.585101002644
20.2047033485945,-4.45380812269863
20.3109015145844,-3.67302348061205
20.3898977669136,-3.2224639243232
20.5767896599239,-3.5584697444356
20.6933330521245,-3.16721368763328
20.7653945865194,-0.413373788783675
20.9557282482055,-1.83270189967831
21.0904424732224,-4.13972603329327
21.147806490406,-4.53318425859735
21.3416453037825,-4.56849823567225
21.503091326206,-4.46810058702201
21.5372608255656,-4.21063850800985
21.7346693408981,-3.85643174982195
21.9322099321038,-3.38129698712615
21.9338872841908,-3.40571682787035
22.134931240491,-2.17175383385526
22.3378179468629,-3.79990866519657
22.3788043865634,-3.09284912596761
22.542564293781,-4.03243388715052
22.7491873265363,-4.12730428562296
22.8439644350095,-4.41596385571362
22.9577042466556,-4.0226869636202
23.1681324133328,-4.30596676634068
23.3288723507963,-4.58871586192996
23.380489344875,-4.43308960160451
23.5947927201603,-3.80080137395677
23.8110603801096,-3.94682213400879
23.8348129686196,-3.90685674127625
24.0293103291723,-3.54098701012109
24.2495607368246,-3.82833492173538
24.3631850524577,-3.87799511433977
24.4718299390826,-4.39246622635958
24.6961364400285,-1.20695181144996
24.9155142098241,-2.87095628832063
24.9224989133513,-2.91581007605945
25.1509362039012,-4.00793440505399
25.3814673292586,-2.35995557912483
25.4934676034146,-3.92867837443774
25.6141114813172,-3.3855557062694
25.8488880278817,-3.80068996028067
26.0858165142806,-3.33768464532582
26.0988707589335,-3.45453761837129
26.3249166649927,-4.60031099918936
26.5662083852898,-3.97339375212616
26.7337268260262,-3.98175430691598
26.8097117628933,-4.32295437698585
27.0554470696469,-2.58539403667791
27.3034347632042,-2.51437818372577
27.4002387204346,-2.84147487367275
27.5536954887317,-4.60537769380037
27.8062500806274,-4.56086620554479
28.0611195642557,-3.8002878470912
28.1008346630662,-3.97159590091977
28.3183251576973,-0.855935251737181
28.5778882735159,-3.19732960239614
28.8381977399188,-4.20524707323048
28.8398305205409,-4.20151063148669
29.104173705666,-4.42225863835509
29.3709398356649,-4.38825616601574
29.6153002413099,-4.38960366899673
29.6401511190234,-4.39112926500437
29.9118299677881,-3.35861790379008
30.1859989994325,-3.38734146542871
30.4354437068925,-4.42637050700952
30.4626810387395,-4.45638664381645
30.741899119702,-2.83011827334897
31.0236764874403,-4.09896160637496
31.3023058140423,-3.94824678133117
31.3080366001372,-3.89862482192879
31.595003130991,-3.60947172926226
31.8845999701865,-4.59231247907062
32.1768512268835,-3.93290753225304
32.2199955140056,-3.72373828482941
32.4717812312243,-3.54139373728694
32.7694145363588,-4.21702084541559
33.0697759204888,-4.24484385536957
33.1931181595264,-4.59318168868114
33.3728903889309,-3.96265079982826
33.678783176198,-4.10232953083798
33.9874797481003,-4.34003173202248
34.2268528021075,-3.26093977876238
34.299005803865,-2.1350644881592
34.6133872782762,-0.970470887998177
34.9306503438337,-4.07175651566539
35.2508214129322,-3.73933971014103
35.3270443971803,-4.0465778062206
35.5739271400595,-3.5795712709693
35.8999944240164,-2.01485315563596
36.2290504101554,-4.19038417232329
36.5003143829972,-2.73421900191696
36.5611224926406,-2.77518835869265
36.8962383167287,-4.16367879819095
37.2344257810701,-4.4097627308141
37.5757130400317,-4.56659945181647
37.7541940515414,-4.3512841817678
37.9201285060405,-4.39516385365104
38.2677008519494,-3.71078551196448
38.6184590134238,-4.50933853002189
38.9724321913507,-0.313752918988174
39.0972863871781,0.264743346898824
39.3296498542699,-2.33970216992842
39.6901417408268,-2.6149815337615
40.0539378622486,-4.58666363335769
40.4210685048426,-3.72868977690851
40.5394637236544,-3.03052147249562
40.7915642325175,-2.1547917695514
41.165455889328,-3.32270965023159
41.5427746020423,-4.16894479290946
41.923551782734,-3.87608317258784
42.0921108222575,-3.66026378430704
42.3078191313964,-3.52904675734433
42.6956086385824,-4.07028276845958
43.0869525880671,-2.94790989319043
43.4818835595356,-2.58422499267025
43.7684260333913,-3.58723752111482
43.8804344312953,-4.01442870926278
44.2826383830133,-3.16714634292836
44.6885288984784,-2.90818114233278
45.0981397683885,-4.14375359250525
45.5115050931639,-4.13663166134805
45.5837974053449,-3.89581236807035
45.9286592857863,-3.4186545359245
46.3496370746634,-4.61009282797281
46.7744735065204,-3.66476259435544
47.2032039493174,-4.36511445493287
47.5562764417917,-4.48373566489758
47.6358640951939,-4.4086333877539
48.0724899634402,-4.44611350302657
48.5131179034962,-4.43706709053547
48.9577845979771,-3.48335280559152
49.4065270657277,-3.55784451554777
49.7071804236306,-4.06394378598853
49.859382664904,-4.30772644893429
50.3163890960834,-2.94313295186416
50.7775844054031,-0.812177141155788
51.243006987728,-2.82792383878805
51.7126955898463,-3.36291955546162
52.0618659268377,-1.70760903851621
52.1866893136959,-1.76563941433094
52.6650276196194,-4.2392829259334
53.147750329649,-1.10670816977879
53.6348976308221,-1.62238108904629
54.1265100785267,-4.41293462852869
54.6226285998776,-4.04821688306672
54.6507331274752,-4.05361002179294
55.1232944971238,-4.26533498845518
55.6285494510868,-3.91426029674338
56.1384355246306,-2.61399954778838
56.6529951661635,-3.47241082930768
57.1722712131719,-4.53435240511974
57.5105454317086,-3.876886228492
57.6963068957867,-3.68317419252358
58.2251458403818,-3.97212299837375
58.7588320732068,0.221379363532689
59.2974100240515,2.21638860567643
59.840924529945,-3.44493816998434
60.3894208388885,-3.99659099675105
60.6861863130533,-3.65289367686845
60.9429446136222,-3.89789817149514
61.5015419354266,-4.26473654391745
62.0652593079588,-3.34690236255764
62.6341436611242,-3.38168948442584
63.2082423549834,-3.48103941983024
63.7876031836947,-4.33974733587749
64.2330322269907,-3.95326624077549
64.3722743794933,-3.57776873883822
64.9623046167063,-3.58807527351385
65.5577430158056,-4.51959214566583
66.1586391474963,-1.19427060369955
66.7650430368442,-0.41069653022217
67.3770051674399,-3.34119490271419
67.9945764856023,-3.99799162432586
68.2202092980378,-3.47166068291094
68.6178084046191,-2.81443002858654
69.2467528090274,-3.91369343729636
69.8814620589333,-4.14841750867433
70.5219889943707,-2.44704501974147
71.1683869397001,-2.72536481170428
71.8207097080484,-3.69163039819941
72.4790116057883,-3.19280856120517
72.7351432066211,-2.80011845968605
73.1433474370597,-2.85868311484441
73.8137725083322,-3.98689423485823
74.4903426330094,-4.60939703762202
75.173114136075,-4.48364556477734
75.8621438587825,-4.42714645693147
76.557489163387,-3.75589423911228
77.2592079379205,-2.86434744332488
77.8900438392867,-3.2239773035748
77.9673586010114,-3.3600071459633
78.6820001067477,-4.44505380454942
79.4031919495851,-4.20494570698438
80.1309941693,-3.09029680431863
80.8654673559876,-1.93645828238155
81.6066726551062,-2.68631240556712
82.3546717725679,-4.00447516804147
83.1095269798753,-4.29578317012053
83.8313577643751,-3.81691250385595
83.8713011193055,-3.79422069110209
84.6400576091423,-3.9553198009522
85.4158604489556,-4.56117614374975
86.1987742249292,-4.35117742320043
86.9888641152379,-3.75693004603713
87.7861958954734,-3.49271726426704
88.5908359441205,-3.58903608495823
89.4028512480829,-4.03893359681772
90.22230940826,-3.99311358154248
90.7539040530798,-3.29782263532829
91.0492786451747,-2.7422165613697
91.8838278046526,-1.23446692194872
92.7260263635542,-1.46896768186551
93.575944435558,-3.34240281232613
94.4336527769979,-4.4816386741106
95.2992227927539,-4.42697127048851
96.1727265421965,-4.12546959505485
97.0542367451853,-4.24127676285198
97.9438267881238,-4.56889560145535
98.8415707300678,-4.49181952544595
98.9226442745674,-4.4542792958043
99.7475433088922,-3.82966023927159
100.661819947512,-2.97814467573537
101.58447676016,-2.89298238339095
102.515590558729,-3.97296715435735
103.455238859157,-4.51636794204987
104.40349988789,-2.36927009074341
105.36045258839,0.809058277450132
106.326176627704,2.05448478311527
107.300752403103,0.983532146054271
108.284261048771,-1.47003056323681
108.707372494631,-2.57857870581094
109.27678444256,-3.75300133341753
110.278405212807,-4.54090678934947
111.289206745212,-4.42741075395387
112.309273189781,-4.05727112892319
113.338689467832,-3.59578337597245
114.377541279062,-3.33629295055104
115.425915108684,-3.60877160608536
116.483898234628,-3.99701687125767
117.551578734803,-3.15393493987225
118.629045494432,-0.870904956712168
119.716388213455,1.3680860424673
120.640252939433,2.36525367154374
120.813697413988,2.42942525261529
121.921064447869,1.58998377469382
123.038581504255,-1.15336023347092
124.166341617302,-3.67334250757674
125.304438673908,-4.59655191445191
126.452967421529,-4.28055598979572
127.612023476069,-3.46273256987476
128.781703329835,-2.97785395191724
129.962104359577,-3.38294216954287
131.15332483459,-4.03657450298343
132.355463924896,-4.38414822804711
133.568621709498,-4.38757358158873
134.792899184718,-4.19605268210202
135.515926111819,-4.08814856807246
136.028398272597,-4.02964423257893
137.275221829387,-3.9432992823761
138.533473654109,-3.94076221765383
139.803258497196,-3.88267221409123
141.084682069213,-3.53841871607179
142.377851049661,-3.04739223796045
143.682873095852,-2.77113477934748
144.999856851878,-2.60753798105228
146.328911957649,-2.32892561306901
147.670149058027,-2.0352763207172
149.023679812034,-1.80647465601104
150.389616902147,-1.46270596022842
151.76807404368,-1.1605400812712
153.159165994253,-1.51003373184361
154.563008563341,-2.40370484878682
154.576093806266,-2.41222261859187
155.979718621919,-3.19628923263176
157.409414112191,-3.72218985047008
158.852214057408,-4.07471234485277
160.308238571775,-4.31283133189268
161.777608870455,-4.43894617296914
163.260447279657,-4.41150681654452
164.75687724682,-4.20577697608482
166.267023350892,-3.93616907054499
167.791011312698,-3.78206984875109
169.328968005411,-3.79297905531857
170.881021465108,-3.92365742692519
172.447300901436,-4.11626753527324
174.027936708364,-4.29484375789716
175.623060475041,-4.35643600691825
177.232804996747,-4.25596804216579
178.857304285955,-4.10563777075706
179.875368909012,-4.05560288326589
180.496693583481,-4.05195031467005
182.151109369746,-4.14192884949253
183.820689376139,-4.34357781528931
185.505572596482,-4.55078170820858
187.205899298599,-4.52929856186577
188.921811035998,-4.02211620738675
190.653450659652,-3.11420291174764
192.400962329894,-2.24678495743004
194.164491528417,-1.74327193492323
195.944185070383,-1.64237487056622
197.740191116652,-1.86807024139822
199.552659186108,-2.39492551677356
201.381740168115,-3.18808502506929
203.227586335074,-4.01593674582952
205.090351355098,-4.48955985476616
206.970190304811,-4.39565672272929
208.867259682252,-3.87815403866515
210.781717419908,-3.25662333896034
212.713722897861,-2.78430107801691
214.663436957054,-2.55175855563496
215.076702666098,-2.53264429744044
216.631021912683,-2.54461311919252
218.616641567712,-2.73345916857792
220.620461226507,-3.08966794777015
222.642647708596,-3.54818350639781
224.683369362561,-3.99534616177695
226.742796080053,-4.32506922174272
228.821099309931,-4.50693904926848
230.918452072539,-4.57932029728178
233.03502897411,-4.58893801790347
235.171006221301,-4.55924696928483
237.326561635863,-4.49766489674781
239.501874669445,-4.40952538889727
241.69712641853,-4.30466917132222
243.912499639519,-4.19729628728774
246.148178763937,-4.10145995940499
248.404349913793,-4.02586496387565
250.681200917073,-3.97259668242592
252.978921323378,-3.94045411207478
255.297702419698,-3.92915269112339
257.637737246348,-3.94076794437652
259.999220613027,-3.97783535979286
262.382349115046,-4.03982460822246
264.787321149686,-4.12025583495321
267.214336932723,-4.2076409020294
267.408047305601,-4.21454758826624
269.663598515087,-4.29270623925814
272.135309799694,-4.3753506593682
274.629676558411,-4.45960356198813
277.14690644919,-4.54029741956285
279.687209033359,-4.59754464844858
282.250795793065,-4.60816151586923
284.837880148879,-4.56703279375646
287.448677477567,-4.49484615625042
290.083405130016,-4.42098371644218
292.742282449332,-4.36243718719712
295.4255307891,-4.31927197094919
298.133373531811,-4.28546875626583
300.866036107458,-4.26450939345355
303.623746012305,-4.27338254356229
306.406732827825,-4.32491518948095
309.215228239814,-4.40897618551461
312.049466057677,-4.49318555081274
314.909682233896,-4.53370973711466
317.79611488367,-4.48789683060383
320.709004304739,-4.33047716309702
323.648592997392,-4.06450932750877
326.615125684651,-3.71290493774788
329.608849332645,-3.29639757674343
332.630013171175,-2.8197996146852
335.678868714457,-2.27856306553761
338.755669782063,-1.68078239279814
341.86067252005,-1.06978570807652
344.994135422288,-0.525991400662948
348.156319351977,-0.132357217081138
351.347487563363,0.07450829589399
353.394049318875,0.117294622867375
354.567905723658,0.116509165421659
357.817841935154,0.0446096653115244
361.097566757544,-0.0925252243695542
364.407353230443,-0.262719520383287
367.747476896126,-0.452621579386603
371.118215822459,-0.663496618671589
374.519850626053,-0.90414937962217
377.952664495627,-1.18685502489652
381.416943215577,-1.52629738856891
384.912975189775,-1.93593439905553
388.441051465576,-2.41764179634052
392.001465758046,-2.94629685065198
395.594514474416,-3.4628096209419
399.22049673876,-3.89432626293658
402.879714416894,-4.19313620781671
406.572472141506,-4.35650426799927
410.299077337522,-4.41421834223556
414.059840247693,-4.40594358922809
417.855073958429,-4.36694668512595
421.685094425857,-4.32378353767089
425.550220502132,-4.29466583776915
429.450773961976,-4.29033406545349
433.387079529468,-4.3143302120981
437.359464905079,-4.36350527798712
441.368260792948,-4.42955516964983
445.413800928422,-4.50098983320814
449.496422105832,-4.56436172122702
453.616464206536,-4.60448711727017
457.77427022721,-4.60472948901347
461.970186308408,-4.54887679704237
466.204561763375,-4.42523591099294
470.477749107128,-4.23128557348523
474.790104085805,-3.97543908990267
479.141985706279,-3.67388884619064
483.533756266044,-3.34468764870567
487.965781383384,-3.00341936192743
492.438430027802,-2.66273208984311
496.952074550741,-2.33467078707324
501.507090716584,-2.03326956151617
506.103857733936,-1.77519932306385
510.742758287189,-1.57746756774074
515.424178568388,-1.45291958712838
520.148508309376,-1.40599696988559
520.887152967052,-1.40545496824646
524.916140814242,-1.43145247056376
529.727472992063,-1.51683002858224
534.58290538995,-1.6470951961409
539.482842226386,-1.80889460292141
544.427691424889,-1.99285689074915
549.417864647961,-2.19364774838468
554.453777331367,-2.40825894590759
559.535848718714,-2.63332898847708
564.664501896361,-2.86270053082157
569.840163828633,-3.08669844915622
575.063265393372,-3.29397468827969
580.334241417806,-3.47491885020074
585.653530714748,-3.62435755496617
591.021576119127,-3.74206896201739
596.438824524859,-3.83148271082595
601.905726922044,-3.89782238341056
607.422738434517,-3.94661828129901
612.990318357735,-3.9828433558906
618.608930197014,-4.01052008740405
624.279041706117,-4.03257163823278
630.001124926193,-4.05077484528565
635.775656225076,-4.06579258086353
641.603116336945,-4.07733534773664
647.483990402342,-4.08448183508867
653.418768008561,-4.08609625581752
659.407943230407,-4.08120417702233
665.452014671331,-4.06921554883562
671.551485504935,-4.04998118907204
677.706863516863,-4.02375869575738
683.918661147072,-3.99118752992226
690.187395532503,-3.95333548430588
696.513588550118,-3.91185777776926
702.897766860358,-3.86921828419983
709.340461950983,-3.82890901257051
715.842210181322,-3.79547933495175
722.403552826922,-3.77413440195684
729.025036124611,-3.76971574824771
735.707211317972,-3.78522760647687
742.450634703236,-3.82054800631895
749.255867675594,-3.87216497819887
756.12347677593,-3.93421291877937
763.054033737991,-4.00020385707021
770.04811553598,-4.06452109069935
777.106304432595,-4.12315928779444
784.229188027497,-4.17375757160753
791.417359306228,-4.21525247670709
798.671416689584,-4.24744385719825
805.991964083429,-4.27063236444238
813.379610928971,-4.28537593172493
820.834972253498,-4.29235338505899
828.358668721581,-4.29230799419961
835.951326686748,-4.28603436094747
843.613578243618,-4.27438781008132
851.346061280537,-4.2582889257366
859.149419532669,-4.23872083202261
867.024302635601,-4.21669689769797
874.971366179414,-4.19322099075262
882.991271763269,-4.16923133863023
891.08468705048,-4.1455520981929
899.252285824104,-4.12286086171693
907.494748043029,-4.10167181677375
915.812759898581,-4.08234326816094
924.207013871653,-4.06509915688665
932.678208790352,-4.0500587814901
941.227049888179,-4.03726986908632
949.854248862741,-4.02673798589118
958.560523934992,-4.01844951177142
967.34659990904,-4.01238766989869
976.213208232474,-4.00854105720723
985.161087057266,-4.00690529079489
990.196255113627,-4.00695388291163
994.190981301219,-4.00747974787598
1003.30364270998,-4.01025982128627
1012.49982991963,-4.01522762248513
1021.78030851984,-4.02234171106775
1031.1458511176,-4.03152786256979
1040.59723740154,-4.04267194550633
1050.13525420684,-4.05561581741594
1059.76069558076,-4.07015672456831
1069.47436284869,-4.08605024103255
1079.27706468093,-4.10301648817287
1089.16961715994,-4.1207487185965
1099.15284384833,-4.13892437903573
1109.22757585743,-4.15721488561948
1119.39465191642,-4.17529867694319
1129.65491844221,-4.1928703018979
1140.00922960991,-4.20964940707265
1150.45844742388,-4.22538760881852
1161.00344178955,-4.23987352332543
1171.64509058583,-4.25293534482327
1182.38427973817,-4.26444202867887
1193.22190329235,-4.27430271755864
1204.15886348886,-4.28246466776798
1215.19607083806,-4.28891057881489
1226.33444419598,-4.2936548143127
1237.57491084076,-4.29673956400168
1248.91840654992,-4.29823069898694
1260.3658756782,-4.29821354670057
1271.91827123623,-4.29678879600621
1283.57655496982,-4.29406854941684
1295.34169744009,-4.29017257333843
1307.21467810421,-4.28522477223501
1319.19648539694,-4.27934990198364
1331.28811681299,-4.27267054565309
1343.49057898997,-4.26530438097947
1355.80488779226,-4.25736178945638
1368.23206839556,-4.24894386855138
1380.77315537221,-4.24014092164154
1393.42919277736,-4.23103150001012
1406.20123423588,-4.22168206096117
1419.09034303005,-4.21214728022838
1432.09759218811,-4.20247102080046
1445.22406457356,-4.19268791703675
1458.47085297534,-4.18282548252174
1471.83906019878,-4.1729066118489
1485.32979915744,-4.16295231232195
1498.94419296571,-4.15298448566844
1512.68337503237,-4.14302857975631
1526.5484891549,-4.13311594318006
1540.54068961473,-4.12328574452735
1554.66114127333,-4.11358635133442
1568.91101966917,-4.10407610115218
1583.29151111561,-4.09482343584605
1597.80381279961,-4.08590639982791
1612.44913288149,-4.07741153952199
1627.22869059541,-4.06943224996403
1642.14371635094,-4.06206666462529
1657.19545183545,-4.0554151400718
1672.38515011752,-4.04957752283619
1687.71407575122,-4.0446501463351
1703.18350488142,-4.04072299076862
1718.79472535001,-4.03787670626909
1734.54903680311,-4.03618001528636
1750.44775079928,-4.03568743306787
1766.49219091871,-4.03643740162599
1782.68369287339,-4.03845098524747
1799.02360461833,-4.04173115821576
1815.51328646376,-4.04626271609649
1832.15411118841,-4.05201280392387
1848.94746415373,-4.05893202048853
1865.8947434193,-4.06695602802708
1882.99735985916,-4.07600757100889
1900.25673727932,-4.0859987920289
1917.67431253622,-4.09683372358265
1935.25153565642,-4.1084108365985
1952.98986995728,-4.12062553514258
1970.8907921688,-4.13337250071172
1988.95579255653,-4.14654781329947
2007.18637504566,-4.16005079134485
2025.58405734623,-4.17378552193733
2044.15037107946,-4.18766206728626
2062.88686190526,-4.2015973538216
2081.79508965092,-4.21551576195347
2100.87662844097,-4.22934944806477
2120.1330668282,-4.24303843029262
2139.56600792593,-4.25653048151307
2159.17706954149,-4.26978086380368
2178.96788431084,-4.28275194415412
2198.94009983456,-4.29541272499782
2219.09537881498,-4.30773831809214
2239.43539919459,-4.3197093894714
2259.96185429575,-4.33131159280535
2280.67645296166,-4.34253501140833
2301.5809196986,-4.35337361969121
2322.67699481953,-4.36382477079101
2343.96643458894,-4.37388872162345
2365.45101136911,-4.38356819413886
2387.13251376758,-4.39286797730424
2409.01274678613,-4.40179456825789
2431.09353197101,-4.41035585399342
2453.37670756458,-4.41856082844149
2475.86412865839,-4.42641934702638
2498.55766734754,-4.43394191052895
2521.45921288661,-4.44113948176906
2544.57067184691,-4.44802332711734
2567.89396827518,-4.45460488216165
2591.43104385383,-4.46089563957745
2615.18385806251,-4.46690705476985
2639.15438834131,-4.47265046977728
2663.34463025532,-4.47813704882387
2687.75659766081,-4.48337772901837
2712.39232287288,-4.48838318011539
2737.25385683461,-4.49316377441622
2762.34326928785,-4.49772956362264
2787.66264894552,-4.5020902626986
2813.21410366547,-4.50625524003718
2838.99976062597,-4.51023351072999
2865.02176650283,-4.5140337350131
2891.28228764807,-4.5176642189883
2917.78351027032,-4.52113291886784
2944.52764061675,-4.5244474461405
2971.51690515681,-4.52761507520163
2998.75355076756,-4.53064275205966
3026.23984492073,-4.53353710388174
3053.97807587146,-4.5363045184042
3081.97055284885,-4.53895080824006
3110.21960624815,-4.54148197256203
3138.72758782483,-4.54390323121422
3167.4968708903,-4.54621999671397
3196.52985050952,-4.54843700928635
3225.82894370042,-4.55055915696616
3255.39658963506,-4.55259073222541
3285.23524984274,-4.55453615253205
3315.3474084149,-4.55639929463828
3345.73557221192,-4.55818415530107
3376.40227107184,-4.55989422974963
3407.35005802097,-4.56153313685931
3438.5815094864,-4.56310402444078
3470.0992255105,-4.56461017177694
3501.90582996743,-4.56605441096744
3534.00397078148,-4.5674397165291
3566.39632014759,-4.568768635201
3599.08557475381,-4.5700438669376
3632.07445600575,-4.57126770213532
3665.36571025317,-4.57244259287521
3698.96210901864,-4.57357059893397
3732.86644922821,-4.57465394906646
3767.08155344433,-4.57569449657146
3801.61027010077,-4.57669426859374
3836.45547373977,-4.57765493231736
3871.62006525138,-4.57857833388985
3907.10697211492,-4.57946597349681
3942.91914864272,-4.58031953347441
3979.05957622603,-4.58114036523895
4015.53126358331,-4.58193000228946
4052.3372470106,-4.58268966292772
4089.48059063437,-4.58342074543416
4126.96438666658,-4.58412435070383
4164.79175566211,-4.58480175647341
4202.96584677857,-4.58545395023876
4241.48983803844,-4.58608218090612
4280.36693659365,-4.58668713625096
4319.6003789926,-4.587270010754
4359.19343144959,-4.58783179498053
4399.14939011671,-4.58837306408097
4439.47158135831,-4.58889487175699
4480.16336202785,-4.5893980831311
4521.2281197474,-4.58988318205999
4562.66927318969,-4.59035109773348
4604.49027236262,-4.59080258703185
4646.6945988966,-4.59123805691056
4689.28576633433,-4.59165832850235
4732.26732042326,-4.59206406533983
4775.64283941091,-4.59245560991931
4819.4159343426,-4.59283368882663
4863.59024936221,-4.59319888530772
4908.16946201549,-4.59355148669485
4953.15728355621,-4.5938921374495
4998.55745925516,-4.59422134956211
5044.37376871195,-4.59453936843588
5090.61002616959,-4.59484676378148
5137.27008083215,-4.59514398800408
5184.35781718509,-4.59543124495949
5231.87715531874,-4.59570904288714
5279.8320512546,-4.59597784543391
5328.22649727465,-4.59623767145749
5377.06452225383,-4.59648906240202
5426.35019199531,-4.59673233101413
5476.08760956905,-4.59696787279668
5526.28091565337,-4.59719569057663
5576.93428887965,-4.59741625040104
5628.05194618022,-4.59762981663428
5679.63814313943,-4.59783672651261
5731.69717434788,-4.59803697439807
5784.23337376003,-4.59823096045253
5837.25111505491,-4.59841890877752
5890.75481200033,-4.59860110885515
5944.74891882028,-4.5987775463959
5999.2379305657,-4.59894856743066
6054.22638348879,-4.59911436245423
6109.71885542062,-4.59927523222857
6165.71996615219,-4.59943103899312
6222.23437781911,-4.59958214880717
6279.26679528965,-4.59972872402827
6336.82196655651,-4.59987092072262
6394.90468313202,-4.60000898778182
6453.51978044704,-4.6001428059918
6512.67213825359,-4.60027267986144
6572.36668103097,-4.60039874283612
6632.60837839588,-4.60052112329257
6693.402245516,-4.60064002866548
6754.75334352757,-4.60075535424423
6816.66677995676,-4.60086735504777
6879.14770914485,-4.60097614118891
6942.20133267727,-4.60108181867955
7005.83289981677,-4.60118459938823
7070.04770794029,-4.60128430636994
7134.85110298007,-4.60138120073973
7200.24847986867,-4.60147537370048
7266.24528298804,-4.60156691312383
7332.84700662289,-4.60165590368453
7400.05919541801,-4.60174251665396
7467.88744483984,-4.60182660606776
7536.33740164242,-4.60190838350528
7605.41476433733,-4.60198792206885
7675.12528366823,-4.60206529225175
7745.47476308955,-4.60214056204106
7816.46905924959,-4.60221390022574
7888.11408247822,-4.6022851213402
7960.41579727876,-4.60235443269127
8033.38022282466,-4.60242189317191
8107.01343346056,-4.6024875596211
8181.3215592079,-4.60255148690274
8256.31078627541,-4.60261372798161
8331.98735757399,-4.60267444368495
8408.35757323646,-4.60273342635574
8485.42779114211,-4.60279087170008
8563.2044274459,-4.60284682577273
8641.69395711272,-4.60290133306424
8720.90291445637,-4.60295443655977
8800.83789368351,-4.60300617779538
8881.50554944274,-4.60305659691235
8962.91259737854,-4.60310583557336
9045.0658146903,-4.60315369450498
9127.97204069667,-4.60320034443444
9211.63817740478,-4.60324582041321
9296.07119008494,-4.60329015633741
9381.27810785051,-4.60333338499058
9467.26602424298,-4.60337553808401
9554.04209782262,-4.60341664629581
9641.61355276437,-4.60345673930826
9729.9876794593,-4.6034959803815
9819.17183512153,-4.60353409911986
9909.17344440067,-4.60357128659959
10000,-4.63099210247575
