"V1","V2"
15110.97566,-8.82761460334235
15171.9037270001,-8.07849457970706
15188.7847449998,7.88622760406012
15231.7590390001,-8.50337196341447
15255.709942,5.60073250930191
15255.7105669999,10.2598982199129
15260.7145489999,10.836988792793
15261.7205670001,9.52478508949659
15426.1442010002,-13.6908539724436
15427.147477,-7.67176375131783
15434.1467940002,9.04937079750613
15435.1457179999,9.18769895652689
15436.1439350001,-5.71301776991266
15437.1485529998,9.07299708959246
15438.1501389998,-9.92045002497952
15439.1476389999,-4.24625114409387
15439.1481599999,-9.26627593147231
15439.1486920002,-4.74725901148142
15440.1501270002,-18.1261175048357
15441.1484949999,-7.40502661531145
15456.0133560002,8.57807575596041
15465.0704399999,0.784070180950952
15469.1245949999,11.5626326580239
15486.9994910001,-7.03992167523878
15500.9818750001,3.82099919645679
15521.888206,-9.31408413731502
15542.9469790002,1.65194045807131
15613.7048379998,21.0345731554478
15791.138299,12.235571061426
15792.1340049999,-8.92433457340585
15793.1378589999,-9.58224286721769
15795.139641,-7.54842262390232
15797.1372219999,-3.06288304308027
15798.1408099998,-2.50950460407411
15807.1097110002,-6.37832306545834
15809.1346530002,8.6495269681139
15870.9851500001,5.70666541130158
15902.8967940002,-0.851669225586377
15902.898542,0.269998606214393
15902.8995019998,-1.76793898905453
15960.6989239999,-4.54297658432682
16138.1307870001,-16.9670794124485
16149.13228,4.57200321659604
16149.132801,-9.95177915419253
16149.1333329999,-5.51708685604754
16173.1296179998,-10.4247653579349
16202.9935070002,12.5301953131275
16202.994225,12.3020330727611
16202.9949770002,9.34858928486423
16327.7014930001,20.3944046979483
16343.7037729998,5.15684746960001
16530.1163659999,-5.26855854692358
16532.1207409999,0.446610794880606
16587.961875,-3.55812952095612
16613.905243,-7.47598658251394
16637.8106129998,0.791243640684334
16638.7869099998,7.6197387266355
16674.8042009999,5.1549775574796
16708.783727,-6.77824949679894
16884.1306250002,-5.04485583584649
16889.146042,2.1821816630579
16890.1462039999,4.19653242888879
16894.1388190002,-2.67853234470917
16896.1099769999,-3.29440566368734
16911.0197689999,-6.74424413943597
16911.0203129998,-5.78107651860858
16911.0208680001,6.99744275921343
17234.1393519999,-1.56881236072788
17241.1373840002,-5.86793900507283
17241.1379169999,-8.20571724154887
17241.1384609998,-3.67874172584599
17243.1432059999,-1.67974345304901
17245.1453820001,-3.12791778477883
17246.1423960002,-9.17280130870391
17247.1466669999,-9.84277408680319
17254.1481710002,5.20828467560002
17255.1516320002,-0.740156820256982
17256.1507870001,-0.71230492417731
17291.0432870002,9.57573073929595
17326.9781129998,6.04165984423657
17353.8766899998,-10.5945329114643
17378.7861810001,3.42979938877544
17384.7780670002,10.8062135797891
17401.7489470001,17.7981815618016
17672.9905090001,3.88908914708467
17678.9750689999,-5.11741938013165
17703.9552199999,-1.46315421476356
17703.9557409999,-3.32587403882492
17703.9562960002,-0.953093688152973
17712.9878699998,0.494140668287783
17789.7497220002,2.7098619482478
17790.7369329999,2.60476181701575
17803.7051499998,9.80729666857529
17804.7083450002,13.7263804287263
17806.793356,-0.612172741240523
17828.7575929998,1.11075068933202
17829.7219099998,-8.15853229680736
17830.7230210002,1.81584579842308
18000.1515279999,-1.90204999622218
18001.1496299999,3.69679699286485
18003.1490620002,-8.47215695968121
18029.934225,3.69128178706989
18065.898947,2.48319148126251
18091.904873,-9.04688802862922
