"V1","V2"
1.1,-4.46541534293798
1.1,-4.46541626886537
1.10110208304486,-3.9850472997351
1.10220637664453,-1.17499674970381
1.10331288745657,1.01598231646787
1.10442162216531,-4.58103756914906
1.10553258748197,-3.13113502672363
1.10664579014479,-4.16978248979038
1.1077612369192,-4.59970914917793
1.10887893459792,-2.42919068955885
1.10999889000111,-0.394712843000294
1.11008249696303,-1.00308859627333
1.11112110997652,-2.92098561200007
1.11224560139962,-3.86745526434979
1.11337237117373,-4.41109263641127
1.11450142623018,-2.96969110340453
1.11563277352846,-2.45013080249518
1.11676642005631,-0.543601939167475
1.11790237282993,-2.88743347313133
1.1190406388941,-4.31979480695802
1.1201812253223,-4.10661384167216
1.12025740914879,-4.32689952440572
1.12132413921689,-3.64234803620039
1.12246938770924,-4.0162225474559
1.1236169779599,-3.77553167532156
1.12476691715871,2.34427659372321
1.12591921252499,-4.12568492959181
1.12707387130767,-4.30984537241389
1.12823090078545,-2.73853296879386
1.12939030826693,-1.17341126396323
1.13052558362656,-4.42201300191945
1.1305521010908,-4.35607470124771
1.13171628662599,-0.897567460510375
1.13288287227179,-3.55266819354316
1.13405186545804,-0.670523438561789
1.13522327364529,-4.36157357306863
1.13639710432492,-3.93225501747551
1.13757336501934,-2.26549048784116
1.13875206328216,0.474763861217836
1.13993320669829,-4.18486506351027
1.14088787522978,-4.42442665638581
1.14111680288418,-4.60155501508237
1.1423028594879,-3.45989627785119
1.1434913841894,-4.28868451005795
1.14468238470059,-3.63566323972523
1.14587586876557,-2.72595013974004
1.14707184416073,-4.55037231973975
1.14827031869501,-3.95529135904181
1.14947130020999,-4.36381960760431
1.15067479658009,-4.32183073521711
1.1513451466272,-2.80740810450883
1.15188081571275,-3.96997423399213
1.1530893655486,-3.74076752041813
1.15430045406161,-2.96342169397596
1.15551408925932,-4.18068071397235
1.15673027918294,-4.1731021012964
1.15794903190761,-4.18667204740641
1.15917035554252,-3.88384792904444
1.16039425823109,-3.14150398872985
1.1616207481512,-3.82358374689594
1.16189826839471,-3.4088323138258
1.16284983351533,-4.59019664293518
1.16408152257075,-4.47639774797389
1.16531582359971,-3.1513130026631
1.16655274491963,-3.17180057875484
1.16779229488327,-3.95043813006149
1.16903448187895,-1.39048811698953
1.1702793143307,-2.92921037259791
1.17152680069847,-4.35890836451839
1.17254811908784,-2.86778589417188
1.17277694947834,-4.10253419736435
1.17402976920267,-2.55717230840205
1.17528526844033,-4.09842211125337
1.17654345579689,-1.54245726804473
1.17780433991478,-2.99996078917676
1.17906792947356,-3.80879705950795
1.18033423319005,-4.52491411543693
1.18160325981856,-4.25927794194198
1.18287501815109,-4.61098641561265
1.18329558531484,0.526073698305622
1.18414951701754,-1.46809218650586
1.18542676528589,-2.08251059913911
1.18670677186244,-3.91236861324691
1.187989545692,-4.08000332608711
1.18927509575807,-2.84287001623383
1.19056343108312,-3.22734710788197
1.19185456072871,-3.96013818594
1.19314849379579,-4.46762138876719
1.19414156181057,-4.34049530840665
1.19444523942486,-3.86241484768007
1.19574480679619,-4.59820414751127
1.19704720513007,-4.18272266806159
1.19835244368698,-4.26587349003435
1.19966053176785,-3.80039664498159
1.20097147871425,-4.22623811371577
1.20228529390865,-3.85139022577121
1.2036019867746,-3.12047431776509
1.20492156677698,-4.42645180043221
1.20508695151092,-4.56626356355631
1.20624404342224,-2.85257870833434
1.20756942625859,-4.03234919884912
1.20889772487626,-3.49525522549223
1.21022894890773,-3.62202043999608
1.21156310802795,-4.27453369377864
1.21290021195456,-2.48755724829445
1.21424027044818,-3.25474797421745
1.21558329331259,-3.52504340837558
1.216132665628,-4.56049852788883
1.21692929039501,-4.18419731810295
1.2182782715863,-4.58048560009442
1.21963024682124,-2.65462945587174
1.22098522607877,-3.75881056961154
1.22234321938219,-3.64532968354612
1.22370423679948,-3.94925936739881
1.22506828844348,-3.22431912092097
1.2264353844722,-4.27879471357241
1.22727962372603,-4.56931522492207
1.22780553508903,-4.24584679772059
1.22917875054299,-4.32534476821573
1.23055504112903,-3.36295342990965
1.23193441718824,-3.29999950542057
1.23331688910815,-3.17193403761005
1.23470246732294,-3.46239573062664
1.23609116231376,-4.51636345705393
1.23748298460896,-4.51640168333077
1.23852875379785,-4.27551467905792
1.23887794478435,-4.22574767271644
1.24027605346349,-1.0335971436833
1.24167732131796,-3.61117006718112
1.24308175906759,-4.254129478865
1.2444893774808,-1.84505866748001
1.24590018737482,-4.54064692725163
1.24731419961599,-4.24526621941115
1.24873142512005,-4.57365566389316
1.2498809923422,-2.38770693557845
1.25015187485239,-3.67278615237322
1.25157555982836,-3.71168169606384
1.25300249111354,-3.77575897897415
1.25443267982402,-4.55773817439493
1.25586613712673,-3.54269426112219
1.25730287423968,-4.41673151806495
1.25874290243227,-2.87495801504181
1.2601862330256,-3.1342021285636
1.26133728444169,-2.7146402654802
1.26163287739275,-2.7277284589924
1.26308284695908,-3.80490397611246
1.26453615320254,-4.36437900339203
1.26599280765397,-4.37001528747285
1.26745282189738,-4.46662071028564
1.26891620757031,-2.02619931047772
1.27038297636408,-3.50417597995843
1.27185314002416,-4.29050278394257
1.27289858384145,-4.07279046030678
1.27332671035042,-4.22983146954519
1.27480369919751,-4.10033323069402
1.27628411847512,-3.96242740431129
1.27776798014835,-2.75276273363838
1.279255296238,-2.89771135757153
1.28074607882088,-4.14646429607038
1.28224034003021,-4.51579227223798
1.28373809205586,-2.12434064163515
1.28456585302856,-2.93015357316748
1.28523934714473,-3.77730063148928
1.28674411760108,-2.30068697390502
1.28825241578687,-3.35117786630903
1.28976425412208,-4.18744568409304
1.29127964508505,-4.20613596393881
1.29279860121286,-1.95721860211066
1.29432113510162,-4.43517440498388
1.29584725940687,-3.79293291539867
1.29634006331217,-3.58856981741158
1.2973769868439,-3.6858550016789
1.29891033018811,-4.35539681319696
1.30044730227539,-2.42493560326025
1.30198791600241,-3.43393761377897
1.30353218432707,-4.17263147204923
1.30508012026879,-3.05686465190647
1.30663173690893,-4.51745332317236
1.30818704739112,-4.30262706081331
1.30822219490435,-4.3389051188793
1.30974606492164,-4.62003092865601
1.31130880276981,-3.77703775095077
1.31287527426836,-3.89673406705751
1.31444549281377,-3.98229665362462
1.31601947186674,-2.31351661291134
1.31759722495248,-2.30160543708516
1.31917876566115,-4.13858041587199
1.3202132370017,-4.18873898198339
1.32076410764825,-4.40496578671363
1.32235326463498,-4.42074241858089
1.32394625040868,-3.86851420051605
1.32554307882319,-4.18723362053422
1.32714376379928,-2.66817931536585
1.32874831932503,-4.38876874518761
1.33035675945626,-3.65145500175052
1.33196909831692,-4.21999115642373
1.33231418786772,-4.26624889744389
1.33358535009953,-4.49264342876475
1.33520552906556,-4.4436649164214
1.33682964954589,-1.56174438587502
1.3384577259412,-4.50694638179644
1.34008977272241,-2.96800945739764
1.3417258044311,-3.76603712282591
1.34336583567997,-4.06737155685428
1.34452605491588,-4.46480326678111
1.34500988115322,-2.63463549819548
1.34665795560705,-1.59833038678434
1.34831007387007,-4.38272782959214
1.34996625084373,-4.32185273840153
1.3516265015028,-4.15199473327178
1.35329084089582,-3.46973408430407
1.35495928414551,-4.04272149924404
1.35663184644928,-1.24838498177636
1.35684985479351,-1.47236117785516
1.35830854307967,-3.56665562431712
1.35998938938481,-4.18046360703491
1.36167440078892,-4.04830282023042
1.36336359279271,-2.66674299529663
1.36505698097395,-3.37750832879837
1.36675458098786,-3.2507859164119
1.36845640856766,-3.49180609746239
1.36928661346646,-3.67477478063805
1.37016247952502,-4.23924141283365
1.37187280975057,-4.42261443982901
1.37358741521435,-3.94701802290123
1.37530631196638,-2.17130241765713
1.37702951613709,-4.3822530206518
1.37875704393787,-2.81982377650704
1.38048891166156,-4.4921439966071
1.38183736630445,-4.18791317635837
1.38222513568296,-4.45129407986022
1.38396573245936,-2.77439985141834
1.38571071853105,-2.01385506710736
1.38746011052182,-3.45087237229083
1.38921392513956,-4.18902668106134
1.39097217917671,-3.82027999926513
1.39273488951084,-4.46474923244037
1.39450207310518,-4.44910138989465
1.39450315816732,-4.45015908247044
1.39627374700918,-3.87271394313339
1.39804992835901,-3.47344535965934
1.39983063437818,-3.97344617019971
1.40161588237804,-3.94004752341559
1.40340568975838,-3.7711351040995
1.40520007400797,-4.22939535055795
1.40699905270514,-3.44028958223712
1.40728504349201,-0.438254068708575
1.40880264351836,-4.55902379578694
1.41061086420679,-3.77866955236485
1.4124237326209,-4.52868169514469
1.41424126670305,-4.58253382762442
1.41606348448805,-4.28766044861706
1.4178904041038,-4.49285542802559
1.41972204377186,-4.41265061621479
1.4201840863803,-1.29438066669039
1.42155842180807,-4.48299680360665
1.42339955662315,-4.12922633339841
1.42524546672334,-4.57337098327869
1.42709617071099,-3.46945596987152
1.42895168728519,-4.13595050845331
1.43081203524243,-4.47056844193074
1.43267723347719,-3.96911481760887
1.43320136068746,-4.36745353044896
1.43454730098261,-4.56617840988415
1.43642225685112,-3.73427537472591
1.43830212027512,-4.32158742720671
1.44018691054758,-2.80163563306755
1.44207664706275,-3.33136191482916
1.44397134931679,-4.40366644456592
1.44587103690847,-2.15551512878469
1.44633795011158,-1.8014344844643
1.44777572953984,-2.75839065533629
1.44968544701689,-4.47169184632307
1.45160020925024,-4.51970145231772
1.45352003625586,-0.86466519734549
1.45544494815575,-4.19383960121539
1.45737496517863,-4.52659444452579
1.45931010766067,-0.108730744104749
1.45959494828386,-1.62281683450991
1.4612503960462,-4.51518021548768
1.4631958508884,-4.14461132753624
1.46514649285008,-1.69341671015028
1.46710234270437,-4.22592294937735
1.46906342133548,-4.18062645542963
1.47102974973941,-3.09727977136109
1.47297345885961,-4.43533519550383
1.47300134902474,-4.44118374339914
1.47497824041337,-4.51957855510725
1.47696044524128,-3.43273495141895
1.47894798495928,-3.87518667000777
1.48094088113382,-3.72705634919609
1.48293915544773,-3.84893223950545
1.48494282970106,-3.55473731501499
1.48647459561013,-3.24452099039624
1.4869519258118,-3.76465611232564
1.48896646581676,-4.28102783439212
1.4909864718723,-3.21771355875879
1.49301196625519,-4.29533339239024
1.49504297136342,-2.6329812119661
1.49707950971702,-3.50507090543718
1.49912160395889,-4.32117828432033
1.50009948251546,-3.74298367536906
1.50116927685566,-4.60761868037449
1.50322255129848,-3.24790223456145
1.50528145030395,-3.40172733566843
1.50734599701494,-2.82033497617934
1.50941621470143,-4.42412595745023
1.51149212676144,-4.47562185786083
1.51357375672188,-4.03349108307836
1.51384925385791,-3.98395800474796
1.51566112823944,-4.52776177446251
1.51775426510149,-2.28179054292215
1.51985319122699,-3.48311449673619
1.52195793066739,-3.21723109361025
1.52406850760754,-3.08296342137678
1.52618494636666,-3.9651471382048
1.52772505431655,-4.26186396993083
1.52830727139922,-4.53859107820776
1.53043550729592,-4.26297978511653
1.53256967878461,-1.80748569122929
1.53470981073127,-4.2909290619335
1.53685592814099,-3.61478057295901
1.53900805615888,-4.03052921532051
1.54116622007113,-4.4096682719285
1.54172803906245,-3.25872645902874
1.54333044530596,-3.9454650809939
1.54550075743461,-3.92616069734871
1.54767718217237,-4.40050149112725
1.54985974537958,-4.52711659336294
1.55204847306268,-3.65394899379678
1.5542433913752,-4.00926979881516
1.55585937385487,-4.25651591668006
1.55644452661885,-4.09191743961137
1.55865190524452,-4.32469520755567
1.56086555385338,-2.39456053673249
1.56308549919793,-1.93918430069826
1.5653117681831,-3.47064582917599
1.56754438786728,-3.89259346337238
1.5697833854635,-3.22776266245134
1.57012023513831,-4.05345504267425
1.57202878834047,-4.40288234124589
1.5742806240237,-3.3480959647072
1.57653892019666,-3.36536783555548
1.5788037047019,-3.87054065909533
1.58107500554218,-4.11615033483494
1.58335285088163,-4.61984239840226
1.58451181014047,-3.09796088364343
1.58563726904693,-4.56593629310314
1.58792828852846,-2.66396852394152
1.59022593798151,-2.61631478818552
1.59253024622744,-2.93700378211023
1.59484124225492,-3.59044421963293
1.59715895522114,-2.93895067960259
1.59903529697103,-3.87294467237777
1.59948341445301,-3.79630661663882
1.60181464944843,-1.2364846001918
1.60415268987751,-3.12771575358372
1.60649756558385,-4.28395571685596
1.6088493065858,-3.87412909035428
1.61120794307775,-3.98447610077048
1.6135735054314,-4.28586893815461
1.61369190472147,-4.32538820498874
1.61594602419708,-3.72256832737364
1.61832553010507,-2.41771182774457
1.62071205406692,-3.170169458299
1.62310562717679,-4.53930596066559
1.62550628071279,-3.8721725373284
1.62791404613837,-3.51621055202199
1.62848285356567,-3.4776634606674
1.63032895510364,-3.58235177505921
1.63275103944684,-2.31142402052487
1.63518033119567,-4.39906329909363
1.6376168625687,-4.27276181245557
1.64006066597686,-3.51703529232279
1.64251177402482,-4.233404664299
1.6434093748615,-4.47258051336437
1.64497021951244,-4.065145594977
1.64743603543626,-1.45319275091035
1.64990925499098,-3.75373652581303
1.6523899115709,-3.92780557256194
1.65487803877149,-1.72462880156186
1.65737367039086,-3.94593113794181
1.65847271125337,-3.12139610296637
1.65987684043131,-4.10636536724005
1.66238758310085,-2.67532728086778
1.6649059328148,-2.76683192773996
1.66743192419732,0.824786006518847
1.66996559208304,-1.93957872793234
1.67250697151862,-2.77782735458485
1.67367411677562,-4.60887786818549
1.67505609776438,-4.02853072878523
1.67761300629594,1.14892872955929
1.68017773280587,-2.72871793359954
1.68275031320533,-3.47833776951293
1.68533078362575,-3.5269139102825
1.68791918042054,-1.29468846239004
1.68901485695697,-4.5937289573084
1.69051554016679,-4.50069229575596
1.69311989966697,-2.94133872306154
1.6957322959507,-3.77013553110166
1.69835276627649,-4.49885349512809
1.70098134813352,-1.17420216631533
1.7036180792434,-3.29528278221457
1.70449620892586,-4.27018919746198
1.70626299756203,-3.9505523095489
1.70891614128135,-1.29070762139398
1.71157754883124,-2.30680002731592
1.71424725888135,-3.72312966297742
1.71692531034296,1.58831651557577
1.7196117423709,-2.29265150024409
1.72011946151676,-3.86542932248122
1.72230659436542,-3.18296485763031
1.72500990597417,-4.18772192616777
1.72772171709408,-3.28987912334415
1.73044206787339,-4.47769975210511
1.73317099871357,-1.37422086497677
1.73588591537747,-1.78986565912473
1.73590855027135,-1.92842017832439
1.73865476346076,-4.61814611579942
1.74140967945511,-1.15007867154501
1.74417333968912,-4.27700519473538
1.74694578586092,-0.951624960614739
1.74969150782796,3.9101479235081
1.75179688307743,-4.23252608623986
1.75251720414036,-2.12198795436788
1.75531626098053,-3.69640064369767
1.75812427322784,-3.90385856754458
1.76094128392955,-3.07093397611212
1.76376733640926,-1.683254707972
1.76660247426912,-3.05775898040875
1.76785368921695,-3.71602886885668
1.7694467413921,-4.54946698886434
1.77230018194422,-4.04385907506847
1.77516284037685,-3.9691437212928
1.77803476142904,-3.11342792206008
1.78091599012981,-1.00292025041083
1.78380657180054,-3.66749356649032
1.7840576705375,-3.18627284279663
1.7867065520573,-4.28087107366437
1.78961597681333,-3.83911870195274
1.79253489228136,-4.26121613544442
1.79546334497615,-3.29130422756137
1.79840138171691,-1.95166294364177
1.80041017603301,-4.4862779946985
1.80134904962978,-3.48519115619686
1.80430639615042,-4.39198251839369
1.80727346902648,-3.09366251987277
1.8102503163202,-4.24339810589581
1.81323698641102,-2.10945383674428
1.81623352799818,-4.17760124907673
1.81691256706215,-3.26997469614591
1.81923999010336,-4.60954000229848
1.82225642207339,-3.38918717078369
1.82528287358291,-3.42188047991383
1.82831939463711,-4.25254950238949
1.8313660355745,-3.46137132284409
1.83356621746169,-4.3098956276007
1.83442284706967,-3.52494786280042
1.8374898801361,-3.94872574878107
1.84056718612903,-3.75958334628464
1.84365481674828,-4.46752787711515
1.84675282404118,-4.52541180762305
1.84986126040547,-4.31869016024425
1.85037251366084,-2.1762298266352
1.85298017859229,-3.69880065966319
1.8561096317091,-4.61102977219989
1.85924967322279,-2.76820683000963
1.86240035696261,-2.14639634849297
1.86556173712336,-4.41255754337638
1.86733285479671,-2.37065639419328
1.8687338682684,-3.55974740662961
1.87191680533285,-3.61683138192237
1.87511060362675,-3.8516170029873
1.87831531883826,-2.097084195203
1.88153100703687,-1.73781882572118
1.88444865283075,-3.82741456114948
1.88475772467671,-4.40613545639033
1.88799552859984,-3.62240256659337
1.89124447603957,-3.01184223156079
1.89450462462388,-3.03606035060213
1.89777603237877,-2.84881878944086
1.90105875773171,-3.15927822146105
1.90172133266634,-3.21055473966502
1.90435285951519,-1.65282997177835
1.90765839697012,-2.56953046837575
1.91097542974949,-3.42616341930781
1.91430401792189,-4.23214386180311
1.91764422197515,-4.37937224839433
1.91915233226737,-3.34425906800121
1.92099610282002,-3.16914669536132
1.92435972179387,-2.34378166202592
1.92773514066441,-4.11547484461809
1.93112242163349,-4.15552559645764
1.93452162734093,-3.94421238608393
1.93674310277798,-3.65035997049509
1.93793282086835,-4.18901122293667
1.94135606574309,-3.88305094768848
1.94479142594217,-1.02969435718356
1.94823896589625,-4.4346346692598
1.95169875049365,-4.45569095433686
1.95449510864336,-3.59831092274126
1.95517084508448,-2.66821779695866
1.95865531548467,-3.49680934078995
1.9621522279802,-4.31782764716465
1.96566164933126,-3.81555318273078
1.96918364677652,-4.448812172218
1.97240982773168,-4.09429496145376
1.97271828803741,-3.84674621538116
1.97626564132248,-3.48185209970953
1.97982577533177,-3.52124369448862
1.98339875926125,-1.25080188976929
1.98698466280731,-2.85878070651822
1.99048875145709,-4.27495859098807
1.99058355617128,-4.48906673487696
1.994195510064,-4.46981028262602
1.99782059571051,-4.25039227882198
2.00145888485465,-2.52046254934331
2.00511044976385,-3.87967954997871
2.00873338490391,-4.12766074110547
2.0087753632339,-4.12103838374904
2.01245369859377,-4.0123757781308
2.01614552971055,-4.589182976704
2.01985093099431,-3.67044899417849
2.02356997740319,-2.89088300189522
2.02714524695194,-4.2596082409606
2.02730274444841,-4.35685070047853
2.03104930819936,-4.41276651311486
2.03480974528882,-3.88551986955818
2.03858413291814,-4.53560699360642
2.04237254886254,-3.23846854978425
2.04572587040285,-0.476086631744268
2.04617507147648,-0.000694393685792605
2.04999177969899,-4.6223697181658
2.05382275305922,-3.85347961045827
2.0576680716819,-2.5154419216149
2.06152781629294,-4.06432113659034
2.06447680210787,-4.0110835443094
2.06540206822511,-3.34440504210565
2.0692909094237,-3.2713757586935
2.07319442245235,-4.46805187581825
2.07711269049887,-3.7723269276942
2.08104579738113,-1.98074573384557
2.0833996030965,-1.00321512600013
2.08499382755308,-4.08226660179733
2.08895686611076,-3.63830791590468
2.09293499879841,-4.42764555659639
2.09692831201469,-3.7125929742866
2.10093689281892,-2.32954118049574
2.1024958487065,-4.46403440281259
2.10496082893737,-1.94532683225842
2.10900020876972,-3.8061138855214
2.11305512139549,-4.43560318794735
2.1171256565806,-4.48007577297247
2.12121190478401,-2.11263222485039
2.12176712871501,-1.5421185763889
2.12531395716439,-1.71577114501756
2.12943190558693,-3.58439572805921
2.13356584263017,0.392562591383664
2.13771586159297,-4.21626840308343
2.14121504747093,-3.65423687407562
2.14188205650148,-4.44473362702681
2.14606452211631,-2.47380436384245
2.15026335393965,-2.09129350705891
2.15447864822257,-3.20232530954886
2.15871050197239,-3.42597931484201
2.16084122402849,-2.43531138049545
2.16295901296006,-1.26720193308771
2.16722427972778,-4.45001781257841
2.17150640159653,-3.50252372553334
2.17580547867384,-4.18620507089671
2.18012161186158,-3.18126329104027
2.18064729228199,-3.73891491687655
2.18445490286382,-4.0910986980696
2.18880545419486,-2.70807385875489
2.1931733691873,-4.00785447313288
2.19755875200021,-2.87764177001489
2.20063490110187,-1.27848481039772
2.20196170762742,-2.68357731398956
2.2063823419059,-4.17309796786125
2.21082076152424,-3.78581753958506
2.21527707403124,1.21122549227644
2.21975138784456,-3.08116787700303
2.22080571447196,-4.4639778825842
2.22424381225958,-2.83170743934235
2.22875445745821,-3.45422562761448
2.233283434518,-3.92153908214002
2.23783085542118,-2.43302955369339
2.24116141162799,-1.52133257641586
2.24239683306391,-3.81293854204384
2.24698148126565,-3.6522919015666
2.25158491477857,-4.22592317700654
2.25620724929717,-2.3974097980213
2.26084860146794,-2.9842833653041
2.26170368719744,-4.25608851353647
2.26550908889921,-1.95558418758813
2.27018883017102,-2.75438427590373
2.27488794484524,-4.31987493344528
2.27960655347574,-3.79462543633972
2.28243425134056,-4.44293979488609
2.28434477761865,-3.25790124364855
2.28910273984288,-3.10855261018279
2.29388056374062,-2.31343119279748
2.29867837393806,-3.98688586037324
2.30335482989279,-4.24339219942354
2.30349629610624,-4.27067717375346
2.30833445697204,-4.50268275401615
2.31319298432923,-2.9646842927215
2.31807200704978,-2.85489551831879
2.32297165509522,-2.79907351502524
2.3244671645084,-0.665351933827965
2.3278920595282,-2.47191918978339
2.33283335252417,-2.52191780376811
2.33779566738323,-4.5578873215699
2.34277913854206,-3.87237278993351
2.3457730128055,-4.45921844196792
2.34778390158613,-3.766062261327
2.35281009326198,-4.20529932692696
2.35785785148963,-3.33827476277688
2.36292731537526,-3.29074242059235
2.36727414851237,-4.47784131124942
2.36801862522394,-4.47106743806475
2.37313192255259,-4.18441979319332
2.3782673501031,-2.98520923386886
2.3834250518556,-3.44661330344698
2.38860517304194,-1.53155444679087
2.38897236161513,-0.732169292220336
2.39380786015928,-0.53233330351472
2.39903326098393,-2.85099213354229
2.40428152458535,-4.43869791924979
2.4095528013403,-3.38931530141858
2.41086945850671,-2.80357212518445
2.41484724294722,-4.03080533809893
2.42016500244076,-3.48375790136444
2.42550623420657,0.156025862592939
2.43087109399618,-4.0374821569886
2.4329672621373,-4.593291072624
2.43625973894221,-2.74715469033484
2.44167232757364,-3.33174348144755
2.44710901983141,-1.07181413134592
2.45256997708413,-2.45014266431881
2.45526761216607,-0.669131666913275
2.4580553621441,-2.17538566841015
2.46356533928344,-3.61933978990325
2.46910007425051,-2.86845337188939
2.47465973428654,-3.19518152721949
2.47777236511433,-3.42908572594061
2.48024448814245,-2.57809272169757
2.48585450609596,-3.99211867694689
2.49148995996884,-3.12215394547153
2.49715102314452,-4.02565535832858
2.50048339452009,-4.5339085895574
2.50283787058582,-3.0703087176889
2.50855067885299,-1.76375882843527
2.514289626122,-3.81923076637665
2.52005489220304,-4.2071917379686
2.52340259109404,-3.19153217520378
2.52584665855932,0.259712096074024
2.53166510832608,-3.95436842302783
2.53751042632993,-4.23881159137025
2.54338279910838,-1.00867029902034
2.54653186287695,-1.85885246620589
2.54928241492974,-4.0672905572217
2.55520946381316,-3.91966561258025
2.56116413754913,0.359831039168652
2.56714662972007,-3.99991050374408
2.56987313539851,-2.79402709706901
2.57315713572136,-3.03251378773743
2.57919585278263,-3.95724397994749
2.58526297998928,-3.27050895957777
2.59135871830441,-4.34173316129236
2.59342835183762,-3.02598996256879
2.59748327059096,-2.9368439864962
2.60363684163427,-3.29903243807925
2.60981963816486,-4.33217051963661
2.6160318688816,-3.32612441391066
2.61719947318419,-4.00467632429778
2.62227374447519,-3.18244700575602
2.62854547765197,-4.51285386984623
2.63484728315811,-3.8408299692774
2.64117937780409,-1.6415106698793
2.64118847840239,-1.63184634240074
2.64754198048958,-3.4109604182755
2.65393531222864,-4.17097732756364
2.66035959617538,-3.18591222303948
2.66539736459536,-4.20471145446746
2.66681505764983,-4.22708331196432
2.67330192416435,-3.25268247816419
2.67982042545033,-0.325860791733449
2.68637079348534,-4.59099659982846
2.68982814717154,-2.98046791715299
2.6929532625206,-4.61702085977882
2.69956806910894,-3.39622748902926
2.70621545213315,-4.26499073289225
2.71289565283468,-3.32415113344448
2.71448286001238,-3.74024692556768
2.71960891484288,-3.4799013124003
2.72635548420461,-3.86274561255058
2.73313560941426,-3.9667617963527
2.73936355564171,-4.3712037228008
2.7399495414443,-4.61485247729385
2.74679753377625,-4.25059684671143
2.75367984243208,-4.16761212803462
2.76059672600614,-3.98760211070956
2.7644723053966,-3.23425750479029
2.76754844569755,-2.13602281454686
2.77453526534306,-4.57426920335897
2.78155745145045,-4.24160514467045
2.7886152732324,-4.13188304324885
2.78981119959982,-4.18900555333946
2.79570900264093,-4.38354223656748
2.80283891440226,-4.03531463970765
2.81000528605235,-4.23891586748155
2.8153823477338,-3.88548103701041
2.81720839797287,-4.34064057004403
2.82444853342778,-3.94869418773092
2.83172597860046,-4.50164362229455
2.83904102263141,-4.3637574459315
2.84118787861634,-3.45033592279109
2.84639395765657,-2.26502627047936
2.85378507884617,-3.95736304104978
2.86121468444427,-3.16539895460173
2.86722994057774,-4.58863226387106
2.86868307580884,-4.53519632402785
2.87619055745253,-4.17196231700015
2.88373743708406,-4.51534632572813
2.89132402565025,-4.19667005283915
2.89351070163972,-1.92503765257615
2.89895063737871,-3.97890389855056
2.90661758982127,-3.20020990120926
2.91432520389801,-3.92335193259945
2.92003234969587,-4.49826668078575
2.92207380394207,-4.19728439135841
2.92986371774511,-4.48295960865508
2.93769527660357,-4.00473891210109
2.94556881536562,-3.51929593740872
2.94679709269382,-3.30517406462573
2.95348467247887,-4.03091481578784
2.9614431900389,-4.42548961766383
2.96944471383851,-4.11118504402745
2.97380715881904,-2.3033122927022
2.97748959341782,-3.67650607553682
2.98557818211516,-4.61244220445613
2.99371083711881,-4.14453622394049
3.00106479668034,-1.89176730031696
3.00188791951958,-3.65379916732835
3.01010979436422,-3.94276617199947
3.01837683070982,-4.35359556984852
3.02668940167895,-4.52772101050712
3.02857227549704,-3.77450885651726
3.03504788451584,-4.53272860402004
3.04345266064343,-3.83729996870355
3.05190411572141,-4.20232366159846
3.05633188528796,-4.19192946686312
3.0604026397052,-4.28946889424609
3.06894862690592,-2.8587083026159
3.07754247605138,-4.46009882977373
3.08434593706198,-4.4840087216605
3.08618459034811,-4.04367590997268
3.09487537754438,-3.81049925285183
3.10361524999439,-3.14869999095439
3.11240462472342,-4.45441715286981
3.11261676301048,-4.37909419434371
3.12124392349422,-2.78242058499481
3.13013357287443,-3.62854465431005
3.13907400430524,-4.03919526763215
3.1411467167015,-4.46918068907056
3.14806565417114,-2.09336930318281
3.15710896387097,-3.5463486610569
3.16620437989013,-3.54666412639259
3.16993817327565,-4.04843202536748
3.17535235387405,-3.66932128350604
3.18455334270298,-4.32027485599204
3.193807808568,-3.56669053965735
3.19899352964387,-3.89109706745845
3.2031162190485,-2.739960218628
3.21247904719082,-1.61891744156643
3.22189677158848,-3.22982944083222
3.22831520468694,-4.6205030433521
3.23136987646369,-3.45264649710524
3.24089885175034,-3.24590430428001
3.25048419317845,-4.61318584039899
3.25790563945689,-3.95816826482761
3.26012640236018,-3.79084842313429
3.26982598687732,-3.5643590773569
3.27958346037032,-4.15464810869472
3.28776729738021,-3.80151929656657
3.289399342629,-2.95473449417219
3.29927415968487,-4.05192533703567
3.30920844390503,-4.54983632618249
3.31790266446292,-4.55509761141323
3.31920273408792,-4.5779975596769
3.32925757556065,-1.69589573908141
3.33937352027829,-4.04151996933914
3.34831424949753,-1.22833874453542
3.34955112692476,-1.55989069493316
3.35979096101579,-4.40479409298664
3.37009359500357,-4.576005195254
3.37900458427191,-3.85520312928455
3.38045960838349,-4.18378740127472
3.3908895878028,-3.34724439033377
3.40138412717122,-3.87567464843059
3.40997622378007,-3.38151608674306
3.41194382777375,-4.16833282141548
3.42256929838544,-0.785035486597993
3.43326115538845,-4.29823645836407
3.44123174643485,-4.09058522895558
3.44402002289119,-4.43212313197918
3.45484653284977,-3.62982765545931
3.46574132519175,-1.02162780746946
3.47277375428258,-4.5978127994533
3.47670504794224,-4.26076392510632
3.48773835735236,-0.70789769299259
3.49884191803018,-4.43693181815073
3.5046048732197,-4.51665577097853
3.5100164030742,-4.53868275108923
3.52126249420934,-2.8289648390651
3.53258088192558,-1.44637015942036
3.53672775321138,-4.49298736183815
3.54397226561932,-3.89108329677217
3.55543735373739,-2.50078827392767
3.56697686392394,-2.74557579768217
3.56914506851211,-3.10352203681046
3.57859152317022,-3.84947834409124
3.59028206796719,-4.08499018712163
3.60185951788837,-3.55110184935947
3.60204924446124,-3.74261547859462
3.61389380861294,-4.08750165631196
3.62581652635889,-4.11919444471963
3.63487382484324,-2.87098960788197
3.63781817377688,-4.36460559715695
3.64989953725425,-3.81771412645853
3.66206141365968,-4.14393980079459
3.66819073784321,-3.61798084041695
3.67430461051836,-3.21855210302621
3.68662994619077,-3.72566190586625
3.69903825005499,-4.54427612364148
3.70181303054695,-3.4432474152529
3.71153036269275,-3.21512425024261
3.72410713607926,-4.48400354456388
3.73574350203621,-4.17647436586313
3.73676943377691,-4.12594901452897
3.74951813113289,-3.84755892772759
3.76235411548096,-2.75762279510431
3.76998497704887,-3.60496775227759
3.77527828634729,-3.83720011831284
3.7882915556606,-3.16387524341875
3.8013948479667,-4.34713582122888
3.8045403062141,-4.42587575150029
3.81458910064736,-3.92664507342815
3.82787526414395,-4.09510365339034
3.83941236628966,-2.612406121173
3.8412543021856,-3.51214947669249
3.85472719202224,-4.6100375832423
3.86829492466259,-4.59634027122743
3.87460406040141,-4.49287757726202
3.8819585051171,-4.51268935511055
3.89571895264612,-3.66530200689508
3.90957730101341,-4.55137246843012
3.91011831828499,-4.50013941248844
3.92353459874495,-1.76425996438101
3.93759190939347,-4.06905418465559
3.9459580965297,-3.39483524270159
3.95175031180853,-4.47631333895046
3.9660109004126,-4.52128385389384
3.98037478548301,-3.65481410750496
3.98212637882469,-3.86406664814652
3.99484309344014,-2.56321657784994
4.00941696714187,-3.07585614746481
4.01862617620732,-3.72465367776764
4.02409756618449,-4.56493577938514
4.03888606721032,-3.21038485104319
4.05378366422203,-3.75969714717357
4.05546052731382,-4.22934095586922
4.06879156890404,-4.35800139576807
4.08391101095101,-4.60107074588731
4.0926324986323,-4.59112637847702
4.09914323840373,-2.57436281962194
4.11448951799256,-4.20054868376835
4.12995113548852,-3.75894423216553
4.13014518475797,-3.76995945687216
4.1455293960625,-4.45239707075987
4.16122562465245,-2.65998488552103
4.16800170865087,-4.2549964917441
4.17704116633907,-4.29700107599339
4.19297738673,-3.88321587503751
4.20620522189575,-4.06311482613043
4.20903567235295,-3.82239863302229
4.22521743105781,-4.1736334539273
4.2415240924281,-3.32118778443274
4.2447589049645,-4.16033878130415
4.25795710820198,-3.33286541446725
4.27451795270312,-4.60454024501641
4.28366596748095,-4.62132537695894
4.29120812328158,-4.43710788588592
4.30802914076518,-3.67314410909435
4.32292964848799,-3.43398158271921
4.3249825499214,-4.12883333189538
4.34206991993032,-4.13167511967308
4.3592928448688,-3.69987092923324
4.36255321671732,-3.23023326003355
4.37665294420618,-4.01385226940212
4.39415186331193,-4.49583652999181
4.4025399708615,-4.5442812829501
4.41179127397549,-4.20471652155962
4.42957287493872,-4.19740377877545
4.44289323984861,-3.80351730239497
4.44749839244121,-2.24429872282744
4.46556958077896,-0.551962142705607
4.48361638311936,-4.45125497536842
4.48378822287672,-4.45499591113256
4.50215613087431,-4.57201255927933
4.52067514672757,-3.39881377375011
4.5247127909068,-0.773913690191678
4.53934714282404,-3.40837374067914
4.55817402261409,-3.67356191987565
4.56618588451851,-3.92927415866891
4.57715772125772,-2.27493478938422
4.59630020628768,-4.52597818621328
4.60803911662149,-4.14894406964319
4.61560347828922,-4.06411685569148
4.63506957159709,-0.986404523446739
4.65027597152954,-4.40841228436588
4.65470055501025,-3.76720291209344
4.6744985325248,-2.38934396154642
4.69289996549334,-3.47408326391812
4.69446564408569,-3.52021801364262
4.71460406635781,-3.98711878584189
4.73491601351698,-4.46658848163358
4.73591464699323,-4.41547918214983
4.75540373806151,-1.86494193612353
4.77606953164487,-4.01360649406408
4.77932359703456,-2.96086763458365
4.7969157259302,-3.76631993218806
4.81794469346732,-2.74702642279746
4.82313042944586,-4.56202504799339
4.83915884859286,-4.6186643095966
4.8605606483543,-4.37593209574155
4.86733879117965,-4.34168413253284
4.88215259345864,-2.0473278354842
4.90393722924646,-4.49426442896422
4.9119523626161,-2.63141165915758
4.92591714669219,-2.82387885402287
4.94809498343138,-4.51185173678781
4.95697485786938,-4.52526970087618
4.97047342481586,-4.51948457227482
4.99305520499766,-2.35415584511529
5.0024100250969,-1.06924094847986
5.01584310804261,-1.95540234770178
5.03883996907458,-2.98276243073545
5.04826164681132,-3.68591252674665
5.06204867545133,-3.41676151064931
5.08547216797303,0.52463380408116
5.09453354019545,-4.13250392171781
5.10911344212443,-3.9732246517377
5.13297554935194,-3.66769191720241
5.14122955742005,-4.05491866928296
5.15706159837655,-3.98058081864056
5.181374756544,-0.0294376510995296
5.18835358596451,-4.26704437241986
5.2059182512132,-3.26730525019738
5.23069537118446,-2.56795566025326
5.23590954894051,-2.95703212279526
5.2557094681685,-1.08602598630844
5.28096395829803,-3.25463024209151
5.28390140541858,-4.22797250495026
5.30646232368291,-3.94905716816081
5.33220811401076,-3.35845802053425
5.33233315075774,-3.38200723157829
5.35820494819427,-4.04405462199671
5.38120881693807,-4.56637355697066
5.38445651606701,-4.39336362514533
5.41096658012929,-4.38871337987874
5.43053247289643,-4.12227713486655
5.43773897734583,-3.28920509238472
5.46477762099716,-4.37296845345426
5.48030822486515,-4.58776958227557
5.49208650258644,-3.3459599084367
5.51966969380375,-4.18287771989751
5.53054021671393,-3.91426880826921
5.5475313485499,-4.24893387368079
5.57567570502185,-1.88889566744192
5.58123263029477,-3.67981991758674
5.60410708786189,1.61742459212056
5.63238968579013,-4.19169868222977
5.63282991037296,-4.19981841225891
5.66184867680242,-3.39870432617917
5.68401564206428,-4.61437750616042
5.69116798469678,-3.81370170298308
5.72079252732995,-4.56316816423575
5.73611479701783,-3.2294154261522
5.7507270962078,-2.50126853468655
5.78097658365169,-4.41959869853574
5.78869148794557,-4.56060588018485
5.811545985464,-1.62471159841422
5.84175009189749,-3.79199906123185
5.84244040367866,-3.76552486810508
5.87366504939994,-3.27582725515609
5.89529502604324,-4.10719486690178
5.90522524573266,-1.81536291171344
5.93712643080749,-3.56703041819989
5.94933074803981,-3.63633782830348
5.96937416090476,-3.08644015139262
6.00197411368064,-3.64193573496064
6.00386175640268,-4.19891734775965
6.03493209149966,-3.54183907789755
6.05889259088028,-4.23730748907323
6.06825402487758,-3.86188772741676
6.101945976039,-1.41862839944227
6.11442783283197,-4.21276094991649
6.13601414259407,-3.63825031258304
6.17046486133918,-3.56984979670219
6.17047210560941,-3.56924652742382
6.20530461218626,-4.55372689961328
6.22703007494145,-4.33799763726873
6.24054002222607,-3.21672829350959
6.27617786993069,-1.78578656682012
6.28410644932262,-2.81137470945728
6.31222508950074,-2.01141466014215
6.34170598040501,-0.796719720830113
6.34868877536342,-1.59853135162504
6.38557618682724,-4.52437940845758
6.39983346339396,-4.34540320069479
6.42289475290004,-4.07372091008452
6.45849373744719,-1.92430131395904
6.46065207727691,-2.6693696560923
6.49885594350508,-4.42591200345729
6.51769168607768,-4.12652102604565
6.53751432033321,-2.68108869320085
6.57663536725263,-3.91745550436642
6.57743223756025,-3.91087402489885
6.61622744023887,-3.36393403782327
6.63772036534182,-3.54442364589355
6.65629909770168,-3.9272283807002
6.69685910665277,-3.46799005178414
6.69856108845544,-3.65332078733658
6.73791644910026,-3.64915638316117
6.75995947193817,-1.03096566607761
6.77948032867987,-0.339212168499929
6.82156017753314,-2.9073550452105
6.82192062725272,-2.82331768368911
6.86416566344326,-2.38365809777523
6.88444971271298,-4.5113331123018
6.9073066972401,-0.0147674155442434
6.94755193391347,-4.29292148166994
6.95099344048621,-4.10031884222545
6.99523631345636,-2.92196775994089
7.01123254416271,-4.47901669865584
7.04004600342374,-3.83387077001206
7.07549684492052,-4.53212689208564
7.08543347326673,-3.73442668794738
7.13140997041072,-3.68855201371869
7.14035018623945,-3.68689778640553
7.17798703612039,-4.38463214976125
7.2057979672101,-3.29212876364531
7.22517651515845,-4.14052166588968
7.27184563641063,-4.40167253641906
7.27299056582795,-4.34318065713305
7.32144167041601,-0.121810741691862
7.33849869236037,-4.30136224750052
7.37054264605768,-3.77913876794739
7.40576268397755,-3.49666935624251
7.42030665604006,-2.75034794155468
7.47074722156732,-3.09123683845402
7.47364321104128,-3.07377620312494
7.52187823400893,-4.2313778502531
7.54214592465772,-4.12619706696589
7.57371396765434,-3.28078008197358
7.6112765277305,-4.51693656532942
7.62626909299864,-4.58049358839591
7.67955869058528,-3.61847850235037
7.6810407754356,-3.56067726183434
7.73359826543323,-3.00480338891103
7.75144447570034,-4.45816613536542
7.78840376207756,-4.07774874511566
7.822493489687,-4.50032247381077
7.84399158025416,-3.85973614653412
7.8941937322807,-4.05719056188943
7.90037859126092,-4.44917814513374
7.9575821550297,-3.78761715530962
7.96655117258186,-4.17308652146292
8.01562013794541,-0.91052041019171
8.03957183440309,-3.14088729562534
8.07451093145058,-2.41940002541023
8.11326179677073,-3.49309778790703
8.13427347147609,-4.54716858780538
8.1876271944309,-4.38364149368457
8.19492725874128,-4.21276942806705
8.25649237996906,-0.893268641012556
8.26267421836022,-0.112656488995102
8.31898953006454,-3.11168893760416
8.33840911628122,-4.4153395698738
8.38244003530862,-2.03395859992978
8.41483819318248,-4.08669381874492
8.44686587762122,-3.73186346227905
8.4919678118435,-3.82347973802271
8.51228971995195,-2.36513521217992
8.56980439336445,-2.4636607737684
8.57873493286003,-4.44500813323228
8.64622562234886,-4.53850255080838
8.64835441770066,-4.52550747870473
8.71478665902488,-4.56669481315626
8.72762442420216,-4.13474811552268
8.78444370865481,-3.02452848772688
8.80762101215803,2.9577144269966
8.85522326420017,-3.93948239793414
8.88835084134583,-3.46293163248206
8.92715267941311,-3.74316557495806
8.96982063258601,-4.58218224166652
9.00026020408289,-3.2220750267787
9.05203716830142,-4.60585170876166
9.07457502102868,-4.40499097157906
9.13500729308197,-4.35699666863403
9.15012728494017,-4.15509420163304
9.21873791425445,-3.31939493411883
9.22694816317484,-2.65583018281703
9.30323600245755,-4.01048371904014
9.30506987862765,-3.80075269935671
9.38452575479718,-3.97597320864483
9.3885085922222,-4.10776409784043
9.4653502631805,-3.93823864047042
9.47456278255714,-2.95584217714273
9.54757907313851,-3.68449753902226
9.56140573754,-3.53972286225482
9.63124910438324,-4.32056542327783
9.64904468691365,-3.39779112160946
9.71639858224933,-3.17941961603273
9.73748692668812,-1.96209076249707
9.80306709592368,-3.15484803668616
9.82673981974799,-1.20938904354679
9.89129565981937,-3.8343475441516
9.91681079646532,-3.93554037280544
9.9811267782941,-4.45366699932831
10.0077073553183,-4.58536344517839
10.0726045139274,-2.58236703230429
10.0994370635155,-4.52591909206106
10.1657745595872,-3.21123047058629
10.1920075576256,-3.44999163591271
10.2606843145333,-3.38068257042736
10.2854265442137,-4.53970074684756
10.3573829648242,-2.51541300971567
10.3797018004823,1.07937230495994
10.455921568314,-3.96747444306581
10.4748411749191,-3.01757844513546
10.5563531445473,-4.58524782685035
10.5708525879503,-4.17630092729056
10.6587327698854,-4.50256212789711
10.6677440326,-4.56824139898183
10.7631176782225,-2.52824362683183
10.7655235751555,-2.23371094168945
10.864199355839,-4.21759840790239
10.8695673676774,-4.35096159290484
10.9637795894854,-4.47194194281482
10.9781437136816,-3.66178835676064
11.0642725662256,-2.65142332982433
11.0889110889111,-2.61698071733199
11.1656866521775,-4.37416825993054
11.2019364905553,-4.19443821445557
11.2680302901418,-2.65980916359237
11.3172896754475,-4.30670423760401
11.3713120003051,-4.27141138137515
11.4350433036318,-2.2825494135009
11.4755403809494,0.14980632711652
11.5552730909877,-3.92956589475884
11.5807241091676,-4.26237526251387
11.6780579715844,-3.63296630503575
11.6868719415861,-4.34892592851864
11.7939927150937,-0.306331210697552
11.8034802704972,-0.552414001021505
11.9020953475772,-3.97157485881243
11.9316258878822,-3.46150016544024
12.0111888386641,-4.44040716159381
12.0625844951717,-0.368887778653148
12.1212822704715,-1.61572408278349
12.1964497443341,-3.02045711507455
12.2323848083625,2.0983448741085
12.3333194912239,-3.92983785209899
12.3445057017087,-4.25376109549032
12.4576542846611,-3.10375926879695
12.4732960341411,-2.79731026352417
12.5718399769261,-4.46505624521856
12.6164863688216,-4.08564873883913
12.6870722845507,-3.59935910191618
12.7630024611956,-4.06665797235095
12.8033608007131,-2.91826476791059
12.9129615393745,-4.31419898865457
12.920715206522,-3.93646318289237
13.0391452718219,-3.71845289613876
13.0664864064665,-4.24986535842433
13.158660856007,-4.25514151498973
13.2237057759761,-4.26010244446431
13.2792719088417,-4.16574962887242
13.384754631711,-3.34739016476485
13.4009884712891,-2.56581627183462
13.5238206763467,-4.38724525188784
13.5497746143142,-3.29125767352341
13.6477787498901,-2.04345689753856
13.7189144367449,-2.79675807969912
13.7728730115245,-3.19182358619233
13.8923303312719,-4.26208269490096
13.8991138754435,-4.13322706009856
14.0265118512961,-2.87438220429849
14.0701865308021,-3.43166303236095
14.1550775450621,-3.51723951057184
14.2526557876625,-3.23855267722414
14.2848216599344,-1.31711697338526
14.4157549972104,-4.34234573507027
14.4399199332786,-4.39305142288916
14.5478884571914,-3.94691963234826
14.632170482562,-3.43702189673522
14.6812330400897,-3.93338151519439
14.8157998469444,-2.72524788236157
14.8296092872301,-3.63160594071658
14.9516000805459,-3.67555620460345
15.0324492427416,-4.52418081760655
15.0886450463682,-2.15142614114095
15.2269461535102,-4.43775145075617
15.2409150540547,-4.47632928035196
15.3665149156456,-4.20513808801266
15.4552440659964,-4.42053430851056
15.5073629519813,-3.42475330813315
15.6495019882249,-4.51502100948349
15.6756871646949,-4.5395983204202
15.7929438575605,-4.3527848726998
15.9025097572729,-4.05591168094159
15.9377005016343,-3.61615280358203
16.0837839715482,-3.13315217869311
16.1359928378453,-1.17451908126893
16.2312064288638,2.51066163354485
16.3764341488218,-3.6138035478194
16.379980146614,-3.7980199756839
16.5301175103256,-1.92410690436603
16.624149447609,-4.51969743642687
16.6816310190495,-4.0914419549936
16.8345332864022,-4.5282669902314
16.8794738900391,-4.5246137801818
16.988837041615,-2.1722858130631
17.1427635432746,-3.3341819030675
17.1445551305945,-3.41520789827283
17.3017005169915,-4.49564448679607
17.4143970425476,-3.44083092769782
17.4602862832804,-4.10723802509662
17.6203256318483,-3.4574070857984
17.6947774079446,-1.7295242149622
17.7818318860944,-1.71243853942431
17.9448184915386,-3.58760742228722
17.9843340395705,-4.24374292533199
18.1092990169413,-3.17718416145036
18.275287155433,-3.64265618451319
18.2835249118642,-3.91599031583107
18.442796725654,-1.39669557110116
18.5928389906503,-4.50048015950145
18.6118416729051,-4.59792325972316
18.7824360703082,-3.09498811304351
18.9127988997567,-4.36659743188673
18.9545941199783,-3.69287516454713
19.1283301542056,0.0045197185777095
19.2439638677898,-3.06320397950728
19.3036586366489,-0.985732552287319
19.4805941635392,-2.78528107345122
19.5869329900169,-2.53155753392881
19.6591514648954,2.62224988316197
19.8393454057504,-0.388521129895965
19.9423488453799,-2.87112086232188
20.0211909873885,-4.61930106821021
20.2047033485945,-4.41059693058432
20.3109015145844,-3.17574485871379
20.3898977669136,-2.69103040086881
20.5767896599239,-3.439888805739
20.6933330521245,-3.53794330508751
20.7653945865194,-1.089142368513
20.9557282482055,-1.84296456394654
21.0904424732224,-4.09896974036141
21.147806490406,-4.59239909424454
21.3416453037825,-4.54226783309238
21.503091326206,-4.44354722716636
21.5372608255656,-4.21837622059573
21.7346693408981,-3.91559696875774
21.9322099321038,-3.52330905019054
21.9338872841908,-3.54724723139143
22.134931240491,-1.66800289258649
22.3378179468629,-3.48439629993183
22.3788043865634,-2.92135956658521
22.542564293781,-4.03664719158221
22.7491873265363,-4.23505078953795
22.8439644350095,-4.45609873918008
22.9577042466556,-4.21021327709488
23.1681324133328,-4.26441861787689
23.3288723507963,-4.60156593541208
23.380489344875,-4.61614675172499
23.5947927201603,-3.43843877633154
23.8110603801096,-3.971543214913
23.8348129686196,-3.97030121512788
24.0293103291723,-3.48678331830351
24.2495607368246,-4.00777669614379
24.3631850524577,-4.11384756935465
24.4718299390826,-4.43587240755372
24.6961364400285,-1.12334297812569
24.9155142098241,-3.30291500970546
24.9224989133513,-3.3609581156027
25.1509362039012,-4.0658641856268
25.3814673292586,-2.38093650065704
25.4934676034146,-3.88861332719827
25.6141114813172,-3.0735411821826
25.8488880278817,-3.51200397050943
26.0858165142806,-3.30945295943767
26.0988707589335,-3.43416130088261
26.3249166649927,-4.57275299761906
26.5662083852898,-3.94548275318934
26.7337268260262,-3.78192401543183
26.8097117628933,-4.33247608184647
27.0554470696469,-2.88901825462605
27.3034347632042,-2.7818279674398
27.4002387204346,-3.13544203031816
27.5536954887317,-4.6044699972168
27.8062500806274,-4.54270324147407
28.0611195642557,-3.47613896728197
28.1008346630662,-3.69051098855025
28.3183251576973,-0.974282370249542
28.5778882735159,-3.04759201599703
28.8381977399188,-4.08245162307785
28.8398305205409,-4.07965826200675
29.104173705666,-4.4778761861335
29.3709398356649,-4.47442690917606
29.6153002413099,-4.33616210232711
29.6401511190234,-4.27625947262774
29.9118299677881,-3.09968662756111
30.1859989994325,-3.38792945344787
30.4354437068925,-4.40573010725459
30.4626810387395,-4.42852740322857
30.741899119702,-3.11455715598376
31.0236764874403,-4.22632308638643
31.3023058140423,-4.15555073408066
31.3080366001372,-4.12519704988111
31.595003130991,-3.64294472208187
31.8845999701865,-4.60232859519081
32.1768512268835,-3.73971053575562
32.2199955140056,-3.44326360622992
32.4717812312243,-3.63062055537668
32.7694145363588,-4.33135026872336
33.0697759204888,-4.2581629288338
33.1931181595264,-4.59986262760433
33.3728903889309,-3.97563540014957
33.678783176198,-4.06332985850097
33.9874797481003,-4.53571225837917
34.2268528021075,-3.24900387546424
34.299005803865,-2.34459151950088
34.6133872782762,-1.14560286750751
34.9306503438337,-4.00281958844855
35.2508214129322,-3.95251074924673
35.3270443971803,-4.17788142785551
35.5739271400595,-3.16580315613024
35.8999944240164,-1.51270251544489
36.2290504101554,-4.09567513664089
36.5003143829972,-2.57378310317992
36.5611224926406,-2.61889917131848
36.8962383167287,-4.21118562835196
37.2344257810701,-4.48107101737529
37.5757130400317,-4.59660866040574
37.7541940515414,-4.33223466559557
37.9201285060405,-4.37329698239526
38.2677008519494,-3.89939994608889
38.6184590134238,-4.5351550468798
38.9724321913507,-0.223889868946772
39.0972863871781,0.615638373691779
39.3296498542699,-2.06537641921565
39.6901417408268,-3.08048258467986
40.0539378622486,-4.57537833092366
40.4210685048426,-3.71748865053573
40.5394637236544,-2.96831384706465
40.7915642325175,-2.20574280245447
41.165455889328,-3.24608577504623
41.5427746020423,-4.02310545413499
41.923551782734,-3.67316356322837
42.0921108222575,-3.33549263568907
42.3078191313964,-3.11773130504489
42.6956086385824,-3.97636528681287
43.0869525880671,-2.86927775671595
43.4818835595356,-2.77102693039117
43.7684260333913,-3.67004473504804
43.8804344312953,-3.99405711081713
44.2826383830133,-3.31821535393411
44.6885288984784,-2.74437821159157
45.0981397683885,-4.1404692105136
45.5115050931639,-3.9427582236074
45.5837974053449,-3.68982338521303
45.9286592857863,-3.46465188267368
46.3496370746634,-4.61372319387621
46.7744735065204,-3.58410925069333
47.2032039493174,-4.29387251776669
47.5562764417917,-4.53797113913456
47.6358640951939,-4.48105813939938
48.0724899634402,-4.49594495119678
48.5131179034962,-4.52852675407147
48.9577845979771,-3.57829561139434
49.4065270657277,-3.67931649126226
49.7071804236306,-4.11012572064019
49.859382664904,-4.25799930285658
50.3163890960834,-2.75515650079578
50.7775844054031,-1.10562912759454
51.243006987728,-3.05819844102385
51.7126955898463,-3.42803196154679
52.0618659268377,-1.6316585011073
52.1866893136959,-1.65806393989485
52.6650276196194,-4.26094252262433
53.147750329649,-1.26136197125718
53.6348976308221,-1.32493282645899
54.1265100785267,-4.32044015179165
54.6226285998776,-3.89289921608523
54.6507331274752,-3.8873979552491
55.1232944971238,-3.99620665471523
55.6285494510868,-3.64088361716509
56.1384355246306,-2.72676142144977
56.6529951661635,-3.71114779642383
57.1722712131719,-4.53872653073714
57.5105454317086,-3.97287120284332
57.6963068957867,-3.83677078109835
58.2251458403818,-4.09896322824804
58.7588320732068,-0.0933826434549321
59.2974100240515,2.39582388298643
59.840924529945,-3.23655141116027
60.3894208388885,-4.09931555488558
60.6861863130533,-3.75641465650651
60.9429446136222,-3.86385606884929
61.5015419354266,-4.34162717532277
62.0652593079588,-3.71786872213628
62.6341436611242,-3.51026324103739
63.2082423549834,-3.58378654601055
63.7876031836947,-4.40341018194889
64.2330322269907,-4.03486691920469
64.3722743794933,-3.69876613454014
64.9623046167063,-3.7218676407023
65.5577430158056,-4.55523181780686
66.1586391474963,-1.55075533626311
66.7650430368442,-0.662266200173265
67.3770051674399,-3.38230715986148
67.9945764856023,-4.0570160030525
68.2202092980378,-3.53279347499839
68.6178084046191,-2.81758475081293
69.2467528090274,-3.86173649329985
69.8814620589333,-4.09425775136086
70.5219889943707,-2.34666603095062
71.1683869397001,-2.61022544445015
71.8207097080484,-3.44105282327345
72.4790116057883,-2.76944045356967
72.7351432066211,-2.33766089737353
73.1433474370597,-2.50810166411557
73.8137725083322,-3.91832775575935
74.4903426330094,-4.62106019971347
75.173114136075,-4.41677202984343
75.8621438587825,-4.33629177330866
76.557489163387,-3.73978174242794
77.2592079379205,-2.90478724415439
77.8900438392867,-3.22282089531828
77.9673586010114,-3.35945241092733
78.6820001067477,-4.41855075607092
79.4031919495851,-4.17854949460357
80.1309941693,-3.07597601833166
80.8654673559876,-1.76134761354453
81.6066726551062,-2.35975845522282
82.3546717725679,-4.07475415650302
83.1095269798753,-4.43791119644178
83.8313577643751,-3.69041372663898
83.8713011193055,-3.64972516799631
84.6400576091423,-3.59283222390931
85.4158604489556,-4.46004151670408
86.1987742249292,-4.40367981379731
86.9888641152379,-3.52334222664413
87.7861958954734,-2.97207255708563
88.5908359441205,-3.22493568509961
89.4028512480829,-3.96379955135123
90.22230940826,-4.00540024179227
90.7539040530798,-3.31274709982816
91.0492786451747,-2.76642522551762
91.8838278046526,-1.3358314110649
92.7260263635542,-1.58739976613882
93.575944435558,-3.39274487987851
94.4336527769979,-4.51595322904748
95.2992227927539,-4.45529841205556
96.1727265421965,-4.13538123669756
97.0542367451853,-4.2542888391591
97.9438267881238,-4.5933040898619
98.8415707300678,-4.44563448884336
98.9226442745674,-4.39777090232534
99.7475433088922,-3.6505832930965
100.661819947512,-2.67463211479461
101.58447676016,-2.60370668000886
102.515590558729,-3.80547215735445
103.455238859157,-4.54020838693035
104.40349988789,-2.71611982247285
105.36045258839,0.432919440328275
106.326176627704,1.83628687276072
107.300752403103,0.935461640564624
108.284261048771,-1.4287489841133
108.707372494631,-2.52396341331505
109.27678444256,-3.68855093971658
110.278405212807,-4.45675528498899
111.289206745212,-4.24836752662944
112.309273189781,-3.90429593211499
113.338689467832,-3.73056235127919
114.377541279062,-3.77562687060512
115.425915108684,-3.95330267273906
116.483898234628,-3.8540632586934
117.551578734803,-2.60936951794926
118.629045494432,-0.255853570609505
119.716388213455,1.81280343920767
120.640252939433,2.58805516088804
120.813697413988,2.60874483349855
121.921064447869,1.61495006003733
123.038581504255,-0.967434429908879
124.166341617302,-3.41908551390529
125.304438673908,-4.50932611872074
126.452967421529,-4.38762630077506
127.612023476069,-3.68004227435952
128.781703329835,-3.15110488086256
129.962104359577,-3.40191820219965
131.15332483459,-3.99090959413363
132.355463924896,-4.36046653116549
133.568621709498,-4.38775937116239
134.792899184718,-4.16660079137333
135.515926111819,-4.01771457941496
136.028398272597,-3.9287906596816
137.275221829387,-3.79650681294911
138.533473654109,-3.81249891694299
139.803258497196,-3.81982706978133
141.084682069213,-3.53076710138189
142.377851049661,-3.02015646338569
143.682873095852,-2.67149005867108
144.999856851878,-2.44972724912245
146.328911957649,-2.12482867633898
147.670149058027,-1.75217155896266
149.023679812034,-1.38658076790503
150.389616902147,-0.826110153808061
151.76807404368,-0.294884695263336
153.159165994253,-0.604617900709373
154.563008563341,-1.70056050590031
154.576093806266,-1.71148833147001
155.979718621919,-2.74661076236751
157.409414112191,-3.47813422417889
158.852214057408,-3.98992129152745
160.308238571775,-4.34578231530341
161.777608870455,-4.5433897963143
163.260447279657,-4.5474866719832
164.75687724682,-4.35986378434868
166.267023350892,-4.10329282154052
167.791011312698,-3.94227395919128
169.328968005411,-3.91979903875736
170.881021465108,-3.99308280804317
172.447300901436,-4.11950361955141
174.027936708364,-4.25069353358131
175.623060475041,-4.31072081328912
177.232804996747,-4.25893156470656
178.857304285955,-4.17317208269262
179.875368909012,-4.15374757494343
180.496693583481,-4.16209981863588
182.151109369746,-4.25303432280944
183.820689376139,-4.40926946253214
185.505572596482,-4.54782713718422
187.205899298599,-4.47365493992194
188.921811035998,-3.95572508328147
190.653450659652,-3.06522569824185
192.400962329894,-2.20525148502813
194.164491528417,-1.68946743788823
195.944185070383,-1.55857206555331
197.740191116652,-1.71814546176418
199.552659186108,-2.14384209209166
201.381740168115,-2.86357747483126
203.227586335074,-3.73187825776736
205.090351355098,-4.35818012098659
206.970190304811,-4.41194794986362
208.867259682252,-3.9466751814592
210.781717419908,-3.27933014452734
212.713722897861,-2.69963377429937
214.663436957054,-2.33204933738901
215.076702666098,-2.28305827109048
216.631021912683,-2.18379092580941
218.616641567712,-2.24867794839
220.620461226507,-2.53321172529778
222.642647708596,-3.00883846693299
224.683369362561,-3.57184337313859
226.742796080053,-4.07626490423056
228.821099309931,-4.41826069034531
230.918452072539,-4.58467242447105
233.03502897411,-4.61951998135638
235.171006221301,-4.5692914607935
237.326561635863,-4.46715009255675
239.501874669445,-4.33870999403021
241.69712641853,-4.20537744436061
243.912499639519,-4.08451665769909
246.148178763937,-3.9891048141337
248.404349913793,-3.92675031786044
250.681200917073,-3.8995146253412
252.978921323378,-3.90572011162769
255.297702419698,-3.94214381521752
257.637737246348,-4.00485027933715
259.999220613027,-4.08872962873662
262.382349115046,-4.18646187865474
264.787321149686,-4.28779124730844
267.214336932723,-4.38120236477087
267.408047305601,-4.38800561517971
269.663598515087,-4.45912370276548
272.135309799694,-4.52158818684674
274.629676558411,-4.57170094140324
277.14690644919,-4.60724705524089
279.687209033359,-4.61922082752787
282.250795793065,-4.60009033284737
284.837880148879,-4.5534702835698
287.448677477567,-4.49351395381243
290.083405130016,-4.4335749961123
292.742282449332,-4.3769258448755
295.4255307891,-4.31917701187095
298.133373531811,-4.26082410459915
300.866036107458,-4.21928369041481
303.623746012305,-4.22276965545544
306.406732827825,-4.2841517784822
309.215228239814,-4.38415741601776
312.049466057677,-4.47912537101698
314.909682233896,-4.51638378701407
317.79611488367,-4.44934903460714
320.709004304739,-4.25400126781622
323.648592997392,-3.9346784227873
326.615125684651,-3.51008297716598
329.608849332645,-2.99348356898358
332.630013171175,-2.38513176621783
335.678868714457,-1.68255510792253
338.755669782063,-0.903425145121533
341.86067252005,-0.10709045690888
344.994135422288,0.605031868878738
348.156319351977,1.12614760572919
351.347487563363,1.40269095264986
353.394049318875,1.45914124113167
354.567905723658,1.45674688687794
357.817841935154,1.35220991872941
361.097566757544,1.15313066629406
364.407353230443,0.905383167189511
367.747476896126,0.633859584725966
371.118215822459,0.343758350375962
374.519850626053,0.0248207917331609
377.952664495627,-0.342374476501307
381.416943215577,-0.780722069289398
384.912975189775,-1.30895015951322
388.441051465576,-1.92702452222588
392.001465758046,-2.5972663719314
395.594514474416,-3.24128458464597
399.22049673876,-3.77343148126929
402.879714416894,-4.14631917897995
406.572472141506,-4.36272218317416
410.299077337522,-4.45630606226345
414.059840247693,-4.46895989465728
417.855073958429,-4.43771676328217
421.685094425857,-4.3908421039591
425.550220502132,-4.34852534468357
429.450773961976,-4.32431890527099
433.387079529468,-4.32571330745
437.359464905079,-4.35418576751172
441.368260792948,-4.40564172759466
445.413800928422,-4.47136888069869
449.496422105832,-4.53888792211504
453.616464206536,-4.59238793685742
457.77427022721,-4.61351177467546
461.970186308408,-4.58384792259429
466.204561763375,-4.48964727705843
470.477749107128,-4.32688138529332
474.790104085805,-4.10287923942653
479.141985706279,-3.83256632700901
483.533756266044,-3.53197188847784
487.965781383384,-3.21374766996238
492.438430027802,-2.88687666568845
496.952074550741,-2.55937237392206
501.507090716584,-2.24152814446788
506.103857733936,-1.94763718232591
510.742758287189,-1.69496258925747
515.424178568388,-1.50003417821782
520.148508309376,-1.3740032878487
520.887152967052,-1.3608953033033
524.916140814242,-1.31967721660092
529.727472992063,-1.33186921653535
534.58290538995,-1.40051466111461
539.482842226386,-1.51453828380008
544.427691424889,-1.66458587752666
549.417864647961,-1.84382884107433
554.453777331367,-2.04694377743593
559.535848718714,-2.26802360240916
564.664501896361,-2.49868477098542
569.840163828633,-2.72780343602844
575.063265393372,-2.94349045499789
580.334241417806,-3.13620856645312
585.653530714748,-3.30103229685219
591.021576119127,-3.43791097525045
596.438824524859,-3.55033437765522
601.905726922044,-3.64352939761872
607.422738434517,-3.72295503111192
612.990318357735,-3.79330996912754
618.608930197014,-3.85793929307184
624.279041706117,-3.91849619942028
630.001124926193,-3.97484349857862
635.775656225076,-4.02528848737714
641.603116336945,-4.06720866594267
647.483990402342,-4.09792809675352
653.418768008561,-4.1155162953701
659.407943230407,-4.11919133156633
665.452014671331,-4.10925926438299
671.551485504935,-4.0867665096653
677.706863516863,-4.05311757691854
683.918661147072,-4.00985442256158
690.187395532503,-3.95863963570966
696.513588550118,-3.90146081039487
702.897766860358,-3.84099236909245
709.340461950983,-3.78102471777876
715.842210181322,-3.72676456341034
722.403552826922,-3.68465559408711
729.025036124611,-3.66131634048387
735.707211317972,-3.66154587446423
742.450634703236,-3.68622696419655
749.255867675594,-3.7315891588606
756.12347677593,-3.79051958478229
763.054033737991,-3.85503063003918
770.04811553598,-3.91833511495614
777.106304432595,-3.97579299427602
784.229188027497,-4.02486479670213
791.417359306228,-4.06461006349915
798.671416689584,-4.09512262827772
805.991964083429,-4.11708611120506
813.379610928971,-4.13148256005636
820.834972253498,-4.13942767312571
828.358668721581,-4.14208277782066
835.951326686748,-4.14060938176968
843.613578243618,-4.13613695724823
851.346061280537,-4.12972897747986
859.149419532669,-4.12234291814102
867.024302635601,-4.11478866522978
874.971366179414,-4.10769463147452
882.991271763269,-4.10149083244815
891.08468705048,-4.0964138685562
899.252285824104,-4.09253259665141
907.494748043029,-4.08978816003369
915.812759898581,-4.0880398128995
924.207013871653,-4.08710869346109
932.678208790352,-4.08681421918127
941.227049888179,-4.08700066217833
949.854248862741,-4.08755375542788
958.560523934992,-4.08840854232037
967.34659990904,-4.08955019981792
976.213208232474,-4.09100966232441
985.161087057266,-4.09285540824507
990.196255113627,-4.09408969937849
994.190981301219,-4.09518324236015
1003.30364270998,-4.09810418564277
1012.49982991963,-4.10173274739455
1021.78030851984,-4.10617534082914
1031.1458511176,-4.11152019815413
1040.59723740154,-4.11782921180932
1050.13525420684,-4.12513214843372
1059.76069558076,-4.13342344490136
1069.47436284869,-4.14266157637181
1079.27706468093,-4.15277079432727
1089.16961715994,-4.1636448748537
1099.15284384833,-4.1751524169658
1109.22757585743,-4.18714317841537
1119.39465191642,-4.19945493258061
1129.65491844221,-4.21192036586788
1140.00922960991,-4.22437360071538
1150.45844742388,-4.23665601623847
1161.00344178955,-4.24862113494803
1171.64509058583,-4.26013843873776
1182.38427973817,-4.27109607807816
1193.22190329235,-4.28140247872008
1204.15886348886,-4.29098700836531
1215.19607083806,-4.29979964462254
1226.33444419598,-4.30781008269892
1237.57491084076,-4.31500631468967
1248.91840654992,-4.32139227821981
1260.3658756782,-4.32698589999635
1271.91827123623,-4.33181648154599
1283.57655496982,-4.33592207571715
1295.34169744009,-4.33934683159547
1307.21467810421,-4.34213835997068
1319.19648539694,-4.34434518567881
1331.28811681299,-4.34601435576016
1343.49057898997,-4.34718927086706
1355.80488779226,-4.3479078233074
1368.23206839556,-4.34820091734494
1380.77315537221,-4.34809145050755
1393.42919277736,-4.34759382057504
1406.20123423588,-4.34671399830691
1419.09034303005,-4.34545017463719
1432.09759218811,-4.34379395219773
1445.22406457356,-4.34173201169952
1458.47085297534,-4.33924814481802
1471.83906019878,-4.33632552344787
1485.32979915744,-4.33294905289236
1498.94419296571,-4.32910766896046
1512.68337503237,-4.32479643870565
1526.5484891549,-4.32001835966995
1540.54068961473,-4.31478577664987
1554.66114127333,-4.30912136568119
1568.91101966917,-4.30305866659021
1583.29151111561,-4.29664216582953
1597.80381279961,-4.28992695214342
1612.44913288149,-4.28297797651428
1627.22869059541,-4.27586896061328
1642.14371635094,-4.26868099356219
1657.19545183545,-4.26150087739936
1672.38515011752,-4.25441924952279
1687.71407575122,-4.24752859612332
1703.18350488142,-4.24092107800468
1718.79472535001,-4.23468649106278
1734.54903680311,-4.22891017687508
1750.44775079928,-4.22367092328276
1766.49219091871,-4.21903933253592
1782.68369287339,-4.21507624537364
1799.02360461833,-4.21183152308723
1815.51328646376,-4.20934318845454
1832.15411118841,-4.20763694623523
1848.94746415373,-4.20672609036578
1865.8947434193,-4.20661178753167
1882.99735985916,-4.20728370589709
1900.25673727932,-4.20872094262231
1917.67431253622,-4.21089319146975
1935.25153565642,-4.21376208468692
1952.98986995728,-4.21728264067107
1970.8907921688,-4.2214047511911
1988.95579255653,-4.22607464781814
2007.18637504566,-4.23123629648708
2025.58405734623,-4.23683267945651
2044.15037107946,-4.24280693555468
2062.88686190526,-4.24910334076717
2081.79508965092,-4.25566812130652
2100.87662844097,-4.26245009990297
2120.1330668282,-4.26940118310407
2139.56600792593,-4.27647670226637
2159.17706954149,-4.28363562421353
2178.96788431084,-4.29084064951255
2198.94009983456,-4.29805821682291
2219.09537881498,-4.30525843069998
2239.43539919459,-4.31241493056106
2259.96185429575,-4.31950471487616
2280.67645296166,-4.3265079344238
2301.5809196986,-4.33340766617167
2322.67699481953,-4.3401896761188
2343.96643458894,-4.34684218001954
2365.45101136911,-4.35335560660755
2387.13251376758,-4.35972236869739
2409.01274678613,-4.36593664504758
2431.09353197101,-4.371994175119
2453.37670756458,-4.3778920681323
2475.86412865839,-4.38362862754949
2498.55766734754,-4.38920319025104
2521.45921288661,-4.39461598101244
2544.57067184691,-4.39986798142249
2567.89396827518,-4.40496081252022
2591.43104385383,-4.40989663006164
2615.18385806251,-4.41467803224615
2639.15438834131,-4.4193079780637
2663.34463025532,-4.42378971565111
2687.75659766081,-4.4281267201508
2712.39232287288,-4.43232263906171
2737.25385683461,-4.43638124575731
2762.34326928785,-4.44030639895439
2787.66264894552,-4.44410200806718
2813.21410366547,-4.44777200401339
2838.99976062597,-4.45132031443805
2865.02176650283,-4.45475084252226
2891.28228764807,-4.45806744979612
2917.78351027032,-4.46127394197814
2944.52764061675,-4.4643740568566
2971.51690515681,-4.4673714551478
2998.75355076756,-4.47026971978389
3026.23984492073,-4.47307247017747
3053.97807587146,-4.47578266547018
3081.97055284885,-4.47840415542422
3110.21960624815,-4.48093963859393
3138.72758782483,-4.48339265234293
3167.4968708903,-4.48576579336233
3196.52985050952,-4.48806230992321
3225.82894370042,-4.49028467695664
3255.39658963506,-4.49243587609121
3285.23524984274,-4.49451824759089
3315.3474084149,-4.49653452852519
3345.73557221192,-4.49848692037026
3376.40227107184,-4.50037793458668
3407.35005802097,-4.50220963304813
3438.5815094864,-4.50398432055298
3470.0992255105,-4.50570392204222
3501.90582996743,-4.50737055352002
3534.00397078148,-4.50898600559887
3566.39632014759,-4.51055228852747
3599.08557475381,-4.5120708902426
3632.07445600575,-4.51354370909726
3665.36571025317,-4.5149724208865
3698.96210901864,-4.5163583677365
3732.86644922821,-4.51770321769871
3767.08155344433,-4.51900845413516
3801.61027010077,-4.52027527832527
3836.45547373977,-4.52150516167726
3871.62006525138,-4.52269941856716
3907.10697211492,-4.52385911907797
3942.91914864272,-4.52498556524526
3979.05957622603,-4.52607992335627
4015.53126358331,-4.52714314309103
4052.3372470106,-4.52817638023427
4089.48059063437,-4.52918067090477
4126.96438666658,-4.53015685704193
4164.79175566211,-4.53110596675399
4202.96584677857,-4.53202892231664
4241.48983803844,-4.53292646857867
4280.36693659365,-4.5337995226557
4319.6003789926,-4.53464895025761
4359.19343144959,-4.53547530496323
4399.14939011671,-4.53627946873641
4439.47158135831,-4.5370621513741
4480.16336202785,-4.53782409902513
4521.2281197474,-4.53856577749102
4562.66927318969,-4.53928795041171
4604.49027236262,-4.53999122795827
4646.6945988966,-4.54067625485786
4689.28576633433,-4.54134342405141
4732.26732042326,-4.54199339852571
4775.64283941091,-4.5426267042819
4819.4159343426,-4.54324390111467
4863.59024936221,-4.54384531892535
4908.16946201549,-4.54443153619283
4953.15728355621,-4.54500300768089
4998.55745925516,-4.54556025928744
5044.37376871195,-4.54610348048343
5090.61002616959,-4.54663322730349
5137.27008083215,-4.54714989408635
5184.35781718509,-4.54765386154034
5231.87715531874,-4.54814557315226
5279.8320512546,-4.54862518071221
5328.22649727465,-4.54909315530816
5377.06452225383,-4.54954982829102
5426.35019199531,-4.54999551985495
5476.08760956905,-4.55043060675243
5526.28091565337,-4.55085520875591
5576.93428887965,-4.55126972787432
5628.05194618022,-4.55167444381695
5679.63814313943,-4.552069627122
5731.69717434788,-4.55245562958905
5784.23337376003,-4.55283247851
5837.25111505491,-4.55320055548279
5890.75481200033,-4.55356009769085
5944.74891882028,-4.55391133474515
5999.2379305657,-4.55425448896492
6054.22638348879,-4.55458985187963
6109.71885542062,-4.5549174413388
6165.71996615219,-4.55523757439826
6222.23437781911,-4.55555044678593
6279.26679528965,-4.55585624817619
6336.82196655651,-4.55615516240826
6394.90468313202,-4.55644745790502
6453.51978044704,-4.55673309050806
6512.67213825359,-4.55701235509017
6572.36668103097,-4.55728541415212
6632.60837839588,-4.55755242532448
6693.402245516,-4.55781354153769
6754.75334352757,-4.5580689111861
6816.66677995676,-4.55831877499881
6879.14770914485,-4.55856304631519
6942.20133267727,-4.55880199111036
7005.83289981677,-4.55903574113765
7070.04770794029,-4.55926442434097
7134.85110298007,-4.55948816498304
7200.24847986867,-4.55970708376978
7266.24528298804,-4.55992129796906
7332.84700662289,-4.56013101798684
7400.05919541801,-4.56033613328074
7467.88744483984,-4.5605368767568
7536.33740164242,-4.56073335302702
7605.41476433733,-4.56092566379638
7675.12528366823,-4.56111390795704
7745.47476308955,-4.56129818167963
7816.46905924959,-4.56147857850064
7888.11408247822,-4.56165518940694
7960.41579727876,-4.56182821535558
8033.38022282466,-4.5619974919961
8107.01343346056,-4.56216324161429
8181.3215592079,-4.562325545775
8256.31078627541,-4.5624844838712
8331.98735757399,-4.56264013319148
8408.35757323646,-4.56279256898526
8485.42779114211,-4.56294186452536
8563.2044274459,-4.56308809116891
8641.69395711272,-4.56323131841546
8720.90291445637,-4.5633716139636
8800.83789368351,-4.56350913685995
8881.50554944274,-4.56364374637204
8962.91259737854,-4.56377561733987
9045.0658146903,-4.56390481077787
9127.97204069667,-4.56403138615335
9211.63817740478,-4.56415540143209
9296.07119008494,-4.56427691312254
9381.27810785051,-4.56439597631814
9467.26602424298,-4.56451264473876
9554.04209782262,-4.56462697077038
9641.61355276437,-4.56473900550336
9729.9876794593,-4.56484879876987
9819.17183512153,-4.56495639917958
9909.17344440067,-4.56506185415444
10000,-4.57683565297279
