"V1","V2"
1.1,-4.36041548902014
1.1,-4.36041548902179
1.10110208304486,-3.4974130646971
1.10220637664453,-1.1921680336346
1.10331288745657,1.1943366130105
1.10442162216531,-4.50126037205544
1.10553258748197,-2.82774450586303
1.10664579014479,-4.40079644220785
1.1077612369192,-4.60665838727127
1.10887893459792,-2.33637826773136
1.10999889000111,-0.18784670940491
1.11008249696303,-0.973675852197546
1.11112110997652,-2.87205449451486
1.11224560139962,-3.76255057001984
1.11337237117373,-4.37073792540017
1.11450142623018,-2.67116847550742
1.11563277352846,-2.25487144039008
1.11676642005631,-0.211391739793472
1.11790237282993,-2.59655288740228
1.1190406388941,-4.17821548745312
1.1201812253223,-3.98973903480172
1.12025740914879,-4.16806556393752
1.12132413921689,-3.45998119844384
1.12246938770924,-4.25095820758693
1.1236169779599,-3.45795609696765
1.12476691715871,3.2017291650985
1.12591921252499,-3.93961603507839
1.12707387130767,-4.44116602146787
1.12823090078545,-2.4157590396334
1.12939030826693,-1.1446016568319
1.13052558362656,-4.30630253606151
1.1305521010908,-4.19224814776979
1.13171628662599,-1.35590133765536
1.13288287227179,-3.68549323888144
1.13405186545804,-0.321940614424735
1.13522327364529,-4.45710645596924
1.13639710432492,-3.81143578661161
1.13757336501934,-2.09177714153455
1.13875206328216,1.06029135410162
1.13993320669829,-4.12054374226133
1.14088787522978,-4.50082828200729
1.14111680288418,-4.58883239512622
1.1423028594879,-3.25602250842056
1.1434913841894,-4.20260448193554
1.14468238470059,-3.70625043864479
1.14587586876557,-2.48560200882159
1.14707184416073,-4.53923495906932
1.14827031869501,-4.11506459863941
1.14947130020999,-4.16286678963255
1.15067479658009,-4.29057280934947
1.1513451466272,-2.62834158795758
1.15188081571275,-3.72545340582227
1.1530893655486,-3.47211695224715
1.15430045406161,-2.40654886109476
1.15551408925932,-3.96233301495508
1.15673027918294,-4.26008705741546
1.15794903190761,-3.85147265826285
1.15917035554252,-4.08734389941393
1.16039425823109,-3.2265204022273
1.1616207481512,-3.95961115527828
1.16189826839471,-3.41550768092347
1.16284983351533,-4.57323114269812
1.16408152257075,-4.4006232979435
1.16531582359971,-3.44214396044649
1.16655274491963,-2.98326402262549
1.16779229488327,-3.8344141606394
1.16903448187895,-1.12189454484568
1.1702793143307,-2.89644366490731
1.17152680069847,-4.15622778169765
1.17254811908784,-2.28353240371186
1.17277694947834,-3.91580794026524
1.17402976920267,-1.99239472339073
1.17528526844033,-4.11478648603023
1.17654345579689,-0.706590353438829
1.17780433991478,-3.32004850544101
1.17906792947356,-3.4883410804799
1.18033423319005,-4.40572273127421
1.18160325981856,-4.17725614756611
1.18287501815109,-4.56274847641081
1.18329558531484,0.672418101845691
1.18414951701754,-0.41241670804513
1.18542676528589,-2.06887175104967
1.18670677186244,-4.13571924248507
1.187989545692,-4.27641383984857
1.18927509575807,-2.37946554974119
1.19056343108312,-3.37611151878005
1.19185456072871,-3.54299691552368
1.19314849379579,-4.47777202511449
1.19414156181057,-4.06979178981928
1.19444523942486,-3.72484774840828
1.19574480679619,-4.57671722251055
1.19704720513007,-3.80375984948708
1.19835244368698,-4.12265749590446
1.19966053176785,-3.66567096909611
1.20097147871425,-3.87319416162549
1.20228529390865,-4.17600640233136
1.2036019867746,-2.60869360579582
1.20492156677698,-4.44217555213126
1.20508695151092,-4.53824958032615
1.20624404342224,-2.50610302232204
1.20756942625859,-3.96680885120768
1.20889772487626,-3.32133828045645
1.21022894890773,-3.59776570063664
1.21156310802795,-4.1464411216264
1.21290021195456,-3.13401494137051
1.21424027044818,-2.91967085695112
1.21558329331259,-3.29685505154382
1.216132665628,-4.61026004076771
1.21692929039501,-4.30722519613957
1.2182782715863,-4.60694258083024
1.21963024682124,-1.85710753055386
1.22098522607877,-3.60318355400332
1.22234321938219,-3.12418190746669
1.22370423679948,-4.03303243411577
1.22506828844348,-2.78576758757433
1.2264353844722,-4.27577014987051
1.22727962372603,-4.51536176506917
1.22780553508903,-4.4139147440811
1.22917875054299,-4.47703923385743
1.23055504112903,-3.02407506881443
1.23193441718824,-3.63727346047372
1.23331688910815,-3.22837427393134
1.23470246732294,-3.8519094074089
1.23609116231376,-4.56092430954951
1.23748298460896,-4.59272757815333
1.23852875379785,-4.28885267329454
1.23887794478435,-3.87368265581691
1.24027605346349,-1.60314436617679
1.24167732131796,-3.86064430493653
1.24308175906759,-4.34910057331544
1.2444893774808,-2.45030409578922
1.24590018737482,-4.47252289960952
1.24731419961599,-4.04237646380486
1.24873142512005,-4.59304089983331
1.2498809923422,-2.73768113398993
1.25015187485239,-3.88171220596675
1.25157555982836,-3.37953995915203
1.25300249111354,-4.16128757137571
1.25443267982402,-4.47875446149939
1.25586613712673,-3.67845280466944
1.25730287423968,-4.55657966021622
1.25874290243227,-2.90428016542868
1.2601862330256,-3.01985808853445
1.26133728444169,-2.74354648406356
1.26163287739275,-3.11581615763302
1.26308284695908,-3.74500830565919
1.26453615320254,-4.43132835186029
1.26599280765397,-4.29203753735445
1.26745282189738,-4.56239749211361
1.26891620757031,-1.94060743318895
1.27038297636408,-3.74060284231862
1.27185314002416,-4.18582752282785
1.27289858384145,-4.19941895130146
1.27332671035042,-4.29695554972708
1.27480369919751,-4.05036073789054
1.27628411847512,-4.02510299001634
1.27776798014835,-2.93928341891282
1.279255296238,-2.31814953793881
1.28074607882088,-4.27028286456542
1.28224034003021,-4.53093189235963
1.28373809205586,-1.49822562092399
1.28456585302856,-3.01242017297952
1.28523934714473,-3.93449903273651
1.28674411760108,-2.32112780783493
1.28825241578687,-3.32817994008426
1.28976425412208,-4.27046238425939
1.29127964508505,-3.93836705913165
1.29279860121286,-1.82649949702679
1.29432113510162,-4.55256878097456
1.29584725940687,-3.99486636396913
1.29634006331217,-3.5528979808104
1.2973769868439,-3.80510975089968
1.29891033018811,-4.46037579540692
1.30044730227539,-2.19436897497596
1.30198791600241,-3.62475900758713
1.30353218432707,-3.93314154246255
1.30508012026879,-3.43473875331969
1.30663173690893,-4.36237916974594
1.30818704739112,-4.29348797401323
1.30822219490435,-4.33825887863529
1.30974606492164,-4.61312467014293
1.31130880276981,-3.93376932947334
1.31287527426836,-3.98473495153454
1.31444549281377,-4.22195089774428
1.31601947186674,-2.66457769694066
1.31759722495248,-2.57366479173308
1.31917876566115,-4.17523343387578
1.3202132370017,-4.26239449146809
1.32076410764825,-4.08391502739173
1.32235326463498,-4.41635136470544
1.32394625040868,-3.8915832638551
1.32554307882319,-4.09124176157778
1.32714376379928,-2.55387878955182
1.32874831932503,-4.28315243147543
1.33035675945626,-3.76624140810023
1.33196909831692,-4.19916009026915
1.33231418786772,-4.42485317573133
1.33358535009953,-4.57747541301959
1.33520552906556,-4.53526337443461
1.33682964954589,-1.87999548813767
1.3384577259412,-4.5349606984681
1.34008977272241,-2.663758876201
1.3417258044311,-3.96697870152073
1.34336583567997,-3.83966207562585
1.34452605491588,-4.58937718834759
1.34500988115322,-2.79096685276491
1.34665795560705,-1.79301817665422
1.34831007387007,-4.52584646226492
1.34996625084373,-4.41012029526692
1.3516265015028,-4.44952704391327
1.35329084089582,-3.46094661872562
1.35495928414551,-4.28315859009675
1.35663184644928,-0.877159567167356
1.35684985479351,-0.869775012489557
1.35830854307967,-3.58145264694289
1.35998938938481,-3.86387326910247
1.36167440078892,-3.96838450898471
1.36336359279271,-2.15402189248008
1.36505698097395,-3.51005249954622
1.36675458098786,-3.81797706563012
1.36845640856766,-3.27715161851225
1.36928661346646,-3.94259623768309
1.37016247952502,-4.31405443719066
1.37187280975057,-4.55590316761058
1.37358741521435,-3.74427889099533
1.37530631196638,-2.27379812102552
1.37702951613709,-4.50749880152725
1.37875704393787,-2.56334938710026
1.38048891166156,-4.51207387042516
1.38183736630445,-4.27831071291442
1.38222513568296,-4.617539269194
1.38396573245936,-2.4845619878395
1.38571071853105,-1.93866185481304
1.38746011052182,-3.91172264310555
1.38921392513956,-4.26452741661271
1.39097217917671,-3.8370143182257
1.39273488951084,-4.12817648781894
1.39450207310518,-4.43940087303085
1.39450315816732,-4.44097221559926
1.39627374700918,-3.46976551755134
1.39804992835901,-4.05144702764781
1.39983063437818,-3.77330472079839
1.40161588237804,-3.98004961152535
1.40340568975838,-3.69310911283779
1.40520007400797,-4.23288948378533
1.40699905270514,-3.21768492620609
1.40728504349201,0.0795382386189356
1.40880264351836,-4.5383717947806
1.41061086420679,-3.78565789889095
1.4124237326209,-4.40099435742107
1.41424126670305,-4.60876774326565
1.41606348448805,-4.24314171741546
1.4178904041038,-4.25606839818036
1.41972204377186,-4.39789017018936
1.4201840863803,-1.78543942950788
1.42155842180807,-4.47712098158755
1.42339955662315,-4.22032328230515
1.42524546672334,-4.59328223105442
1.42709617071099,-3.30456000739994
1.42895168728519,-3.80379361783864
1.43081203524243,-4.5026611602639
1.43267723347719,-3.69857911257881
1.43320136068746,-4.23408163567709
1.43454730098261,-4.61232039744968
1.43642225685112,-3.27327882035596
1.43830212027512,-4.48885033621124
1.44018691054758,-3.14221386727653
1.44207664706275,-2.77919917822945
1.44397134931679,-4.54121671043007
1.44587103690847,-1.87026146136484
1.44633795011158,-1.46612387148932
1.44777572953984,-3.26383334728379
1.44968544701689,-4.54559992020237
1.45160020925024,-4.46176822768266
1.45352003625586,-0.954895823029149
1.45544494815575,-4.06950533717841
1.45737496517863,-4.36273733829947
1.45931010766067,0.43924577332089
1.45959494828386,-1.53317607133377
1.4612503960462,-4.41402518761638
1.4631958508884,-4.4056437523997
1.46514649285008,-1.14555925004496
1.46710234270437,-4.27986511299926
1.46906342133548,-4.14066762466749
1.47102974973941,-2.74033231502855
1.47297345885961,-4.5219893761699
1.47300134902474,-4.52476067860008
1.47497824041337,-4.57849837956448
1.47696044524128,-2.82774716175405
1.47894798495928,-3.76830675906817
1.48094088113382,-3.6077679217548
1.48293915544773,-3.44240661362253
1.48494282970106,-3.81324354644906
1.48647459561013,-2.97686487583124
1.4869519258118,-3.67402858581838
1.48896646581676,-4.35631596365883
1.4909864718723,-2.88574498566121
1.49301196625519,-4.45621487903199
1.49504297136342,-2.08201494950331
1.49707950971702,-3.67410835374503
1.49912160395889,-4.246310331422
1.50009948251546,-3.91831093342805
1.50116927685566,-4.56989468925636
1.50322255129848,-2.49981704788351
1.50528145030395,-3.1464979030275
1.50734599701494,-2.42531620534501
1.50941621470143,-4.43562157662498
1.51149212676144,-4.4943662320766
1.51357375672188,-4.02951421435424
1.51384925385791,-3.74227383097659
1.51566112823944,-4.51522898930441
1.51775426510149,-2.07354894025568
1.51985319122699,-3.51551257584512
1.52195793066739,-2.8782602374603
1.52406850760754,-2.71092672888094
1.52618494636666,-3.95769036866793
1.52772505431655,-4.00965691259606
1.52830727139922,-4.30339257830937
1.53043550729592,-4.14633907349131
1.53256967878461,-2.11658553336244
1.53470981073127,-4.35489522650008
1.53685592814099,-3.29954913432229
1.53900805615888,-4.25725232574999
1.54116622007113,-4.35336226373161
1.54172803906245,-2.52872262438555
1.54333044530596,-3.42179893489467
1.54550075743461,-3.95556609940999
1.54767718217237,-4.15838701733245
1.54985974537958,-4.47425431880967
1.55204847306268,-3.81545533127198
1.5542433913752,-3.93481195031862
1.55585937385487,-4.18889324061431
1.55644452661885,-3.69125909835512
1.55865190524452,-4.26576410458327
1.56086555385338,-2.19354362381486
1.56308549919793,-2.88622351304989
1.5653117681831,-3.52402225626813
1.56754438786728,-3.90054501939741
1.5697833854635,-2.36427183057626
1.57012023513831,-3.82898641258507
1.57202878834047,-4.26052422702688
1.5742806240237,-3.02496323407408
1.57653892019666,-3.63448924988498
1.5788037047019,-3.74637166975802
1.58107500554218,-4.20655365818928
1.58335285088163,-4.5700817931872
1.58451181014047,-3.17118926133307
1.58563726904693,-4.52277477468525
1.58792828852846,-2.58835695353148
1.59022593798151,-2.9164350365509
1.59253024622744,-2.96109368553212
1.59484124225492,-3.61415618585565
1.59715895522114,-2.30838312268108
1.59903529697103,-3.97004193958421
1.59948341445301,-4.0403815337767
1.60181464944843,-1.24019334670337
1.60415268987751,-3.51468717567511
1.60649756558385,-4.35502433322429
1.6088493065858,-3.72440158805361
1.61120794307775,-3.90561356460151
1.6135735054314,-4.44671977194477
1.61369190472147,-4.45082474373376
1.61594602419708,-4.13240720158385
1.61832553010507,-2.51675874463101
1.62071205406692,-3.57309302232963
1.62310562717679,-4.59270627103999
1.62550628071279,-3.70308421155787
1.62791404613837,-2.96126423410809
1.62848285356567,-3.40829626642895
1.63032895510364,-3.62592730211006
1.63275103944684,-2.69752028994046
1.63518033119567,-4.57596031949115
1.6376168625687,-4.26585202037396
1.64006066597686,-3.58842751482379
1.64251177402482,-4.28909016965778
1.6434093748615,-4.48928085839523
1.64497021951244,-4.05519763627544
1.64743603543626,-1.44945226558028
1.64990925499098,-3.89464449570525
1.6523899115709,-3.65229260131648
1.65487803877149,-1.99243540627967
1.65737367039086,-3.52917758885823
1.65847271125337,-3.11819504789176
1.65987684043131,-4.21798718164607
1.66238758310085,-2.9461175416233
1.6649059328148,-3.16983935760678
1.66743192419732,0.827819510314979
1.66996559208304,-2.29261503863055
1.67250697151862,-2.761280785308
1.67367411677562,-4.60588998265249
1.67505609776438,-3.85586155553571
1.67761300629594,0.692147006151201
1.68017773280587,-3.00650454452787
1.68275031320533,-3.53549668120698
1.68533078362575,-3.8697955720435
1.68791918042054,-1.84207775633198
1.68901485695697,-4.58807816862688
1.69051554016679,-4.56316804781821
1.69311989966697,-3.39804054887233
1.6957322959507,-3.92989134767234
1.69835276627649,-4.39154603186634
1.70098134813352,-1.96171752831239
1.7036180792434,-3.63971075027362
1.70449620892586,-4.40180421663539
1.70626299756203,-3.6044490962905
1.70891614128135,-1.27622899883741
1.71157754883124,-2.47500128709985
1.71424725888135,-3.55289276486863
1.71692531034296,1.10157673157798
1.7196117423709,-2.64367332269356
1.72011946151676,-3.86718497012251
1.72230659436542,-3.44067478785868
1.72500990597417,-4.38550207869477
1.72772171709408,-3.17976632709221
1.73044206787339,-4.40653417908922
1.73317099871357,-1.68269159506647
1.73588591537747,-2.34577447814027
1.73590855027135,-2.47589798022566
1.73865476346076,-4.59496036634656
1.74140967945511,-0.792514208582618
1.74417333968912,-4.3638813388005
1.74694578586092,-1.91716494781028
1.74964015923312,4.27007845635231
1.75179688307743,-4.27958741449729
1.75251720414036,-1.98433200367967
1.75531626098053,-3.71955307333102
1.75812427322784,-3.82764338751352
1.76094128392955,-3.23227471342588
1.76376733640926,-2.26124373155509
1.76660247426912,-2.8867474940582
1.76785368921695,-3.85181149622807
1.7694467413921,-4.56663913285851
1.77230018194422,-3.88950469455088
1.77516284037685,-3.89244723591318
1.77803476142904,-3.45669057075159
1.78091599012981,-2.06782231541266
1.78380657180054,-3.45780199549725
1.7840576705375,-2.76952456042094
1.7867065520573,-4.30051973820341
1.78961597681333,-3.86431208754968
1.79253489228136,-4.04859471592616
1.79546334497615,-3.50269479754425
1.79840138171691,-2.54953384469641
1.80041017603301,-4.4981901371053
1.80134904962978,-3.0414614813632
1.80430639615042,-4.41421721547008
1.80727346902648,-3.30107659810133
1.8102503163202,-4.45721912702581
1.81323698641102,-2.17072738060094
1.81623352799818,-4.22754702442936
1.81691256706215,-3.6110402382387
1.81923999010336,-4.59942581740924
1.82225642207339,-3.29639287588779
1.82528287358291,-3.31615585171338
1.82831939463711,-4.40566859559138
1.8313660355745,-3.41167697624721
1.83356621746169,-4.44797633123969
1.83442284706967,-3.56984166573804
1.8374898801361,-4.1171558447617
1.84056718612903,-3.85903219592658
1.84365481674828,-4.56548887996272
1.84675282404118,-4.4324189343462
1.84986126040547,-4.35354521171027
1.85037251366084,-1.64408820417745
1.85298017859229,-3.9163499520038
1.8561096317091,-4.6164899564827
1.85924967322279,-2.75449114524602
1.86240035696261,-3.02216743440963
1.86556173712336,-4.60414420574526
1.86733285479671,-2.79748841120332
1.8687338682684,-3.28794850753465
1.87191680533285,-4.05713427927881
1.87511060362675,-4.16127524588635
1.87831531883826,-1.78408655447206
1.88153100703687,-2.25589077880116
1.88444865283075,-3.83873215464425
1.88475772467671,-4.40351552818461
1.88799552859984,-3.72690321239398
1.89124447603957,-3.25563811968746
1.89450462462388,-3.01904378220516
1.89777603237877,-2.86363754031319
1.90105875773171,-3.60231511802644
1.90172133266634,-3.49349949808422
1.90435285951519,-1.82571349812295
1.90765839697012,-2.81247193234006
1.91097542974949,-3.3829076769911
1.91430401792189,-4.17058643198877
1.91764422197515,-4.27272354081046
1.91915233226737,-3.35684869654924
1.92099610282002,-2.73072058683565
1.92435972179387,-2.33531834624566
1.92773514066441,-4.08160609387423
1.93112242163349,-4.26137015495775
1.93452162734093,-3.97282877410569
1.93674310277798,-3.74119985362782
1.93793282086835,-4.32697505738153
1.94135606574309,-3.78043495821342
1.94479142594217,-1.39032707829071
1.94823896589625,-4.50788655013756
1.95169875049365,-4.17568937269792
1.95449510864336,-3.82742479186735
1.95517084508448,-2.94231325133521
1.95865531548467,-3.58520123489987
1.9621522279802,-4.446022148666
1.96566164933126,-4.13836156756375
1.96918364677652,-4.33507596458608
1.97240982773168,-3.96033704853906
1.97271828803741,-3.76085890670359
1.97626564132248,-3.15996024758036
1.97982577533177,-3.50716313860139
1.98339875926125,-1.19624306115273
1.98698466280731,-2.62947513457701
1.99048875145709,-4.44111285466025
1.99058355617128,-4.57892811120908
1.994195510064,-4.43326191694726
1.99782059571051,-4.30793646522003
2.00145888485465,-1.97693996228063
2.00511044976385,-4.02729724086586
2.00873338490391,-4.19756340081469
2.0087753632339,-4.16641757799741
2.01245369859377,-3.74218486421162
2.01614552971055,-4.57227549846161
2.01985093099431,-3.89829675624591
2.02356997740319,-2.66178578503016
2.02714524695194,-4.20274389231045
2.02730274444841,-4.32660842360903
2.03104930819936,-4.39345677354712
2.03480974528882,-3.56683202884315
2.03858413291814,-4.39660122833274
2.04237254886254,-3.58756685265959
2.04572587040285,-0.112687280265478
2.04617507147648,0.426359083143806
2.04999177969899,-4.59714312710165
2.05382275305922,-4.02112582978546
2.0576680716819,-2.65457962459979
2.06152781629294,-3.93416899321179
2.06447680210787,-3.95176282092646
2.06540206822511,-3.52750346906899
2.0692909094237,-2.98921011376248
2.07319442245235,-4.35099622755811
2.07711269049887,-3.78170910609842
2.08104579738113,-1.98407959327082
2.0833996030965,-1.45458094176681
2.08499382755308,-4.24463257348035
2.08895686611076,-3.50249463890319
2.09293499879841,-4.36583425421927
2.09692831201469,-3.84780088253811
2.10093689281892,-2.30799019813677
2.1024958487065,-4.37469385966816
2.10496082893737,-2.65537388570212
2.10900020876972,-4.080294594712
2.11305512139549,-4.41681088570241
2.1171256565806,-4.50369473973373
2.12121190478401,-2.09869573155132
2.12176712871501,-1.93024338797719
2.12531395716439,-1.72016582002792
2.12943190558693,-3.79397850716336
2.13356584263017,0.403135032828542
2.13771586159297,-4.15867338461371
2.14121504747093,-3.90064032812305
2.14188205650148,-4.43869091991601
2.14606452211631,-2.66024497438392
2.15026335393965,-1.7672447963673
2.15447864822257,-3.31237299910024
2.15871050197239,-3.89867014309462
2.16084122402849,-2.78760089076619
2.16295901296006,-0.771332382006991
2.16722427972778,-4.32906365488239
2.17150640159653,-3.73375299683826
2.17580547867384,-4.3869188974106
2.18012161186158,-3.80823099519719
2.18064729228199,-4.0099261548373
2.18445490286382,-4.29734681517616
2.18880545419486,-3.41711453006545
2.1931733691873,-4.18051731151221
2.19755875200021,-3.09265176330652
2.20063490110187,-1.51317843285355
2.20196170762742,-2.91594744476143
2.2063823419059,-4.16631905709611
2.21082076152424,-4.05088962538443
2.21527707403124,1.2219861670894
2.21975138784456,-3.62081684861821
2.22080571447196,-4.58575195758405
2.22424381225958,-2.85883634608533
2.22875445745821,-3.52573938825518
2.233283434518,-4.08663498910258
2.23783085542118,-3.08732207003797
2.24116141162799,-1.69459483210741
2.24239683306391,-4.04435592114388
2.24698148126565,-3.64852099297875
2.25158491477857,-4.12855825278555
2.25620724929717,-2.65996739075038
2.26084860146794,-2.60088454050001
2.26170368719744,-4.17462079767572
2.26550908889921,-2.4074957860822
2.27018883017102,-2.72733235236987
2.27488794484524,-4.14572664278612
2.27960655347574,-4.2092114208111
2.28243425134056,-4.549116438624
2.28434477761865,-3.33225777401205
2.28910273984288,-3.2573363888034
2.29388056374062,-2.8759740182235
2.29867837393806,-4.24938698162308
2.30335482989279,-4.17120559497275
2.30349629610624,-4.17674455937416
2.30833445697204,-4.61883139731501
2.31319298432923,-3.43999304048597
2.31807200704978,-3.18373033088116
2.32297165509522,-3.16543082511916
2.3244671645084,-1.40916801968095
2.3278920595282,-2.56437705914507
2.33283335252417,-3.04563631354748
2.33779566738323,-4.49013010020147
2.34277913854206,-4.0139197227447
2.3457730128055,-4.50260100937825
2.34778390158613,-3.84233203013773
2.35281009326198,-4.22657108421558
2.35785785148963,-3.79387192833528
2.36292731537526,-3.62750552772005
2.36727414851237,-4.51207411627994
2.36801862522394,-4.35548464918853
2.37313192255259,-4.27911364571102
2.3782673501031,-3.25163735709404
2.3834250518556,-3.39053702069637
2.38860517304194,-1.90436272245714
2.38897236161513,-1.11218766917077
2.39380786015928,-1.09539767421328
2.39903326098393,-2.70822126786189
2.40428152458535,-4.57070823441419
2.4095528013403,-3.27977432535065
2.41086945850671,-3.32886193895101
2.41484724294722,-3.53372302171076
2.42016500244076,-3.91228223921726
2.42550623420657,-0.150333656855112
2.43087109399618,-3.95493410288324
2.4329672621373,-4.5977845950122
2.43625973894221,-3.00788308216758
2.44167232757364,-3.31582485222501
2.44710901983141,-1.20271662034591
2.45256997708413,-3.11102252579005
2.45526761216607,-1.16052094939929
2.4580553621441,-2.44071106660388
2.46356533928344,-3.74164258502876
2.46910007425051,-2.29408561832563
2.47465973428654,-3.46199850910566
2.47777236511433,-3.33853293667235
2.48024448814245,-2.29849969904981
2.48585450609596,-4.22014964264511
2.49148995996884,-3.30445848262409
2.49715102314452,-4.00062423361502
2.50048339452009,-4.52577899766638
2.50283787058582,-2.90914306811075
2.50855067885299,-1.99702587903633
2.514289626122,-3.85033306997136
2.52005489220304,-4.23127529081697
2.52340259109404,-3.21674559116409
2.52584665855932,-0.254337172550409
2.53166510832608,-3.90453743372237
2.53751042632993,-4.11592499528999
2.54338279910838,-0.800238939522474
2.54653186287695,-2.58035863668786
2.54928241492974,-4.00243374207369
2.55520946381316,-3.711473670566
2.56116413754913,1.03357016800086
2.56714662972007,-3.87029725173838
2.56987313539851,-2.75995091872764
2.57315713572136,-2.78654411086493
2.57919585278263,-4.3193688167959
2.58526297998928,-2.97288606613538
2.59135871830441,-4.41256053129328
2.59342835183762,-3.23965721078972
2.59748327059096,-3.16683233150613
2.60363684163427,-3.2164416207514
2.60981963816486,-4.49017880748355
2.6160318688816,-3.31529739194932
2.61719947318419,-3.97249753351648
2.62227374447519,-3.4394227656546
2.62854547765197,-4.41540847405807
2.63484728315811,-3.97255057860647
2.64117937780409,-1.31525892503785
2.64118847840239,-1.31004208034202
2.64754198048958,-3.33831277575021
2.65393531222864,-3.95079230203558
2.66035959617538,-3.17555598051033
2.66539736459536,-4.26009715600023
2.66681505764983,-4.17887576386514
2.67330192416435,-3.56946820920226
2.67982042545033,-0.318136149422431
2.68637079348534,-4.62552373773028
2.68982814717154,-3.5124859888326
2.6929532625206,-4.59336460807632
2.69956806910894,-3.57089835887004
2.70621545213315,-4.42032603199923
2.71289565283468,-3.61163039556826
2.71448286001238,-4.20934546975551
2.71960891484288,-3.31660725214843
2.72635548420461,-4.05566354881771
2.73313560941426,-3.77870083489418
2.73936355564171,-4.1515745968961
2.7399495414443,-4.61290444986006
2.74679753377625,-4.09959797462236
2.75367984243208,-4.37290045640762
2.76059672600614,-3.70526771562177
2.7644723053966,-3.71944524886382
2.76754844569755,-1.61481239798431
2.77453526534306,-4.56586657382198
2.78155745145045,-4.17408854167607
2.7886152732324,-3.88458137070612
2.78981119959982,-4.30730765176676
2.79570900264093,-4.26437865213049
2.80283891440226,-4.28787425258477
2.81000528605235,-4.1799909341805
2.8153823477338,-3.83104831636129
2.81720839797287,-4.26686345841179
2.82444853342778,-3.48202898538321
2.83172597860046,-4.54567514995913
2.83904102263141,-4.23909115984239
2.84118787861634,-3.21697313233008
2.84639395765657,-2.68583189612221
2.85378507884617,-3.87496292622078
2.86121468444427,-2.96568629034968
2.86722994057774,-4.62273658970125
2.86868307580884,-4.32066382974071
2.87619055745253,-4.12995864795463
2.88373743708406,-4.53552133985468
2.89132402565025,-4.43029043231499
2.89351070163972,-1.11758455296095
2.89895063737871,-3.91211627522913
2.90661758982127,-3.46573908487849
2.91432520389801,-3.48676804961244
2.92003234969587,-4.45235819742541
2.92207380394207,-4.01965684153325
2.92986371774511,-4.49625071235889
2.93769527660357,-4.09163529153821
2.94556881536562,-2.8475721828768
2.94679709269382,-3.04259811996283
2.95348467247887,-3.99270177808083
2.9614431900389,-4.31334321870404
2.96944471383851,-3.95956724977165
2.97380715881904,-2.66834019643969
2.97748959341782,-3.54009292306731
2.98557818211516,-4.5883217924862
2.99371083711881,-4.10069482654981
3.00106479668034,-1.29392707481944
3.00188791951958,-3.18191769009266
3.01010979436422,-3.9245113965126
3.01837683070982,-4.3478630743052
3.02668940167895,-4.52578219005901
3.02857227549704,-3.54436014775533
3.03504788451584,-4.54830986271193
3.04345266064343,-3.60230131722952
3.05190411572141,-4.18413739358769
3.05633188528796,-4.00705401087353
3.0604026397052,-4.10062994728102
3.06894862690592,-2.89364345076379
3.07754247605138,-4.32787829169357
3.08434593706198,-4.4738732176148
3.08618459034811,-4.12040580146382
3.09487537754438,-4.04501360884675
3.10361524999439,-2.73660326123647
3.11240462472342,-4.49521604744959
3.11261676301048,-4.42252084349261
3.12124392349422,-2.36642478660647
3.13013357287443,-3.87295334769047
3.13907400430524,-4.18213683647494
3.1411467167015,-4.55898854709645
3.14806565417114,-2.04743640000308
3.15710896387097,-2.77206948460841
3.16620437989013,-3.61130590055322
3.16993817327565,-3.82414098887418
3.17535235387405,-3.55965526444587
3.18455334270298,-3.92924669765532
3.193807808568,-3.4317737807971
3.19899352964387,-3.92072387709018
3.2031162190485,-2.68789686212225
3.21247904719082,-0.779444653967717
3.22189677158848,-2.89710217063109
3.22831520468694,-4.54566437093408
3.23136987646369,-3.21793985522024
3.24089885175034,-3.43644451780378
3.25048419317845,-4.62221763877651
3.25790563945689,-4.23705938133938
3.26012640236018,-3.58745945180564
3.26982598687732,-3.81945179239253
3.27958346037032,-4.10726954940029
3.28776729738021,-3.98044015722221
3.289399342629,-2.94433013528217
3.29927415968487,-3.68771684236472
3.30920844390503,-4.59601483336249
3.31790266446292,-4.6231127491495
3.31920273408792,-4.47567010584888
3.32925757556065,-1.62201191472471
3.33937352027829,-3.95693861807703
3.34831424949753,-1.83369729096668
3.34955112692476,-2.03249622462468
3.35979096101579,-4.27915315114243
3.37009359500357,-4.59254432501158
3.37900458427191,-3.48266928212311
3.38045960838349,-3.77164699954378
3.3908895878028,-3.07965844181317
3.40138412717122,-3.85454954559921
3.40997622378007,-3.79971392736175
3.41194382777375,-4.40055403494424
3.42256929838544,-0.243444594101364
3.43326115538845,-4.20131225617112
3.44123174643485,-4.06422917000563
3.44402002289119,-4.15870646387074
3.45484653284977,-3.4754726947879
3.46574132519175,-0.964469323576596
3.47277375428258,-4.6087394632215
3.47670504794224,-4.47272797008529
3.48773835735236,-1.19771406613305
3.49884191803018,-4.42644530381634
3.5046048732197,-4.44601645221857
3.5100164030742,-4.38088139986078
3.52126249420934,-2.82929992759355
3.53258088192558,-1.39754815175402
3.53672775321138,-4.44755268184324
3.54397226561932,-3.91922781640651
3.55543735373739,-2.94550369145807
3.56697686392394,-3.18046872777242
3.56914506851211,-2.9078910469635
3.57859152317022,-4.29782260618171
3.59028206796719,-4.03703258465228
3.60185951788837,-3.91742602846276
3.60204924446124,-4.02481130701679
3.61389380861294,-4.2181676533414
3.62581652635889,-4.1783582116594
3.63487382484324,-3.19275901001427
3.63781817377688,-4.46824591468166
3.64989953725425,-3.36889111401237
3.66206141365968,-3.87355350983606
3.66819073784321,-2.90629833679387
3.67430461051836,-3.16199390259843
3.68662994619077,-3.14665969276771
3.69903825005499,-4.61051305957611
3.70181303054695,-3.44362994855388
3.71153036269275,-3.46102283040486
3.72410713607926,-4.31615939742247
3.73574350203621,-3.60224803324761
3.73676943377691,-3.48577266894594
3.74951813113289,-3.81172321880618
3.76235411548096,-2.628911396897
3.76998497704887,-2.82009154748019
3.77527828634729,-3.89536744454054
3.7882915556606,-3.16240571073698
3.8013948479667,-4.19598223212941
3.8045403062141,-4.47042012588858
3.81458910064736,-3.93297046505731
3.82787526414395,-4.16683957960427
3.83941236628966,-3.06037476438232
3.8412543021856,-3.67328503294655
3.85472719202224,-4.55446457934196
3.86829492466259,-4.60968378918401
3.87460406040141,-4.60077442001713
3.8819585051171,-4.46589545717566
3.89571895264612,-3.07225669036936
3.90957730101341,-4.56160801445518
3.91011831828499,-4.52672626579002
3.92353459874495,-1.90648177082315
3.93759190939347,-4.3406785495985
3.9459580965297,-3.30408820076664
3.95175031180853,-4.39743558204438
3.9660109004126,-4.60521292787806
3.98037478548301,-3.00989261375887
3.98212637882469,-3.76590661868161
3.99484309344014,-2.4341132394064
4.00941696714187,-3.53243352472103
4.01862617620732,-3.97133849121647
4.02409756618449,-4.35028367644944
4.03888606721032,-3.43369504932642
4.05378366422203,-3.705255851771
4.05546052731382,-4.21118586661325
4.06879156890404,-4.18021884796829
4.08391101095101,-4.61983756383435
4.0926324986323,-4.53528489810222
4.09914323840373,-3.19181088332354
4.11448951799256,-4.29093281959885
4.12995113548852,-4.03140801492779
4.13014518475797,-4.04408252773615
4.1455293960625,-4.38926470679977
4.16122562465245,-2.7881321439485
4.16800170865087,-4.16121026818715
4.17704116633907,-4.04967712477483
4.19297738673,-3.91799108277334
4.20620522189575,-4.13280559497164
4.20903567235295,-3.69890649548572
4.22521743105781,-4.38277470168058
4.2415240924281,-3.67395348535845
4.2447589049645,-3.96053072133683
4.25795710820198,-3.54297961667581
4.27451795270312,-4.59850717419212
4.28366596748095,-4.62528302421893
4.29120812328158,-4.52708068626785
4.30802914076518,-3.77722123973328
4.32292964848799,-3.49618388474429
4.3249825499214,-4.28802146480646
4.34206991993032,-4.25205852940295
4.3592928448688,-3.40218983607471
4.36255321671732,-3.15663371491181
4.37665294420618,-4.10250809340417
4.39415186331193,-4.49794872859414
4.4025399708615,-4.52543045612672
4.41179127397549,-4.13498417643788
4.42957287493872,-4.27828779497904
4.44289323984861,-3.78186175620206
4.44749839244121,-2.28496184990681
4.46556958077896,-0.783157919782555
4.48361638311936,-4.43522621155538
4.48378822287672,-4.44098568239687
4.50215613087431,-4.4154259365221
4.52067514672757,-3.828805665766
4.5247127909068,0.240747718413528
4.53934714282404,-3.52710207643131
4.55817402261409,-3.82796108251276
4.56618588451851,-3.84301400269615
4.57715772125772,-2.30895886131882
4.59630020628768,-4.51585773561018
4.60803911662149,-4.27262307438289
4.61560347828922,-3.89146502746726
4.63506957159709,-1.8296319488359
4.65027597152954,-4.46974777563682
4.65470055501025,-3.70132187047935
4.6744985325248,-2.09437997958557
4.69289996549334,-3.83792704584758
4.69446564408569,-3.83454666642067
4.71460406635781,-3.70206005172682
4.73491601351698,-4.54039289341151
4.73591464699323,-4.5548259257989
4.75540373806151,-2.12792343724655
4.77606953164487,-3.79922225581154
4.77932359703456,-2.78232582239812
4.7969157259302,-3.9228821005996
4.81794469346732,-2.86955113691519
4.82313042944586,-4.44198918290695
4.83915884859286,-4.60606302960517
4.8605606483543,-4.40829592581557
4.86733879117965,-4.24603482410626
4.88215259345864,-2.06290985790426
4.90393722924646,-4.54152484344903
4.9119523626161,-2.628809475949
4.92591714669219,-2.68378740946699
4.94809498343138,-4.56029868324808
4.95697485786938,-4.60217107305565
4.97047342481586,-4.34599401989536
4.99305520499766,-2.79967568849171
5.0024100250969,-1.67294047084718
5.01584310804261,-2.85300581133427
5.03883996907458,-3.22906916392813
5.04826164681132,-3.72983882085734
5.06204867545133,-3.08051187918042
5.08547216797303,-0.11321940049598
5.09453354019545,-4.15822607616215
5.10911344212443,-3.66709008701932
5.13297554935194,-3.99565154149772
5.14122955742005,-4.06999034241031
5.15706159837655,-3.98218640760624
5.181374756544,-0.792730685887792
5.18835358596451,-4.09357557033033
5.2059182512132,-3.34208146827538
5.23069537118446,-2.5789261371813
5.23590954894051,-3.3597037238745
5.2557094681685,0.175577827199985
5.28096395829803,-3.27935800763723
5.28390140541858,-4.36304204572812
5.30646232368291,-3.89723858892651
5.33220811401076,-3.57163103877085
5.33233315075774,-3.58701956581726
5.35820494819427,-3.47532803056819
5.38120881693807,-4.52237139736767
5.38445651606701,-4.37599412611226
5.41096658012929,-4.35055669763054
5.43053247289643,-4.02457845855199
5.43773897734583,-3.77447978541633
5.46477762099716,-4.21864199794314
5.48030822486515,-4.607243179096
5.49208650258644,-2.894167303177
5.51966969380375,-4.41244831794572
5.53054021671393,-4.0298129595553
5.5475313485499,-3.98336338871272
5.57567570502185,-1.91563039416988
5.58123263029477,-3.17863747986419
5.60410708786189,1.23568325424784
5.63238968579013,-4.14845753586414
5.63282991037296,-4.13871650904562
5.66184867680242,-3.67132629652636
5.68401564206428,-4.5313944760633
5.69116798469678,-3.63086739497621
5.72079252732995,-4.51511756576875
5.73611479701783,-2.61868040701333
5.7507270962078,-2.3019162875901
5.78097658365169,-4.46437918296763
5.78869148794557,-4.58026212193025
5.811545985464,-1.60373731183503
5.84175009189749,-4.1551504812193
5.84244040367866,-4.16442168684702
5.87366504939994,-3.20099980220144
5.89529502604324,-4.33190286977183
5.90522524573266,-0.874750954434463
5.93712643080749,-3.29208691562858
5.94933074803981,-3.17995020690322
5.96937416090476,-2.23522337519447
6.00197411368064,-3.8688117335233
6.00386175640268,-4.30503569384914
6.03493209149966,-3.58293884474151
6.05889259088028,-4.39833655506024
6.06825402487758,-4.1425230263371
6.101945976039,-1.0072085958486
6.11442783283197,-4.39045622707917
6.13601414259407,-3.87066031782453
6.17046486133918,-3.02370303536779
6.17047210560941,-3.02243162491519
6.20530461218626,-4.58566779868844
6.22703007494145,-4.17679688134192
6.24054002222607,-3.57916680334617
6.27617786993069,-1.87947664637037
6.28410644932262,-2.73521151340847
6.31222508950074,-0.886677290192695
6.34170598040501,-0.828817501209388
6.34868877536342,-1.38728834819162
6.38557618682724,-4.37817360966952
6.39983346339396,-4.19930849815134
6.42289475290004,-4.16029101847963
6.45849373744719,-1.78405826433024
6.46065207727691,-2.69821548289397
6.49885594350508,-4.50312780643688
6.51769168607768,-3.81204829868025
6.53751432033321,-2.28157224572888
6.57663536725263,-3.6936806437536
6.57743223756025,-3.67912207182124
6.61622744023887,-3.09954951788754
6.63772036534182,-3.91091667980371
6.65629909770168,-4.10659804031113
6.69685910665277,-3.12802816727938
6.69856108845544,-3.28764872488577
6.73791644910026,-3.67758422581173
6.75995947193817,-1.04793602835596
6.77948032867987,0.183673783011583
6.82156017753314,-2.50778556088844
6.82192062725272,-2.41296464982006
6.86416566344326,-1.78241160718383
6.88444971271298,-4.54784075647362
6.9073066972401,-0.230156809259741
6.94755193391347,-4.20095024601116
6.95099344048621,-4.05700355285515
6.99523631345636,-3.34968966289628
7.01123254416271,-4.51037792748778
7.04004600342374,-4.01695577787823
7.07549684492052,-4.58679868868907
7.08543347326673,-3.54984871899146
7.13140997041072,-3.58213975975335
7.14035018623945,-3.77422963377583
7.17798703612039,-4.01294453541371
7.2057979672101,-3.13571526075785
7.22517651515845,-4.15084796908221
7.27184563641063,-4.42001059829627
7.27299056582795,-4.37935044643146
7.32144167041601,0.211824071720143
7.33849869236037,-4.41626461150801
7.37054264605768,-3.85394236367458
7.40576268397755,-3.80719240260098
7.42030665604006,-2.59229625311113
7.47074722156732,-2.82131058485717
7.47364321104128,-2.78925544489116
7.52187823400893,-4.45857022868077
7.54214592465772,-4.03619724009994
7.57371396765434,-3.29857199342345
7.6112765277305,-4.53190493525651
7.62626909299864,-4.54947433732517
7.67955869058528,-3.16307570802505
7.6810407754356,-2.97694662890749
7.73359826543323,-2.73249298716164
7.75144447570034,-4.46172512907887
7.78840376207756,-4.12931624538069
7.822493489687,-4.52960308622667
7.84399158025416,-3.96000581416419
7.8941937322807,-3.90035158049435
7.90037859126092,-4.40927786789635
7.9575821550297,-3.7194621977819
7.96655117258186,-4.13470637892888
8.01562013794541,-0.346317690461406
8.03957183440309,-2.80655803987227
8.07451093145058,-2.09728564605789
8.11326179677073,-3.59616963805829
8.13427347147609,-4.48022341687855
8.1876271944309,-4.38106845652638
8.19492725874128,-4.30449554625304
8.25649237996906,-0.264889087316734
8.26267421836022,0.481082173986151
8.31898953006454,-3.48057268092239
8.33840911628122,-4.41878548791951
8.38244003530862,-2.12823836492956
8.41483819318248,-3.69853449300749
8.44686587762122,-3.33522067324393
8.4919678118435,-4.06280772326559
8.51228971995195,-2.49052990038078
8.56980439336445,-2.65618999753835
8.57873493286003,-4.47958421786277
8.64622562234886,-4.43827601625967
8.64835441770066,-4.44918363203183
8.71478665902488,-4.55749125993001
8.72762442420216,-3.9199112421305
8.78444370865481,-2.79921287789213
8.80762101215803,3.61680843207185
8.85522326420017,-4.03686710427681
8.88835084134583,-3.78536975097589
8.92715267941311,-4.11673629102879
8.96982063258601,-4.52391958276408
9.00026020408289,-3.00446503042324
9.05203716830142,-4.59157409425385
9.07457502102868,-4.36280822081184
9.13500729308197,-4.35222844065621
9.15012728494017,-4.2754633489183
9.21873791425445,-3.23691706569255
9.22694816317484,-2.16392385377944
9.30323600245755,-3.92390722010325
9.30506987862765,-3.7050451166534
9.38452575479718,-4.06781764830592
9.3885085922222,-4.26449383985082
9.4653502631805,-3.99385649967414
9.47456278255714,-2.62640467090202
9.54757907313851,-3.72195093101513
9.56140573754,-3.32947075094447
9.63124910438324,-4.20809724905692
9.64904468691365,-3.32722861472129
9.71639858224933,-3.46788626154088
9.73748692668812,-1.64001786407377
9.80306709592368,-3.27251402391383
9.82673981974799,-1.00279890103846
9.89129565981937,-4.02358804794128
9.91681079646532,-3.79800559263075
9.9811267782941,-4.48740268028522
10.0077073553183,-4.57707351309873
10.0726045139274,-2.87015438185208
10.0994370635155,-4.59292556706194
10.1657745595872,-2.72755088740988
10.1920075576256,-3.27523689277806
10.2606843145333,-3.68195624768791
10.2854265442137,-4.5287092353864
10.3573829648242,-2.86398728860635
10.3797018004823,1.58515888974105
10.455921568314,-4.04631750984137
10.4748411749191,-3.25740282942039
10.5563531445473,-4.61474382510059
10.5708525879503,-3.83794525048407
10.6587327698854,-4.50987963542448
10.6677440326,-4.42543516370856
10.7631176782225,-1.85741369081669
10.7655235751555,-1.50379646430454
10.864199355839,-4.07325578072946
10.8695673676774,-4.14709759225318
10.9637795894854,-4.59562082795955
10.9781437136816,-4.09702373855183
11.0642725662256,-2.61160405447001
11.0889110889111,-2.87676020411684
11.1656866521775,-4.22950955308161
11.2019364905553,-4.16441739502202
11.2680302901418,-2.76505444602427
11.3172896754475,-4.06043014671318
11.3713120003051,-4.07333874160705
11.4350433036318,-2.12005714558754
11.4755403809494,-0.515091426217369
11.5552730909877,-3.64632726966463
11.5807241091676,-4.20482843765959
11.6780579715844,-3.34519462891902
11.6868719415861,-4.30327515804791
11.7939927150937,-0.5075663639432
11.8034802704972,-1.31382061796146
11.9020953475772,-3.62135303339304
11.9316258878822,-3.35687909985941
12.0111888386641,-4.42745257420163
12.0625844951717,-0.461679557083615
12.1212822704715,-1.2491391695377
12.1964497443341,-2.89294057885431
12.2323848083625,3.01531871383221
12.3333194912239,-4.00291503880797
12.3445057017087,-4.26592850382187
12.4576542846611,-3.1537852266396
12.4732960341411,-3.00290846446731
12.5718399769261,-4.53687537491411
12.6164863688216,-4.06356179807395
12.6870722845507,-3.91345734491418
12.7630024611956,-4.10944037748127
12.8033608007131,-2.59679850316795
12.9129615393745,-4.18168602779244
12.920715206522,-3.6818154739311
13.0391452718219,-3.92509693918223
13.0664864064665,-4.41333427143795
13.158660856007,-4.23701908682179
13.2237057759761,-4.25719439898629
13.2792719088417,-4.26312298229758
13.384754631711,-3.1757118499327
13.4009884712891,-2.46360490825956
13.5238206763467,-4.55962468654858
13.5497746143142,-3.47439865134064
13.6477787498901,-1.73114456843817
13.7189144367449,-2.90558952133861
13.7728730115245,-3.26704974299352
13.8923303312719,-4.33445412367573
13.8991138754435,-4.31053070847045
14.0265118512961,-2.47267045616016
14.0701865308021,-3.65142953047436
14.1550775450621,-3.65988963143215
14.2526557876625,-3.2730173191961
14.2848216599344,-1.51379543192914
14.4157549972104,-4.45863517041372
14.4399199332786,-4.40977148185087
14.5478884571914,-3.8740983586242
14.632170482562,-3.50646700983171
14.6812330400897,-4.23038390764546
14.8157998469444,-2.33151403722084
14.8296092872301,-3.23605257095832
14.9516000805459,-3.69047955134559
15.0324492427416,-4.40214968633083
15.0886450463682,-2.67977288794552
15.2269461535102,-4.56189185019466
15.2409150540547,-4.56437642027666
15.3665149156456,-4.15667907989209
15.4552440659964,-4.42929117736597
15.5073629519813,-3.5910781227403
15.6495019882249,-4.38413852875462
15.6756871646949,-4.2556632356835
15.7929438575605,-4.16216188392858
15.9025097572729,-4.00594031389008
15.9377005016343,-3.62888373638455
16.0837839715482,-2.74028301519181
16.1359928378453,-1.16762484706371
16.2312064288638,3.02648150928488
16.3764341488218,-2.93406650632383
16.379980146614,-3.19626298410427
16.5301175103256,-2.6270849060904
16.624149447609,-4.50936511426264
16.6816310190495,-3.80284097015184
16.8345332864022,-4.47520994970947
16.8794738900391,-4.4650120097181
16.988837041615,-2.24711940846132
17.1427635432746,-3.15187196275005
17.1445551305945,-3.25799426669991
17.3017005169915,-4.5239144988519
17.4143970425476,-3.6316836484605
17.4602862832804,-4.08389453097212
17.6203256318483,-3.70417014486108
17.6947774079446,-1.92975976121775
17.7818318860944,-1.92830989034653
17.9448184915386,-3.54081690523546
17.9843340395705,-4.36908040698259
18.1092990169413,-3.30885230549635
18.275287155433,-3.67349083408343
18.2835249118642,-3.97580621959301
18.442796725654,-1.28429176080218
18.5928389906503,-4.43012855792708
18.6118416729051,-4.56069203933819
18.7824360703082,-2.86215127503076
18.9127988997567,-4.34502565758535
18.9545941199783,-3.40865042877872
19.1283301542056,0.0669991179749712
19.2439638677898,-3.46977597462782
19.3036586366489,-1.34108130793138
19.4805941635392,-2.54843306093537
19.5869329900169,-2.6277048677164
19.6591514648954,1.48381218396079
19.8393454057504,-0.261799009922045
19.9423488453799,-3.12375655934224
20.0211909873885,-4.61533303020903
20.2047033485945,-4.45005492867242
20.3109015145844,-3.74870418774006
20.3898977669136,-3.08884603901405
20.5767896599239,-3.42126034043722
20.6933330521245,-3.2224259994679
20.7653945865194,-0.376723745172145
20.9557282482055,-1.37914068644599
21.0904424732224,-4.19180782387432
21.147806490406,-4.52416184392925
21.3416453037825,-4.57805576853215
21.503091326206,-4.54749453120943
21.5372608255656,-4.37734676312059
21.7346693408981,-3.79098063447137
21.9322099321038,-3.12444686988627
21.9338872841908,-3.15206987862249
22.134931240491,-2.00425916200672
22.3378179468629,-3.63916471905904
22.3788043865634,-2.91448957730015
22.542564293781,-4.11508447831628
22.7491873265363,-4.14975649284091
22.8439644350095,-4.33870236946061
22.9577042466556,-4.28487203572613
23.1681324133328,-4.41439390065185
23.3288723507963,-4.61302819476126
23.380489344875,-4.50405639625214
23.5947927201603,-3.74763614782765
23.8110603801096,-3.93240643049077
23.8348129686196,-3.84553714414855
24.0293103291723,-3.64255872999328
24.2495607368246,-4.03850445736995
24.3631850524577,-3.86687270535626
24.4718299390826,-4.39221276865007
24.6961364400285,-1.67873175913681
24.9155142098241,-2.75161277657512
24.9224989133513,-2.83169125667078
25.1509362039012,-3.89582455910957
25.3814673292586,-2.28202714583526
25.4934676034146,-3.88275799638322
25.6141114813172,-3.33509017500816
25.8488880278817,-3.8749063659848
26.0858165142806,-3.28939850349096
26.0988707589335,-3.39541342938131
26.3249166649927,-4.60120040815369
26.5662083852898,-4.0901834312418
26.7337268260262,-3.71827245565143
26.8097117628933,-4.18407214493934
27.0554470696469,-2.50238053778455
27.3034347632042,-2.5714727489295
27.4002387204346,-2.74892440340509
27.5536954887317,-4.6222434747834
27.8062500806274,-4.54035253278554
28.0611195642557,-3.80798551922445
28.1008346630662,-3.91333164850934
28.3183251576973,-1.19652759444713
28.5778882735159,-3.03319610722511
28.8381977399188,-3.95454486202508
28.8398305205409,-3.94859470500231
29.104173705666,-4.25063592152279
29.3709398356649,-4.20038375418457
29.6153002413099,-4.2222589590709
29.6401511190234,-4.22106923639311
29.9118299677881,-3.07844775610258
30.1859989994325,-3.46626372893687
30.4354437068925,-4.24489758792058
30.4626810387395,-4.27117433829702
30.741899119702,-3.02022899338593
31.0236764874403,-4.01348587361653
31.3023058140423,-3.70341522260171
31.3080366001372,-3.66052884968085
31.595003130991,-3.71386867741777
31.8845999701865,-4.41000417587995
32.1768512268835,-3.51874139877211
32.2199955140056,-3.26363198634104
32.4717812312243,-3.39378470616444
32.7694145363588,-3.85550291600541
33.0697759204888,-4.08545907472015
33.1931181595264,-4.39232758971397
33.3728903889309,-3.84084787391973
33.678783176198,-3.82617921444447
33.9874797481003,-4.21293311095858
34.2268528021075,-3.18042837922886
34.299005803865,-2.16058639130083
34.6133872782762,-0.967060729414614
34.9306503438337,-3.90989272396294
35.2508214129322,-3.56008571178811
35.3270443971803,-3.84341759515215
35.5739271400595,-3.35344409377953
35.8999944240164,-1.83552244240318
36.2290504101554,-4.00060568163176
36.5003143829972,-2.36521628315418
36.5611224926406,-2.33927085209965
36.8962383167287,-3.94296373456663
37.2344257810701,-4.25213554947411
37.5757130400317,-4.37012146686092
37.7541940515414,-4.10998145123406
37.9201285060405,-4.16382890043937
38.2677008519494,-3.50033937596587
38.6184590134238,-4.27699109716244
38.9724321913507,0.11789944855107
39.0972863871781,0.963291098339282
39.3296498542699,-1.94167035382387
39.6901417408268,-2.3753611736681
40.0539378622486,-4.36528788781462
40.4210685048426,-3.67312412311785
40.5394637236544,-2.91942212350554
40.7915642325175,-1.83266339330462
41.165455889328,-2.98146575168423
41.5427746020423,-3.99841353431325
41.923551782734,-3.50859205281907
42.0921108222575,-3.30384391470446
42.3078191313964,-3.30226833995389
42.6956086385824,-4.13645953147202
43.0869525880671,-2.85297248854775
43.4818835595356,-2.38036698761081
43.7684260333913,-3.40121731604123
43.8804344312953,-3.85787632014402
44.2826383830133,-3.39002440960783
44.6885288984784,-2.8485754755516
45.0981397683885,-4.05554274184837
45.5115050931639,-4.03739304565053
45.5837974053449,-3.82385366410588
45.9286592857863,-3.41912481714817
46.3496370746634,-4.4442211122562
46.7744735065204,-3.54145081861751
47.2032039493174,-4.15554806111871
47.5562764417917,-4.35366513421329
47.6358640951939,-4.29588278822664
48.0724899634402,-4.29787607220575
48.5131179034962,-4.40827477132811
48.9577845979771,-3.21743839332746
49.4065270657277,-3.23780160131693
49.7071804236306,-4.018608767725
49.859382664904,-4.20395223804852
50.3163890960834,-2.32327472963866
50.7775844054031,-0.529131998086742
51.243006987728,-2.73240776633404
51.7126955898463,-2.86346644252646
52.0618659268377,-1.38984728805346
52.1866893136959,-1.63722959377728
52.6650276196194,-4.14660679465632
53.147750329649,-0.666300069386098
53.6348976308221,-1.67197672261321
54.1265100785267,-4.23972925201784
54.6226285998776,-3.94033116236946
54.6507331274752,-3.95148683937524
55.1232944971238,-4.13155812840719
55.6285494510868,-3.69926666600995
56.1384355246306,-2.28246009874349
56.6529951661635,-3.38686904541933
57.1722712131719,-4.25655832868265
57.5105454317086,-3.4188455942568
57.6963068957867,-3.22082428069004
58.2251458403818,-3.79798371198527
58.7588320732068,0.0865245537595722
59.2974100240515,1.55734192303251
59.840924529945,-3.59768633884576
60.3894208388885,-3.55292940072033
60.6861863130533,-3.02279755832811
60.9429446136222,-3.38176779974433
61.5015419354266,-4.23319911380193
62.0652593079588,-3.08250714097434
62.6341436611242,-3.35686765703312
63.2082423549834,-3.66662227690947
63.7876031836947,-4.17954189833293
64.2330322269907,-3.73111114645249
64.3722743794933,-3.33107757119072
64.9623046167063,-3.29947769047615
65.5577430158056,-4.40969168322315
66.1586391474963,-0.960244506845216
66.7650430368442,0.134391474096473
67.3770051674399,-3.21177055135237
67.9945764856023,-3.5924601690538
68.2202092980378,-2.80470289594646
68.6178084046191,-1.9325676987207
69.2467528090274,-3.58120212235159
69.8814620589333,-3.86419364133499
70.5219889943707,-1.59934825564582
71.1683869397001,-2.07359027421947
71.8207097080484,-3.40699686504868
72.4790116057883,-2.95624984662763
72.7351432066211,-2.44482851680582
73.1433474370597,-2.39263947926574
73.8137725083322,-3.66638445998635
74.4903426330094,-4.44484828445505
75.173114136075,-4.08337655168455
75.8621438587825,-4.07109318865585
76.557489163387,-3.71762254100995
77.2592079379205,-2.82329317748392
77.8900438392867,-2.97933825107785
77.9673586010114,-3.10509177726223
78.6820001067477,-4.1527317293687
79.4031919495851,-3.92633501855826
80.1309941693,-3.07942584083801
80.8654673559876,-2.1991048826192
81.6066726551062,-2.82020393801847
82.3546717725679,-3.97864470242249
83.1095269798753,-4.16077606730906
83.8313577643751,-3.58269154044243
83.8713011193055,-3.55228566362635
84.6400576091423,-3.59333786943322
85.4158604489556,-4.3355040999941
86.1987742249292,-4.31723025955003
86.9888641152379,-3.76562472680374
87.7861958954734,-3.38240106686252
88.5908359441205,-3.36205234243605
89.4028512480829,-3.85615398158947
90.22230940826,-3.87026554602514
90.7539040530798,-3.11951512714515
91.0492786451747,-2.50189757730473
91.8838278046526,-0.812512461902914
92.7260263635542,-1.14025271151192
93.575944435558,-3.19236151412187
94.4336527769979,-4.29511024368751
95.2992227927539,-4.08536770345259
96.1727265421965,-3.78718286063529
97.0542367451853,-4.09262446237645
97.9438267881238,-4.43575362843532
98.8415707300678,-4.08299985518303
98.9226442745674,-4.01737773529638
99.7475433088922,-3.22719360411029
100.661819947512,-2.52080051125276
101.58447676016,-2.65792815313708
102.515590558729,-3.76811972452222
103.455238859157,-4.23576646105167
104.40349988789,-2.19987659933762
105.36045258839,0.720184860115323
106.326176627704,1.69867252487327
107.300752403103,0.579082939015818
108.284261048771,-1.66514458758749
108.707372494631,-2.67288877007357
109.27678444256,-3.73577809485178
110.278405212807,-4.40651180965378
111.289206745212,-4.21576783095586
112.309273189781,-3.70886430897875
113.338689467832,-3.13342001067773
114.377541279062,-2.8874747627273
115.425915108684,-3.27459989450418
116.483898234628,-3.71104689516491
117.551578734803,-2.66815939285553
118.629045494432,-0.009045127068676
119.716388213455,2.36153324946159
120.640252939433,3.10794457159633
120.813697413988,3.0893300600791
121.921064447869,1.63052799386159
123.038581504255,-1.39465948426485
124.166341617302,-3.79078743424188
125.304438673908,-4.43608363380267
126.452967421529,-3.90431875487653
127.612023476069,-3.03025086977343
128.781703329835,-2.63925286544688
129.962104359577,-3.18240830733774
131.15332483459,-3.87888773271701
132.355463924896,-4.17630104747647
133.568621709498,-4.11957242783004
134.792899184718,-3.9087413399246
135.515926111819,-3.81948924604902
136.028398272597,-3.78878857680772
137.275221829387,-3.8077609181058
138.533473654109,-3.89837096395925
139.803258497196,-3.83028460872501
141.084682069213,-3.37549672308094
142.377851049661,-2.77867883733549
143.682873095852,-2.47181512538404
144.999856851878,-2.33254670099771
146.328911957649,-2.14338494076944
147.670149058027,-1.99251558616933
149.023679812034,-1.90853579044253
150.389616902147,-1.67801357915968
151.76807404368,-1.4451648030491
153.159165994253,-1.77031362856192
154.563008563341,-2.54730804166067
154.576093806266,-2.55459781519747
155.979718621919,-3.21704008178452
157.409414112191,-3.65456684446591
158.852214057408,-3.95736248110163
160.308238571775,-4.17947981962848
161.777608870455,-4.32033174139772
163.260447279657,-4.34578048995624
164.75687724682,-4.22147229444201
166.267023350892,-4.01196696632215
167.791011312698,-3.85953715197982
169.328968005411,-3.82874797342626
170.881021465108,-3.90397202434335
172.447300901436,-4.04624888221687
174.027936708364,-4.19331260974784
175.623060475041,-4.25459839431707
177.232804996747,-4.17763559108093
178.857304285955,-4.04279844843288
179.875368909012,-3.98763282832093
180.496693583481,-3.97491193175566
182.151109369746,-4.02528081412501
183.820689376139,-4.18217261159484
185.505572596482,-4.36835899272129
187.205899298599,-4.38533203957209
188.921811035998,-3.99153542581499
190.653450659652,-3.22622387501062
192.400962329894,-2.45627182817626
194.164491528417,-1.97028676726976
195.944185070383,-1.81530903857927
197.740191116652,-1.93909054502618
199.552659186108,-2.33956653259949
201.381740168115,-3.01635604737382
203.227586335074,-3.78466246954881
205.090351355098,-4.27236516791371
206.970190304811,-4.23071511735722
208.867259682252,-3.75430988598865
210.781717419908,-3.13213382992748
212.713722897861,-2.6154738694502
214.663436957054,-2.30841902814453
215.076702666098,-2.27074937908722
216.631021912683,-2.20564225551183
218.616641567712,-2.28424758462202
220.620461226507,-2.53611067568866
222.642647708596,-2.93453754161831
224.683369362561,-3.39849976273038
226.742796080053,-3.81703485557918
228.821099309931,-4.12022924938262
230.918452072539,-4.30844136933391
233.03502897411,-4.41069566915158
235.171006221301,-4.44553559506372
237.326561635863,-4.41969946981416
239.501874669445,-4.3403341909665
241.69712641853,-4.22169848142679
243.912499639519,-4.084003340502
246.148178763937,-3.94731240738699
248.404349913793,-3.82502534742051
250.681200917073,-3.72252950384044
252.978921323378,-3.64207723977248
255.297702419698,-3.58829907737081
257.637737246348,-3.56877987042188
259.999220613027,-3.58992510906924
262.382349115046,-3.65208582761008
264.787321149686,-3.74700779301148
267.214336932723,-3.8603174811914
267.408047305601,-3.86970011613815
269.663598515087,-3.98058803689125
272.135309799694,-4.10627184221434
274.629676558411,-4.237477306758
277.14690644919,-4.35899470875799
279.687209033359,-4.43557510998741
282.250795793065,-4.43192360554761
284.837880148879,-4.34487002605963
287.448677477567,-4.21150222790757
290.083405130016,-4.08068549689702
292.742282449332,-3.98091406539018
295.4255307891,-3.91374565393855
298.133373531811,-3.86946408541147
300.866036107458,-3.84926704676863
303.623746012305,-3.87310061723193
306.406732827825,-3.958514354291
309.215228239814,-4.09472557427992
312.049466057677,-4.24055353483706
314.909682233896,-4.3366606424203
317.79611488367,-4.32226049024067
320.709004304739,-4.15955643261614
323.648592997392,-3.85282549092594
326.615125684651,-3.43954999632203
329.608849332645,-2.96029714284006
332.630013171175,-2.43689176363145
335.678868714457,-1.87524855468544
338.755669782063,-1.28761674183053
341.86067252005,-0.716105344414332
344.994135422288,-0.233845745885761
348.156319351977,0.0888165983845663
351.347487563363,0.226669532225825
353.394049318875,0.228846515866477
354.567905723658,0.206113989940119
357.817841935154,0.0788597968443963
361.097566757544,-0.102402201347532
364.407353230443,-0.296592225344883
367.747476896126,-0.485169063269753
371.118215822459,-0.677387170975154
374.519850626053,-0.898329589628561
377.952664495627,-1.17246345448555
381.416943215577,-1.51785754659929
384.912975189775,-1.94464004589102
388.441051465576,-2.44751040405734
392.001465758046,-2.9929643599406
395.594514474416,-3.51577162462903
399.22049673876,-3.94188111420894
402.879714416894,-4.22645523748881
406.572472141506,-4.37065840121508
410.299077337522,-4.40712641922491
414.059840247693,-4.37648112287323
417.855073958429,-4.31301774690789
421.685094425857,-4.24132920134818
425.550220502132,-4.17831468254596
429.450773961976,-4.13573129151294
433.387079529468,-4.12111255793471
437.359464905079,-4.13731760157745
441.368260792948,-4.18202110432631
445.413800928422,-4.24793305497835
449.496422105832,-4.32339767151174
453.616464206536,-4.39285418853209
457.77427022721,-4.43748852215751
461.970186308408,-4.43727976891549
466.204561763375,-4.375244424871
470.477749107128,-4.24266619297149
474.790104085805,-4.04194570763465
479.141985706279,-3.78447238689532
483.533756266044,-3.48496354032355
487.965781383384,-3.15656074417908
492.438430027802,-2.8095719321199
496.952074550741,-2.45356174007546
501.507090716584,-2.10060482075434
506.103857733936,-1.76737400646582
510.742758287189,-1.47439502874014
515.424178568388,-1.24213653970807
520.148508309376,-1.0855492989879
520.887152967052,-1.06848773012578
524.916140814242,-1.01002532718522
529.727472992063,-1.0110394356536
534.58290538995,-1.07730585314383
539.482842226386,-1.19526969872996
544.427691424889,-1.35264551430774
549.417864647961,-1.53986234850029
554.453777331367,-1.74943180176152
559.535848718714,-1.97399557876295
564.664501896361,-2.20438893508649
569.840163828633,-2.42923189628962
575.063265393372,-2.63680942534049
580.334241417806,-2.81818709290346
585.653530714748,-2.96942656552094
591.021576119127,-3.09166091225805
596.438824524859,-3.18953832277757
601.905726922044,-3.26927289612698
607.422738434517,-3.33714690528828
612.990318357735,-3.39860971620036
618.608930197014,-3.45776867915763
624.279041706117,-3.51705957333562
630.001124926193,-3.57703330596692
635.775656225076,-3.63637544793616
641.603116336945,-3.69231491512827
647.483990402342,-3.74144370776358
653.418768008561,-3.78067875644521
659.407943230407,-3.8080108702014
665.452014671331,-3.82277601866432
671.551485504935,-3.82550672387018
677.706863516863,-3.81757702000781
683.918661147072,-3.80088367306817
690.187395532503,-3.77768155128396
696.513588550118,-3.75059168623611
702.897766860358,-3.72272814638174
709.340461950983,-3.69782405836171
715.842210181322,-3.68018513026621
722.403552826922,-3.67425313059843
729.025036124611,-3.68365644895218
735.707211317972,-3.70992639375899
742.450634703236,-3.75155340749152
749.255867675594,-3.80409699394753
756.12347677593,-3.86150371019542
763.054033737991,-3.91782666268054
770.04811553598,-3.96847881025841
777.106304432595,-4.01065806653813
784.229188027497,-4.0431455390445
791.417359306228,-4.06584984876636
798.671416689584,-4.07936540005406
805.991964083429,-4.08463616475714
813.379610928971,-4.08276437817128
820.834972253498,-4.07490829603913
828.358668721581,-4.06225226080548
835.951326686748,-4.04599065800537
843.613578243618,-4.02732698861664
851.346061280537,-4.00744754685351
859.149419532669,-3.98749299756614
867.024302635601,-3.96849695451758
874.971366179414,-3.9513342701371
882.991271763269,-3.93667773611705
891.08468705048,-3.9249671547195
899.252285824104,-3.91641559294627
907.494748043029,-3.91103457966776
915.812759898581,-3.90868009378747
924.207013871653,-3.90909915056332
932.678208790352,-3.91198726703615
941.227049888179,-3.91701715801938
949.854248862741,-3.923884515266
958.560523934992,-3.93231479063232
967.34659990904,-3.94207888773534
976.213208232474,-3.95299234378044
985.161087057266,-3.96491332857718
990.196255113627,-3.97196960237531
994.190981301219,-3.97772909246797
1003.30364270998,-3.99135278714883
1012.49982991963,-4.00570567155288
1021.78030851984,-4.0207082000712
1031.1458511176,-4.0362732487454
1040.59723740154,-4.0522962186972
1050.13525420684,-4.06865295568432
1059.76069558076,-4.0851984161454
1069.47436284869,-4.10176856319109
1079.27706468093,-4.11818474223279
1089.16961715994,-4.13425943247435
1099.15284384833,-4.14980328835932
1109.22757585743,-4.1646320975577
1119.39465191642,-4.17857358254716
1129.65491844221,-4.19147370248706
1140.00922960991,-4.20319802697631
1150.45844742388,-4.21364140412564
1161.00344178955,-4.22272020983709
1171.64509058583,-4.23038303024046
1182.38427973817,-4.2366028252192
1193.22190329235,-4.24137654114421
1204.15886348886,-4.24472528364285
1215.19607083806,-4.24668478564277
1226.33444419598,-4.24731387793619
1237.57491084076,-4.24668157906629
1248.91840654992,-4.24486706261641
1260.3658756782,-4.24195836725281
1271.91827123623,-4.23804527529168
1283.57655496982,-4.23322448783725
1295.34169744009,-4.22758965242051
1307.21467810421,-4.22123335810832
1319.19648539694,-4.21424413075707
1331.28811681299,-4.20670573909209
1343.49057898997,-4.19869309587088
1355.80488779226,-4.19027733861546
1368.23206839556,-4.18151590884438
1380.77315537221,-4.1724616573039
1393.42919277736,-4.16315611534609
1406.20123423588,-4.15363301309989
1419.09034303005,-4.14391863506452
1432.09759218811,-4.13403329446911
1445.22406457356,-4.12399282883379
1458.47085297534,-4.11380934452049
1471.83906019878,-4.10349722471349
1485.32979915744,-4.0930721553307
1498.94419296571,-4.08255336021469
1512.68337503237,-4.07196722437667
1526.5484891549,-4.06134734749694
1540.54068961473,-4.05073781101319
1554.66114127333,-4.04018842158686
1568.91101966917,-4.02976521856434
1583.29151111561,-4.01953766557804
1597.80381279961,-4.00958778549907
1612.44913288149,-4.0000038842243
1627.22869059541,-3.99088023024192
1642.14371635094,-3.9823144998035
1657.19545183545,-3.97440614105435
1672.38515011752,-3.96725179303152
1687.71407575122,-3.96094632197665
1703.18350488142,-3.95557557567978
1718.79472535001,-3.95121929294098
1734.54903680311,-3.94794239029474
1750.44775079928,-3.94579719168255
1766.49219091871,-3.94482284787941
1782.68369287339,-3.94503768561609
1799.02360461833,-3.94644781429733
1815.51328646376,-3.94903930411263
1832.15411118841,-3.95278227951607
1848.94746415373,-3.9576317250783
1865.8947434193,-3.9635294478496
1882.99735985916,-3.97040314362042
1900.25673727932,-3.97817313389314
1917.67431253622,-3.98674999975376
1935.25153565642,-3.99604288351296
1952.98986995728,-4.00595238433496
1970.8907921688,-4.01638381499132
1988.95579255653,-4.02724062053866
2007.18637504566,-4.03843127748033
2025.58405734623,-4.04986673610424
2044.15037107946,-4.0614662035047
2062.88686190526,-4.07315184305119
2081.79508965092,-4.08485628132522
2100.87662844097,-4.09651608447379
2120.1330668282,-4.10807643363515
2139.56600792593,-4.11948945598638
2159.17706954149,-4.13071423843641
2178.96788431084,-4.14171683181749
2198.94009983456,-4.15246773132239
2219.09537881498,-4.16294423035382
2239.43539919459,-4.17312813376802
2259.96185429575,-4.18300601569953
2280.67645296166,-4.19256829286795
2301.5809196986,-4.20180889091555
2322.67699481953,-4.21072481599558
2343.96643458894,-4.21931549786601
2365.45101136911,-4.22758283170865
2387.13251376758,-4.23553052193572
2409.01274678613,-4.24316301579253
2431.09353197101,-4.25048767771458
2453.37670756458,-4.25751108136873
2475.86412865839,-4.26424203275926
2498.55766734754,-4.27068876242706
2521.45921288661,-4.27686086872618
2544.57067184691,-4.28276731529579
2567.89396827518,-4.28841792618883
2591.43104385383,-4.29382235783018
2615.18385806251,-4.2989902468407
2639.15438834131,-4.30393114221258
2663.34463025532,-4.30865444973333
2687.75659766081,-4.31316938902134
2712.39232287288,-4.31748496243572
2737.25385683461,-4.32160995168968
2762.34326928785,-4.32555291996178
2787.66264894552,-4.32932236466545
2813.21410366547,-4.33292456963656
2838.99976062597,-4.33636937395986
2865.02176650283,-4.33966218004255
2891.28228764807,-4.34281162050181
2917.78351027032,-4.34582302096513
2944.52764061675,-4.34870398691695
2971.51690515681,-4.35145964744803
2998.75355076756,-4.35409672502922
3026.23984492073,-4.35662007389149
3053.97807587146,-4.35903566362654
3081.97055284885,-4.36134800818408
3110.21960624815,-4.36356243331775
3138.72758782483,-4.36568312011113
3167.4968708903,-4.36771498675242
3196.52985050952,-4.36966160616729
3225.82894370042,-4.37152761765791
3255.39658963506,-4.37331566221801
3285.23524984274,-4.37503032643079
3315.3474084149,-4.3766752084845
3345.73557221192,-4.37825239084398
3376.40227107184,-4.37976585630506
3407.35005802097,-4.38121878491151
3438.5815094864,-4.38261278060642
3470.0992255105,-4.38395137314817
3501.90582996743,-4.38523705855525
3534.00397078148,-4.38647247611218
3566.39632014759,-4.3876588518971
3599.08557475381,-4.38879911876623
3632.07445600575,-4.38989531969006
3665.36571025317,-4.39094984892793
3698.96210901864,-4.39196318835039
3732.86644922821,-4.39293803102712
3767.08155344433,-4.39387605172894
3801.61027010077,-4.39477884474226
3836.45547373977,-4.39564858245874
3871.62006525138,-4.39648499838799
3907.10697211492,-4.39729053824394
3942.91914864272,-4.3980665129715
3979.05957622603,-4.39881417157105
4015.53126358331,-4.39953470424823
4052.3372470106,-4.40022994091194
4089.48059063437,-4.40089922890835
4126.96438666658,-4.40154464750091
4164.79175566211,-4.40216717972007
4202.96584677857,-4.4027677632499
4241.48983803844,-4.4033472927043
4280.36693659365,-4.40390683063518
4319.6003789926,-4.40444668589274
4359.19343144959,-4.404967997353
4399.14939011671,-4.40547194049103
4439.47158135831,-4.40595794477488
4480.16336202785,-4.40642747885303
4521.2281197474,-4.40688119003753
4562.66927318969,-4.4073196969546
4604.49027236262,-4.40774359094289
4646.6945988966,-4.40815343737776
4689.28576633433,-4.40855072868632
4732.26732042326,-4.40893386167554
4775.64283941091,-4.40930450341361
4819.4159343426,-4.40966312729839
4863.59024936221,-4.41001018642246
4908.16946201549,-4.41034611453571
4953.15728355621,-4.41067132695824
4998.55745925516,-4.41098622144713
5044.37376871195,-4.41129142300221
5090.61002616959,-4.41158676038558
5137.27008083215,-4.41187287771695
5184.35781718509,-4.41215011022948
5231.87715531874,-4.41241881860478
5279.8320512546,-4.41267963057143
5328.22649727465,-4.4129319527743
5377.06452225383,-4.41317660120845
5426.35019199531,-4.41341384788254
5476.08760956905,-4.41364395383286
5526.28091565337,-4.41386716961492
5576.93428887965,-4.41408373577187
5628.05194618022,-4.41429388327927
5679.63814313943,-4.41449790784455
5731.69717434788,-4.41469650633181
5784.23337376003,-4.41488856468337
5837.25111505491,-4.41507504314265
5890.75481200033,-4.41525613076507
5944.74891882028,-4.41543200929309
5999.2379305657,-4.41560285347114
6054.22638348879,-4.4157688313467
6109.71885542062,-4.41593010455611
6165.71996615219,-4.41608682859791
6222.23437781911,-4.41623915309273
6279.26679528965,-4.41638722203155
6336.82196655651,-4.41653117401231
6394.90468313202,-4.41667122037055
6453.51978044704,-4.41680786318219
6512.67213825359,-4.41694015709439
6572.36668103097,-4.41706884046923
6632.60837839588,-4.41719402809687
6693.402245516,-4.41731583058319
6754.75334352757,-4.41743435452091
6816.66677995676,-4.41754970265217
6879.14770914485,-4.41766197402464
6942.20133267727,-4.41777126414027
7005.83289981677,-4.41787766509745
7070.04770794029,-4.41798126572715
7134.85110298007,-4.41808215172287
7200.24847986867,-4.41818040576496
7266.24528298804,-4.41827610763952
7332.84700662289,-4.41836933435204
7400.05919541801,-4.41846135600716
7467.88744483984,-4.41854974469854
7536.33740164242,-4.41863587545672
7605.41476433733,-4.41871981518037
7675.12528366823,-4.41880162848727
7745.47476308955,-4.41888137780174
7816.46905924959,-4.41895912343833
7888.11408247822,-4.41903492368212
7960.41579727876,-4.41910883486585
8033.38022282466,-4.41918091144308
8107.01343346056,-4.41925120605939
8181.3215592079,-4.41931976961959
8256.31078627541,-4.41938665135294
8331.98735757399,-4.41945189887528
8408.35757323646,-4.41951555824855
8485.42779114211,-4.41957767403832
8563.2044274459,-4.41963828936841
8641.69395711272,-4.41969744597387
8720.90291445637,-4.41975518425122
8800.83789368351,-4.41981154330719
8881.50554944274,-4.41986656100537
8962.91259737854,-4.41992027401054
9045.0658146903,-4.41997271783217
9127.97204069667,-4.42002392686524
9211.63817740478,-4.42007393443001
9296.07119008494,-4.42012277280995
9381.27810785051,-4.42017047328867
9467.26602424298,-4.42021706618445
9554.04209782262,-4.42026258088461
9641.61355276437,-4.42030704587759
9729.9876794593,-4.4203504887843
9819.17183512153,-4.42039293638803
9909.17344440067,-4.42043441466351
10000,-4.42090015027711
