5022
5031
5033
5034
5046
5051
5060
5079
5090
5094
5127
5132
5134
5140
5147
5162
5171
5175
5177
5194
5201
5205
5206
5214
5240
5248
5249
5251
5253
5255
5262
5266
5267
5271
5273
5276
5278
5281
5285
5285
5287
5295
5299
5309
5315
5331
5337
5341
5342
5361
5365
5365
5369
5385
5387
5401
5412
5420
5423
5432
5436
5438
5441
5444
5458
5474
5492
5507
5509
5514
5520
5523
5527
5529
5548
5550
5562
5566
5606
5610
5623
5625
5640
5642
5670
5676
5689
5691
5695
5700
5707
5710
5714
5733
5745
5763
5773
5775
5789
5803
5818
5827
5829
5837
5866
5868
5874
5885
5895
5902
5932
5947
6004
6007
6015
6037
6046
6061
6077
6081
6087
6089
6096
6101
6119
6124
6135
6150
6173
6180
6194
6220
6222
6224
6240
6245
6292
6294
6296
6306
