5015
5019
5026
5028
5038
5043
5045
5048
5060
5061
5072
5085
5092
5094
5110
5120
5124
5132
5142
5147
5149
5157
5180
5186
5189
5203
5208
5227
5231
5238
5240
5248
5266
5271
5276
5279
5285
5287
5303
5305
5309
5316
5318
5339
5342
5351
5358
5362
5363
5373
5381
5405
5414
5421
5434
5439
5454
5462
5474
5480
5486
5488
5495
5497
5499
5520
5528
5537
5562
5581
5583
5591
5593
5600
5602
5613
5621
5623
5629
5654
5660
5670
5676
5680
5685
5698
5710
5712
5729
5737
5763
5781
5787
5790
5794
5803
5814
5820
5823
5825
5827
5837
5854
5860
5878
5882
5891
5895
5913
5930
5932
5935
5970
5972
5991
5991
6020
6024
6031
6035
6075
6087
6094
6119
6148
6159
6163
6167
6173
6180
6182
6186
6190
6192
6206
6245
6249
6292
6302
6306
