5028
5034
5045
5051
5055
5055
5060
5061
5072
5078
5079
5081
5092
5094
5099
5103
5105
5115
5119
5125
5138
5147
5149
5151
5184
5198
5202
5206
5221
5235
5251
5274
5278
5279
5279
5285
5289
5291
5293
5309
5331
5337
5351
5353
5365
5371
5375
5379
5383
5405
5410
5445
5452
5460
5464
5468
5470
5478
5495
5501
5503
5520
5529
5535
5537
5552
5570
5576
5577
5579
5585
5587
5589
5591
5593
5597
5604
5629
5646
5662
5670
5683
5700
5704
5729
5739
5747
5749
5757
5761
5781
5783
5798
5799
5805
5816
5818
5823
5835
5850
5854
5862
5872
5876
5882
5885
5913
5949
5960
5968
5970
5980
5983
5985
5995
5998
6013
6054
6077
6103
6108
6124
6126
6139
6150
6152
6169
6171
6173
6182
6186
6190
6192
6208
6229
6231
6240
6271
6275
6300
