5028
5029
5043
5051
5058
5089
5090
5105
5123
5124
5127
5128
5130
5132
5134
5134
5138
5144
5157
5162
5173
5182
5186
5198
5206
5231
5246
5251
5258
5269
5273
5274
5276
5281
5285
5285
5293
5295
5297
5299
5301
5303
5330
5335
5341
5351
5353
5365
5367
5375
5381
5401
5412
5414
5421
5429
5434
5446
5448
5456
5466
5472
5476
5478
5480
5482
5488
5512
5520
5521
5528
5535
5537
5539
5572
5585
5598
5629
5631
5642
5654
5680
5691
5693
5695
5702
5705
5714
5731
5745
5749
5765
5771
5781
5783
5794
5803
5807
5816
5820
5844
5874
5883
5893
5909
5911
5926
5935
5941
5943
5947
5949
5962
5974
5980
5987
5995
6011
6022
6050
6065
6087
6110
6112
6126
6130
6148
6150
6159
6163
6167
6173
6236
6245
6258
6269
6286
6288
6298
6300
