5015
5019
5020
5031
5033
5041
5048
5055
5081
5083
5099
5127
5130
5135
5136
5138
5144
5151
5175
5180
5182
5189
5194
5196
5201
5202
5204
5206
5206
5240
5249
5262
5266
5278
5279
5281
5285
5287
5291
5299
5303
5331
5337
5342
5351
5353
5358
5365
5379
5385
5387
5391
5405
5439
5441
5442
5454
5456
5464
5468
5470
5482
5486
5495
5501
5510
5512
5520
5531
5552
5554
5562
5564
5572
5574
5577
5581
5598
5613
5621
5627
5644
5656
5685
5689
5700
5704
5710
5722
5727
5737
5739
5757
5765
5773
5805
5820
5825
5844
5872
5878
5880
5891
5891
5893
5895
5909
5922
5926
5928
5935
5945
5987
5989
5991
6011
6015
6046
6052
6063
6089
6117
6130
6152
6159
6163
6167
6194
6201
6210
6215
6229
6240
6251
6256
6267
6275
6296
6298
6302
