5010
5015
5024
5034
5038
5041
5051
5053
5055
5058
5059
5061
5079
5089
5099
5106
5125
5128
5130
5147
5149
5151
5173
5177
5180
5194
5202
5205
5206
5217
5219
5221
5231
5236
5248
5249
5251
5269
5274
5276
5291
5301
5303
5328
5331
5333
5341
5351
5353
5361
5367
5383
5385
5389
5399
5405
5414
5429
5434
5442
5445
5446
5446
5448
5468
5486
5525
5548
5576
5583
5598
5602
5615
5640
5646
5648
5654
5656
5682
5685
5693
5716
5722
5727
5733
5737
5743
5751
5753
5757
5765
5769
5773
5796
5801
5803
5814
5820
5823
5837
5856
5862
5868
5878
5887
5898
5900
5943
5964
5970
5980
5989
5995
6004
6020
6042
6048
6054
6059
6061
6083
6101
6110
6121
6128
6130
6137
6208
6210
6215
6222
6240
6242
6254
6258
6284
6286
6288
6294
6304
