5029
5031
5033
5051
5056
5057
5061
5065
5090
5099
5101
5106
5119
5123
5124
5128
5132
5132
5134
5136
5170
5173
5198
5203
5217
5221
5225
5242
5248
5266
5278
5281
5295
5299
5301
5307
5313
5331
5344
5348
5353
5361
5362
5363
5371
5379
5385
5389
5395
5403
5408
5425
5431
5456
5468
5470
5472
5482
5486
5507
5520
5523
5527
5528
5541
5572
5583
5591
5602
5615
5621
5629
5634
5654
5666
5700
5718
5724
5735
5749
5761
5763
5765
5769
5775
5790
5798
5799
5803
5829
5831
5844
5852
5854
5858
5891
5900
5902
5904
5915
5926
5928
5932
5949
5958
5974
5987
5991
5998
6000
6024
6042
6050
6059
6063
6065
6094
6096
6108
6115
6119
6121
6124
6130
6137
6144
6154
6157
6163
6169
6194
6196
6215
6220
6224
6231
6260
6262
6298
6306
