5017
5019
5020
5055
5108
5125
5128
5132
5147
5168
5170
5175
5177
5184
5198
5201
5214
5223
5235
5240
5257
5262
5271
5276
5276
5278
5285
5289
5291
5309
5316
5326
5330
5331
5341
5342
5344
5351
5355
5357
5357
5358
5361
5379
5391
5405
5410
5445
5452
5454
5456
5470
5474
5492
5497
5501
5503
5509
5525
5525
5528
5533
5537
5541
5543
5566
5572
5610
5613
5621
5623
5625
5646
5648
5672
5683
5687
5695
5698
5714
5716
5722
5724
5735
5737
5749
5763
5769
5777
5785
5794
5801
5837
5844
5850
5860
5868
5874
5878
5880
5882
5887
5893
5906
5922
5930
5941
5949
5951
5962
5968
5985
5987
5993
6013
6033
6042
6048
6054
6056
6075
6077
6089
6101
6112
6117
6121
6150
6152
6159
6169
6180
6201
6229
6247
6251
6254
6284
6292
6304
