5015
5017
5020
5026
5031
5051
5057
5058
5076
5090
5092
5108
5115
5120
5122
5125
5130
5132
5135
5142
5153
5162
5180
5186
5187
5198
5203
5208
5214
5235
5238
5255
5266
5273
5278
5281
5293
5297
5303
5307
5309
5318
5328
5348
5351
5361
5365
5369
5387
5405
5414
5434
5438
5441
5474
5497
5499
5527
5527
5568
5572
5579
5595
5606
5609
5615
5638
5658
5662
5664
5685
5689
5691
5710
5716
5722
5741
5749
5757
5771
5773
5775
5779
5781
5799
5805
5835
5841
5850
5852
5854
5864
5872
5878
5880
5893
5898
5909
5915
5924
5932
5949
5964
5970
5972
5980
5983
5998
6000
6037
6046
6048
6054
6063
6065
6073
6081
6087
6096
6108
6117
6128
6130
6163
6165
6167
6169
6173
6180
6182
6194
6224
6227
6231
6247
6249
6271
6275
6282
6292
