5015
5019
5033
5034
5059
5061
5065
5066
5070
5079
5092
5096
5108
5117
5124
5125
5130
5130
5132
5134
5135
5144
5157
5189
5194
5202
5225
5235
5271
5274
5276
5276
5281
5281
5285
5286
5293
5297
5299
5303
5316
5318
5326
5331
5333
5358
5362
5363
5363
5389
5399
5401
5403
5405
5407
5425
5438
5443
5462
5466
5480
5492
5499
5501
5503
5520
5525
5531
5562
5568
5572
5576
5581
5583
5585
5615
5619
5629
5634
5638
5640
5654
5658
5660
5676
5680
5685
5689
5714
5739
5743
5785
5789
5798
5799
5816
5820
5827
5835
5846
5850
5858
5864
5882
5885
5895
5904
5909
5926
5935
5953
5960
5968
5970
5983
5987
5991
6011
6018
6020
6022
6035
6063
6083
6112
6126
6130
6137
6144
6150
6154
6169
6180
6186
6198
6220
6247
6269
6273
6282
