5010
5033
5055
5058
5070
5079
5092
5113
5122
5123
5124
5125
5135
5142
5147
5157
5168
5177
5184
5193
5198
5201
5205
5221
5227
5236
5249
5262
5281
5326
5349
5351
5361
5362
5369
5371
5381
5387
5395
5401
5410
5412
5429
5436
5439
5442
5444
5445
5458
5470
5476
5499
5507
5512
5516
5521
5523
5523
5533
5550
5552
5554
5576
5577
5583
5589
5595
5609
5613
5621
5627
5652
5658
5683
5691
5698
5727
5735
5743
5751
5755
5759
5763
5765
5779
5785
5794
5798
5803
5820
5846
5862
5874
5878
5885
5891
5904
5911
5930
5935
5943
5947
5956
5960
5962
5964
5972
5978
5985
5991
5995
6011
6031
6046
6052
6059
6065
6075
6108
6110
6112
6117
6130
6137
6139
6141
6154
6163
6167
6180
6188
6192
6194
6227
6236
6267
6271
6275
6288
6296
