5010
5019
5028
5031
5033
5034
5050
5056
5058
5065
5068
5079
5094
5101
5117
5120
5123
5125
5130
5134
5149
5153
5166
5215
5217
5238
5273
5278
5299
5326
5328
5333
5351
5358
5361
5373
5375
5377
5381
5391
5393
5395
5399
5407
5414
5420
5436
5442
5443
5446
5462
5466
5476
5488
5503
5510
5514
5521
5523
5529
5535
5541
5548
5552
5564
5566
5574
5577
5579
5583
5589
5591
5600
5602
5610
5613
5615
5638
5640
5662
5676
5698
5702
5704
5718
5720
5727
5743
5749
5757
5761
5765
5773
5789
5799
5803
5805
5816
5825
5831
5852
5862
5874
5883
5889
5891
5904
5932
5951
5958
5960
5970
5972
5978
5980
5983
5991
5993
5998
6004
6015
6018
6031
6035
6037
6065
6073
6119
6148
6152
6217
6245
6247
6254
6269
6271
6273
6275
6284
6286
