5010
5020
5026
5029
5036
5045
5051
5053
5056
5057
5061
5070
5072
5083
5096
5119
5128
5132
5138
5149
5164
5166
5168
5173
5180
5187
5189
5203
5204
5231
5235
5240
5242
5255
5262
5278
5281
5285
5287
5311
5315
5337
5349
5351
5357
5358
5365
5373
5397
5401
5403
5405
5407
5418
5429
5438
5438
5443
5460
5464
5495
5501
5503
5507
5523
5527
5529
5537
5541
5543
5546
5556
5562
5564
5566
5574
5576
5587
5591
5593
5597
5613
5623
5652
5664
5672
5676
5683
5685
5695
5698
5702
5729
5745
5749
5751
5753
5765
5769
5785
5789
5820
5827
5852
5866
5874
5885
5891
5891
5906
5909
5930
5941
5947
5953
5956
5980
5985
5991
6007
6042
6073
6089
6094
6101
6115
6128
6163
6165
6192
6198
6220
6224
6227
6231
6247
6256
6260
6300
6302
