5015
5017
5041
5055
5066
5076
5110
5125
5128
5180
5186
5193
5196
5198
5202
5208
5219
5223
5236
5273
5274
5281
5289
5297
5313
5318
5320
5328
5331
5351
5355
5355
5358
5363
5367
5371
5375
5379
5387
5389
5395
5397
5405
5418
5431
5434
5438
5441
5444
5445
5509
5510
5520
5521
5525
5527
5546
5554
5556
5564
5579
5583
5587
5591
5602
5604
5610
5613
5623
5627
5631
5642
5646
5658
5670
5672
5693
5695
5698
5707
5720
5741
5755
5757
5759
5763
5765
5785
5799
5801
5807
5810
5823
5831
5833
5837
5850
5872
5887
5891
5895
5898
5913
5915
5926
5928
5930
5941
5943
5947
5980
5989
5991
6000
6015
6020
6022
6024
6063
6075
6081
6087
6093
6096
6117
6146
6148
6152
6190
6217
6222
6227
6236
6240
6254
6256
6260
6267
6284
6292
