5010
5028
5034
5036
5043
5046
5050
5051
5053
5055
5061
5076
5079
5081
5083
5092
5094
5105
5106
5110
5115
5119
5122
5130
5132
5140
5157
5170
5180
5184
5203
5204
5205
5206
5215
5246
5248
5257
5262
5269
5279
5287
5293
5330
5335
5337
5349
5353
5363
5369
5375
5389
5393
5395
5401
5408
5410
5423
5443
5446
5446
5456
5472
5474
5486
5509
5528
5535
5539
5543
5562
5570
5572
5581
5591
5595
5615
5619
5644
5648
5654
5656
5660
5662
5687
5702
5705
5710
5722
5753
5755
5759
5763
5771
5779
5787
5789
5792
5801
5823
5831
5837
5844
5846
5862
5866
5885
5895
5906
5917
5943
5953
5989
5995
6004
6007
6013
6015
6031
6061
6081
6094
6148
6152
6165
6178
6180
6186
6198
6203
6215
6224
6231
6238
6254
6256
6271
6282
6288
6304
