5010
5013
5015
5024
5031
5043
5053
5057
5059
5060
5061
5066
5068
5083
5085
5090
5092
5101
5105
5123
5128
5134
5149
5157
5186
5203
5225
5242
5246
5253
5255
5258
5273
5307
5326
5328
5341
5342
5351
5355
5355
5362
5363
5363
5373
5377
5391
5423
5438
5464
5468
5482
5495
5503
5510
5521
5523
5525
5546
5562
5579
5587
5591
5598
5604
5621
5640
5658
5664
5666
5668
5672
5676
5698
5700
5705
5714
5720
5737
5739
5743
5745
5753
5759
5775
5801
5803
5805
5814
5833
5839
5850
5860
5876
5882
5889
5891
5893
5895
5902
5909
5915
5917
5951
5953
5960
5972
5983
5991
5993
6020
6022
6024
6042
6059
6065
6087
6093
6096
6103
6112
6121
6126
6154
6165
6169
6182
6208
6220
6222
6240
6242
6247
6256
6258
6267
6269
6271
6273
6284
