"bfp_output.P","bfp_output.logBF"
1000,-2.70850615801809
993.109181374979,-2.58853482480527
986.265846131283,-2.49181271097309
979.46966706954,-2.43362757566409
972.720319245055,-2.42346906912665
966.017479952265,-2.46330912682323
959.360828709315,-2.5480717716051
952.75004724273,-2.66756021174207
946.184819472201,-2.80876046880278
939.66483149547,-2.95782760452051
933.189771573324,-3.10163970088852
926.759330114689,-3.22912241103544
920.373199661823,-3.33247942159802
914.031074875623,-3.40815665805693
907.732652521023,-3.45712173314363
901.477631452492,-3.48413292323464
895.26571259964,-3.49610265640716
889.096598952916,-3.50008978130127
882.969995549409,-3.50153622017275
876.885609458743,-3.50310430611823
870.843149769073,-3.50416738390136
864.842327573172,-3.50096827930328
858.882855954625,-3.48763093058779
852.964449974103,-3.45829876294438
847.086826655741,-3.41010874773759
841.249704973612,-3.34555280788733
835.452805838287,-3.27236068727474
829.695852083491,-3.20071378573437
823.978568452852,-3.13989122531687
818.300681586739,-3.09656991290738
812.661920009195,-3.07515026852057
807.06201411495,-3.07899968354733
801.500696156541,-3.11118511844516
795.977700231499,-3.17336853112051
790.492762269642,-3.26210781147371
785.045620020451,-3.36463139593614
779.636013040523,-3.46048319234573
774.263682681127,-3.53205276905676
768.928372075831,-3.57416968070735
763.629826128224,-3.59282187915486
758.367791499719,-3.59766171016103
753.142016597437,-3.59678260161184
747.952251562182,-3.59541911942606
742.798248256492,-3.59649672484788
737.679760252773,-3.60131863486789
732.596542821523,-3.60964854403557
727.548352919623,-3.61923996129242
722.534949178721,-3.62635369512598
717.556091893692,-3.62891688527231
712.611543011175,-3.62866634963678
707.701066118189,-3.62859327710647
702.824426430835,-3.63021398805001
697.981390783066,-3.63348754771105
693.17172761554,-3.63759168234638
688.39520696455,-3.64138569135376
683.651600451024,-3.64358195727724
678.940681269611,-3.64284983819389
674.262224177835,-3.63792584400305
669.616005485322,-3.6276039688539
665.001803043112,-3.61051182223964
660.419396233031,-3.58497792779546
655.868565957143,-3.54946743907059
651.349094627281,-3.5037480318134
646.860766154633,-3.45047166708572
642.40336593942,-3.39629516575267
637.976680860628,-3.35098503856069
633.580499265825,-3.32343881220713
629.214610961035,-3.31624743562899
624.878807200689,-3.32285958120034
620.57288067765,-3.32986467666786
616.296625513294,-3.32314674918735
612.04983724767,-3.29498809478504
607.832312829723,-3.2491545648585
603.643850607587,-3.20085946980138
599.484250318941,-3.17057894969129
595.353313081437,-3.17524746320562
591.250841383188,-3.22157177350398
587.176639073326,-3.30213591783079
583.130511352622,-3.39275240276445
579.112264764176,-3.45484481290979
575.121707184161,-3.45200647637314
571.158647812643,-3.37566450232488
567.222897164454,-3.25181784484162
563.314267060136,-3.11994405726285
559.432570616938,-3.01082080238911
555.577622239888,-2.93928419025455
551.749237612913,-2.90422519338936
547.947233690029,-2.88935314025597
544.171428686589,-2.86878677021228
540.421642070592,-2.81981436210129
536.697694554048,-2.73437732324409
532.999408084409,-2.62210207083073
529.326605836056,-2.50679806286329
525.679112201842,-2.41635413820789
522.056752784698,-2.36382176576016
518.459354389291,-2.3337169198469
514.886745013749,-2.29394268093376
511.338753841433,-2.22328777658579
507.815211232767,-2.13050188198506
504.315948717136,-2.0582518400172
500.840798984821,-2.0655603488576
500,-2.0841290724329
497.389595879006,-2.18358365159223
493.962174387832,-2.38371842790057
490.558370636505,-2.60465627104041
487.178021879463,-2.80310114753042
483.820966492595,-2.97203140022902
480.487043965513,-3.12411828066224
477.176094893875,-3.25744143856597
473.887960971765,-3.3291047407511
470.622484984128,-3.2683510407016
467.379510799247,-3.01491991319942
464.158883361278,-2.54929438251333
460.960448682844,-1.92307269174757
457.784053837662,-1.28248054097245
454.62954695324,-0.818001374756061
451.49677720361,-0.634763373513873
448.385594802119,-0.690323118482222
445.295850994266,-0.868376238408795
442.22739805059,-1.07550557595278
439.180089259609,-1.27865336009735
436.153778920801,-1.4865953241928
433.14832233764,-1.70557512416412
430.16357581068,-1.91862826990863
427.199396630678,-2.1066630470349
424.255643071778,-2.27241447023708
421.332174384729,-2.43676510640638
418.428850790158,-2.61758654111109
415.545533471888,-2.81740926142082
412.682084570296,-3.02900824024884
409.838367175726,-3.24660871009167
407.014245321944,-3.45874337871417
404.209583979631,-3.61114379324256
401.424249049932,-3.58756826023251
398.658107358044,-3.22134725862703
395.911026646846,-2.34404072429198
393.182875570577,-1.02956152934363
390.473523688556,0.102069093350015
387.782841458946,0.387272361791266
385.110700232557,-0.0786442548415875
382.4569722467,-0.703067210624179
379.821530619074,-0.734638314607774
377.2042493417,0.656117039345351
374.605003274899,3.23811193556405
372.023668141307,5.11670226395545
369.985047405934,5.42802019257998
366.914237840249,4.47655473504309
364.385898376355,3.37123061550519
361.874981241128,3.30928257363009
359.381366380463,4.28153624943365
356.904934567523,4.70080380871129
354.445567397043,3.51010259903113
352.003147279668,0.671335932885673
349.577557436327,-2.32508851574282
347.168681892656,-3.63076746726186
344.776405473446,-3.30885083362356
342.400613797142,-2.401149487538
340.041193270371,-1.51119819959514
337.698031082509,-0.738838401919746
335.371015200293,-0.0228049867028899
333.333333333333,0.51984992127196
333.060034362459,0.578943153382274
330.764978074424,0.837785517703556
328.485736603004,0.474897606673314
326.222200971167,-0.467346000007136
323.97426295282,-1.29092196614679
321.741815067637,-1.37296367514743
319.524750575921,-0.773790548323556
317.322963473498,0.0766705716827589
315.136348486648,0.518837250709244
312.964801067075,0.0544371158425081
310.808217386907,-1.00370914313795
308.666494333727,-2.03186323650608
306.539529505653,-2.68433983784366
304.42722120643,-2.79339904488595
302.329468440578,-2.31469901126094
300.246170908555,-1.42795602533966
298.177229001967,-0.640393492100013
296.122543798804,-0.520023308956477
294.082017058706,-1.07172457054848
292.055551218275,-1.89515798369983
290.043049386399,-2.70285345079575
288.04441533963,-3.33352464335298
286.059553517574,-3.61132430227998
284.08836901833,-3.36980308096731
282.130767593947,-2.76394957969905
280.18665564592,-2.30079537899628
278.255940220713,-2.24165951784628
276.338529005317,-2.47420657710576
274.434330322837,-2.79809424684894
272.543253128103,-3.11743354403417
270.665207003324,-3.39908153954284
268.800102153761,-3.58280104710571
266.947849403432,-3.65237947092735
265.108360190854,-3.66354404474817
263.281546564802,-3.65986495470859
261.467321180109,-3.64068738963267
259.665597293487,-3.56817350675554
257.87628875938,-3.39653678184716
256.099310025846,-3.16456676380964
254.334576130465,-2.98655093994177
252.582002696278,-2.98592472953795
250.841505927754,-2.98856725432376
250,-2.91768596632168
249.113002606779,-2.80012043442302
247.396410088681,-2.64213592612047
245.691646298279,-2.86915077909459
243.998629725955,-3.02224865774316
242.31727942376,-2.73704441578873
240.647515001542,-2.34707837454554
238.989256623105,-2.36052765092556
237.342425002387,-2.50407058364207
235.706941399673,-2.58586454510275
234.082727617829,-2.61825658111617
232.469705998565,-2.59142746919415
230.867799418717,-2.71309637996587
229.276931286565,-3.19904409821326
227.697025538168,-3.5672617609144
226.128006633728,-3.29157438415647
224.569799553977,-2.47645728808539
223.022329796594,-1.36601984924372
221.485523372636,0.196171931311473
219.959306803008,1.67313491160373
218.443607114943,1.43541582072676
216.938351838519,-0.651418004909696
215.443469003188,-2.56858367225025
213.958887134342,-3.11112884958821
212.484535249888,-2.26311549495731
211.02034285686,-0.963779236287148
209.566239948043,-0.536678482570475
208.122156998634,-0.694564469280247
206.688024962908,-0.861071641822103
205.263775270925,-1.00720854433781
203.849339825246,-0.94567475375221
202.44465099768,-0.874431946225921
201.04964162605,-1.29539491433381
200,-2.01373262932334
199.664245010979,-2.29389216451456
198.288394912707,-3.27724128343332
196.922025547917,-3.09079967087315
195.565071586595,-2.00907298012241
194.217468148903,-0.873550609771864
192.879150802078,-1.00009593412168
191.550055557353,-2.49367534994543
190.230118866895,-2.88415742891056
188.919277620767,-2.19041096785572
187.617469143912,-2.45259866452245
186.324631193156,-2.62546852904252
185.04070195423,-2.77239992761538
183.765620038817,-1.7846617778144
182.499324481615,2.01717613812567
181.241754737424,3.59578998885751
179.992850678248,0.933551960905466
178.752552590424,-2.29405057956385
177.520801171764,-3.38177426202692
176.297537528721,-1.53368238444146
175.082703173572,0.661980747095858
173.876240021625,1.44713097355571
172.678090388436,-0.324460093270129
171.488196987054,-2.55153035760794
170.306502925284,-3.20481967412776
169.132951702965,-2.52964597774557
167.967487209265,-1.29021174527549
166.810053720006,-0.797167381545772
166.666666666667,-0.789298801866987
165.660595894991,-0.738772521340517
164.519058775366,-0.726495901165076
163.385387780986,-1.22455750402905
162.259528707809,-2.39524977493117
161.141427725302,-3.33242212247047
160.03103137387,-3.15928430694951
158.928286562298,-2.31672137055026
157.833140565212,-1.95937744466282
156.745541020559,-1.98100360329364
155.665435927106,-2.55210763984841
154.592773641948,-3.32927321371884
153.527502878042,-3.60552037463675
152.469572701757,-3.61188039976521
151.418932530435,-3.58262102499931
150.375532129974,-3.5715590599098
149.339321612425,-3.59307856387324
148.310251433611,-3.61147770470783
147.28827239075,-3.61537272193787
146.273335620113,-3.50279682452948
145.265392594678,-2.99980343086234
144.264395121816,-2.06069776562849
143.270295340983,-1.7236458140246
142.857142857143,-1.8397027960808
142.283045721435,-2.10022187330257
141.302599059953,-2.77491858269392
140.328908478587,-3.62874578192976
139.361927422414,-2.1478731834678
138.401609657313,0.428160466518354
137.447909267754,4.46449271149011
136.500780654601,3.79803037736601
135.560178532937,-2.24860593717473
134.626057929891,-2.90468364240193
133.698374182495,0.968088878081308
132.777082935543,5.02564264759237
131.862140139475,0.502668764259274
130.953502048267,-0.811591745514856
130.051125217341,-2.35956268270193
129.154966501488,-2.92621512076421
128.264983052806,-2.94094300602078
127.381132318648,-1.94103375499788
126.50337203959,-1.11692687845892
125.631660247412,-1.74960642155458
125,-1.19680615665144
124.765955263087,-0.820888864791821
123.906215694792,-1.49061611100917
123.052400435926,-2.89337045224012
122.204468663149,-3.11159814109309
121.362379834424,0.342485550220933
120.526093687084,1.24346595477319
119.695570235904,-1.33521523228496
118.87076977119,-2.53004747464582
118.051652856881,-2.11556398344235
117.23818032866,-2.64312204387319
116.430313292088,-3.44116652172793
115.628013120738,-2.75900001531103
114.831241454351,-1.11155195255294
114.039960197003,-0.204652847645188
113.254131515281,-2.07963991982789
112.473717836475,-2.9168275841276
111.698681846782,-1.98699073772674
111.111111111111,-1.64874960736723
110.928986489522,-1.62889447345359
110.164594963366,-2.34760575097531
109.405470720574,-2.9057149849771
108.651577465254,-3.29713419812775
107.902879151618,-3.6492028523272
107.159339982267,-3.16841399151702
106.420924406472,-1.79527026195974
105.68759711848,0.932661298114103
104.959323055823,-0.878051022695938
104.23606739764,-3.4126518663058
103.517795563018,-0.488765170587793
102.804473209331,3.8837558023581
102.096066230605,0.814721923247579
101.392540755882,-3.25827769497435
100.693863147603,-2.93880863025329
100,-1.31655364703893
100,-1.31655364703881
99.310918137498,-0.917989386199348
98.6265846131283,-1.87229253523507
97.946966706954,-1.9148628782179
97.2720319245054,-1.92685736729176
96.6017479952265,-2.66535416113423
95.9360828709315,-3.53134397523267
95.2750047242729,-2.58249468353416
94.61848194722,-1.32397412340988
93.966483149547,-1.48081066021994
93.3189771573324,-2.23895707782283
92.6759330114688,-3.42491386779916
92.0373199661823,-3.51584303526219
91.4031074875623,-2.36286343323338
90.9090909090909,-0.523331871498907
90.7732652521023,0.0678792182462944
90.1477631452492,-0.558734721540769
89.526571259964,-3.4840257175508
88.9096598952916,0.709100811980837
88.2969995549409,-0.415253191763933
87.6885609458743,-3.23889859488615
87.0843149769073,1.52291146761748
86.4842327573172,0.0187066206305433
85.8882855954625,-3.52836401588128
85.2964449974102,-1.50082240189804
84.7086826655741,-3.21221542510672
84.1249704973612,-3.65141394058481
83.5452805838287,-3.52991971832635
83.3333333333333,-3.43569953616686
82.9695852083491,-3.45964475133858
82.3978568452852,-2.49658297500404
81.8300681586739,-0.974468683846264
81.2661920009194,-3.11814849604924
80.706201411495,-1.55145300263554
80.150069615654,2.45970491736317
79.5977700231498,-1.98532531323958
79.0492762269642,-3.34517563167985
78.5045620020451,-1.06529716450377
77.9636013040523,-0.311109880206582
77.4263682681127,-2.36305397993292
76.9230769230769,-3.3999853845362
76.8928372075831,-3.29643573856226
76.3629826128224,-2.63468039102657
75.8367791499719,-3.60854052398725
75.3142016597437,-2.48049721577744
74.7952251562182,-2.2469159699555
74.2798248256491,-1.48381122217826
73.7679760252773,-3.21680976856542
73.2596542821523,-2.42231215033591
72.7548352919623,-3.18061568716443
72.2534949178722,-3.12203948524869
71.7556091893693,-1.94044336782876
71.4285714285714,2.4032368150957
71.2611543011175,1.02367523589594
70.7701066118189,-3.59874051496491
70.2824426430835,5.31046667511008
69.7981390783066,-0.93537341246748
69.3171727615541,-3.5243423464861
68.839520696455,-2.57468031508945
68.3651600451024,-1.82786539419994
67.8940681269611,-2.39933193504011
67.4262224177834,-3.61439767507722
66.9616005485322,-3.01570648338496
66.6666666666667,-2.77962750268285
66.5001803043112,-2.43737187939954
66.0419396233031,-0.22026375880075
65.5868565957143,-3.25147695369499
65.134909462728,-3.3638129570851
64.6860766154633,-2.67825038136656
64.2403365939419,-1.55038710934842
63.7976680860628,-3.60543926846132
63.3580499265825,-1.3724000320809
62.9214610961034,-3.16281757718273
62.5,0.229222618298981
62.4878807200689,0.354536943283297
62.057288067765,-2.45263043092877
61.6296625513294,-3.18414353760805
61.204983724767,-3.45661163640495
60.7832312829723,-3.08801747884773
60.3643850607587,-2.06386394364953
59.9484250318941,-3.49278056591212
59.5353313081437,-2.35070256471182
59.1250841383188,-1.96663930964975
58.8235294117647,-2.22149940558217
58.7176639073326,-2.39031658070344
58.3130511352622,-3.49069994310822
57.9112264764176,-2.01512975576788
57.5121707184161,-2.43438892151276
57.1158647812643,-3.61065530332452
56.7222897164454,-3.27440748543595
56.3314267060136,-3.13556501136638
55.9432570616938,-3.00579186785459
55.5577622239888,-3.61915762328475
55.5555555555556,-3.62056765395691
55.1749237612912,-3.42517751525186
54.7947233690029,-3.43066182534742
54.4171428686589,-3.05701975281992
54.0421642070592,-3.1642999659477
53.6697694554048,-3.02907590864741
53.2999408084409,-0.311930353023011
52.9326605836056,-2.86854819560467
52.6315789473684,-3.10615744949954
52.5679112201842,-2.74236808854318
52.2056752784698,-2.76364991807285
51.8459354389291,-2.60790131792892
51.488674501375,-3.19021977762714
51.1338753841433,1.12794494886576
50.7815211232767,-1.93273854564982
50.4315948717136,-1.47229216884876
50.0840798984821,-3.21411645642275
50,-3.01552364690995
49.7389595879007,-3.44484077431259
49.3962174387832,-3.03555452852505
49.0558370636505,-2.61231537822347
48.7178021879463,-2.55519936363096
48.3820966492596,-3.61743874700216
48.0487043965513,-3.36577949108645
47.7176094893875,-2.65240443884549
47.6190476190476,-2.14339628685293
47.3887960971765,-1.79051476754135
47.0622484984128,-3.65501399411742
46.7379510799246,4.913824273196
46.4158883361278,-3.07569120447369
46.0960448682843,-2.4370977788899
45.7784053837662,-3.48572921064062
45.462954695324,-3.45091476387391
45.4545454545455,-3.48518861861414
45.149677720361,-0.261945609840022
44.8385594802119,-1.08352372211574
44.5295850994266,-2.91724523528871
44.222739805059,-1.27746308289253
43.9180089259609,-1.823842122936
43.6153778920801,-3.5063477808958
43.4782608695652,-3.61362465690909
43.314832233764,-3.13123932311624
43.016357581068,-2.39370551979779
42.7199396630678,-3.4690761219489
42.4255643071778,-3.43699422201889
42.1332174384729,-3.27794476497597
41.8428850790158,0.307718648283346
41.6666666666667,-3.47012219791692
41.5545533471888,-0.896370192480002
41.2682084570295,-2.83821453684397
40.9838367175726,0.0544219952652059
40.7014245321944,-3.65752163973535
40.4209583979631,-3.5709282500042
40.1424249049932,-0.402644241101551
40,-3.55571579234073
39.8658107358044,-2.10759390493383
39.5911026646846,-3.48801422386809
39.3182875570577,-3.48437428011006
39.0473523688556,-1.30516589177703
38.7782841458946,-1.9820818669571
38.5110700232557,-2.14525465103314
38.4615384615385,-2.65584330245199
38.24569722467,-3.47073442505207
37.9821530619073,-0.821529494321577
37.72042493417,-3.5636020605164
37.4605003274899,1.14098499775746
37.2023668141307,-0.898666380234157
37.037037037037,-2.60913614605847
36.946012051993,-3.58117672697666
36.6914237840249,-3.60877779285188
36.4385898376355,-2.91628900911671
36.1874981241128,-2.14753284472728
35.9381366380463,-2.09694684836885
35.7142857142857,-2.77800391555804
35.6904934567523,-2.64084656423516
35.4445567397043,-2.78443189175699
35.2003147279668,-1.88855636380724
34.9577557436328,-3.20701790218184
34.7168681892656,-3.51340809690147
34.4827586206897,-3.36868285326785
34.4776405473446,-3.34262787462246
34.2400613797142,-3.47476399569772
34.0041193270371,-1.16145318327268
33.7698031082509,-2.73691128662709
33.5371015200293,-1.21370858763573
33.3333333333333,-3.20351390472698
33.3060034362459,-2.41044575945746
33.0764978074424,-1.19860268946375
32.8485736603004,-3.51188278976182
32.6222200971167,-2.75458949624713
32.397426295282,-1.57838080515814
32.258064516129,-2.630075247073
32.1741815067637,-0.253163377438038
31.9524750575921,-0.0899315667303808
31.7322963473498,-2.78030647318125
31.5136348486648,-3.18656519419313
31.2964801067075,-3.15462033097905
31.25,-2.26729591815568
31.0808217386906,-2.49420801512086
30.8666494333727,-2.89205285388642
30.6539529505653,-2.03270392481725
30.442722120643,1.26139171255587
30.3030303030303,-1.93479808335151
30.2329468440578,0.889550880972924
30.0246170908555,-3.40201895777381
29.8177229001967,-2.53372739684475
29.6122543798804,-3.07075941164224
29.4117647058824,-2.16281444562973
29.4082017058706,-2.11551359146362
29.2055551218275,-0.468012714036216
29.0043049386399,-3.25208397532269
28.804441533963,-2.94498520495439
28.6059553517574,-3.07035545838051
28.5714285714286,-3.25350457491528
28.408836901833,-3.52352783156031
28.2130767593947,-3.32060155772164
28.018665564592,-3.37309241375264
27.8255940220712,-2.97421765665892
27.7777777777778,-3.13910103805334
27.6338529005317,-2.43017723308319
27.4434330322836,-3.52793053639102
27.2543253128103,-1.88844134965334
27.0665207003324,-1.47003896902576
27.027027027027,1.95698553723425
26.8800102153761,-2.56043453808057
26.6947849403432,-3.06428404606292
26.5108360190854,-2.65841236089345
26.3281546564802,-3.38714052857709
26.3157894736842,-3.22035601171229
26.1467321180109,-2.83778519795281
25.9665597293487,-1.95792706121888
25.787628875938,1.80743058497523
25.6410256410256,-1.4977953174817
25.6099310025846,-0.279444657883555
25.4334576130465,-1.92558229987587
25.2582002696278,1.0827178963434
25.0841505927754,-0.177044601356481
25,0.857321373186172
24.9113002606779,-2.73312850484778
24.7396410088681,-3.58533802189568
24.5691646298279,-3.30231258268385
24.3998629725955,-2.59015911378769
24.390243902439,-3.15247109450611
24.231727942376,-2.21020361305606
24.0647515001542,0.586520097932653
23.8989256623105,-2.63020831101734
23.8095238095238,-3.49348602114771
23.7342425002387,-0.534045914375791
23.5706941399673,-2.78229696618502
23.4082727617829,-1.15318627928532
23.2558139534884,-1.97915294689998
23.2469705998565,-2.3356805927989
23.0867799418717,-2.21289356326654
22.9276931286565,-0.968503380734272
22.7697025538168,-0.522996221722717
22.7272727272727,-0.0955003618873418
22.6128006633728,-2.50725349704676
22.4569799553977,-1.29451770790574
22.3022329796594,-1.36382681690436
22.2222222222222,-2.72387231014376
22.1485523372636,0.0593707520725859
21.9959306803007,-2.69687274954166
21.8443607114943,-3.02429350454063
21.7391304347826,-3.0273345692902
21.6938351838518,-3.33573717907818
21.5443469003188,-2.64753103499786
21.3958887134342,-0.621183073560682
21.2765957446809,-2.22222326851245
21.2484535249888,-3.43156943902506
21.102034285686,-3.12415502444245
20.9566239948043,-2.93910609024946
20.8333333333333,-3.02184179601501
20.8122156998634,-1.59870762232641
20.6688024962908,-3.28673290042208
20.5263775270925,-2.72389873807843
20.4081632653061,-2.90201813054862
20.3849339825246,-2.5763785421815
20.244465099768,-0.00249105302254815
20.104964162605,-0.978714914926438
20,-3.45251250209698
19.9664245010979,-2.44915457865083
19.8288394912707,-3.07110003251581
19.6922025547917,-1.88284160088521
19.6078431372549,-3.54307474075382
19.5565071586595,-1.38698606808479
19.4217468148903,-0.41930705002532
19.2879150802078,-3.2168204267618
19.2307692307692,-2.6997502304964
19.1550055557353,-1.8602519384345
19.0230118866894,-2.48696750509434
18.8919277620767,-1.73464161144436
18.8679245283019,-2.72967244498043
18.7617469143912,-3.25172704779767
18.6324631193156,-3.35629872754076
18.5185185185185,-2.60559175170145
18.504070195423,-3.05370760502829
18.3765620038817,-3.29487514714681
18.2499324481615,-3.36857495801491
18.1818181818182,-2.98454570659568
18.1241754737424,-1.5467390112049
17.9992850678248,-3.38517773268732
17.8752552590424,-3.11075412032919
17.8571428571429,-1.14488920742199
17.7520801171764,-3.2488104149282
17.6297537528721,-2.59812294174518
17.5438596491228,-2.33989576317363
17.5082703173572,-3.47192696486082
17.3876240021625,-3.05543040637373
17.2678090388436,-3.43719116423123
17.2413793103448,-1.36319583666964
17.1488196987054,-3.38660033910194
17.0306502925284,-1.62242869415426
16.9491525423729,-1.49369109997398
16.9132951702965,-2.89963923132118
16.7967487209265,-3.22888207112951
16.6810053720006,-2.44850655680265
16.6666666666667,-2.57111404799495
16.5660595894991,-1.5079905663013
16.4519058775366,-2.57964126354828
16.3934426229508,-3.5394270778474
16.3385387780986,-3.42043794609504
16.2259528707809,-3.54052837183313
16.1290322580645,-3.45094348241458
16.1141427725302,-1.19660303607283
16.003103137387,-3.47201125309875
15.8928286562298,-2.67981099748153
15.8730158730159,-1.95304297495276
15.7833140565212,-2.85396140815031
15.674554102056,-3.34561294421645
15.625,-1.15042482560871
15.5665435927106,-2.01293472152285
15.4592773641948,-3.07409374935007
15.3846153846154,-2.87150176192035
15.3527502878042,-2.06177668768488
15.2469572701757,-2.739359922578
15.1515151515152,0.981892080472098
15.1418932530435,-1.93598078023934
15.0375532129974,-0.867814227607464
14.9339321612425,0.425822716667132
14.9253731343284,-0.434884919066046
14.831025143361,-2.55818193257867
14.728827239075,-2.88056824404326
14.7058823529412,-3.42657367322659
14.6273335620113,-2.99250948833504
14.5265392594678,-2.11362846162511
14.4927536231884,-3.66341775299996
14.4264395121816,-2.88821469327966
14.3270295340983,-2.20726102152404
14.2857142857143,-0.374209012505569
14.2283045721435,-2.02414781901519
14.1302599059953,-3.27620214517354
14.0845070422535,-0.154346820162043
14.0328908478587,1.46471349792318
13.9361927422414,-3.52492055797829
13.8888888888889,-1.53153257680334
13.8401609657313,-2.27678877055298
13.7447909267754,-0.974721523283573
13.6986301369863,-1.57281126879992
13.6500780654601,-3.57933034727481
13.5560178532937,-0.592226250802848
13.5135135135135,-2.68786699654107
13.4626057929891,-3.12964110467875
13.3698374182495,-2.6560915665206
13.3333333333333,-1.06601924587325
13.2777082935543,-3.29633835523621
13.1862140139475,-3.43957331431188
13.1578947368421,-2.5633928851512
13.0953502048267,-1.37493153798429
13.0051125217341,-3.31284564610457
12.987012987013,-3.5698220976996
12.9154966501488,-2.94481875992643
12.8264983052806,-1.66979157587643
12.8205128205128,-2.12563070716647
12.7381132318648,-3.23927475875108
12.6582278481013,-3.51319979193031
12.650337203959,-2.34940404076017
12.5631660247412,-3.04841242121425
12.5,-2.72054680394184
12.4765955263087,-3.32587446521627
12.3906215694792,-2.91350913039347
12.3456790123457,-3.61308593170373
12.3052400435926,-3.6293810223827
12.2204468663149,-1.86394186144484
12.1951219512195,-2.88794199506294
12.1362379834424,-2.27161989012118
12.0526093687084,-2.9840493158312
12.0481927710843,-3.13419137877222
11.9695570235904,0.741700530290264
11.9047619047619,-2.79242805664883
11.887076977119,-2.18519220999148
11.8051652856881,-2.84701419951959
11.7647058823529,-2.19347080481425
11.723818032866,0.250893562412689
11.6430313292088,-0.865107585221675
11.6279069767442,-3.44100657116284
11.5628013120738,-3.12132376453742
11.4942528735632,-1.85078466438879
11.4831241454351,-1.62387397515057
11.4039960197003,-3.6149213195962
11.3636363636364,-3.10816538122567
11.3254131515281,-3.44944436557359
11.2473717836475,-2.61355026792848
11.2359550561798,-2.97714754165674
11.1698681846782,-2.50639931344873
11.1111111111111,-2.66812024969259
11.0928986489522,-3.27685005909326
11.0164594963366,-2.66305529409127
10.989010989011,-3.28953197922531
10.9405470720574,-2.18719378737738
10.8695652173913,-2.70308290358026
10.8651577465254,-2.85338527204989
10.7902879151618,-2.47911799441313
10.752688172043,-1.35034743143198
10.7159339982267,-0.818951676567063
10.6420924406472,-0.402924101382335
10.6382978723404,-0.114442115477725
10.568759711848,-3.5464943344326
10.5263157894737,-3.32510787227205
10.4959323055823,-1.9863185600136
10.423606739764,-1.41090938352807
10.4166666666667,0.97005215220931
10.3517795563018,-3.09425403837438
10.3092783505155,-2.60686264263897
10.2804473209331,-3.00377977708642
10.2096066230605,-2.20191278510579
10.2040816326531,-2.2186838577404
10.1392540755882,-2.54469186414154
10.1010101010101,-2.91528967032378
10.0693863147603,-2.10690586363962
10,-2.44441260742193
10,-2.44441260742188
9.9310918137498,-2.68233592126823
9.9009900990099,-1.42068877326637
9.86265846131282,-2.84173911585502
9.80392156862745,-2.14587376632225
9.79469667069539,4.27007531833546
9.72720319245054,-3.05371858829217
9.70873786407767,-2.38600572308546
9.66017479952265,0.359216937798284
9.61538461538461,-2.58133761674373
9.59360828709314,-2.83891642654184
9.52750047242729,-2.99940990318178
9.52380952380952,-2.69990296765344
9.461848194722,-2.48372721989018
9.43396226415094,-3.61408303516582
9.39664831495469,-1.84406805016696
9.34579439252336,-3.4305524852361
9.33189771573324,-2.86857947698997
9.26759330114688,-3.09843635290975
9.25925925925926,-3.05616574533657
9.20373199661822,-3.39439273692299
9.1743119266055,-2.49772961190389
9.14031074875623,-3.62272125824837
9.09090909090909,-1.3916459135943
9.07732652521023,-3.38203762792106
9.01477631452492,-3.11523698321541
9.00900900900901,-1.76847358844186
8.9526571259964,-3.09443529225812
8.92857142857143,-3.45154035859867
8.89096598952916,-3.2784333485613
8.84955752212389,1.11464150513816
8.82969995549409,-3.21542631568523
8.7719298245614,-3.27085277880105
8.76885609458743,-3.4885562519057
8.70843149769072,-2.34593756554581
8.69565217391304,-3.58174028297018
8.64842327573172,-0.911744720045315
8.62068965517241,-1.7469781886751
8.58882855954625,-1.52559093548309
8.54700854700855,-3.04730874840824
8.52964449974102,-1.09882043691392
8.47457627118644,-2.55270846764402
8.47086826655741,-3.4156696878084
8.41249704973612,-3.01456709433286
8.40336134453781,-2.50071789000342
8.35452805838287,-1.96794294545416
8.33333333333333,-0.89311978185061
8.29695852083491,-2.92840025027958
8.26446280991736,-1.47619607015467
8.23978568452852,-3.63070401843641
8.19672131147541,-3.12367533900486
8.18300681586739,-3.59855391389415
8.13008130081301,-2.07864371307933
8.12661920009195,-1.36048192507992
8.0706201411495,-1.35305475671059
8.06451612903226,-2.139827695828
8.01500696156541,-3.38676714404174
8,-2.291669189936
7.95977700231498,-3.50902650427737
7.93650793650794,-2.25445661816188
7.90492762269642,-2.83443837171647
7.8740157480315,-2.2973467918875
7.85045620020451,-2.41484891771951
7.8125,-3.60309008301563
7.79636013040523,-2.96162206324895
7.75193798449612,-2.54735342633564
7.74263682681127,-2.85410842844824
7.69230769230769,-2.76536640194522
7.68928372075831,-3.29211534935741
7.63629826128224,-2.1555543846912
7.63358778625954,-1.99204716373058
7.58367791499719,-1.495310460829
7.57575757575758,-3.46572667225099
7.53142016597437,-3.45356882503604
7.5187969924812,-2.3895987927349
7.47952251562182,-2.43243113772415
7.46268656716418,-2.94149819681193
7.42798248256492,-2.3874382733956
7.40740740740741,-1.93888414685467
7.37679760252773,-3.0173560987621
7.35294117647059,-1.17766349402741
7.32596542821523,-3.56686143688234
7.2992700729927,-3.46403726295589
7.27548352919623,-1.17215461998857
7.2463768115942,-3.24887446857722
7.22534949178722,-2.51060999669466
7.19424460431655,-2.98952086222074
7.17556091893693,-3.01102371393311
7.14285714285714,-2.22823116647806
7.12611543011175,-2.00282713455571
7.09219858156028,-2.82738777988952
7.07701066118189,-2.47334262896409
7.04225352112676,-2.03035737571296
7.02824426430835,-2.75276496066807
6.99300699300699,-1.08627785038935
6.97981390783066,-3.49907082154219
6.94444444444444,-0.95853071634671
6.93171727615541,-1.72803374097587
6.89655172413793,-3.34884085892782
6.8839520696455,-2.685816602922
6.84931506849315,-3.06770791215994
6.83651600451024,-2.21843196114714
6.80272108843537,-1.69735232969831
6.78940681269611,-2.44949119032374
6.75675675675676,-2.32734134624929
6.74262224177834,-3.4175045679283
6.71140939597315,-2.57237199137135
6.69616005485322,-3.12058827320721
6.66666666666667,-2.80586075790152
6.65001803043112,-2.51087453439659
6.62251655629139,-3.30838814754473
6.6041939623303,-3.0615865036181
6.57894736842105,-2.31260652400105
6.55868565957143,-0.598372544954411
6.5359477124183,-3.04799075837273
6.5134909462728,-3.19031020045669
6.49350649350649,-2.03018198774042
6.46860766154633,-2.1760067678159
6.45161290322581,-3.18393922294724
6.42403365939419,-3.65458254879432
6.41025641025641,-3.62650733024635
6.37976680860628,-3.1641363211243
6.36942675159236,-0.870361138472769
6.33580499265825,-2.04392320414929
6.32911392405063,-2.33829612474123
6.29214610961034,-3.12758846087125
6.28930817610063,-2.24091888087055
6.25,-3.65268157377717
6.24878807200689,-3.65422626002607
6.2111801242236,-0.639631369369918
6.2057288067765,-0.775661310569471
6.17283950617284,-1.75253615862483
6.16296625513294,-3.13513207805478
6.13496932515337,-3.2880665835754
6.1204983724767,-3.05789735140111
6.09756097560976,-3.01445904664036
6.07832312829723,-0.700087111743339
6.06060606060606,-3.63503297473165
6.03643850607587,-2.98127738218754
6.02409638554217,-0.942772669052412
5.99484250318941,-2.87594272740925
5.98802395209581,-3.11990922008102
5.95353313081437,-3.3941730348484
5.95238095238095,-3.18110331640569
5.91715976331361,-1.44905642250286
5.91250841383188,-2.73542853695575
5.88235294117647,-2.922867514016
5.87176639073326,-2.15634361830034
5.84795321637427,-2.9334963300398
5.83130511352622,-1.99160019750949
5.81395348837209,-3.60652469966426
5.79112264764176,-2.0767302580116
5.78034682080925,-3.32020437881455
5.75121707184161,-1.97775762594493
5.74712643678161,1.39881911380956
5.71428571428571,-3.14937383123874
5.71158647812643,-2.28542749721357
5.68181818181818,-3.38794416642086
5.67222897164454,-2.07010507265427
5.64971751412429,-2.64117768101947
5.63314267060136,-3.23436659428874
5.61797752808989,-3.63743577564478
5.59432570616938,-3.30614533665574
5.58659217877095,-3.40258393423845
5.55577622239888,-1.84389227259679
5.55555555555556,-1.78360760359827
5.52486187845304,-3.05096055982322
5.51749237612913,-3.45930424747349
5.49450549450549,-3.56115959006344
5.47947233690029,-3.40908053399879
5.46448087431694,-2.21495462012804
5.44171428686589,-2.78305688202856
5.43478260869565,-3.13238896343334
5.40540540540541,-3.56687917553033
5.40421642070592,-3.66259345114561
5.37634408602151,-2.67894368356628
5.36697694554048,0.417046112083729
5.3475935828877,-3.55656348347095
5.32999408084409,-3.62303768398338
5.31914893617021,-2.99208744669006
5.29326605836056,-3.45401354340246
5.29100529100529,-2.05636873166641
5.26315789473684,-3.65958541241438
5.25679112201842,-3.40191884211698
5.23560209424084,-3.2182957825919
5.22056752784698,-3.12673784519618
5.20833333333333,-2.61509400034474
5.18459354389291,-3.63349025743774
5.18134715025907,-3.44414183269763
5.15463917525773,-2.91462486239375
5.14886745013749,-2.86773605719925
5.12820512820513,-2.59490680236469
5.11338753841433,-3.31125520663987
5.10204081632653,-2.28965620237083
5.07815211232767,-2.11944969468838
5.0761421319797,0.189470056183798
5.05050505050505,-3.4842697272938
5.04315948717136,-3.24140259058516
5.0251256281407,-2.73395212789922
5.00840798984821,-2.28405606585703
5,-3.35879937174148
4.97512437810945,-3.2048179724632
4.97389595879006,-1.12592988433625
4.95049504950495,-3.13589398023062
4.93962174387832,-2.89932168077952
4.92610837438424,-1.77128611291989
4.90558370636505,-2.25694177530523
4.90196078431372,-1.86791088976615
4.8780487804878,-3.39799385147857
4.87178021879463,-3.37884111710236
4.85436893203883,0.666341180919905
4.83820966492596,0.092024087953253
4.83091787439613,-2.96742216425478
4.80769230769231,-3.5040132627147
4.80487043965513,-3.05896192723402
4.78468899521531,-2.11270687467687
4.77176094893875,-2.23646206435275
4.76190476190476,-3.56486563516482
4.739336492891,-3.5606380108219
4.73887960971765,-3.62416634482035
4.71698113207547,-2.95232037623661
4.70622484984128,-3.00998122401311
4.69483568075117,-2.88557216157629
4.67379510799246,-1.99570989979004
4.67289719626168,-2.01771065470227
4.65116279069767,-1.57252376387673
4.64158883361278,-3.59725018751926
4.62962962962963,-3.0628823171116
4.60960448682843,-3.64615992221162
4.60829493087558,-2.91138514364037
4.58715596330275,-0.691707728283244
4.57784053837662,-2.75769096532191
4.5662100456621,-3.28567618198435
4.5462954695324,-3.19996800319718
4.54545454545455,-2.77641561919914
4.52488687782805,-3.38155038541121
4.5149677720361,-3.09960784569976
4.5045045045045,1.13477442211128
4.48430493273543,-1.80707436363847
4.48385594802119,-2.21281997236444
4.46428571428571,-2.30914750420383
4.45295850994265,-2.62054785356055
4.44444444444444,-2.15886972159903
4.42477876106195,-3.22114160094817
4.4222739805059,-3.53762695109379
4.40528634361233,-3.19148308639286
4.39180089259609,-3.58351878263779
4.3859649122807,-3.57059228276124
4.36681222707424,-3.45767795810549
4.361537789208,-3.53524540808909
4.34782608695652,-3.39238365271121
4.3314832233764,1.37381050557106
4.32900432900433,-2.72497998269314
4.31034482758621,-2.68656329730318
4.30163575810679,-2.23300420594345
4.29184549356223,-2.87086172583313
4.27350427350427,-2.8148671625246
4.27199396630678,-3.27662282712263
4.25531914893617,-1.12649059946888
4.24255643071778,-1.38407034940233
4.23728813559322,-3.19251694028479
4.21940928270042,-3.53907542276387
4.21332174384729,-3.02857662589436
4.20168067226891,-0.820124702249937
4.18428850790158,-1.42986859004001
4.18410041841004,-1.14642403534809
4.16666666666667,-3.44582512958068
4.15545533471888,-2.97290366053927
4.149377593361,-3.17753794443989
4.13223140495868,-3.45883515307217
4.12682084570295,-2.28806366909155
4.11522633744856,-2.69624905690265
4.09838367175726,-3.49712357986022
4.0983606557377,-3.49785069477916
4.08163265306122,-2.69246841354355
4.07014245321944,-3.60050086777572
4.0650406504065,-3.5096308627214
4.04858299595142,-3.46476058301441
4.04209583979631,-3.58999663157585
4.03225806451613,-2.21827868618389
4.01606425702811,-2.63508103884042
4.01424249049932,-2.95812233615818
4,-2.87106793790893
3.98658107358044,-3.09855071169819
3.98406374501992,-1.96057785774205
3.96825396825397,-2.4716594585072
3.95911026646846,-3.60059725066902
3.95256916996047,-3.43225958786321
3.93700787401575,-2.82458304899528
3.93182875570577,-2.99477691812065
3.92156862745098,-1.71482355426404
3.90625,-3.08297778616024
3.90473523688556,-2.48157439845364
3.89105058365759,-3.2152694566635
3.87782841458946,-2.23180085085049
3.87596899224806,-2.8085178732547
3.86100386100386,-3.20617927003122
3.85110700232557,-3.40783780188662
3.84615384615385,-2.99290444671051
3.83141762452107,-2.38128006731999
3.824569722467,-3.09138843603985
3.81679389312977,-0.377176745498512
3.80228136882129,-2.90220139953881
3.79821530619074,-2.03042297420209
3.78787878787879,-3.58936303110839
3.77358490566038,-2.03496795008966
3.772042493417,2.08084441555572
3.7593984962406,-3.20860618195952
3.74605003274899,-1.39549796509153
3.74531835205992,-2.17849088441396
3.73134328358209,-3.1537079062915
3.72023668141307,-0.0733530623137524
3.71747211895911,-2.78921208891175
3.7037037037037,-3.05249737360411
3.6946012051993,-2.70275417080652
3.690036900369,-2.60657616541088
3.67647058823529,-3.09260321227763
3.66914237840249,-3.6315299945728
3.66300366300366,-0.993604310841998
3.64963503649635,-3.65870722215778
3.64385898376355,-0.231294757793232
3.63636363636364,-2.62536529987916
3.6231884057971,-2.98986308515189
3.61874981241128,-2.56059201887136
3.6101083032491,-1.90224478112905
3.59712230215827,-2.43544469047769
3.59381366380463,-3.51973750715809
3.584229390681,-1.89748442076891
3.57142857142857,-2.30292462011171
3.56904934567523,-2.18436578612472
3.55871886120996,-2.73748526631074
3.54609929078014,-2.89755894095019
3.54445567397043,-0.57788627265604
3.53356890459364,-3.05668886727211
3.52112676056338,-1.51360410580385
3.52003147279668,-3.45475680961131
3.50877192982456,-3.6177349387048
3.4965034965035,-2.66299292632429
3.49577557436328,-3.64528973619702
3.48432055749129,-3.25788599406338
3.47222222222222,-3.47466214165722
3.47168681892656,-3.02214445962319
3.46020761245675,-3.62567483287999
3.44827586206897,-3.17668354657293
3.44776405473446,-3.04865304004376
3.43642611683849,-3.18542434697649
3.42465753424658,-3.04556868420643
3.42400613797142,-1.08150484631612
3.41296928327645,-3.17068431407516
3.40136054421769,-3.37134891207686
3.40041193270371,-2.21310784292946
3.38983050847458,-2.59884357068882
3.37837837837838,0.408284193179971
3.37698031082509,-2.53000266117182
3.36700336700337,-3.05552036886233
3.35570469798658,-2.44577046558534
3.35371015200293,-2.92976435647757
3.34448160535117,0.199262314778811
3.33333333333333,-2.70774773642777
3.33060034362459,-2.96395418060923
3.32225913621262,-2.92466831609401
3.3112582781457,-1.231003404708
3.30764978074424,-3.37249265002559
3.3003300330033,-3.05025328380553
3.28947368421053,-3.33772774166537
3.28485736603004,-2.74961224461098
3.27868852459016,-3.53919151560587
3.26797385620915,-3.25957455416137
3.26222200971167,-3.32453411475246
3.25732899022801,-2.34951984761666
3.24675324675325,-3.59193205959225
3.2397426295282,-3.66075056679797
3.23624595469256,-3.49478605954614
3.2258064516129,-1.76339365826201
3.21741815067637,-2.9918971856773
3.21543408360129,-3.21066742629848
3.20512820512821,0.202628482644646
3.19524750575921,-1.4687515817768
3.19488817891374,-1.53323253754139
3.18471337579618,-2.37394642080583
3.17460317460317,-3.62162036525343
3.17322963473498,-2.24603947251229
3.16455696202532,-1.94204549121637
3.15457413249211,-1.72907607584922
3.15136348486648,-2.78991910427244
3.14465408805031,-2.80594466436913
3.13479623824451,-0.791654412780342
3.12964801067075,-1.90490571830947
3.125,-3.65039747563203
3.11526479750779,-3.6032249635824
3.10808217386906,-3.41322295623003
3.1055900621118,-2.75363671061263
3.09597523219814,-2.55449659636649
3.08666494333727,-3.21774605623558
3.08641975308642,-3.41076162982854
3.07692307692308,-2.29191918029575
3.06748466257669,-0.779187997728466
3.06539529505653,-3.17978813776706
3.05810397553517,-3.07174927868807
3.04878048780488,-3.51479326262891
3.0442722120643,-3.56526258423186
3.03951367781155,-2.84380557792864
3.03030303030303,-2.97066867056928
3.02329468440578,-3.30212343794643
3.02114803625378,-2.68554710789446
3.01204819277108,-2.68531413005202
3.003003003003,-3.28753151508352
3.00246170908555,-2.58343886652802
2.9940119760479,-3.24963566837051
2.98507462686567,-3.28229481704126
2.98177229001967,-3.26059283785362
2.97619047619048,-2.15519205500619
2.9673590504451,-3.54457655933858
2.96122543798803,-2.64812794158605
2.9585798816568,-3.61449426993543
2.94985250737463,-2.21661633620998
2.94117647058824,-1.62194620835113
2.94082017058706,-2.03917092176398
2.93255131964809,-3.12422996692636
2.92397660818713,-2.84493085652177
2.92055551218275,-2.9792222450187
2.91545189504373,1.97048242202194
2.90697674418605,-3.18286705364188
2.90043049386399,-3.34612655699312
2.89855072463768,-3.42340408805667
2.89017341040462,-2.66657984857441
2.88184438040346,-3.4850339000845
2.8804441533963,-3.46272573108909
2.8735632183908,-2.64191610083075
2.86532951289398,-2.51453099003147
2.86059553517574,-3.08356517814938
2.85714285714286,-3.1537489947503
2.84900284900285,-3.16203760807921
2.84090909090909,-2.89942489726517
2.8408836901833,-2.93789843600178
2.8328611898017,-3.53303836680432
2.82485875706215,-3.42594417110426
2.82130767593947,-3.19279663394856
2.8169014084507,0.558871711309355
2.80898876404494,-3.59286720041858
2.8018665564592,-2.30797613786982
2.80112044817927,-2.81029639297649
2.79329608938547,-1.60802005826089
2.78551532033426,-3.6554243599629
2.78255940220712,-3.56535647829709
2.77777777777778,-2.94337616152215
2.77008310249307,-2.72541701146026
2.76338529005317,-3.53856150367148
2.76243093922652,-2.9099807257938
2.75482093663912,-1.23659668894247
2.74725274725275,-3.55134820513545
2.74434330322836,-3.21495701291631
2.73972602739726,-3.02591824475884
2.73224043715847,-1.31618551900705
2.72543253128103,-3.31427328701993
2.72479564032698,-1.32896731956275
2.71739130434783,-3.3756984134895
2.710027100271,-2.95760830714932
2.70665207003324,-3.47577532462368
2.7027027027027,-3.18635165516407
2.69541778975741,-3.31894645279318
2.68817204301075,-0.444864283396877
2.68800102153761,0.552123228878419
2.68096514745308,-2.56423844321726
2.67379679144385,-2.4428993727917
2.66947849403432,-1.90158369542429
2.66666666666667,1.81602598026989
2.65957446808511,-2.57350773830081
2.6525198938992,-2.98267165317578
2.65108360190854,-2.95480287305854
2.64550264550265,-2.75923266382365
2.63852242744063,-2.87818127573724
2.63281546564802,-0.828155807640381
2.63157894736842,-1.10877942182413
2.6246719160105,-3.39254699906364
2.61780104712042,-3.52954836403004
2.61467321180109,-3.13587563796197
2.61096605744125,-3.32266057399824
2.60416666666667,-2.34039504976023
2.5974025974026,-3.54276883224854
2.59665597293487,-2.58806984415348
2.59067357512953,-3.50208180561382
2.58397932816537,-3.46151804768995
2.5787628875938,-3.60594811682541
2.57731958762887,-3.46026602803696
2.5706940874036,-3.41925937623763
2.56410256410256,-1.45739194254362
2.56099310025846,-3.51874719693235
2.55754475703325,-2.09209619708757
2.55102040816327,-0.041265887945495
2.54452926208651,-3.13760350500878
2.54334576130465,-2.90884463203558
2.53807106598985,-2.53203412518693
2.53164556962025,-2.69743950779503
2.52582002696278,-3.28837436773334
2.52525252525253,-3.53724651157166
2.51889168765743,-3.41396662019009
2.51256281407035,-3.59129799581488
2.50841505927754,-1.19567965839091
2.5062656641604,-3.51419298825048
2.5,-3.14170044116137
2.49376558603491,-3.02216774819315
2.49113002606779,-0.0288462165614005
2.48756218905473,-2.831494225923
2.48138957816377,-2.17737733574416
2.47524752475248,-3.02235842749159
2.47396410088681,-3.19257951109669
2.46913580246914,-3.13227213319656
2.46305418719212,-3.57658733392209
2.45700245700246,-1.47860249381794
2.45691646298279,-1.21391249363962
2.45098039215686,-3.49102085067882
2.44498777506112,-3.58493488366393
2.43998629725955,-3.52402323422448
2.4390243902439,-3.32407755790133
2.4330900243309,-2.99167650288616
2.42718446601942,-2.99246396551846
2.4231727942376,-3.4007197267516
2.42130750605327,-3.58433301102387
2.41545893719807,-2.77828986925398
2.40963855421687,-3.39474485324085
2.40647515001542,-0.602042349434138
2.40384615384615,-1.64696833472039
2.39808153477218,-3.33517868007551
2.39234449760766,-2.85306922672644
2.38989256623105,-3.04143004472955
2.38663484486874,-2.85405971913785
2.38095238095238,-1.18721990639043
2.37529691211401,-3.28528634736402
2.37342425002387,-3.34857111962024
2.3696682464455,-3.36217579965223
2.36406619385343,-3.24419485884907
2.35849056603774,-2.46201401801438
2.35706941399673,-3.47739330519628
2.35294117647059,-3.34081711150393
2.34741784037559,-3.59050208743796
2.34192037470726,-2.77494439081853
2.34082727617829,-2.94656830767117
2.33644859813084,-0.451657330303543
2.33100233100233,-1.13354648965703
2.32558139534884,-3.32917024607446
2.32469705998565,-3.24877314241378
2.32018561484919,-2.49783976741629
2.31481481481481,-3.24924736250604
2.3094688221709,-2.00443577746692
2.30867799418717,-1.85850424985163
2.30414746543779,-2.94624454069376
2.29885057471264,-1.99628972973776
2.29357798165138,-1.67907083729777
2.29276931286565,-2.79249421699832
2.2883295194508,-2.47330556212018
2.28310502283105,-2.93612458109051
2.27790432801822,-3.22956903914793
2.27697025538168,-2.9087663404003
2.27272727272727,-3.62658792520387
2.26757369614512,-3.45713034002876
2.26244343891403,-3.32757206522767
2.26128006633728,-2.74314935385062
2.25733634311512,-2.57213078721103
2.25225225225225,-2.70477179855247
2.24719101123596,-2.78741938379643
2.24569799553977,-3.32603823969621
2.24215246636771,-3.10023351621841
2.23713646532438,-2.55170386182432
2.23214285714286,-3.32383627480614
2.23022329796594,-3.48832476654878
2.2271714922049,-0.962975561450786
2.22222222222222,-3.0791471460953
2.21729490022173,-2.55124023978829
2.21485523372636,-2.48947399125039
2.21238938053097,-2.83482717115735
2.2075055187638,-2.96558977571878
2.20264317180617,-2.31291918829613
2.19959306803007,-2.79507897432786
2.1978021978022,-2.61344332114249
2.19298245614035,-2.21552012953641
2.18818380743982,-3.64726522934269
2.18443607114943,-0.680505767826513
2.18340611353712,-2.53047995996136
2.17864923747277,-2.83839935181065
2.17391304347826,-1.47646076656151
2.16938351838518,-3.6186427867757
2.16919739696312,-3.39852323711959
2.16450216450216,-2.97060158504929
2.15982721382289,-2.95242183273235
2.1551724137931,-3.34343823784693
2.15443469003188,-2.73707103816893
2.1505376344086,-2.82432574452018
2.14592274678112,-3.47034281542939
2.14132762312634,-3.31212278346679
2.13958887134342,-3.0136098413002
2.13675213675214,-0.673812286483762
2.13219616204691,-3.39891434302582
2.12765957446809,-2.47707182334612
2.12484535249888,-3.53588252061284
2.12314225053079,-2.60210574435073
2.11864406779661,-3.59970221534833
2.11416490486258,-2.38853997596798
2.1102034285686,-3.44417213394992
2.10970464135021,-3.49494622484597
2.10526315789474,-3.48929203699835
2.10084033613445,-3.01151565962781
2.09643605870021,-1.4046155860296
2.09566239948043,-2.70313476664476
2.09205020920502,-3.43802911656173
2.08768267223382,-0.733607424421886
2.08333333333333,-3.36299174361913
2.08122156998634,-2.12628165701535
2.07900207900208,-3.12267777857091
2.0746887966805,-3.64082514652462
2.0703933747412,-3.4805970095406
2.06688024962908,-3.11104867264693
2.06611570247934,-2.87794997275092
2.06185567010309,-2.06481335956125
2.05761316872428,-3.51273372296312
2.05338809034908,-1.91635652758442
2.05263775270925,-2.83674701901411
2.04918032786885,-2.94108192040305
2.04498977505112,-3.13744956148006
2.04081632653061,-3.61157086317156
2.03849339825246,-3.54346825656948
2.03665987780041,-3.63145822886487
2.03252032520325,-2.15291787534364
2.02839756592292,-3.4017134492022
2.0244465099768,-1.64346575830803
2.02429149797571,-1.17971474039511
2.02020202020202,-2.78966535455164
2.01612903225806,-3.16524427264845
2.01207243460765,-3.3351820738171
2.0104964162605,-2.20329572768018
2.00803212851406,-2.22464359394659
2.00400801603206,-3.29483305913835
2,-3.54523690319096
1.99664245010979,-3.25915235554482
1.99600798403194,-3.03855128317995
1.99203187250996,-2.90602881564346
1.98807157057654,-3.64542031336354
1.98412698412698,-2.90979378476903
1.98288394912707,-3.36525282665634
1.98019801980198,-3.45786698812524
1.97628458498024,-3.25657874693634
1.9723865877712,-2.8496341846869
1.96922025547917,-3.40606082326895
1.96850393700787,-3.0289180256362
1.96463654223969,-2.86680690355207
1.96078431372549,-3.50633864549239
1.95694716242661,-3.45654311471908
1.95565071586595,-3.01199746994815
1.953125,-3.23731730774609
1.94931773879142,-2.05439911842357
1.94552529182879,-3.49830455461396
1.94217468148903,-2.92007146454771
1.94174757281553,-1.34860153461563
1.93798449612403,-3.63175432429567
1.93423597678917,-3.26006234381013
1.93050193050193,-3.26304708455528
1.92879150802078,-3.44540114501306
1.92678227360308,-3.216012022903
1.92307692307692,-3.29806402087457
1.91938579654511,-0.954183522324864
1.91570881226054,-3.26401724646741
1.91550055557353,-3.65689279370876
1.91204588910134,-2.81534330103075
1.90839694656489,-1.55167350230873
1.9047619047619,-3.5479626548781
1.90230118866894,-3.13364886297766
1.90114068441065,-3.54729849225042
1.89753320683112,-2.41615620380825
1.89393939393939,-3.49920362526971
1.89035916824197,-3.12498931368149
1.88919277620767,-3.60736356408189
1.88679245283019,-1.4352951266171
1.88323917137476,-3.20985028375803
1.8796992481203,0.63162777073588
1.87617469143912,-2.7811582064712
1.87617260787992,-2.78810564683614
1.87265917602996,-3.41300205695709
1.86915887850467,-3.63948123798191
1.86567164179104,-3.60490295964881
1.86324631193156,-3.13620789700839
1.86219739292365,-2.69330441203102
1.85873605947955,-2.4071778924201
1.85528756957328,-2.97409713941691
1.85185185185185,-2.57517490487838
1.8504070195423,-3.37485976643914
1.84842883548983,-2.19590805512153
1.8450184501845,-2.59811656362204
1.84162062615101,-3.59423762477705
1.83823529411765,-1.52882690110367
1.83765620038817,-3.42591428790369
1.8348623853211,-3.13837129559179
1.83150183150183,-3.60969080926672
1.82815356489945,-1.90990116835736
1.82499324481615,-2.75575223631649
1.82481751824817,-3.11217964012131
1.82149362477231,-2.27092570919818
1.81818181818182,-3.02267936894416
1.81488203266788,-2.67580768903998
1.81241754737424,-3.20745570673814
1.81159420289855,-3.64954848068468
1.80831826401447,-2.94666477196555
1.80505415162455,-3.43939589409161
1.8018018018018,-2.65192571989244
1.79992850678248,-0.832188239687109
1.79856115107914,-2.9384834921672
1.79533213644524,-2.47743698909955
1.7921146953405,-2.52396740822347
1.78890876565295,-3.46960709420209
1.78752552590424,-2.61438313493359
1.78571428571429,-3.65447768673247
1.7825311942959,-3.28708519508209
1.77935943060498,-3.06287542240154
1.77619893428064,-3.38488167463653
1.77520801171763,-3.23695780038927
1.77304964539007,-2.89353405909774
1.76991150442478,-3.42723424995263
1.76678445229682,-2.97237845712534
1.7636684303351,-1.73549209057283
1.76297537528721,-3.64031807965425
1.76056338028169,-3.39917795354598
1.75746924428822,-2.46959065673719
1.75438596491228,-2.94450495177206
1.75131348511384,-1.90187057182076
1.75082703173572,-3.31778853542668
1.74825174825175,-0.294965140202929
1.74520069808028,-2.18768606171254
1.74216027874564,-2.71717687244286
1.73913043478261,-3.49719769674875
1.73876240021625,-3.35618558386487
1.73611111111111,-1.62589040822787
1.73310225303293,-3.50778521093577
1.73010380622837,-1.38706888234646
1.72711571675302,-2.96277803987409
1.72678090388436,-3.57364445783444
1.72413793103448,-1.81823791589799
1.72117039586919,-3.37260591996702
1.71821305841924,-2.9112455910156
1.71526586620926,-3.54626563701818
1.71488196987054,-2.8999378279734
1.71232876712329,-3.04369938864663
1.70940170940171,-1.3953687413243
1.70648464163823,-3.55153230658986
1.70357751277683,-3.47226481047307
1.70306502925284,-3.3939464707489
1.70068027210884,-3.54592577298679
1.69779286926995,-1.47796477104715
1.69491525423729,-2.71715469623292
1.69204737732657,-3.55373918218983
1.69132951702965,-2.93925945292132
1.68918918918919,-3.46077859046191
1.68634064080944,-2.72834348351254
1.68350168350168,-3.4927652924256
1.68067226890756,-0.245845041702334
1.67967487209265,-3.06715833138353
1.67785234899329,-1.72327792081783
1.6750418760469,0.0293295234117936
1.67224080267559,-2.07764964702327
1.669449081803,-2.56062519245925
1.66810053720006,-1.55445255244539
1.66666666666667,-2.8392947784731
1.66389351081531,-3.08076425608014
1.66112956810631,-1.25977581516427
1.65837479270315,-3.19521420261439
1.65660595894991,-3.48897043600338
1.65562913907285,-2.89569833393407
1.65289256198347,-3.34321014702298
1.65016501650165,-3.10536845721166
1.64744645799012,-2.92423167046679
1.64519058775366,-3.25897668373956
1.64473684210526,-0.749317578160666
1.64203612479475,-3.28949323639081
1.63934426229508,-2.34924206911254
1.6366612111293,-2.99199614843139
1.63398692810458,-3.34181821423838
1.63385387780986,-2.40329552356094
1.63132137030995,-3.37413255113729
1.62866449511401,-2.91560741693415
1.6260162601626,-3.53681085252027
1.62337662337662,-3.2993086238112
1.62259528707809,-3.53454861162741
1.62074554294976,-3.36624176365749
1.61812297734628,-3.11440212549472
1.61550888529887,-3.29597456476513
1.61290322580645,-1.95747239756987
1.61141427725302,-1.21667870642342
1.61030595813205,-3.41790082160282
1.60771704180064,-3.53400440757083
1.60513643659711,-2.16907957079486
1.6025641025641,-2.59024944178987
1.6003103137387,-2.78397048152349
1.6,1.84066673432527
1.59744408945687,-1.83314028743946
1.59489633173844,-0.161937562317784
1.59235668789809,-0.866784893466682
1.58982511923688,-3.47959177457143
1.58928286562298,-2.60066165848626
1.58730158730159,-2.74840372527386
1.58478605388273,-2.67994753887329
1.58227848101266,-3.32669780344168
1.57977883096367,-2.79254180074205
1.57833140565212,-2.33908754515381
1.57728706624606,-0.823176804475263
1.5748031496063,-1.77683388811944
1.57232704402516,-2.91791642681944
1.56985871271586,-0.951723717424708
1.5674554102056,-3.62408584477928
1.56739811912226,-3.41778292753373
1.56494522691706,-2.61414805815429
1.5625,-3.01117568102047
1.5600624024961,-3.65836459348163
1.55763239875389,-3.0989105130147
1.55665435927106,-2.76952119624523
1.5552099533437,-2.53014858925216
1.5527950310559,-3.13637790573942
1.55038759689922,-2.817501368164
1.54798761609907,-1.50955474966689
1.54592773641948,-2.37572665143564
1.54559505409583,-2.94145665648308
1.54320987654321,-3.43923600756581
1.54083204930663,-3.00705131682626
1.53846153846154,-2.14621200981277
1.53609831029186,-2.46575640517592
1.53527502878042,-1.06157578385581
1.53374233128834,-2.56830109987207
1.53139356814701,-3.52130821661226
1.52905198776758,-2.49538716701535
1.52671755725191,-2.87213115768499
1.52469572701757,-2.10109796500368
1.52439024390244,-3.25462298879968
1.5220700152207,-1.81437638945151
1.51975683890577,-2.28463693138938
1.51745068285281,-2.46903130370959
1.51515151515152,-0.993112145963418
1.51418932530435,-2.37512918251688
1.51285930408472,-1.17987351002231
1.51057401812689,-2.9049843594568
1.50829562594268,-2.23954532626375
1.50602409638554,-2.72236561575728
1.50375939849624,-2.96935522574297
1.50375532129974,-2.99392868164837
1.5015015015015,-2.23008229110037
1.49925037481259,-1.12606780379148
1.49700598802395,-3.55189565691613
1.49476831091181,-3.42295374925105
1.49339321612425,-1.87421159193969
1.49253731343284,-3.24561617386713
1.4903129657228,-3.57232327875171
1.48809523809524,-3.57555570308876
1.48588410104012,-2.73560391525178
1.48367952522255,-1.86146951424966
1.4831025143361,-2.35415126438341
1.48148148148148,-3.27258040144182
1.4792899408284,-3.29236609866579
1.47710487444609,-1.97099123960943
1.47492625368732,-2.80677095099279
1.4728827239075,-3.14727109524521
1.47275405007364,-3.22689820473304
1.47058823529412,-3.6217265306919
1.46842878120411,-1.04806218624234
1.46627565982405,-1.27955200332705
1.46412884333821,-0.681735620383288
1.46273335620113,-2.44143409205922
1.46198830409357,1.92523328687357
1.45985401459854,-3.02568781489067
1.45772594752187,-2.914122505549
1.45560407569141,-1.35098614894793
1.45348837209302,1.75288584819773
1.45265392594678,-2.73020156814656
1.45137880986938,-2.39343493594644
1.44927536231884,0.482624308450672
1.44717800289436,-3.32550689116881
1.44508670520231,-3.65123345263053
1.44300144300144,-2.46324182655622
1.44264395121816,-0.877058868103414
1.44092219020173,-3.55915725951543
1.43884892086331,-2.46891667159279
1.4367816091954,-3.37312915511834
1.43472022955524,-3.52543159982168
1.43270295340983,-2.92024776387761
1.43266475644699,-3.08372374553705
1.43061516452074,-2.5546405346236
1.42857142857143,-0.152049687831503
1.4265335235378,1.11958138779447
1.42450142450142,-1.7146345395346
1.42283045721435,-0.952226698829672
1.42247510668563,-3.45266158950771
1.42045454545455,-0.113440496120613
1.41843971631206,-0.814692522431623
1.41643059490085,-3.23297069668267
1.41442715700141,0.0174726814995738
1.41302599059953,-1.52881260592879
1.41242937853107,-2.00064758312974
1.41043723554302,-3.31598836231394
1.40845070422535,-2.7033001525212
1.40646976090014,-3.33220213530206
1.40449438202247,-3.075329547326
1.40328908478587,-2.36529152151588
1.40252454417952,-3.34077082511437
1.40056022408964,-3.32276585536514
1.3986013986014,-3.49296158981884
1.39664804469274,-2.08167834855795
1.39470013947001,-3.24020623839622
1.39361927422414,-1.84093428239837
1.39275766016713,-3.37903239893673
1.39082058414465,-1.69194701785973
1.38888888888889,-3.46941793306261
1.3869625520111,-2.90192107235414
1.38504155124654,-3.50839424935857
1.38401609657313,-1.36140998028538
1.38312586445367,-1.72917301419941
1.38121546961326,-2.92631548082918
1.37931034482759,-3.3123469914053
1.37741046831956,-3.57894324662386
1.37551581843191,-0.641029869198245
1.37447909267754,-2.8835693013339
1.37362637362637,-2.91988382985444
1.37174211248285,-3.54207503286777
1.36986301369863,-1.99784999010366
1.36798905608755,-3.5613647775739
1.36612021857923,-3.57146441490526
1.36500780654601,-0.260866666369519
1.36425648021828,-2.77893753508125
1.36239782016349,-3.35530035249452
1.36054421768707,-1.30033812420198
1.35869565217391,-3.64894710594767
1.35685210312076,-2.99158775418082
1.35560178532937,2.16863544712867
1.3550135501355,1.03983362997075
1.3531799729364,-3.47897856136408
1.35135135135135,-2.9202473014265
1.34952766531714,-3.01005301138731
1.34770889487871,-2.61903108049664
1.34626057929891,-2.8117036030846
1.34589502018843,-2.19899479367261
1.34408602150538,-2.31710229554961
1.34228187919463,-0.625248319149288
1.34048257372654,-3.652077392071
1.33868808567604,-2.25733824334609
1.33698374182495,-2.56146222978343
1.33689839572193,-2.97503875359227
1.33511348464619,-2.9775151607922
1.33333333333333,-3.29841080793552
1.33155792276964,-2.77634074499492
1.32978723404255,-3.58731110187669
1.32802124833997,-2.59205230136218
1.32777082935543,-2.59796697418018
1.3262599469496,-2.51360164472963
1.32450331125828,-2.00224060502186
1.32275132275132,-3.18861329737073
1.32100396301189,-2.91230826921612
1.31926121372032,-3.53241158467948
1.31862140139475,-3.10134131505061
1.31752305665349,-3.5334625932888
1.31578947368421,-3.32075115269292
1.31406044678055,-0.876458224550087
1.31233595800525,1.0951429127055
1.31061598951507,-3.09786489990547
1.30953502048267,-1.01888264408008
1.30890052356021,0.953615761576136
1.30718954248366,0.0782127290690555
1.30548302872063,-2.75781385716997
1.30378096479791,-1.76877446309264
1.30208333333333,-1.98248312507955
1.30051125217341,-1.28289562303392
1.30039011703511,-2.98294526071931
1.2987012987013,-2.2346276520417
1.2970168612192,-2.5729903750897
1.29533678756477,-3.56348843768923
1.29366106080207,-2.54604099261551
1.29198966408269,-3.01240014112359
1.29154966501488,-2.43633840423437
1.29032258064516,-3.60225796249464
1.28865979381443,-2.14828702863393
1.28700128700129,-2.44017093193831
1.2853470437018,1.23553401660731
1.28369704749679,-2.98943569355456
1.28264983052806,-3.43378295942879
1.28205128205128,-2.15409514440769
1.28040973111396,-3.46060506642136
1.27877237851662,-2.21893135204298
1.27713920817369,-2.69173990484471
1.27551020408163,-2.94146020929484
1.27388535031847,-0.712218348647677
1.27381132318648,-1.81637625386268
1.27226463104326,-2.79495250399035
1.27064803049555,-2.03755587650131
1.26903553299492,-2.98378134872514
1.26742712294043,-3.58236090865555
1.26582278481013,-3.36010926552172
1.2650337203959,-3.56795860596211
1.26422250316056,0.103922600828061
1.26262626262626,-3.18711903702008
1.26103404791929,-2.06921372457013
1.25944584382872,-1.10637477826433
1.25786163522013,-3.29231403506808
1.25631660247412,-1.55911332364068
1.25628140703518,-0.878100953037072
1.25470514429109,0.29526885524614
1.2531328320802,-2.85345123843446
1.25156445556946,-2.32146777895197
1.25,-3.33251451902423
1.24843945068664,-3.23098636162096
1.24765955263087,-0.707462971625726
1.24688279301746,-3.4109069438055
1.2453300124533,-0.0511531895188666
1.24378109452736,-1.15235554830532
1.24223602484472,-3.54917740924226
1.24069478908189,-2.88673206285481
1.23915737298637,-3.54566887465894
1.23906215694792,-3.32248282117224
1.23762376237624,-1.97476511381007
1.23609394313968,-3.62165716378815
1.23456790123457,-3.55002010447817
1.23304562268804,-2.04822160903201
1.23152709359606,-2.49625985151495
1.23052400435926,-3.19063953346845
1.230012300123,-3.36418903098452
1.22850122850123,-2.49201271697082
1.22699386503067,-3.2109463239597
1.22549019607843,-2.89093633725049
1.22399020807834,-3.53271945542364
1.22249388753056,-3.51264950915565
1.22204468663149,-3.27645396626699
1.22100122100122,-2.82484636495145
1.21951219512195,-2.38356656981481
1.21802679658952,-3.41084810946209
1.21654501216545,-3.21479441353828
1.21506682867558,-2.6785508944862
1.21362379834424,-3.66083760395902
1.21359223300971,-3.61912440320695
1.21212121212121,-2.3188374135464
1.21065375302663,-0.465878235973103
1.20918984280532,-3.10875287296976
1.20772946859903,-3.06245318121905
1.20627261761158,-2.00923595678956
1.20526093687084,-2.88791691693127
1.20481927710843,-3.3274906964658
1.20336943441637,-0.062135316092319
1.20192307692308,-3.19819913588234
1.20048019207683,-2.38513087231258
1.19904076738609,-2.08721691663883
1.19760479041916,-3.63940303442827
1.19695570235904,-0.252756011437905
1.19617224880383,-3.56190521638957
1.194743130227,-1.95776499393657
1.19331742243437,-2.11458993528218
1.19189511323004,-1.83097014470142
1.19047619047619,-2.8385212458735
1.18906064209275,-2.2711819267573
1.1887076977119,-1.52354295555584
1.18764845605701,-1.78957900518936
1.18623962040332,-1.30651964591898
1.18483412322275,-3.62540118986702
1.18343195266272,-2.19009124525239
1.18203309692671,-2.15394582531216
1.18063754427391,-3.1563403819541
1.18051652856881,-3.4682179010325
1.17924528301887,0.216306811087994
1.17785630153121,-3.51474259050481
1.17647058823529,-2.51692440857299
1.17508813160987,-3.49870439718888
1.17370892018779,-1.88458481888251
1.1723818032866,-2.1496111211954
1.17233294255569,-1.69528026521878
1.17096018735363,-2.64034530280996
1.16959064327485,-2.4817769853543
1.16822429906542,-1.02275622688263
1.16686114352392,0.382069872139984
1.16550116550117,-2.8929156041129
1.16430313292088,-2.99964751605166
1.16414435389988,-1.76926147504876
1.16279069767442,-1.59138935405907
1.16144018583043,-3.33278687241484
1.16009280742459,-3.46658193042362
1.15874855156431,-2.91383178085122
1.15740740740741,-1.3509269239915
1.15628013120738,-1.92451503831635
1.15606936416185,-0.621304826355394
1.15473441108545,-3.5979528685642
1.15340253748558,-0.746215937963977
1.15207373271889,-3.46237614263448
1.15074798619102,-2.81250670699286
1.14942528735632,-3.40821652642269
1.14831241454351,-2.41257746201206
1.14810562571757,-2.72311031660292
1.14678899082569,-1.84644443975794
1.1454753722795,-3.07812518605165
1.1441647597254,-2.7905744676028
1.14285714285714,-2.84798157653206
1.14155251141553,-3.1760221818093
1.14039960197003,-1.89322637322014
1.14025085518814,-1.88587610302754
1.13895216400911,-3.52427341171223
1.13765642775882,-2.35644544840398
1.13636363636364,-1.36334373398828
1.13507377979569,-3.25829542886334
1.13378684807256,-2.4048986002668
1.13254131515281,-1.59256746138673
1.13250283125708,-1.8052174736939
1.13122171945701,-2.19043556328365
1.12994350282486,-3.62827230826518
1.12866817155756,-3.54809201086779
1.12739571589628,-1.61266911261525
1.12612612612613,-3.18909620327615
1.12485939257593,-2.5544599161734
1.12473717836475,-3.59308159125778
1.12359550561798,0.470287479035865
1.12233445566779,-3.33635985903099
1.12107623318386,-3.36032031842306
1.11982082866741,-3.49079487557382
1.11856823266219,-3.53348371981742
1.11731843575419,-1.84198567686014
1.11698681846782,-3.45300062951479
1.11607142857143,-2.96216202581781
1.11482720178372,-3.21287207213016
1.11358574610245,-3.55240584389385
1.11234705228031,-2.69018614057129
1.11111111111111,-2.74354852364969
1.10987791342952,-2.73356744729967
1.10928986489522,-1.12570319768268
1.10864745011086,-1.56516334383032
1.10741971207087,-3.19522031041644
1.10619469026549,-0.839663989805739
1.10497237569061,-3.09130488987717
1.1037527593819,0.250088921199496
1.10253583241455,2.59060043566767
1.10164594963366,-2.49369533174102
1.10132158590308,-3.39436171217424
1.1001100110011,-2.66499241330272
1.0989010989011,-3.51717985677628
1.09769484083425,-3.02169322703916
1.09649122807018,-3.4942437401494
1.09529025191676,-0.973078020450781
1.09409190371991,-3.15047247744236
1.09405470720574,-3.18645147450233
1.09289617486339,-2.41035085987435
1.09170305676856,-1.01471224227133
1.09051254089422,-3.18572919475256
1.08932461873638,-2.74280011692927
1.08813928182807,-2.86879889079342
1.08695652173913,-1.07345529060698
1.08651577465254,-2.18099453761802
1.085776330076,-3.43391209373579
1.08459869848156,-3.31574551776485
1.08342361863489,-3.60033160874805
1.08225108225108,-2.47092848779878
1.08108108108108,-2.53059333795123
1.07991360691145,-2.9597183572625
1.07902879151618,-3.4804229044892
1.07874865156419,-3.36151036581578
1.07758620689655,-1.30630500321451
1.07642626480086,-2.10105125668432
1.0752688172043,-1.13052973863362
1.07411385606874,-3.65448715734051
1.07296137339056,-3.39248283109579
1.07181136120043,1.05144969599103
1.07159339982267,-3.15838016572824
1.07066381156317,-0.52182552288006
1.06951871657754,-3.22245173606596
1.06837606837607,1.13180871660542
1.06723585912487,-1.3210727444035
1.06609808102345,-3.47569710239427
1.06496272630458,-2.97033042632337
1.06420924406472,-2.22162804097205
1.06382978723404,-2.90092906667446
1.06269925611052,-1.5210370945489
1.06157112526539,-2.71593965212615
1.06044538706257,-1.23355591141385
1.0593220338983,-0.997509015079468
1.05820105820106,-2.87767903154595
1.05708245243129,-3.55259958489254
1.0568759711848,-3.57596829787009
1.05596620908131,-3.1546178891525
1.05485232067511,-2.80860623275081
1.05374077976818,-2.963188845516
1.05263157894737,-3.15668880780371
1.0515247108307,-3.31372394400311
1.05042016806723,-3.15243315429522
1.04959323055823,-3.4756963269251
1.04931794333683,-0.884957121932085
1.0482180293501,-3.42872993398451
1.04712041884817,-2.64627151519435
1.04602510460251,-0.652713062804263
1.04493207941484,-3.39297804789644
1.04384133611691,-3.65790625816372
1.04275286757039,-1.95948026070912
1.0423606739764,-2.97511909097282
1.04166666666667,1.5899335372812
1.04058272632674,-0.998841267737911
1.03950103950104,-3.48691808334594
1.03842159916926,-1.14704426622132
1.03734439834025,-2.38549791054829
1.03626943005181,-2.51207659422645
1.0351966873706,-3.30444487212103
1.03517795563018,-2.76274323692756
1.03412616339193,-2.90702329678931
1.03305785123967,-2.22003515229666
1.03199174406605,-3.41251427402077
1.03092783505155,-3.05628483861325
1.02986611740474,-3.24318600061347
1.02880658436214,-3.39784165104528
1.02804473209331,-3.14937616072286
1.02774922918808,-1.80968441736011
1.02669404517454,-2.73198937470546
1.02564102564103,-3.53975442355512
1.02459016393443,-3.19184004247658
1.02354145342886,-2.61901415904587
1.02249488752556,-3.11419657947691
1.02145045965271,-3.02857544191532
1.02096066230605,-3.2787795841585
1.02040816326531,-3.30444917984492
1.01936799184506,-3.45372840556051
1.0183299389002,-3.54365492344358
1.01729399796541,-3.58561547677949
1.01626016260163,-2.23934471015447
1.01522842639594,-2.33072390260507
1.01419878296146,-3.14727486539281
1.01392540755882,-3.57167208465485
1.01317122593718,-3.36577214252518
1.01214574898785,-3.2816456668897
1.01112234580384,-2.31137284132906
1.01010101010101,-2.3448510194111
1.00908173562059,-1.69567357575299
1.00806451612903,-2.53525869445958
1.00704934541793,0.498499634373919
1.00693863147603,-3.28752738150468
1.00603621730382,-0.628820259707974
1.00502512562814,-3.2536932491517
1.00401606425703,-3.11091024839011
1.00300902708124,1.71243102306589
1.00200400801603,-2.33367885138311
1.001001001001,-3.10976662960668
1,1.84533982067324
