"bfp_output.P","bfp_output.logBF"
1000,-0.200180151006331
993.109181374979,-0.0706458106790064
986.265846131283,0.00282041082532647
979.46966706954,0.0215472615562264
972.720319245055,-0.00898010481837286
966.017479952265,-0.0818245658180485
959.360828709315,-0.191449560028171
952.75004724273,-0.335536084964853
946.184819472201,-0.515201089590259
939.66483149547,-0.733639639830112
933.189771573324,-0.993585405355769
926.759330114689,-1.29430309564087
920.373199661823,-1.62916607615572
914.031074875623,-1.98495836318731
907.732652521023,-2.34346196140968
901.477631452492,-2.684729123368
895.26571259964,-2.99048690139962
889.096598952916,-3.24617929451754
882.969995549409,-3.44114318305283
876.885609458743,-3.56753665058245
870.843149769073,-3.61928408348576
864.842327573172,-3.59240279124496
858.882855954625,-3.48763186964048
852.964449974103,-3.31490114070173
847.086826655741,-3.09673809326913
841.249704973612,-2.8661641958818
835.452805838287,-2.65762399486347
829.695852083491,-2.4960553349877
823.978568452852,-2.3915632044608
818.300681586739,-2.34177885836236
812.661920009195,-2.3379773136322
807.06201411495,-2.37039440387609
801.500696156541,-2.43079396866893
795.977700231499,-2.51229150584653
790.492762269642,-2.60729602268911
785.045620020451,-2.70560448902757
779.636013040523,-2.79590394742673
774.263682681127,-2.87094353558775
768.928372075831,-2.93072037941526
763.629826128224,-2.98002897196677
758.367791499719,-3.0239821461072
753.142016597437,-3.06530235540883
747.952251562182,-3.10321232055837
742.798248256492,-3.13232320552573
737.679760252773,-3.14091313282746
732.596542821523,-3.11101896483056
727.548352919623,-3.02861020342136
722.534949178721,-2.90865257753627
717.556091893692,-2.80315786828374
712.611543011175,-2.75829697325959
707.701066118189,-2.78015810148646
702.824426430835,-2.85159351782034
697.981390783066,-2.95537469565074
693.17172761554,-3.07953565778375
688.39520696455,-3.21294528781153
683.651600451024,-3.33894050929903
678.940681269611,-3.43174301785937
674.262224177835,-3.46142507517105
669.616005485322,-3.40868648995667
665.001803043112,-3.277075780456
660.419396233031,-3.08856204437965
655.868565957143,-2.86889144225172
651.349094627281,-2.63913332775804
646.860766154633,-2.41741031753913
642.40336593942,-2.22388009213777
637.976680860628,-2.0816295072709
633.580499265825,-2.01089408876488
629.214610961035,-2.02085039310209
624.878807200689,-2.1065749341801
620.57288067765,-2.25331706702614
616.296625513294,-2.44262942234938
612.04983724767,-2.65495624605115
607.832312829723,-2.86891114634146
603.643850607587,-3.0607597423229
599.484250318941,-3.20557154217964
595.353313081437,-3.27789678110615
591.250841383188,-3.25048682228991
587.176639073326,-3.09502458559269
583.130511352622,-2.79426978218261
579.112264764176,-2.3712043983581
575.121707184161,-1.91335213138027
571.158647812643,-1.54300471255093
567.222897164454,-1.33988981027319
563.314267060136,-1.30556394083946
559.432570616938,-1.39858595428525
555.577622239888,-1.57956445044673
551.749237612913,-1.82648067525006
547.947233690029,-2.12523567052808
544.171428686589,-2.45340549084379
540.421642070592,-2.77287663101513
536.697694554048,-3.03289407512544
532.999408084409,-3.17437436245414
529.326605836056,-3.13833334524484
525.679112201842,-2.89432770252766
522.056752784698,-2.48167031680127
518.459354389291,-2.01015370659432
514.886745013749,-1.59541744509006
511.338753841433,-1.29851359982528
507.815211232767,-1.12711662029151
504.315948717136,-1.07044174821187
500.840798984821,-1.1242202575823
500,-1.15433756782964
497.389595879006,-1.29164540618536
493.962174387832,-1.57163096750842
490.558370636505,-1.95352273754402
487.178021879463,-2.41555719785814
483.820966492595,-2.90979792022635
480.487043965513,-3.3407962499126
477.176094893875,-3.5828099137323
473.887960971765,-3.56008623750436
470.622484984128,-3.30661298461201
467.379510799247,-2.92355498361293
464.158883361278,-2.50523878882101
460.960448682844,-2.1154110900285
457.784053837662,-1.79718866805363
454.62954695324,-1.57766931578508
451.49677720361,-1.46599194622827
448.385594802119,-1.46368605533724
445.295850994266,-1.58068548267102
442.22739805059,-1.83063908038529
439.180089259609,-2.19721688364832
436.153778920801,-2.60753963764803
433.14832233764,-2.96665772295934
430.16357581068,-3.22343471908176
427.199396630678,-3.38523965527927
424.255643071778,-3.48427691985541
421.332174384729,-3.54772307232396
418.428850790158,-3.59019715620685
415.545533471888,-3.61851853104782
412.682084570296,-3.63662597238466
409.838367175726,-3.64661738303233
407.014245321944,-3.64700833949872
404.209583979631,-3.63055812944354
401.424249049932,-3.58166924307597
398.658107358044,-3.47185628977517
395.911026646846,-3.26644620615714
393.182875570577,-2.97241975430746
390.473523688556,-2.69304333754924
387.782841458946,-2.54026474652606
385.110700232557,-2.49890289914058
382.4569722467,-2.44441144157819
379.821530619074,-2.1831263544346
377.2042493417,-1.56794972576834
374.605003274899,-0.913769943627652
372.023668141307,-0.787653559424807
369.46012051993,-1.20519622316258
366.914237840249,-1.82446258565038
364.385898376355,-1.97897341546193
361.874981241128,-0.847096418719171
359.381366380463,0.830680352796368
356.904934567523,1.54638668731487
354.445567397043,0.942183592503047
352.003147279668,-0.643457181496767
349.577557436327,-2.1934639268956
347.168681892656,-2.72763057685695
344.776405473446,-2.56394238124399
342.400613797142,-2.40732381984666
340.041193270371,-2.29575170924748
337.698031082509,-1.71912239431416
335.371015200293,-0.260137991609393
333.333333333333,1.6358809101872
333.060034362459,1.91068114788307
330.764978074424,4.04474698327899
328.485736603004,4.88415267326589
326.222200971167,3.36097982509712
323.97426295282,0.537719178534435
321.741815067637,-1.55958147026466
319.524750575921,-2.31396402238455
317.322963473498,-1.89887046110872
315.136348486648,-0.708317935516884
312.964801067075,0.459376230866117
310.808217386907,0.90829134506679
308.666494333727,0.680210807304168
306.539529505653,0.131478957818378
304.42722120643,-0.280129841353879
302.329468440578,0.085576242974601
300.246170908555,1.64844115604815
298.177229001967,3.7399344919064
296.122543798804,4.48974603523856
294.082017058706,3.44872041140612
292.055551218275,2.2089028530037
290.043049386399,1.46081865453981
288.04441533963,0.664914808756255
286.059553517574,-0.0560803777958752
284.08836901833,0.373430809846828
282.130767593947,2.09449654206769
280.18665564592,3.23509793653434
278.255940220713,2.37322774221277
276.338529005317,0.20783977932867
274.434330322837,-1.81266638293688
272.543253128103,-2.4576111809509
270.665207003324,-0.718621034392764
268.800102153761,3.47127400499845
266.947849403432,8.31327347425385
265.001910968426,11.0312579760453
263.281546564802,9.78793748231663
261.467321180109,5.03072799805917
259.665597293487,-0.655002254481285
257.87628875938,-3.45316699371385
256.099310025846,-2.707802203842
254.334576130465,-0.395284222191814
252.582002696278,2.08967873215785
250.841505927754,4.04470161253433
250,4.47557401467079
249.113002606779,4.1960963619931
247.396410088681,0.831880336871355
245.691646298279,-2.73670982040941
243.998629725955,-3.13117484294251
242.31727942376,-2.29252301701178
240.647515001542,-1.42340383311035
238.989256623105,-0.894359513961414
237.342425002387,-1.25414873912539
235.706941399673,-2.11336230366099
234.082727617829,-1.5573227762125
232.469705998565,-0.115521315621758
230.867799418717,0.362395362248908
229.276931286565,-0.952988584925161
227.697025538168,-2.72151703060224
226.128006633728,-2.94950308948377
224.569799553977,-0.79839318772802
223.022329796594,3.12017006004219
221.485523372636,7.30072037352726
219.959306803008,8.54184904248162
218.443607114943,4.16368640366416
216.938351838519,-1.27114589308773
215.443469003188,-3.1960747947627
213.958887134342,-1.79640040323509
212.484535249888,1.08150907970161
211.02034285686,2.7824582503677
209.566239948043,1.83839599957971
208.122156998634,-0.276406219426529
206.688024962908,-2.14347509632956
205.263775270925,-2.73049724009048
203.849339825246,-2.33008240361722
202.44465099768,-2.26463253511214
201.04964162605,-2.95043723132975
200,-3.40115460863627
199.664245010979,-3.4829589472006
198.288394912707,-3.49338825633951
196.922025547917,-3.2499753345251
195.565071586595,-3.25991442269578
194.217468148903,-3.359988218899
192.879150802078,-3.24870678931979
191.550055557353,-3.24438670562206
190.230118866895,-3.20889652785543
188.919277620767,-3.29858914058088
187.617469143912,-3.5910468494993
186.324631193156,-3.31312374211124
185.04070195423,-2.98337218327519
183.765620038817,-2.47730383141764
182.499324481615,-1.966340874543
181.241754737424,-2.28788078354715
179.992850678248,-2.20006046625609
178.752552590424,-2.13172636734761
177.520801171764,-2.8176406056436
176.297537528721,-2.69126184790978
175.082703173572,-1.76500099903985
173.876240021625,-0.0117513072176036
172.678090388436,1.0762649365219
171.488196987054,-0.504214479769455
170.306502925284,-2.15405691279498
169.132951702965,-3.02118090225614
167.967487209265,-2.76757940762119
166.810053720006,-1.7054637755783
166.666666666667,-1.55508382968129
165.660595894991,-0.155052885473547
164.519058775366,2.3792699896756
163.385387780986,4.46723760863033
162.259528707809,1.09962049292289
161.141427725302,-3.13367306495668
160.03103137387,-0.55648615045548
158.928286562298,4.93092723480583
157.833140565212,7.80767345989323
156.745541020559,2.93972506820619
155.665435927106,-3.09406575709154
154.592773641948,-1.79942124655592
153.527502878042,2.37277887909948
152.469572701757,3.34406607569098
151.418932530435,0.0506015668987532
150.375532129974,-3.11793258699451
149.339321612425,-1.79911866090286
148.310251433611,-0.982264112004667
147.28827239075,-1.88817125480657
146.273335620113,-3.09731093904768
145.265392594678,-2.00610655233045
144.264395121816,-1.65656852899469
143.270295340983,-1.46212549646237
142.857142857143,-1.54261635492305
142.283045721435,-1.55229076643577
141.302599059953,-1.02209860325028
140.328908478587,-2.3644202786008
139.361927422414,-1.26523182445039
138.401609657313,3.252663772568
137.447909267754,6.43678787456181
136.500780654601,1.70957496078187
135.560178532937,-3.16954566050436
134.626057929891,-0.671774538593108
133.698374182495,4.31241572072294
132.777082935543,1.7785033481129
131.862140139475,-2.24576798967187
130.953502048267,-3.5053810100231
130.051125217341,-3.44419768284494
129.154966501488,-2.99799120193934
128.264983052806,-2.69232003753073
127.381132318648,-3.20686982865059
126.50337203959,-2.98779755417787
125.631660247412,-1.73256456118973
125,-1.03012115624916
124.765955263087,-1.24153958068099
123.906215694792,-3.28029897806179
123.052400435926,-3.40441221035494
122.204468663149,-2.11018876450999
121.362379834424,-1.80892035760972
120.526093687084,-2.93342534172752
119.695570235904,-3.47238010780954
118.87076977119,-3.1109627201006
118.051652856881,-2.85850391174479
117.23818032866,-2.86995416370423
116.430313292088,-3.31593095699223
115.628013120738,-3.65904231460849
114.831241454351,-3.24037568732528
114.039960197003,-2.68291578283846
113.254131515281,-2.82296181618171
112.473717836475,-3.63205526865114
111.698681846782,-2.73656328345428
111.111111111111,-0.947081621589102
110.928986489522,-0.484614491629467
110.164594963366,-0.56355450046946
109.405470720574,-3.04681506473004
108.651577465254,-3.03593471822544
107.902879151618,-1.41206903999345
107.159339982267,-1.05802573217472
106.420924406472,-2.71116016758072
105.68759711848,-2.06423889423352
104.959323055823,-0.885214054508263
104.23606739764,-3.15576481555636
103.517795563018,-2.77170077619611
102.804473209331,1.36927044248545
102.096066230605,-0.00658012299997335
101.392540755882,-2.68705110723119
100.693863147603,-1.04533745279725
100,-0.777073663284408
100,-0.777073663284436
99.310918137498,-1.42071269049294
98.6265846131283,-2.24251812424726
97.946966706954,-2.47065688043203
97.2720319245054,-2.41013923569552
96.6017479952265,-3.57096542931763
95.9360828709315,-2.77746354162302
95.2750047242729,-2.42465129739282
94.61848194722,-3.53202468971271
93.966483149547,-0.322212020295505
93.3189771573324,-0.695118210545256
92.6759330114688,-3.53117163323823
92.0373199661823,-1.74437734334632
91.4031074875623,-0.997620630980644
90.9090909090909,-1.96783492982233
90.7732652521023,-1.96528203618267
90.1477631452492,-2.90026396316064
89.526571259964,-2.89447275274982
88.9096598952916,0.864105361882356
88.2969995549409,-0.0581437768107476
87.6885609458743,-3.58321967956591
87.0843149769073,-1.02830115855879
86.4842327573172,-1.41916698648979
85.8882855954625,-2.73966252416285
85.2964449974102,-1.64382610232719
84.7086826655741,-2.88081333876225
84.1249704973612,-2.20825036314038
83.5452805838287,-3.57598233607818
83.3333333333333,-2.93215639965394
82.9695852083491,-1.69527425279524
82.3978568452852,-3.50399558376894
81.8300681586739,1.79613203198942
81.2661920009194,-0.629817806047622
80.706201411495,-0.879034415691176
80.150069615654,9.97961730890431
79.5977700231498,-1.13008675573893
79.0492762269642,-1.42090493055953
78.5045620020451,-0.289177785549849
77.9636013040523,1.04390616526077
77.4263682681127,-3.6408024430472
76.9230769230769,1.24487566972589
76.8928372075831,1.58285565743178
76.3629826128224,-3.19702595462949
75.8367791499719,-1.54351856206155
75.3142016597437,-2.73934305124613
74.7952251562182,-2.56259878951216
74.2798248256491,-2.89378312002917
73.7679760252773,-2.97419274457705
73.2596542821523,-2.34364799931709
72.7548352919623,-3.4632039555591
72.2534949178722,-3.63677907989593
71.7556091893693,-2.52609675544435
71.4285714285714,-1.08908815541106
71.2611543011175,-1.66425712782749
70.7701066118189,-3.10536431823068
70.2824426430835,-0.985141112773401
69.7981390783066,-2.15246430687643
69.3171727615541,-3.23732088108177
68.839520696455,-3.3599326243402
68.3651600451024,-0.994114749058791
67.8940681269611,-2.94090708496436
67.4262224177834,-2.17386991031774
66.9616005485322,-3.20523307216898
66.6666666666667,0.704208133697638
66.5001803043112,0.724209549641576
66.0419396233031,-1.85105304267371
65.5868565957143,-0.330922500682031
65.134909462728,-1.35114439826499
64.6860766154633,-2.40402621524042
64.2403365939419,-2.11163122488766
63.7976680860628,-3.04826463852417
63.3580499265825,0.0659372350013898
62.9214610961034,-2.27704567074819
62.5,-1.95857738723408
62.4878807200689,-2.01592725578946
62.057288067765,-3.02808902164063
61.6296625513294,-2.95092927155964
61.204983724767,-3.51861515466943
60.7832312829723,-2.13561085985703
60.3643850607587,-3.53177417129104
59.9484250318941,-2.96582608743882
59.5353313081437,-3.65583207411448
59.1250841383188,-3.66132584353395
58.8235294117647,-2.75439822587382
58.7176639073326,-1.60603258514039
58.3130511352622,-2.6917880343624
57.9112264764176,-2.72412613811435
57.5121707184161,-2.24037149703345
57.1158647812643,-3.66135702615228
56.7222897164454,-3.13193450531862
56.3314267060136,-2.76895608275459
55.9432570616938,-2.5841610447013
55.5577622239888,-2.33340150366963
55.5555555555556,-2.30611483900644
55.1749237612912,-1.59855221564917
54.7947233690029,-3.13243933813488
54.4171428686589,-3.0118055346132
54.0421642070592,-2.91410580676627
53.6697694554048,-3.23275071716584
53.2999408084409,-3.55750226264935
52.9326605836056,-2.35051928091017
52.6315789473684,-3.09882199973095
52.5679112201842,-3.25389392223679
52.2056752784698,-1.4593229955674
51.8459354389291,-3.31699569608385
51.488674501375,-3.57230407525209
51.1338753841433,-2.78431326628738
50.7815211232767,-2.51044729231334
50.4315948717136,-0.625479124538155
50.0840798984821,-3.3186487077785
50,-3.04483116273705
49.7389595879007,-3.34886341884656
49.3962174387832,-2.39831522979899
49.0558370636505,-2.81889029737148
48.7178021879463,-3.09877413506244
48.3820966492596,-3.2133019869082
48.0487043965513,-0.264449980909244
47.7176094893875,-2.98945407341013
47.6190476190476,-1.99182881786414
47.3887960971765,-2.40824191268721
47.0622484984128,-3.42992087373524
46.7379510799246,1.9468094585307
46.4158883361278,-2.15185940725483
46.0960448682843,-2.12330710446254
45.7784053837662,-2.98419677189254
45.462954695324,-2.93159158003014
45.4545454545455,-2.92575623633921
45.149677720361,-2.60118134033795
44.8385594802119,-2.08670181970272
44.5295850994266,-2.70813418566349
44.222739805059,8.77316356572068
43.9180089259609,-0.747450239060679
43.6153778920801,-0.874498563992442
43.4782608695652,-2.07477430428339
43.314832233764,-2.33372412774828
43.016357581068,-3.60866000554214
42.7199396630678,-1.37526563430059
42.4255643071778,-2.11352115679908
42.1332174384729,-0.58157569685893
41.8428850790158,-0.841572552661868
41.6666666666667,-3.16972583185493
41.5545533471888,-1.41287664993971
41.2682084570295,-3.21770679611158
40.9838367175726,-1.37804128521541
40.7014245321944,-2.87476872759781
40.4209583979631,-3.39885792480636
40.1424249049932,0.587394000874004
40,-3.14067547058694
39.8658107358044,-1.59210722680397
39.5911026646846,-2.90465682041572
39.3182875570577,-2.28080173131944
39.0473523688556,-0.662985877621149
38.7782841458946,-2.86663460970906
38.5110700232557,-3.32778397816467
38.4615384615385,-3.53898867765646
38.24569722467,-1.57802268327436
37.9821530619073,-1.56546019989072
37.72042493417,-3.36881287432872
37.4605003274899,-1.60233075145806
37.2023668141307,-2.95455250221964
37.037037037037,-3.58280129402207
36.946012051993,-3.33425653582803
36.6914237840249,-2.05700260011822
36.4385898376355,-2.79713500968937
36.1874981241128,-2.597547722241
35.9381366380463,-3.1660234391639
35.7142857142857,-2.80937063466824
35.6904934567523,-3.05714747077421
35.4445567397043,-0.409994001330385
35.2003147279668,-1.95603963016604
34.9577557436328,-3.09082332709145
34.7168681892656,-3.49330278276367
34.4827586206897,-3.47087594130063
34.4776405473446,-3.40497333930734
34.2400613797142,-3.15154751304631
34.0041193270371,-1.00262024663324
33.7698031082509,-3.49651889837345
33.5371015200293,-1.80748839012089
33.3333333333333,-2.20690685027644
33.3060034362459,-0.116418233828266
33.0764978074424,-3.2134196121935
32.8485736603004,-3.06643207679799
32.6222200971167,-2.75858037893995
32.397426295282,1.35744268543913
32.258064516129,-2.84457981259193
32.1741815067637,0.144097137042867
31.9524750575921,-2.9637839113747
31.7322963473498,-3.65322720830293
31.5136348486648,-3.28999187141256
31.2964801067075,-2.85877709795839
31.25,-3.35606513635342
31.0808217386906,-3.13817407019026
30.8666494333727,-3.50780935354761
30.6539529505653,-3.09585658214022
30.442722120643,-0.249958601264875
30.3030303030303,-3.65783703033896
30.2329468440578,-2.70870326110444
30.0246170908555,-3.23992615091803
29.8177229001967,-3.18942598292152
29.6122543798804,-3.11811707840989
29.4117647058824,-2.90280759099921
29.4082017058706,-2.83518795702359
29.2055551218275,-3.11530762162978
29.0043049386399,-2.86649824646117
28.804441533963,-2.24141576250112
28.6059553517574,-2.93898219725979
28.5714285714286,-3.60587150416641
28.408836901833,-3.53508062919006
28.2130767593947,-3.09235034041567
28.018665564592,-3.48700639563342
27.8255940220712,-3.03282003785706
27.7777777777778,-3.65053381059623
27.6338529005317,-1.37596225133226
27.4434330322836,-1.2997263621156
27.2543253128103,-1.71656404101698
27.0665207003324,0.499582380366992
27.027027027027,-1.33095050688412
26.8800102153761,1.78116519460027
26.6947849403432,0.599105034475106
26.5108360190854,-3.09184425349521
26.3281546564802,-2.0477896059326
26.3157894736842,-0.870735897216728
26.1467321180109,-2.03102779841809
25.9665597293487,-3.11882593487798
25.787628875938,-1.22863076308526
25.6410256410256,-2.23790146524395
25.6099310025846,-2.45628387961885
25.4334576130465,-2.64233059684876
25.2582002696278,1.63202284900952
25.0841505927754,-0.255860828891865
25,7.44761047201816
24.9113002606779,3.60500025670134
24.7396410088681,2.54097322619889
24.5691646298279,-2.4981173260755
24.3998629725955,-1.8091549666248
24.390243902439,-2.30451478306504
24.231727942376,-2.55891469257092
24.0647515001542,-2.25148280821328
23.8989256623105,-3.34757528235034
23.8095238095238,-3.43637626170927
23.7342425002387,-1.85520481577414
23.5706941399673,-1.3810362194953
23.4082727617829,-0.665997998100305
23.2558139534884,-3.10183690949567
23.2469705998565,-3.52176102298013
23.0867799418717,-3.22839447077659
22.9276931286565,-2.23177679503102
22.7697025538168,-2.17974466742181
22.7272727272727,-3.24891516018588
22.6128006633728,-2.18269529651068
22.4569799553977,-1.75572576984022
22.3022329796594,-2.94270844168143
22.2222222222222,-3.28145208595104
22.1485523372636,0.265939213637002
21.9959306803007,-2.08974772488436
21.8443607114943,-3.13317251865829
21.7391304347826,-3.47454359692305
21.6938351838518,-0.058085090673397
21.5443469003188,-2.52518218633123
21.3958887134342,-3.08295074891886
21.2765957446809,-0.265553242868303
21.2484535249888,-0.825374148827374
21.102034285686,-3.1916368500819
20.9566239948043,-2.60267212272317
20.8333333333333,-2.67817506359871
20.8122156998634,-3.36568458517727
20.6688024962908,-3.1150316853123
20.5263775270925,-1.58163745015652
20.4081632653061,-2.46013373159188
20.3849339825246,0.451932595909871
20.244465099768,-1.80950162764047
20.104964162605,0.0614283716783648
20,-2.33632143636516
19.9664245010979,-3.37947647574175
19.8288394912707,-2.93452091414748
19.6922025547917,-3.53894075536383
19.6078431372549,-3.40829222231305
19.5565071586595,-2.59746740139185
19.4217468148903,-3.18424622796051
19.2879150802078,-3.00713109754964
19.2307692307692,-2.11464922136646
19.1550055557353,-2.80728240956976
19.0230118866894,-3.59496296565116
18.8919277620767,-2.52018061525161
18.8679245283019,-1.30146200951146
18.7617469143912,-3.59844678092478
18.6324631193156,-0.96252836671341
18.5185185185185,-3.55932633148502
18.504070195423,-3.02386784806741
18.3765620038817,-1.48438706483985
18.2499324481615,-3.37187132691183
18.1818181818182,-3.59293398116859
18.1241754737424,-2.91198056977994
17.9992850678248,-3.10222498179275
17.8752552590424,-3.31452090960202
17.8571428571429,-2.76750259538012
17.7520801171764,-3.28730667489826
17.6297537528721,-3.26360084737119
17.5438596491228,-0.555244725547463
17.5082703173572,-1.81328395111309
17.3876240021625,-2.0013358321466
17.2678090388436,-3.11559709072223
17.2413793103448,-2.07840525733961
17.1488196987054,-3.18083229176353
17.0306502925284,-0.418552763540855
16.9491525423729,2.15002191977557
16.9132951702965,-2.15105420922331
16.7967487209265,-3.51831496730675
16.6810053720006,0.509970518703473
16.6666666666667,-1.71602402024574
16.5660595894991,-3.1325876962427
16.4519058775366,-2.67718969250374
16.3934426229508,-3.13811432151662
16.3385387780986,-3.29976373547167
16.2259528707809,-3.53254235769507
16.1290322580645,-1.0144143396122
16.1141427725302,-0.383494016419784
16.003103137387,-3.55614685255163
15.8928286562298,-3.42747092893024
15.8730158730159,-0.3410141221709
15.7833140565212,-1.93916212666134
15.674554102056,-2.33721218230546
15.625,-0.692335166894575
15.5665435927106,-1.36988681491708
15.4592773641948,-2.54761779744079
15.3846153846154,-0.683441380726786
15.3527502878042,-3.37395714129645
15.2469572701757,-2.64091030127293
15.1515151515152,0.40128761809395
15.1418932530435,-1.19765137384042
15.0375532129974,-2.39462915298555
14.9339321612425,-0.701836306457618
14.9253731343284,-0.293991397702693
14.831025143361,-2.90360963830183
14.728827239075,-2.37022837518476
14.7058823529412,-2.44798083801411
14.6273335620113,-3.65233754611513
14.5265392594678,-1.47354813246501
14.4927536231884,-3.4959856695509
14.4264395121816,-3.52588443938132
14.3270295340983,-1.40665580620451
14.2857142857143,-0.200398632551223
14.2283045721435,-0.476927103600484
14.1302599059953,-1.68636925605967
14.0845070422535,-0.973325305892454
14.0328908478587,0.962814652818271
13.9361927422414,-1.7551799824803
13.8888888888889,-2.8466397710808
13.8401609657313,-0.697562793804347
13.7447909267754,-3.17437728661558
13.6986301369863,-3.49292037944844
13.6500780654601,-2.10768378258892
13.5560178532937,-1.18884935524481
13.5135135135135,-1.34279448727299
13.4626057929891,-1.28632181096661
13.3698374182495,-1.63768234413863
13.3333333333333,4.29242497081315
13.2777082935543,-1.53007877972889
13.1862140139475,-2.08313008474756
13.1578947368421,-1.60872309644081
13.0953502048267,0.985198593169163
13.0051125217341,-3.26385433939781
12.987012987013,-2.00778634996795
12.9154966501488,-3.2385288322785
12.8264983052806,1.55611411229721
12.8205128205128,2.05694266120371
12.7381132318648,-2.65320164293847
12.6582278481013,-2.13079080061056
12.650337203959,-0.585726433563262
12.5631660247412,-3.27246472749924
12.5,-1.97635216848807
12.4765955263087,-3.14238593090148
12.3906215694792,-3.53149959441027
12.3456790123457,-3.02896056326143
12.3052400435926,-3.23699560820811
12.2204468663149,-0.34311751320278
12.1951219512195,-1.67339314051129
12.1362379834424,-0.999827288907777
12.0526093687084,-0.93648479322142
12.0481927710843,-1.28701115163606
11.9695570235904,5.52870078750214
11.9047619047619,-3.5450916865292
11.887076977119,-2.13250856573496
11.8051652856881,-2.10314177617478
11.7647058823529,-3.23950838444393
11.723818032866,-2.09318883855756
11.6430313292088,1.18430423070395
11.6279069767442,-3.10979312159416
11.5628013120738,-2.48950867515067
11.4942528735632,-1.05363514904364
11.4831241454351,-0.539463640535
11.4039960197003,-3.63892302747983
11.3636363636364,-3.61827423210969
11.3254131515281,-3.33373046271786
11.2473717836475,-3.25273553718837
11.2359550561798,-3.51448311125575
11.1698681846782,-3.26213532415242
11.1111111111111,-1.93745910322236
11.0928986489522,-3.36270612482452
11.0164594963366,-2.59136351909352
10.989010989011,-0.938426112716523
10.9405470720574,-2.45158213595225
10.8695652173913,-1.1761911490632
10.8651577465254,-1.35096628971039
10.7902879151618,-2.68840615533413
10.752688172043,-2.66976428805223
10.7159339982267,-2.73383617631405
10.6420924406472,-2.90410394429368
10.6382978723404,-2.49250681555959
10.568759711848,-3.15596126190656
10.5263157894737,-3.40966792188025
10.4959323055823,-2.80338729863511
10.423606739764,-1.67817397862201
10.4166666666667,-2.2450277570855
10.3517795563018,-1.65006422416637
10.3092783505155,-3.13023422965822
10.2804473209331,-2.59580397518213
10.2096066230605,-2.83699347288283
10.2040816326531,-2.84093434931837
10.1392540755882,-0.106250711263765
10.1010101010101,-3.65403279437644
10.0693863147603,-3.45513364722877
10,-1.98790352533917
10,-1.98790352533909
9.9310918137498,-2.9572876865201
9.9009900990099,1.12797076727627
9.86265846131282,0.267590088409055
9.80392156862745,-3.40232917118523
9.79469667069539,0.903100479400156
9.72720319245054,-2.91702626143622
9.70873786407767,-3.42946800748889
9.66017479952265,-1.87774157230946
9.61538461538461,-3.0826190015528
9.59360828709314,-2.8683247247573
9.52750047242729,-1.96422525372376
9.52380952380952,-2.24583252530972
9.461848194722,-2.26935710816532
9.43396226415094,-3.39721961465214
9.39664831495469,-3.42253701804382
9.34579439252336,-2.92300889846485
9.33189771573324,-3.00937967117202
9.26759330114688,-1.33405155075526
9.25925925925926,-0.590836976675955
9.20373199661822,-2.42002553382612
9.1743119266055,-3.57030009155811
9.14031074875623,-3.48214818749663
9.09090909090909,-0.750480709867968
9.07732652521023,-3.33465829758928
9.01477631452492,-3.08056030147311
9.00900900900901,-3.64036887735024
8.9526571259964,-1.97237430214919
8.92857142857143,-3.28219567516355
8.89096598952916,-2.96952374792097
8.84955752212389,1.08425442242619
8.82969995549409,-1.35614995101745
8.7719298245614,-2.5871901207068
8.76885609458743,-3.3567180380726
8.70843149769072,-3.49604956185992
8.69565217391304,-3.49503816184402
8.64842327573172,0.542236975435789
8.62068965517241,-1.60620054506863
8.58882855954625,-0.906635135464181
8.54700854700855,0.893401041882773
8.52964449974102,-0.693255978074443
8.47457627118644,-2.4918476159989
8.47086826655741,-3.63401698204548
8.41249704973612,-3.38509183337619
8.40336134453781,-1.6323154679862
8.35452805838287,1.90429377757115
8.33333333333333,1.26912013717537
8.29695852083491,-3.22086739830898
8.26446280991736,-2.31123747391116
8.23978568452852,-3.25685691559543
8.19672131147541,-3.4765757931372
8.18300681586739,-3.35397308211609
8.13008130081301,-3.03560630333341
8.12661920009195,-2.92251528520112
8.0706201411495,-2.4737310792441
8.06451612903226,-1.83933915146145
8.01500696156541,-3.65395019673449
8,-3.64626171376808
7.95977700231498,-3.33108588898456
7.93650793650794,-2.6116800990534
7.90492762269642,-3.14994318181389
7.8740157480315,0.904231191579716
7.85045620020451,-3.40556432890782
7.8125,-3.46151160734969
7.79636013040523,-3.14641636181174
7.75193798449612,-3.00291964199981
7.74263682681127,-3.0661468925473
7.69230769230769,-3.61045683430221
7.68928372075831,-3.09308715791671
7.63629826128224,-2.59261846325326
7.63358778625954,-2.55716163258524
7.58367791499719,-3.30277644808005
7.57575757575758,-3.2480188107287
7.53142016597437,-2.99505607187488
7.5187969924812,-2.6215419966365
7.47952251562182,-2.25901270413795
7.46268656716418,-3.47449696683183
7.42798248256492,-3.24140657645999
7.40740740740741,-2.71921721057241
7.37679760252773,-3.1078098089937
7.35294117647059,1.85800207936056
7.32596542821523,-3.45993765172211
7.2992700729927,-3.48343143472912
7.27548352919623,-3.13521484381799
7.2463768115942,-2.57794403011546
7.22534949178722,-1.70969977499775
7.19424460431655,0.180987320978564
7.17556091893693,-1.93109194410105
7.14285714285714,-2.80547912383222
7.12611543011175,-2.69410629763292
7.09219858156028,-2.5711801787731
7.07701066118189,-2.36424385362035
7.04225352112676,-1.05913194859915
7.02824426430835,-2.52198751707867
6.99300699300699,0.507922209757955
6.97981390783066,-2.87994485805596
6.94444444444444,-1.73482282613564
6.93171727615541,-3.53539109718973
6.89655172413793,-2.95235622122588
6.8839520696455,-3.12648994688233
6.84931506849315,-2.25006914682224
6.83651600451024,-1.20461313545452
6.80272108843537,-2.99781954516963
6.78940681269611,-1.97092682291069
6.75675675675676,-0.847223857574913
6.74262224177834,-3.24185022772819
6.71140939597315,-2.53872200886029
6.69616005485322,-2.99666172804875
6.66666666666667,-2.77354812940338
6.65001803043112,-2.23384794651106
6.62251655629139,-2.92268091478531
6.6041939623303,-3.62571636547595
6.57894736842105,-3.12489678852129
6.55868565957143,-0.353991270233347
6.5359477124183,-2.40897617418441
6.5134909462728,-2.95827571176262
6.49350649350649,-0.833482826528733
6.46860766154633,-1.25684651808215
6.45161290322581,-1.46195713641689
6.42403365939419,-3.57806866811027
6.41025641025641,-2.74078391351825
6.37976680860628,-2.73103461649604
6.36942675159236,-2.59818058953244
6.33580499265825,-0.088047248003515
6.32911392405063,-1.97035165797667
6.29214610961034,-3.38505912212421
6.28930817610063,-2.53569910208783
6.25,-3.38404384060176
6.24878807200689,-3.31000919766303
6.2111801242236,-1.54228972155878
6.2057288067765,-2.31155975913493
6.17283950617284,-2.26582114029325
6.16296625513294,-3.46496668584394
6.13496932515337,-3.29294462452573
6.1204983724767,-1.85917341037831
6.09756097560976,-3.53861864198843
6.07832312829723,-1.87915813896104
6.06060606060606,-3.51382730877681
6.03643850607587,-3.26689338282453
6.02409638554217,-1.86970991283531
5.99484250318941,-2.7924314919917
5.98802395209581,-3.05639933495486
5.95353313081437,-3.19858751978837
5.95238095238095,-3.40914519976279
5.91715976331361,-2.59631666626178
5.91250841383188,-3.1994285725958
5.88235294117647,-3.31335653647705
5.87176639073326,-3.2778790288951
5.84795321637427,-2.48955172358442
5.83130511352622,-1.77176211024514
5.81395348837209,-3.49477754713531
5.79112264764176,-3.42769089541816
5.78034682080925,-3.57886484612744
5.75121707184161,-3.53708759956337
5.74712643678161,-1.04169506448651
5.71428571428571,-3.21474943672573
5.71158647812643,-2.71932697246136
5.68181818181818,-2.3581203603821
5.67222897164454,-3.10856801195141
5.64971751412429,0.207421250619821
5.63314267060136,-2.8146832854605
5.61797752808989,-2.45286061190468
5.59432570616938,-3.06309861254906
5.58659217877095,-2.20744974002657
5.55577622239888,0.292536426707348
5.55555555555556,-0.203609954633815
5.52486187845304,-2.77681146018623
5.51749237612913,-3.35833624689074
5.49450549450549,-2.96283284160084
5.47947233690029,-2.28680692997257
5.46448087431694,-3.58817892738441
5.44171428686589,-2.43652585729016
5.43478260869565,-3.30721554704946
5.40540540540541,-3.15929402168536
5.40421642070592,-3.0094475387094
5.37634408602151,-3.6592459217377
5.36697694554048,-2.29311457331273
5.3475935828877,-2.8605291288605
5.32999408084409,-2.89450464902937
5.31914893617021,-3.5729403094263
5.29326605836056,-3.55279003463358
5.29100529100529,-2.94294183297124
5.26315789473684,-3.58236705547433
5.25679112201842,-3.01577083593487
5.23560209424084,-1.80374382393158
5.22056752784698,-2.21426000886445
5.20833333333333,-2.08228174966525
5.18459354389291,-3.48986329324996
5.18134715025907,-3.58593530231182
5.15463917525773,-2.15650332039327
5.14886745013749,-1.79521546712315
5.12820512820513,-2.07632400701687
5.11338753841433,-3.40488668907342
5.10204081632653,-3.07126540231031
5.07815211232767,-3.26573832411277
5.0761421319797,-0.922726429717879
5.05050505050505,-3.32671322168634
5.04315948717136,-3.61965506027426
5.0251256281407,-3.14157090120978
5.00840798984821,-3.42119916246441
5,-3.30674171490783
4.97512437810945,-3.51140535355365
4.97389595879006,-2.65672900467593
4.95049504950495,-3.49199642037812
4.93962174387832,-3.2609085431235
4.92610837438424,-2.78012119791957
4.90558370636505,-2.88034227516585
4.90196078431372,-3.09822562270535
4.8780487804878,-0.984152960619251
4.87178021879463,-3.52953633274917
4.85436893203883,-0.0447862192879809
4.83820966492596,-1.12255234118005
4.83091787439613,-3.48840176687063
4.80769230769231,-3.62079411849141
4.80487043965513,-2.90191384703023
4.78468899521531,-2.47429957753003
4.77176094893875,-3.3998045971624
4.76190476190476,-3.38948517703427
4.739336492891,-3.30687741897928
4.73887960971765,-3.26534703187125
4.71698113207547,-3.65135487601649
4.70622484984128,-3.59520868519727
4.69483568075117,-3.6479554003359
4.67379510799246,-3.54034287731856
4.67289719626168,-1.98704533968687
4.65116279069767,-2.27809886296852
4.64158883361278,-3.15301905218875
4.62962962962963,-2.72332728000797
4.60960448682843,-2.60374827535933
4.60829493087558,-1.14726715950207
4.58715596330275,-1.2539941493513
4.57784053837662,-2.24907492301584
4.5662100456621,-3.35523326278259
4.5462954695324,-3.35833256326203
4.54545454545455,-3.05438147237764
4.52488687782805,-2.24799044832754
4.5149677720361,-0.170743970401314
4.5045045045045,-0.129182441369362
4.48430493273543,-1.09872918111851
4.48385594802119,-1.2487783575079
4.46428571428571,-2.02283430819544
4.45295850994265,-1.80299465928779
4.44444444444444,-2.54398327028094
4.42477876106195,-3.26279092204744
4.4222739805059,-3.63175214877144
4.40528634361233,-3.18261832769884
4.39180089259609,-3.36029369220092
4.3859649122807,-2.74747346291611
4.36681222707424,-3.63116817892152
4.361537789208,-3.25631066183457
4.34782608695652,-2.94983191911448
4.3314832233764,-1.08095180664501
4.32900432900433,-3.54642537310341
4.31034482758621,-2.75091152239467
4.30163575810679,-0.853020259645755
4.29184549356223,-3.2069351065936
4.27350427350427,-3.01309487049216
4.27199396630678,-3.45952714585233
4.25531914893617,-1.41337961576952
4.24255643071778,-3.48823456360803
4.23728813559322,-3.53793003295574
4.21940928270042,-3.16913968261728
4.21332174384729,-3.6322096301872
4.20168067226891,-1.48859649210264
4.18428850790158,-2.69155910906202
4.18410041841004,-2.34331510824729
4.16666666666667,-1.40492165941161
4.15545533471888,-2.95295985336797
4.149377593361,-1.64663527012079
4.13223140495868,-3.11065566589665
4.12682084570295,-2.68804215640314
4.11522633744856,-3.42981412482213
4.09838367175726,-3.60330499264755
4.0983606557377,-3.59492154902731
4.08163265306122,-3.37635539598558
4.07014245321944,-3.63228244361648
4.0650406504065,-3.59323594217325
4.04858299595142,-3.2496545489211
4.04209583979631,-3.15424399749666
4.03225806451613,-3.59571245722226
4.01606425702811,-2.83598714702121
4.01424249049932,-3.35353482826654
4,-2.40330845853186
3.98658107358044,-2.75753739308301
3.98406374501992,-3.36399832113609
3.96825396825397,-2.89991863806825
3.95911026646846,-1.81209171663947
3.95256916996047,-2.49004379241482
3.93700787401575,-3.35804808819962
3.93182875570577,-3.29123454236749
3.92156862745098,-3.14383880036722
3.90625,-1.38832324084428
3.90473523688556,-2.68672421991657
3.89105058365759,-3.36491541360551
3.87782841458946,-2.52158944497135
3.87596899224806,0.48523712397115
3.86100386100386,-3.19496059442268
3.85110700232557,-3.65614162968448
3.84615384615385,-3.50882445767602
3.83141762452107,-2.17005104426648
3.824569722467,-3.206579898701
3.81679389312977,-2.19579594895476
3.80228136882129,-3.4384518390125
3.79821530619074,-1.95206829669099
3.78787878787879,-3.57023205096966
3.77358490566038,-3.63691388246964
3.772042493417,-2.12223252694234
3.7593984962406,-3.281905316616
3.74605003274899,-2.71487887219906
3.74531835205992,-1.72759693998925
3.73134328358209,-2.98652336098906
3.72023668141307,-2.4501294149036
3.71747211895911,-3.25342335374971
3.7037037037037,-1.62435840903144
3.6946012051993,-3.28370690020871
3.690036900369,-3.66138908187223
3.67647058823529,-3.62637200352197
3.66914237840249,-3.33983700840302
3.66300366300366,-3.54315952617027
3.64963503649635,-3.62159205005478
3.64385898376355,1.39369380834997
3.63636363636364,-2.04591719294116
3.6231884057971,-2.87787176590423
3.61874981241128,-3.61117830165228
3.6101083032491,-1.97294270655625
3.59712230215827,-2.6124884632152
3.59381366380463,-3.47069730667099
3.584229390681,-1.74021583277475
3.57142857142857,-1.96005714647365
3.56904934567523,-2.42491013784673
3.55871886120996,-3.30159495291506
3.54609929078014,-3.23713660165547
3.54445567397043,-3.01514954430756
3.53356890459364,-3.55703210059924
3.52112676056338,-0.893559383857887
3.52003147279668,-3.18240619469737
3.50877192982456,-3.19831172137621
3.4965034965035,-3.41542035504274
3.49577557436328,-3.61260593653555
3.48432055749129,-2.04147594755151
3.47222222222222,-3.51435706156071
3.47168681892656,-2.7090995441634
3.46020761245675,-3.18964104398948
3.44827586206897,-3.56527772261399
3.44776405473446,-2.67933455659833
3.43642611683849,-3.31310761403453
3.42465753424658,-3.19089798556417
3.42400613797142,-3.02121728506581
3.41296928327645,-1.64108735776856
3.40136054421769,-1.60136320020355
3.40041193270371,-2.83613818653789
3.38983050847458,-2.2063159547015
3.37837837837838,1.94278248978514
3.37698031082509,-3.13354485850884
3.36700336700337,-2.45073277136513
3.35570469798658,-3.5157583520657
3.35371015200293,-3.53755245839819
3.34448160535117,-0.332527696413716
3.33333333333333,-1.69510831347703
3.33060034362459,-1.60877234567512
3.32225913621262,-2.40584328691998
3.3112582781457,-1.43080996923627
3.30764978074424,-3.07566154532004
3.3003300330033,-1.74961511642767
3.28947368421053,-3.48045615137702
3.28485736603004,-2.83437817063351
3.27868852459016,-3.27080187806051
3.26797385620915,-3.37049632654044
3.26222200971167,-3.46850962269398
3.25732899022801,-2.12886172338643
3.24675324675325,-2.42453593675453
3.2397426295282,-1.90486856668731
3.23624595469256,-3.24346206197533
3.2258064516129,-3.12484608324096
3.21741815067637,-1.60363243949827
3.21543408360129,0.962696640120943
3.20512820512821,-1.18075991708808
3.19524750575921,-3.24660081928199
3.19488817891374,-2.73630725340721
3.18471337579618,-2.19737717449949
3.17460317460317,-3.06901592613185
3.17322963473498,-3.24112704718176
3.16455696202532,-2.86357124961206
3.15457413249211,-3.14514729787568
3.15136348486648,-3.26709766949044
3.14465408805031,-2.21768915685596
3.13479623824451,1.32221133471667
3.12964801067075,-1.08531675203364
3.125,-3.64263081237133
3.11526479750779,-3.17035548834523
3.10808217386906,-1.48424118395631
3.1055900621118,-3.39461299995754
3.09597523219814,-2.56399926829912
3.08666494333727,-2.74014723271433
3.08641975308642,-2.49807197005615
3.07692307692308,-3.60208625129119
3.06748466257669,-3.58765997448919
3.06539529505653,-3.05732075223797
3.05810397553517,-3.58769603582219
3.04878048780488,-1.70290801930796
3.0442722120643,-3.55243263137556
3.03951367781155,-3.52096377923892
3.03030303030303,-2.54623036381026
3.02329468440578,-1.93709351910531
3.02114803625378,-1.71895250882819
3.01204819277108,-3.59993232727215
3.003003003003,-3.58956570500423
3.00246170908555,-3.23989451027328
2.9940119760479,-3.28094983261509
2.98507462686567,-3.44272980121563
2.98177229001967,-2.65062201071957
2.97619047619048,-2.3945865778973
2.9673590504451,-2.87374302129519
2.96122543798803,-3.47632860526216
2.9585798816568,-3.49959147900348
2.94985250737463,-3.54544173008876
2.94117647058824,-1.9306907538246
2.94082017058706,-3.30009583417755
2.93255131964809,-3.1655606096392
2.92397660818713,-3.58338498792115
2.92055551218275,-3.15408954784818
2.91545189504373,-2.26773741454455
2.90697674418605,-3.3802647079036
2.90043049386399,-3.43329753368418
2.89855072463768,-2.87503646961623
2.89017341040462,-2.71718827376081
2.88184438040346,-3.34240011645677
2.8804441533963,-3.35044400992656
2.8735632183908,-3.55823714493875
2.86532951289398,-3.41583562176923
2.86059553517574,-2.11048868035619
2.85714285714286,-3.41669721062423
2.84900284900285,-3.52513993092516
2.84090909090909,-2.82787331000666
2.8408836901833,-2.91770841706541
2.8328611898017,-3.64290633391395
2.82485875706215,-2.65906480259393
2.82130767593947,-2.58558244958116
2.8169014084507,-0.961450221075505
2.80898876404494,-2.12716481717522
2.8018665564592,-2.08690310990699
2.80112044817927,-1.6196488064573
2.79329608938547,-2.24973920581904
2.78551532033426,-2.93537361825538
2.78255940220712,-3.24613315572993
2.77777777777778,-2.28057259544964
2.77008310249307,-3.29403797449511
2.76338529005317,-2.66627450001961
2.76243093922652,-2.15535686254808
2.75482093663912,-1.53853875474131
2.74725274725275,-3.52065230476726
2.74434330322836,-3.61954163125723
2.73972602739726,-3.54280289173631
2.73224043715847,-2.80167636727573
2.72543253128103,-3.45811244923437
2.72479564032698,-2.77662000486209
2.71739130434783,-1.55778402509035
2.710027100271,-3.46209238699277
2.70665207003324,-3.48771343805607
2.7027027027027,-3.41877568086251
2.69541778975741,-3.29285707761205
2.68817204301075,-1.03372050584691
2.68800102153761,-1.22321087706568
2.68096514745308,-0.996103534609044
2.67379679144385,-1.31221678310002
2.66947849403432,-3.50526714461098
2.66666666666667,0.891007322537054
2.65957446808511,-2.12826890945574
2.6525198938992,-3.14830321041047
2.65108360190854,-3.3005485787843
2.64550264550265,-1.82554115040436
2.63852242744063,-1.27704072852999
2.63281546564802,-3.26451637520382
2.63157894736842,-1.54484358660913
2.6246719160105,-1.96700356989127
2.61780104712042,-3.13902586034014
2.61467321180109,-2.02936116402999
2.61096605744125,-3.66115279442424
2.60416666666667,-3.49067679580527
2.5974025974026,-2.54591280723418
2.59665597293487,-3.18159265959862
2.59067357512953,-3.4275043597414
2.58397932816537,-2.11789882208519
2.5787628875938,-3.14146489798476
2.57731958762887,-3.15425914297868
2.5706940874036,-2.76070440401353
2.56410256410256,-1.07134847271778
2.56099310025846,-3.12362216342317
2.55754475703325,-1.00454071967895
2.55102040816327,-1.62019984868469
2.54452926208651,-1.9436323522156
2.54334576130465,-3.30069039278818
2.53807106598985,-3.65489796707298
2.53164556962025,-2.1578825024856
2.52582002696278,-3.47179859442458
2.52525252525253,-3.18329559483733
2.51889168765743,-3.63808941918797
2.51256281407035,-2.86279733040949
2.50841505927754,-2.33764255108998
2.5062656641604,-3.32604464988692
2.5,-3.23875056430823
2.49376558603491,-3.26491558962969
2.49113002606779,-3.3198022155059
2.48756218905473,-2.90993294058786
2.48138957816377,-3.63509191249194
2.47524752475248,-2.0384711401516
2.47396410088681,-3.14728509245203
2.46913580246914,-3.38699922821037
2.46305418719212,-3.50867526734224
2.45700245700246,-0.272093745189021
2.45691646298279,0.221751391037761
2.45098039215686,-3.25283186200003
2.44498777506112,-3.18649845357823
2.43998629725955,-2.79766263636825
2.4390243902439,-3.0615748195173
2.4330900243309,-2.85737786071801
2.42718446601942,-3.61903085365638
2.4231727942376,-2.9431533574663
2.42130750605327,-3.59433238534732
2.41545893719807,-2.8653913640379
2.40963855421687,-3.41356577148759
2.40647515001542,-2.9332901190031
2.40384615384615,-2.13259514537902
2.39808153477218,-2.84573265725786
2.39234449760766,-2.68996826175664
2.38989256623105,-2.65494768294014
2.38663484486874,-1.57518171783213
2.38095238095238,-3.49055613659818
2.37529691211401,-3.64866474086584
2.37342425002387,-3.60771735472631
2.3696682464455,-3.56055878951674
2.36406619385343,-1.71829546918779
2.35849056603774,-2.90528570398397
2.35706941399673,-3.18511673641212
2.35294117647059,-3.26542211805518
2.34741784037559,-3.38307352890977
2.34192037470726,-2.59124858454059
2.34082727617829,-3.64440035479786
2.33644859813084,-2.16281736498622
2.33100233100233,-2.38189284376567
2.32558139534884,-3.46842727766134
2.32469705998565,-3.58645520463754
2.32018561484919,-1.28182442305542
2.31481481481481,-3.19981654249186
2.3094688221709,-3.06991412021393
2.30867799418717,-3.00075825745339
2.30414746543779,-3.21921403044116
2.29885057471264,-2.49007645812024
2.29357798165138,-0.167418252522775
2.29276931286565,-1.9703842103522
2.2883295194508,-3.48645802048254
2.28310502283105,-3.6128851763474
2.27790432801822,-1.40149831021206
2.27697025538168,-2.44535196181813
2.27272727272727,-2.86397049659844
2.26757369614512,-3.38840712801145
2.26244343891403,-2.31450654796235
2.26128006633728,-2.95321928897756
2.25733634311512,-3.61416982889981
2.25225225225225,-2.8345834884452
2.24719101123596,-3.16893243931436
2.24569799553977,-3.20723403243222
2.24215246636771,-3.6199339547099
2.23713646532438,-3.33461497264691
2.23214285714286,-1.98780958231712
2.23022329796594,-3.23977362484181
2.2271714922049,-3.47252221632727
2.22222222222222,-2.78133383254312
2.21729490022173,-0.13404519047297
2.21485523372636,-3.48849449817525
2.21238938053097,-3.48080334094522
2.2075055187638,-3.00654604150646
2.20264317180617,-2.08785039740057
2.19959306803007,-1.98837927986296
2.1978021978022,-3.56106406302298
2.19298245614035,-3.15559520719681
2.18818380743982,-3.61423172469118
2.18443607114943,-1.39771023815343
2.18340611353712,-2.40923519550698
2.17864923747277,-3.33864397263384
2.17391304347826,-3.18272417801104
2.16938351838518,-3.42544095606619
2.16919739696312,-3.51469550756466
2.16450216450216,-3.45957163489056
2.15982721382289,-1.4366477422043
2.1551724137931,-3.23851104750541
2.15443469003188,-2.97827683824841
2.1505376344086,-3.29772285626795
2.14592274678112,-3.42965551543802
2.14132762312634,-3.13561512613564
2.13958887134342,-3.44199601406403
2.13675213675214,-1.22228292230248
2.13219616204691,-3.35394192347082
2.12765957446809,-2.17849168284188
2.12484535249888,-3.45668965111998
2.12314225053079,-2.08283754108863
2.11864406779661,-3.33184658365043
2.11416490486258,-3.5226900558916
2.1102034285686,-2.54893688172178
2.10970464135021,-3.38091128010366
2.10526315789474,-3.14003906424123
2.10084033613445,-3.35886503125512
2.09643605870021,-3.30037518587703
2.09566239948043,-3.38714114405844
2.09205020920502,-3.30271989974538
2.08768267223382,-2.28298471676352
2.08333333333333,-1.37501907516401
2.08122156998634,-2.83498115851453
2.07900207900208,-3.30484633026496
2.0746887966805,-3.15374657754712
2.0703933747412,-3.44661401961933
2.06688024962908,-3.58767402014619
2.06611570247934,-3.02095548301188
2.06185567010309,-2.96000171564803
2.05761316872428,-2.79758785639454
2.05338809034908,-3.394537126178
2.05263775270925,-2.22477741365251
2.04918032786885,-3.53977492168282
2.04498977505112,-2.75989721070671
2.04081632653061,-3.64663738328506
2.03849339825246,-3.53236950826026
2.03665987780041,-3.62822843463946
2.03252032520325,-2.7989263295265
2.02839756592292,-3.27504446448223
2.0244465099768,-3.35971896564582
2.02429149797571,-3.01564976959612
2.02020202020202,-3.0951411562864
2.01612903225806,-3.45620692889464
2.01207243460765,-1.80505197602873
2.0104964162605,-2.52454095380291
2.00803212851406,-2.95326102124225
2.00400801603206,-3.65339990721365
2,-3.56226793380672
1.99664245010979,-3.6308976302058
1.99600798403194,-3.2963648775278
1.99203187250996,-3.65233114987951
1.98807157057654,-3.36252930007872
1.98412698412698,-3.5634495040215
1.98288394912707,-3.41569146662176
1.98019801980198,-3.30729687788705
1.97628458498024,-2.43865742998757
1.9723865877712,-2.92233673506247
1.96922025547917,-3.0406347452543
1.96850393700787,-3.22407010818754
1.96463654223969,-3.47607457494787
1.96078431372549,-3.33343099065352
1.95694716242661,-3.24796122877309
1.95565071586595,-2.52898836881304
1.953125,-3.38024548036453
1.94931773879142,-2.52827470820885
1.94552529182879,-3.46828952218201
1.94217468148903,-3.1278705344779
1.94174757281553,-2.80519880914242
1.93798449612403,-3.387044819948
1.93423597678917,-3.41196059111986
1.93050193050193,-3.36895088273875
1.92879150802078,-3.02696943583923
1.92678227360308,-3.204700682969
1.92307692307692,-2.44506078794314
1.91938579654511,-2.22778371730611
1.91570881226054,-3.20681642034468
1.91550055557353,-3.51464659668529
1.91204588910134,-3.10083590954342
1.90839694656489,-2.31943920683308
1.9047619047619,-3.53991662203135
1.90230118866894,-3.60660259731768
1.90114068441065,-3.53541087054496
1.89753320683112,-3.38119991325201
1.89393939393939,-3.46196713970432
1.89035916824197,-2.76880548354547
1.88919277620767,-3.24761040742022
1.88679245283019,-2.40838811558369
1.88323917137476,-3.38769304108232
1.8796992481203,0.122563536802535
1.87617469143912,-2.78720345019921
1.87617260787992,-2.79465345062267
1.87265917602996,-3.44153285012755
1.86915887850467,-3.32255923729626
1.86567164179104,-3.50494442562588
1.86324631193156,-3.48364899609283
1.86219739292365,-3.26497984665574
1.85873605947955,-3.48147757230655
1.85528756957328,-3.3578682354594
1.85185185185185,-3.46384639354634
1.8504070195423,-3.42080809574245
1.84842883548983,-1.88019418103475
1.8450184501845,-2.24623247945776
1.84162062615101,-3.58100276569105
1.83823529411765,-2.57609990141209
1.83765620038817,-3.60135932201872
1.8348623853211,-3.44209937796866
1.83150183150183,-3.575359287609
1.82815356489945,-2.2439351758462
1.82499324481615,-3.02748688115885
1.82481751824817,-3.31868287815881
1.82149362477231,-1.80271124739461
1.81818181818182,-2.52751202089866
1.81488203266788,-3.63994812677277
1.81241754737424,-1.60637749792023
1.81159420289855,-2.57381733049719
1.80831826401447,-3.58278971207981
1.80505415162455,-3.5823315654285
1.8018018018018,-2.60445936423327
1.79992850678248,-2.07085449831068
1.79856115107914,-3.17971586334691
1.79533213644524,-3.58259384120982
1.7921146953405,-3.56852979074695
1.78890876565295,-3.13378293358978
1.78752552590424,-3.06968945929854
1.78571428571429,-3.58449642298101
1.7825311942959,-2.54295049794377
1.77935943060498,-3.21288698221566
1.77619893428064,-3.37167749038356
1.77520801171763,-2.57390963189955
1.77304964539007,-0.423744341328027
1.76991150442478,-3.46428568805073
1.76678445229682,-2.66524067769079
1.7636684303351,-1.64307480479236
1.76297537528721,-3.58677635943364
1.76056338028169,-2.85600281161113
1.75746924428822,-3.49407069734245
1.75438596491228,-3.60093921058809
1.75131348511384,-2.45964144625587
1.75082703173572,-2.25656531208774
1.74825174825175,-2.72159994682856
1.74520069808028,-2.78568933527624
1.74216027874564,-2.46305724797407
1.73913043478261,-3.6568350040746
1.73876240021625,-3.63961778590128
1.73611111111111,-2.37264180346646
1.73310225303293,-1.8794994135345
1.73010380622837,-3.42417332969854
1.72711571675302,-3.00904569857955
1.72678090388436,-2.86937421761085
1.72413793103448,-2.65481667209563
1.72117039586919,-3.47928607893395
1.71821305841924,-2.46849974866133
1.71526586620926,-1.38306317818232
1.71488196987054,-3.33675097882225
1.71232876712329,-2.85749996766453
1.70940170940171,-1.4225750522484
1.70648464163823,-3.65231581219977
1.70357751277683,-3.640461777656
1.70306502925284,-3.56788330017859
1.70068027210884,-3.19881297291739
1.69779286926995,-2.91259245025507
1.69491525423729,-2.93270571111507
1.69204737732657,-3.60106829783161
1.69132951702965,-3.47621409555988
1.68918918918919,-2.98526464986834
1.68634064080944,-2.54644915108089
1.68350168350168,-3.1201003759407
1.68067226890756,-1.28235187353531
1.67967487209265,-3.48097057266197
1.67785234899329,-2.33286117393062
1.6750418760469,-3.02655500187997
1.67224080267559,-3.39797683267768
1.669449081803,-2.54295101582629
1.66810053720006,-3.21353098542458
1.66666666666667,-3.53516448065748
1.66389351081531,-3.5141076871947
1.66112956810631,-1.84442996025644
1.65837479270315,-3.65129416409728
1.65660595894991,-3.48815046640898
1.65562913907285,-1.85032914020801
1.65289256198347,-2.55200386075959
1.65016501650165,-3.59379971701092
1.64744645799012,-3.02609829600344
1.64519058775366,-3.09043406240969
1.64473684210526,-1.60054576790052
1.64203612479475,-3.24582026829308
1.63934426229508,-2.99098672839686
1.6366612111293,-0.176385644617578
1.63398692810458,-2.68081466992062
1.63385387780986,-3.50516801485902
1.63132137030995,-2.87505154908446
1.62866449511401,-2.88484918071229
1.6260162601626,-3.21671075640487
1.62337662337662,-3.35865042787803
1.62259528707809,-3.4241138358076
1.62074554294976,-3.57069978412063
1.61812297734628,-3.64374134862127
1.61550888529887,-3.47109858221294
1.61290322580645,-1.98279456300726
1.61141427725302,-3.32365555419777
1.61030595813205,-2.21705061558698
1.60771704180064,-3.18483698121166
1.60513643659711,-1.30459061276197
1.6025641025641,-1.88851716190852
1.6003103137387,-2.61594503068839
1.6,-0.562125963148882
1.59744408945687,-1.55859904785087
1.59489633173844,0.662380330669056
1.59235668789809,-0.116614328229683
1.58982511923688,-3.11462863397564
1.58928286562298,-1.50247869165603
1.58730158730159,-2.8815228544207
1.58478605388273,-2.86858973861861
1.58227848101266,-0.832470775108543
1.57977883096367,-3.35156797627014
1.57833140565212,-3.63297709998083
1.57728706624606,-1.27902829617245
1.5748031496063,-3.26509028099776
1.57232704402516,-3.38044225396676
1.56985871271586,-2.01091032693953
1.5674554102056,-2.61268117256823
1.56739811912226,-2.16216623309055
1.56494522691706,-1.95355819253977
1.5625,-2.05989961056472
1.5600624024961,-3.58908146981021
1.55763239875389,-3.35717044541716
1.55665435927106,-3.37701370961978
1.5552099533437,-1.38491258431786
1.5527950310559,-1.71065432100918
1.55038759689922,-1.42725342307493
1.54798761609907,0.205274382137607
1.54592773641948,-2.89410654639941
1.54559505409583,-3.32456383038841
1.54320987654321,-2.88663814867176
1.54083204930663,-3.1905318562453
1.53846153846154,-3.50903475862124
1.53609831029186,-1.53308610318795
1.53527502878042,-1.17870997101401
1.53374233128834,-3.47878777491273
1.53139356814701,-3.61941456768225
1.52905198776758,-3.45429799223678
1.52671755725191,-2.38383414351442
1.52469572701757,-3.61035111868155
1.52439024390244,-2.97306694516846
1.5220700152207,-3.56951021122235
1.51975683890577,-2.3807853662857
1.51745068285281,-2.30903117679487
1.51515151515152,-1.6210372373299
1.51418932530435,-3.51244568750969
1.51285930408472,-3.37321506063305
1.51057401812689,-2.81484067344412
1.50829562594268,-1.3349696522293
1.50602409638554,-3.43941261228828
1.50375939849624,-3.26374880622681
1.50375532129974,-3.30166293148728
1.5015015015015,-3.36556570243378
1.49925037481259,-2.86678733865086
1.49700598802395,-3.34676021745274
1.49476831091181,-2.59996994489482
1.49339321612425,-1.43428446639633
1.49253731343284,-3.61614536149254
1.4903129657228,-3.08521420447529
1.48809523809524,-1.39434624013337
1.48588410104012,-3.5170361297729
1.48367952522255,-3.39224008592877
1.4831025143361,-3.17645129123751
1.48148148148148,-3.2931277508256
1.4792899408284,-3.24865103390779
1.47710487444609,-3.37447631488267
1.47492625368732,-3.32976753148425
1.4728827239075,-3.20355694999482
1.47275405007364,-3.65629008928606
1.47058823529412,-3.6352776254729
1.46842878120411,1.24275603178878
1.46627565982405,-2.29936355369788
1.46412884333821,-1.84409104403239
1.46273335620113,-2.20152174742428
1.46198830409357,-1.07456317260722
1.45985401459854,-3.12259067119411
1.45772594752187,-3.61820361442242
1.45560407569141,-2.09401160301318
1.45348837209302,-0.41647402652175
1.45265392594678,-3.2487430796104
1.45137880986938,-0.111450486100902
1.44927536231884,-2.97739122149924
1.44717800289436,-1.7493561251848
1.44508670520231,-1.48940477562185
1.44300144300144,-2.40631586616568
1.44264395121816,-3.19442800541843
1.44092219020173,-3.29643407219315
1.43884892086331,-1.08949415978416
1.4367816091954,-3.39626180864532
1.43472022955524,-2.4202014373741
1.43270295340983,-3.11372668581974
1.43266475644699,-3.063507486966
1.43061516452074,-1.81037687656395
1.42857142857143,2.79837553047965
1.4265335235378,-0.175159987503473
1.42450142450142,-2.16740209245567
1.42283045721435,-1.00206481189739
1.42247510668563,-2.40798773071303
1.42045454545455,-0.63381112743114
1.41843971631206,-2.96222588507079
1.41643059490085,-0.371796042171677
1.41442715700141,0.651330712245785
1.41302599059953,-0.378295811935838
1.41242937853107,-2.29517035256303
1.41043723554302,-3.02394579546263
1.40845070422535,-3.48147039806589
1.40646976090014,-3.20077064905474
1.40449438202247,-2.67041860500511
1.40328908478587,-1.06171362547594
1.40252454417952,-3.5979056235176
1.40056022408964,-3.43167651081559
1.3986013986014,-3.45986948603886
1.39664804469274,-1.73705020625699
1.39470013947001,-2.39389232190298
1.39361927422414,-0.024141798069631
1.39275766016713,-3.2415389819982
1.39082058414465,-1.69255241993211
1.38888888888889,-2.56852951475441
1.3869625520111,-2.89423386660503
1.38504155124654,-2.33947140316739
1.38401609657313,-1.47762980962652
1.38312586445367,-1.51619801491126
1.38121546961326,-2.56343807498667
1.37931034482759,-2.8276102310803
1.37741046831956,-3.59229236055672
1.37551581843191,-3.41507209920506
1.37447909267754,-2.29115931662043
1.37362637362637,-3.63997120379319
1.37174211248285,-3.30706717616173
1.36986301369863,-2.34684238694323
1.36798905608755,-3.61556724983428
1.36612021857923,-3.15324116817539
1.36500780654601,-2.42328012761224
1.36425648021828,-2.39317969977257
1.36239782016349,-3.00015036566007
1.36054421768707,-2.99715330220989
1.35869565217391,-3.48264664388771
1.35685210312076,-3.47259777304854
1.35560178532937,-2.53319907760349
1.3550135501355,-2.14364400782433
1.3531799729364,-3.25084873305461
1.35135135135135,-3.31837106126671
1.34952766531714,-3.32306581893591
1.34770889487871,-1.20018945728411
1.34626057929891,-2.4181900789775
1.34589502018843,-2.9376817847005
1.34408602150538,-1.75568384629379
1.34228187919463,-3.31330139763163
1.34048257372654,-3.46208447343208
1.33868808567604,-3.39010397948162
1.33698374182495,-2.91195991724158
1.33689839572193,-3.44337792497638
1.33511348464619,-3.41458801877591
1.33333333333333,-2.19787386807549
1.33155792276964,-2.25014799066958
1.32978723404255,-3.46239496316421
1.32802124833997,-3.25707221350866
1.32777082935543,-3.40967853462139
1.3262599469496,-3.60178110218667
1.32450331125828,-1.89567078710318
1.32275132275132,-2.50472237629885
1.32100396301189,-3.28531919468123
1.31926121372032,-2.86900189010027
1.31862140139475,-3.59617470898724
1.31752305665349,-2.71813338220023
1.31578947368421,-2.47837001520567
1.31406044678055,-0.619705097622851
1.31233595800525,0.273914433032549
1.31061598951507,-1.70157518760986
1.30953502048267,-2.87949041866515
1.30890052356021,-2.71579562939744
1.30718954248366,-1.34338883897534
1.30548302872063,-1.45611362711888
1.30378096479791,-3.56917276585106
1.30208333333333,-1.77020218973972
1.30051125217341,-2.04033984843046
1.30039011703511,-2.84771895942877
1.2987012987013,-3.4444696201332
1.2970168612192,-3.57265228163446
1.29533678756477,-2.89758583834908
1.29366106080207,-2.27317012778281
1.29198966408269,-3.51155849246411
1.29154966501488,-2.32548892762206
1.29032258064516,-3.14305696618588
1.28865979381443,-3.35036318850281
1.28700128700129,-2.32942076412759
1.2853470437018,1.77193709312771
1.28369704749679,-2.43915859062779
1.28264983052806,-3.53897336096874
1.28205128205128,-2.54752756328083
1.28040973111396,0.365968465133865
1.27877237851662,-2.10011025496255
1.27713920817369,-2.06800180164079
1.27551020408163,-2.14976094906892
1.27388535031847,-0.603751688807118
1.27381132318648,-1.49014861738571
1.27226463104326,-2.87207649108135
1.27064803049555,-3.5918780296994
1.26903553299492,-3.48083894825923
1.26742712294043,-3.08412153430411
1.26582278481013,-2.30930839941886
1.2650337203959,-3.47652094508767
1.26422250316056,-1.31037070522855
1.26262626262626,-3.36425011679686
1.26103404791929,-3.33959422849862
1.25944584382872,-1.62338730689806
1.25786163522013,-1.91557072213107
1.25631660247412,-2.74243502833643
1.25628140703518,-2.32338209999186
1.25470514429109,-1.20497200825563
1.2531328320802,-3.18203702832458
1.25156445556946,-2.6137785924772
1.25,-3.27133442478815
1.24843945068664,-2.80813167460526
1.24765955263087,-2.7945085603025
1.24688279301746,-3.54023224709747
1.2453300124533,-2.4432304030039
1.24378109452736,-2.49057383124532
1.24223602484472,-3.36041243996281
1.24069478908189,-2.79395537014873
1.23915737298637,-3.23392258593078
1.23906215694792,-3.11755713453213
1.23762376237624,-1.91142218865552
1.23609394313968,-3.01357834365534
1.23456790123457,-3.36713796747291
1.23304562268804,-1.2118730073537
1.23152709359606,-3.43799438061022
1.23052400435926,-2.60526285431812
1.230012300123,-2.1117581954554
1.22850122850123,-3.63475646758304
1.22699386503067,-3.23526237040373
1.22549019607843,-2.45067847284197
1.22399020807834,-3.21253896509939
1.22249388753056,-2.75010415865951
1.22204468663149,-3.50580481222745
1.22100122100122,-2.24911585708575
1.21951219512195,-2.28790204068464
1.21802679658952,-2.65100046401055
1.21654501216545,-1.25087961834437
1.21506682867558,-0.0733319327391468
1.21362379834424,-2.6672222621399
1.21359223300971,-3.31169439006087
1.21212121212121,-2.62338646688461
1.21065375302663,-0.398433377114638
1.20918984280532,-2.95032419567171
1.20772946859903,-3.2667565360707
1.20627261761158,-2.71988898870749
1.20526093687084,-3.59852966030977
1.20481927710843,-3.55834550236762
1.20336943441637,-3.02094156694185
1.20192307692308,-3.10630834540189
1.20048019207683,-3.21908199516006
1.19904076738609,-0.357896727035704
1.19760479041916,-3.6122822165086
1.19695570235904,-2.92977828656221
1.19617224880383,-3.54565024035183
1.194743130227,-2.62415945349938
1.19331742243437,-2.77520202938434
1.19189511323004,-0.859872001016451
1.19047619047619,-3.15211706743376
1.18906064209275,-2.39160502956473
1.1887076977119,-3.19685422415041
1.18764845605701,-1.08697663221345
1.18623962040332,-2.60094135404823
1.18483412322275,-2.78792997512745
1.18343195266272,-1.36041538943582
1.18203309692671,-0.608469313676731
1.18063754427391,-1.7476735852836
1.18051652856881,-3.39979019271136
1.17924528301887,-1.36946753325257
1.17785630153121,-3.07650606760209
1.17647058823529,-2.84769780371262
1.17508813160987,-2.72937192724863
1.17370892018779,-1.52460666058858
1.1723818032866,-2.31781101565063
1.17233294255569,-1.24748881759144
1.17096018735363,-2.85345948688392
1.16959064327485,-3.27206225587166
1.16822429906542,-2.16982794425727
1.16686114352392,1.8600865617491
1.16550116550117,-2.36417362138915
1.16430313292088,-3.26961321421389
1.16414435389988,-2.52896265109457
1.16279069767442,-0.46464692737852
1.16144018583043,-2.21793231535916
1.16009280742459,-3.3157655732969
1.15874855156431,-3.13077094027112
1.15740740740741,-0.34690270402704
1.15628013120738,-3.4811104292484
1.15606936416185,-2.40484933969169
1.15473441108545,-3.28780450230537
1.15340253748558,-2.14274181696366
1.15207373271889,-3.39463563701686
1.15074798619102,-1.98352035914386
1.14942528735632,-3.44677651457804
1.14831241454351,-3.12201754240756
1.14810562571757,-3.45261868030895
1.14678899082569,-2.15934599018989
1.1454753722795,-3.13229299284292
1.1441647597254,-2.76429879835789
1.14285714285714,-3.56896627909363
1.14155251141553,-1.7932889441035
1.14039960197003,-1.47381117696564
1.14025085518814,-3.11254041269252
1.13895216400911,-3.31401108726704
1.13765642775882,-2.21169732465971
1.13636363636364,-1.38192982000909
1.13507377979569,-3.12883385830566
1.13378684807256,-1.01903385602769
1.13254131515281,4.45899397180002
1.13250283125708,3.19489302933856
1.13122171945701,-3.09628368144403
1.12994350282486,-3.48076915443063
1.12866817155756,-2.61540248058339
1.12739571589628,-0.607780067658335
1.12612612612613,-2.77639617284195
1.12485939257593,-3.18717161547529
1.12473717836475,-2.95116087526342
1.12359550561798,-1.92439533807701
1.12233445566779,-3.49613439580609
1.12107623318386,-1.72705063433643
1.11982082866741,-3.54789972333905
1.11856823266219,-3.32665563251553
1.11731843575419,-0.757326417834956
1.11698681846782,-3.391565085078
1.11607142857143,-3.46190023858771
1.11482720178372,-3.55273225929825
1.11358574610245,-2.84049346010088
1.11234705228031,-0.126226070521066
1.11111111111111,-1.83465884235677
1.10987791342952,-2.88878952083358
1.10928986489522,-2.8674092914794
1.10864745011086,-1.75440287769653
1.10741971207087,-3.65531379754709
1.10619469026549,-2.47102711926261
1.10497237569061,-3.12644097428251
1.1037527593819,-3.5355911173478
1.10253583241455,-2.86054589009764
1.10164594963366,-3.31070259459185
1.10132158590308,-3.01740398288917
1.1001100110011,0.158803517624723
1.0989010989011,-3.27135015528317
1.09769484083425,-3.13007987238897
1.09649122807018,-3.60857152038148
1.09529025191676,-2.03787506159243
1.09409190371991,-3.33907301201959
1.09405470720574,-3.30328913930732
1.09289617486339,-3.03195858741777
1.09170305676856,-3.26745700271295
1.09051254089422,-2.87654116874968
1.08932461873638,-1.08218064652287
1.08813928182807,-3.17310516904525
1.08695652173913,-1.24061660605512
1.08651577465254,-0.841289683595941
1.085776330076,-0.841264543060087
1.08459869848156,-3.45305769995211
1.08342361863489,-2.57376337264661
1.08225108225108,-2.25706208729356
1.08108108108108,-0.339264684921925
1.07991360691145,-1.41001186612739
1.07902879151618,-1.55239926819125
1.07874865156419,-2.95812734992138
1.07758620689655,-1.92540073900222
1.07642626480086,-2.59937593795292
1.0752688172043,-2.55211601340671
1.07411385606874,-3.04741807417839
1.07296137339056,-2.34233740739598
1.07181136120043,-1.52032453574894
1.07159339982267,-2.22780724473703
1.07066381156317,-2.73320669063609
1.06951871657754,-0.996588937346824
1.06837606837607,-0.474810516370193
1.06723585912487,-1.34888567266226
1.06609808102345,-0.545962097164288
1.06496272630458,-3.43904701234696
1.06420924406472,-2.40301587284774
1.06382978723404,-2.53153131773363
1.06269925611052,-0.515965358174394
1.06157112526539,-3.25484033704928
1.06044538706257,-1.29520375595915
1.0593220338983,-1.09170591619546
1.05820105820106,-2.5415948071607
1.05708245243129,-2.97954241830761
1.0568759711848,-3.47924587465136
1.05596620908131,-3.36857036521486
1.05485232067511,-2.88909583808764
1.05374077976818,-3.20783069230428
1.05263157894737,-2.57102561314756
1.0515247108307,-2.96961122836047
1.05042016806723,-2.7314566082848
1.04959323055823,-3.22978883760176
1.04931794333683,-1.45581329554652
1.0482180293501,-2.56873480254209
1.04712041884817,-2.73157101047091
1.04602510460251,-3.02497703684549
1.04493207941484,-3.16287194121814
1.04384133611691,-3.57162731197006
1.04275286757039,-2.91056552595209
1.0423606739764,-1.97166559837931
1.04166666666667,2.61261602236853
1.04058272632674,-0.860138986224096
1.03950103950104,0.084768597650954
1.03842159916926,1.24501297293653
1.03734439834025,-2.68357287176498
1.03626943005181,-3.63842268448836
1.0351966873706,-2.2815716725391
1.03517795563018,-1.7257755229488
1.03412616339193,-3.57423319523427
1.03305785123967,-2.54711240667386
1.03199174406605,-3.32507478632247
1.03092783505155,-3.19821006345709
1.02986611740474,-3.52539854494988
1.02880658436214,-2.98519828129401
1.02804473209331,-0.385739216678199
1.02774922918808,-3.34004507369807
1.02669404517454,-3.54303429613382
1.02564102564103,-3.34218993141318
1.02459016393443,-3.16603657357724
1.02354145342886,-3.09923900704284
1.02249488752556,-3.57858794494502
1.02145045965271,-1.92545455610759
1.02096066230605,-3.46372486430352
1.02040816326531,-3.0593209763161
1.01936799184506,-3.32498025273621
1.0183299389002,-2.42698952616099
1.01729399796541,-3.5045248866436
1.01626016260163,-2.92826515092544
1.01522842639594,-3.07680832559781
1.01419878296146,-3.28185540704775
1.01392540755882,-3.37677193111513
1.01317122593718,-0.600151216224513
1.01214574898785,-3.22714273257791
1.01112234580384,-2.13444429791705
1.01010101010101,-1.49530294058944
1.00908173562059,-2.12028691464534
1.00806451612903,-0.477634474644144
1.00704934541793,-1.66679006766774
1.00693863147603,-3.45266206199245
1.00603621730382,-3.16832541477528
1.00502512562814,-3.14174196377088
1.00401606425703,1.04371833023418
1.00300902708124,-0.542895514530083
1.00200400801603,-0.208473811216815
1.001001001001,3.57193222359137
1,-1.52649123176446
