"bfp_output.P","bfp_output.logBF"
1000,-0.227150739255488
993.109181374979,-0.0975827074364686
986.265846131283,-0.0225778259408953
979.46966706954,-0.00130457732818012
972.720319245055,-0.0293555418529747
966.017479952265,-0.101259511432185
959.360828709315,-0.213019451628194
952.75004724273,-0.363579885225771
946.184819472201,-0.554712341247988
939.66483149547,-0.789369594516454
933.189771573324,-1.06895663987934
926.759330114689,-1.39033313949805
920.373199661823,-1.74370104227396
914.031074875623,-2.11250851107801
907.732652521023,-2.47574833299115
901.477631452492,-2.81176589518419
895.26571259964,-3.10182893125873
889.096598952916,-3.33198911474271
882.969995549409,-3.49292777704947
876.885609458743,-3.57862399153616
870.843149769073,-3.58523360714779
864.842327573172,-3.51152282795421
858.882855954625,-3.36161067921507
852.964449974103,-3.14922518985899
847.086826655741,-2.90030180516014
841.249704973612,-2.64963924962425
835.452805838287,-2.43097761348583
829.695852083491,-2.26644066227889
823.978568452852,-2.16265136777015
818.300681586739,-2.11462302246518
812.661920009195,-2.11279588499532
807.06201411495,-2.14868432624167
801.500696156541,-2.2174134872752
795.977700231499,-2.3169297444298
790.492762269642,-2.4438741306054
785.045620020451,-2.5878985745049
779.636013040523,-2.73056302684331
774.263682681127,-2.85355086212085
768.928372075831,-2.94869129247332
763.629826128224,-3.0188500392022
758.367791499719,-3.07160909229305
753.142016597437,-3.11351234664933
747.952251562182,-3.14727947427785
742.798248256492,-3.17030894151217
737.679760252773,-3.17308024484124
732.596542821523,-3.1392091681749
727.548352919623,-3.0549025733339
722.534949178721,-2.93306551221509
717.556091893692,-2.82258771757797
712.611543011175,-2.76883486670844
707.701066118189,-2.77993405682893
702.824426430835,-2.84135280779112
697.981390783066,-2.93781055963172
693.17172761554,-3.05864769197559
688.39520696455,-3.19349339849104
683.651600451024,-3.3255528718228
678.940681269611,-3.4273968923742
674.262224177835,-3.46579528238764
669.616005485322,-3.41786358494998
665.001803043112,-3.28559409219884
660.419396233031,-3.0925048463702
655.868565957143,-2.86791247660015
651.349094627281,-2.63661904900824
646.860766154633,-2.41921352441086
642.40336593942,-2.2361688021147
637.976680860628,-2.10844883129011
633.580499265825,-2.05256899174314
629.214610961035,-2.07443285119366
624.878807200689,-2.16827718215022
620.57288067765,-2.32129114751241
616.296625513294,-2.51821744811552
612.04983724767,-2.74158722768159
607.832312829723,-2.96920574504135
603.643850607587,-3.17353084542078
599.484250318941,-3.32450669584623
595.353313081437,-3.39243592679137
591.250841383188,-3.34808077765716
587.176639073326,-3.16401819009091
583.130511352622,-2.82752039078111
579.112264764176,-2.3702076479126
575.121707184161,-1.88995000563052
571.158647812643,-1.51451450452263
567.222897164454,-1.31996093910756
563.314267060136,-1.29925875392073
559.432570616938,-1.40448521370713
555.577622239888,-1.59456994762761
551.749237612913,-1.84931888509682
547.947233690029,-2.15702863993352
544.171428686589,-2.4953546836417
540.421642070592,-2.82306335201992
536.697694554048,-3.08470733870255
532.999408084409,-3.21721209739375
529.326605836056,-3.16004315763841
525.679112201842,-2.88514475953458
522.056752784698,-2.43843500616257
518.459354389291,-1.93738231219877
514.886745013749,-1.50142536067575
511.338753841433,-1.19010691457704
507.815211232767,-1.00726732476418
504.315948717136,-0.939703152328984
500.840798984821,-0.984080805843926
500,-1.01250837634022
497.389595879006,-1.14695930201291
493.962174387832,-1.42998970542977
490.558370636505,-1.82305903391407
487.178021879463,-2.30416443751944
483.820966492595,-2.82569948975579
480.487043965513,-3.29197315585658
477.176094893875,-3.57387493085885
473.887960971765,-3.58896161849251
470.622484984128,-3.36487425270378
467.379510799247,-2.99988856580408
464.158883361278,-2.58829740210397
460.960448682844,-2.19479768436635
457.784053837662,-1.86387860343639
454.62954695324,-1.62471232317763
451.49677720361,-1.4887032569397
448.385594802119,-1.45893017877703
445.295850994266,-1.54675547433164
442.22739805059,-1.76921275982532
439.180089259609,-2.11617940528184
436.153778920801,-2.52047822717658
433.14832233764,-2.88733405239189
430.16357581068,-3.16027116783628
427.199396630678,-3.34023383462142
424.255643071778,-3.45508213961015
421.332174384729,-3.53032935461071
418.428850790158,-3.58095655819751
415.545533471888,-3.61513524806041
412.682084570296,-3.63830210935087
409.838367175726,-3.65377793920491
407.014245321944,-3.66102960110707
404.209583979631,-3.6540824128826
401.424249049932,-3.61913748654926
398.658107358044,-3.52825943890958
395.911026646846,-3.34178592777807
393.182875570577,-3.05197029079498
390.473523688556,-2.7469150145762
387.782841458946,-2.54376021725791
385.110700232557,-2.44673810163949
382.4569722467,-2.34545441026618
379.821530619074,-2.0562593319285
377.2042493417,-1.44352631931001
374.605003274899,-0.818198825992975
372.023668141307,-0.723680382332428
369.46012051993,-1.17797083424316
366.914237840249,-1.8688158514537
364.385898376355,-2.14763248469445
361.874981241128,-1.12815242648626
359.381366380463,0.560188666642621
356.904934567523,1.37933304937385
354.445567397043,0.885676964209115
352.003147279668,-0.615433094750595
349.577557436327,-2.10932618144549
347.168681892656,-2.61852331915919
344.776405473446,-2.47141235167394
342.400613797142,-2.37147080717342
340.041193270371,-2.32607440067305
337.698031082509,-1.77738321106691
335.371015200293,-0.284419018356384
333.333333333333,1.66854582416018
333.060034362459,1.95006636174363
330.764978074424,4.09664589918394
328.485736603004,4.82906351595377
326.222200971167,3.15174135774662
323.97426295282,0.267857344592035
321.741815067637,-1.8174562061139
319.524750575921,-2.54540586613258
317.322963473498,-2.07326201473391
315.136348486648,-0.731153501854929
312.964801067075,0.688151019839059
310.808217386907,1.35736561187115
308.666494333727,1.19836156670151
306.539529505653,0.561645421242948
304.42722120643,-0.0359417452586497
302.329468440578,0.116081754396324
300.246170908555,1.49264627182557
298.177229001967,3.48833490128631
296.122543798804,4.25414871151647
294.082017058706,3.21656066141022
292.055551218275,1.89299598383834
290.043049386399,1.06161633418983
288.04441533963,0.286690137632623
286.059553517574,-0.298019138210388
284.08836901833,0.364320093349837
282.130767593947,2.39824328871338
280.18665564592,3.80695414816164
278.255940220713,2.98752568100473
276.338529005317,0.631200101557472
274.434330322837,-1.67753673196092
272.543253128103,-2.57819903372008
270.665207003324,-0.974182573121577
268.800102153761,3.29313900838709
266.947849403432,8.49355212493227
264.398832986803,11.747804221934
263.281546564802,10.5349472304396
261.467321180109,5.48008564974565
259.665597293487,-0.545513984817698
257.87628875938,-3.48243845609131
256.099310025846,-2.68284627428882
254.334576130465,-0.199285761696681
252.582002696278,2.50472259156171
250.841505927754,4.67409690848856
250,5.18145546123045
249.113002606779,4.91628507541414
247.396410088681,1.25529112816024
245.691646298279,-2.70724563211403
243.998629725955,-3.22953569452478
242.31727942376,-2.37816670869305
240.647515001542,-1.5389033987749
238.989256623105,-1.12731982346089
237.342425002387,-1.59686913299388
235.706941399673,-2.47598115283163
234.082727617829,-1.85463608944137
232.469705998565,-0.344041384037818
230.867799418717,0.257113189599939
229.276931286565,-0.942365432298241
227.697025538168,-2.76412020667778
226.128006633728,-3.10518045076027
224.569799553977,-1.02920784247642
223.022329796594,2.76583511908577
221.485523372636,6.68263980423227
219.959306803008,7.70174371493996
218.443607114943,3.4468675304703
216.938351838519,-1.64265629630297
215.443469003188,-3.22611341757199
213.958887134342,-1.57172929067313
212.484535249888,1.45086885708178
211.02034285686,3.07911487072666
209.566239948043,1.86524598713517
208.122156998634,-0.441531519884573
206.688024962908,-2.2999431584612
205.263775270925,-2.78292115668547
203.849339825246,-2.2985803271721
202.44465099768,-2.22393656987948
201.04964162605,-2.94639835594667
200,-3.41126494167399
199.664245010979,-3.49480655693066
198.288394912707,-3.51062624137848
196.922025547917,-3.27476434462603
195.565071586595,-3.2849222806884
194.217468148903,-3.3637299063959
192.879150802078,-3.22126608011483
191.550055557353,-3.2160830509777
190.230118866895,-3.20124385192421
188.919277620767,-3.32394820342268
187.617469143912,-3.59119894786688
186.324631193156,-3.18188053047082
185.04070195423,-2.81911982138122
183.765620038817,-2.37362942046017
182.499324481615,-1.92085909121071
181.241754737424,-2.29967650185993
179.992850678248,-2.21432693504887
178.752552590424,-2.05840044240169
177.520801171764,-2.76081742772741
176.297537528721,-2.78659165151917
175.082703173572,-2.0059794019602
173.876240021625,-0.339156590237944
172.678090388436,0.783385608800974
171.488196987054,-0.709109397946643
170.306502925284,-2.31548882641276
169.132951702965,-3.10141313075597
167.967487209265,-2.79794976464963
166.810053720006,-1.76154574836449
166.666666666667,-1.62299526340744
165.660595894991,-0.367676437246312
164.519058775366,1.93982086163191
163.385387780986,3.92171764750352
162.259528707809,0.851245647381394
161.141427725302,-3.23723388292201
160.03103137387,-0.786191304889637
158.928286562298,4.79377360989584
157.833140565212,7.82993859351651
156.745541020559,2.90817230102552
155.665435927106,-3.15560474360184
154.592773641948,-1.65273590393384
153.527502878042,2.82962871579123
152.469572701757,3.77560705683057
151.418932530435,0.0780969839851098
150.375532129974,-3.21729328236641
149.339321612425,-1.59128095688795
148.310251433611,-0.600258867402753
147.28827239075,-1.68262358992227
146.273335620113,-3.15831533016468
145.265392594678,-2.08550721400139
144.264395121816,-1.74651121065819
143.270295340983,-1.70306761924523
142.857142857143,-1.78996807175788
142.283045721435,-1.69818400709216
141.302599059953,-0.969218637280004
140.328908478587,-2.33136797695711
139.361927422414,-1.33148207013387
138.401609657313,3.17604939127968
137.447909267754,6.41972740557212
136.500780654601,1.64345736444351
135.560178532937,-3.16160527028195
134.626057929891,-0.473236510493858
133.698374182495,4.53637005535042
132.777082935543,1.65000647153109
131.862140139475,-2.26928734510566
130.953502048267,-3.44866656908352
130.051125217341,-3.42505568638854
129.154966501488,-3.05962921368764
128.264983052806,-2.7421320143281
127.381132318648,-3.26558034672972
126.50337203959,-3.08864287932168
125.631660247412,-1.82650875698753
125,-1.15233301055083
124.765955263087,-1.3769687805982
123.906215694792,-3.35548561273803
123.052400435926,-3.39287800828849
122.204468663149,-2.06927424261233
121.362379834424,-1.82939726683859
120.526093687084,-2.95746926912973
119.695570235904,-3.52089338948208
118.87076977119,-3.26768357674181
118.051652856881,-2.96288333813116
117.23818032866,-2.93161139270104
116.430313292088,-3.35474285901911
115.628013120738,-3.65311684556958
114.831241454351,-3.16728176359221
114.039960197003,-2.6367355686895
113.254131515281,-2.79422292488264
112.473717836475,-3.62628356682505
111.698681846782,-2.73494026282715
111.111111111111,-1.00593404843739
110.928986489522,-0.552225200965874
110.164594963366,-0.49464830351486
109.405470720574,-3.04444391133064
108.651577465254,-3.09413121978626
107.902879151618,-1.22134986844803
107.159339982267,-0.76142766915397
106.420924406472,-2.69039383630571
105.68759711848,-2.20617468752145
104.959323055823,-0.977874905493063
104.23606739764,-3.11482383989771
103.517795563018,-2.79982714209803
102.804473209331,1.15258659952243
102.096066230605,-0.315759854744679
101.392540755882,-2.75895015228864
100.693863147603,-0.974724106192109
100,-0.644271803342813
100,-0.64427177322825
99.310918137498,-1.40432771435574
98.6265846131283,-2.38641347090255
97.946966706954,-2.56744354247693
97.2720319245054,-2.39282273429655
96.6017479952265,-3.54150899744594
95.9360828709315,-2.87351460332497
95.2750047242729,-2.48590019371819
94.61848194722,-3.52656548211406
93.966483149547,-0.252659674118301
93.3189771573324,-0.580756789086005
92.6759330114688,-3.56466328855758
92.0373199661823,-1.93292566332975
91.4031074875623,-1.3920802957471
90.9090909090909,-2.22326572164327
90.7732652521023,-2.16754983449307
90.1477631452492,-2.85595794505259
89.526571259964,-3.04370393687359
88.9096598952916,0.365143793282489
88.2969995549409,-0.506748583008867
87.6885609458743,-3.52261853202516
87.0843149769073,-0.935072638624159
86.4842327573172,-1.50799054243076
85.8882855954625,-2.8215227670047
85.2964449974102,-1.66844966231737
84.7086826655741,-2.81480621728006
84.1249704973612,-1.90525940940894
83.5452805838287,-3.60716647850988
83.3333333333333,-2.95251491888653
82.9695852083491,-1.46732663627103
82.3978568452852,-3.39419867761374
81.8300681586739,1.68034977701557
81.2661920009194,-0.665259028451014
80.706201411495,-0.924816705392526
80.150069615654,9.27598133793034
79.5977700231498,-1.55531796310863
79.0492762269642,-1.44342893631706
78.5045620020451,-0.531147455970067
77.9636013040523,0.790127013291387
77.4263682681127,-3.64952533346028
76.9230769230769,1.22456963802289
76.8928372075831,1.54078192034779
76.3629826128224,-3.28323872964607
75.8367791499719,-1.35024125575826
75.3142016597437,-2.72862507234243
74.7952251562182,-2.36906255957352
74.2798248256491,-2.63582166586515
73.7679760252773,-3.09450838851363
73.2596542821523,-2.56429984719959
72.7548352919623,-3.44888312809705
72.2534949178722,-3.62730239797655
71.7556091893693,-2.64696407426974
71.4285714285714,-1.41234330462531
71.2611543011175,-1.92305198169744
70.7701066118189,-3.04261383157238
70.2824426430835,-1.00400025231654
69.7981390783066,-2.24928984036601
69.3171727615541,-3.22008533639045
68.839520696455,-3.45099153998599
68.3651600451024,-1.03237083301259
67.8940681269611,-2.86432082379151
67.4262224177834,-2.03229875504676
66.9616005485322,-3.08698290218229
66.6666666666667,1.44983900210217
66.5001803043112,1.32928532981977
66.0419396233031,-1.72797736778217
65.5868565957143,-0.10385606196841
65.134909462728,-1.38312773472979
64.6860766154633,-2.44366928731453
64.2403365939419,-1.88740115414252
63.7976680860628,-3.09523146518192
63.3580499265825,0.128425606738394
62.9214610961034,-2.47351168206397
62.5,-1.81544736518777
62.4878807200689,-1.87802692472168
62.057288067765,-3.13946716438256
61.6296625513294,-2.98523705926477
61.204983724767,-3.55203444883834
60.7832312829723,-2.21001138431346
60.3643850607587,-3.54105521873002
59.9484250318941,-2.99108169397028
59.5353313081437,-3.65154493727912
59.1250841383188,-3.66177865968539
58.8235294117647,-2.82497617244256
58.7176639073326,-1.68616975527949
58.3130511352622,-2.70953490697219
57.9112264764176,-2.72701352428917
57.5121707184161,-2.35874551234944
57.1158647812643,-3.66163415671088
56.7222897164454,-3.17009041066124
56.3314267060136,-2.63144873986313
55.9432570616938,-2.37804702938784
55.5577622239888,-2.39672987833991
55.5555555555556,-2.36914627981154
55.1749237612912,-1.46052169095871
54.7947233690029,-3.03708577617793
54.4171428686589,-2.94836019419217
54.0421642070592,-2.92289976216203
53.6697694554048,-3.1705729386086
53.2999408084409,-3.53288515687059
52.9326605836056,-2.27036133922517
52.6315789473684,-3.00037206238452
52.5679112201842,-3.13380560628301
52.2056752784698,-1.53710803055885
51.8459354389291,-3.2860417625305
51.488674501375,-3.57911979925866
51.1338753841433,-2.77918372655644
50.7815211232767,-2.33294508359436
50.4315948717136,-0.409723496572933
50.0840798984821,-3.31403118145603
50,-2.88347997240227
49.7389595879007,-3.28284391882094
49.3962174387832,-2.46200137688559
49.0558370636505,-2.55649553134755
48.7178021879463,-3.04994931685423
48.3820966492596,-3.03857360063237
48.0487043965513,-0.230683826645541
47.7176094893875,-3.03647189422299
47.6190476190476,-2.0379851035917
47.3887960971765,-2.44394192345716
47.0622484984128,-3.46325963401345
46.7379510799246,1.80572337561394
46.4158883361278,-2.14615050878292
46.0960448682843,-2.00039985453268
45.7784053837662,-2.90754343069691
45.462954695324,-2.83214103234531
45.4545454545455,-2.8300282022456
45.149677720361,-2.56707775971294
44.8385594802119,-2.04132070515355
44.5295850994266,-2.45531257795384
44.222739805059,8.61015709769659
43.9180089259609,-0.498221543671614
43.6153778920801,-1.2398314648491
43.4782608695652,-2.15263409987024
43.314832233764,-2.21541189910637
43.016357581068,-3.59818515932558
42.7199396630678,-1.4455486709477
42.4255643071778,-2.12001405727768
42.1332174384729,-0.623536092482975
41.8428850790158,-0.700299879981041
41.6666666666667,-3.24787413334051
41.5545533471888,-1.55534503589684
41.2682084570295,-3.1725560459062
40.9838367175726,-1.61261516792474
40.7014245321944,-2.8530806961828
40.4209583979631,-3.46458779429049
40.1424249049932,0.577276004917867
40,-3.20299808350465
39.8658107358044,-1.35949079635339
39.5911026646846,-3.00142487911027
39.3182875570577,-2.44269268979648
39.0473523688556,-0.767657184666102
38.7782841458946,-2.97292188893284
38.5110700232557,-3.33781417918298
38.4615384615385,-3.55427699030356
38.24569722467,-1.80595256209717
37.9821530619073,-1.47649156590434
37.72042493417,-3.26232207351297
37.4605003274899,-1.57098804926839
37.2023668141307,-2.96321740312872
37.037037037037,-3.5824880071781
36.946012051993,-3.25656639729381
36.6914237840249,-1.94425462897773
36.4385898376355,-2.86337543385353
36.1874981241128,-2.4617549533746
35.9381366380463,-3.18958804833961
35.7142857142857,-2.76500799405583
35.6904934567523,-3.0394051551148
35.4445567397043,-0.602200922291028
35.2003147279668,-1.76506490419804
34.9577557436328,-3.05571104094995
34.7168681892656,-3.5089595161718
34.4827586206897,-3.4678524213955
34.4776405473446,-3.40018642138396
34.2400613797142,-3.04892651072644
34.0041193270371,-0.907524371327479
33.7698031082509,-3.43915951319512
33.5371015200293,-1.63850369284129
33.3333333333333,-2.09032224569539
33.3060034362459,0.00398258563864307
33.0764978074424,-3.12582860678772
32.8485736603004,-3.17580456811107
32.6222200971167,-2.64261952552421
32.397426295282,1.39098194126486
32.258064516129,-2.83306183601537
32.1741815067637,0.198361818074877
31.9524750575921,-3.12007202818283
31.7322963473498,-3.64935185147403
31.5136348486648,-3.39097748929164
31.2964801067075,-2.86421259586096
31.25,-3.38676836437035
31.0808217386906,-3.12564193907395
30.8666494333727,-3.47773915549696
30.6539529505653,-3.07108292014451
30.442722120643,-0.621836994417673
30.3030303030303,-3.64971638711999
30.2329468440578,-2.76465639530711
30.0246170908555,-3.34147710374405
29.8177229001967,-3.27565403681474
29.6122543798804,-3.2072454158572
29.4117647058824,-2.98538568906148
29.4082017058706,-2.92424142569943
29.2055551218275,-3.14902438841566
29.0043049386399,-2.92933490993878
28.804441533963,-2.19746687108319
28.6059553517574,-3.09539523032513
28.5714285714286,-3.65327920974475
28.408836901833,-3.54293268212025
28.2130767593947,-3.05506904725508
28.018665564592,-3.49775630187316
27.8255940220712,-3.10686048610595
27.7777777777778,-3.65862792378563
27.6338529005317,-1.48842603953529
27.4434330322836,-1.12682107939203
27.2543253128103,-1.6323089053974
27.0665207003324,0.449456112712103
27.027027027027,-1.39857029912902
26.8800102153761,1.78655021489009
26.6947849403432,1.13565685616037
26.5108360190854,-3.11691345175013
26.3281546564802,-2.08273486671301
26.3157894736842,-0.871513421447371
26.1467321180109,-1.995071946581
25.9665597293487,-3.13371795273444
25.787628875938,-1.20556781406718
25.6410256410256,-2.11848414769552
25.6099310025846,-2.39293682129097
25.4334576130465,-2.69866008313285
25.2582002696278,1.29496180436961
25.0841505927754,-0.33062863929906
25,7.20228969841127
24.9113002606779,3.13086291625813
24.7396410088681,2.57414798339086
24.5691646298279,-2.68557883278875
24.3998629725955,-1.86600644048807
24.390243902439,-2.39611701182143
24.231727942376,-2.56054422506836
24.0647515001542,-2.19599039362033
23.8989256623105,-3.32779841287153
23.8095238095238,-3.43596230687943
23.7342425002387,-1.68953591133815
23.5706941399673,-1.57382940365029
23.4082727617829,-0.757275203860284
23.2558139534884,-3.17578214667047
23.2469705998565,-3.56756636064916
23.0867799418717,-3.16560609542669
22.9276931286565,-2.27173767322464
22.7697025538168,-2.0445174170387
22.7272727272727,-3.30737441985117
22.6128006633728,-2.17035848827266
22.4569799553977,-1.79669924313019
22.3022329796594,-2.94936693910462
22.2222222222222,-3.15480611327036
22.1485523372636,-0.113159937357078
21.9959306803007,-2.21400008948712
21.8443607114943,-3.01835857350381
21.7391304347826,-3.37349464030104
21.6938351838518,0.0107708208264414
21.5443469003188,-2.74439979900218
21.3958887134342,-2.97462636883337
21.2765957446809,0.0809246546969193
21.2484535249888,-0.739788008966893
21.102034285686,-3.21420026816581
20.9566239948043,-2.41939493204158
20.8333333333333,-2.55974451467103
20.8122156998634,-3.4102015352504
20.6688024962908,-3.17061752167698
20.5263775270925,-1.47958641492753
20.4081632653061,-2.40212926360489
20.3849339825246,0.646078439357002
20.244465099768,-1.76963093939393
20.104964162605,0.0632492657622565
20,-2.35113436562745
19.9664245010979,-3.4059205670165
19.8288394912707,-2.88095072062576
19.6922025547917,-3.56425256430337
19.6078431372549,-3.40197773181488
19.5565071586595,-2.69118747653531
19.4217468148903,-3.2853564268956
19.2879150802078,-2.872677421412
19.2307692307692,-2.11008492879268
19.1550055557353,-2.64623037340213
19.0230118866894,-3.59774199723979
18.8919277620767,-2.5097311072197
18.8679245283019,-1.30334980224905
18.7617469143912,-3.60033699236269
18.6324631193156,-0.478313446220379
18.5185185185185,-3.55919374647491
18.504070195423,-2.95575047658239
18.3765620038817,-1.03071380259974
18.2499324481615,-3.37913650419089
18.1818181818182,-3.58911046112787
18.1241754737424,-2.94585425948658
17.9992850678248,-2.99380524738778
17.8752552590424,-3.25907649181782
17.8571428571429,-2.68470476021669
17.7520801171764,-3.35586793450433
17.6297537528721,-3.32481127179097
17.5438596491228,-0.407035290441409
17.5082703173572,-1.81585141602202
17.3876240021625,-2.06807098104759
17.2678090388436,-3.05340644726315
17.2413793103448,-1.98125160923832
17.1488196987054,-3.13060515482352
17.0306502925284,-0.456050559071524
16.9491525423729,2.93114927095336
16.9132951702965,-2.30051156889057
16.7967487209265,-3.56071919200557
16.6810053720006,0.419601840837875
16.6666666666667,-1.91160650760566
16.5660595894991,-3.24372176621939
16.4519058775366,-2.57497074364714
16.3934426229508,-3.16377607846239
16.3385387780986,-3.38570761059439
16.2259528707809,-3.53534685288831
16.1290322580645,-1.06238605987
16.1141427725302,-0.73033871441218
16.003103137387,-3.52691921859015
15.8928286562298,-3.40116651068687
15.8730158730159,-0.466067074230618
15.7833140565212,-2.0655241858911
15.674554102056,-2.22956308861584
15.625,-0.649244258715679
15.5665435927106,-1.06347260746135
15.4592773641948,-2.55109448413126
15.3846153846154,-0.109737549294219
15.3527502878042,-3.38068643654473
15.2469572701757,-2.57054424952589
15.1515151515152,0.342610172623684
15.1418932530435,-1.23025589695207
15.0375532129974,-2.42919676068426
14.9339321612425,-0.582759821521004
14.9253731343284,-0.474554168841034
14.831025143361,-3.04361641998555
14.728827239075,-2.42207497906854
14.7058823529412,-2.58505827484869
14.6273335620113,-3.6480744807208
14.5265392594678,-1.89102737884765
14.4927536231884,-3.48717061901756
14.4264395121816,-3.52331149447248
14.3270295340983,-1.57998749693335
14.2857142857143,-0.755844446136602
14.2283045721435,-0.653395678277842
14.1302599059953,-1.6673735509877
14.0845070422535,-0.739145396102127
14.0328908478587,0.656508201274865
13.9361927422414,-1.57849205586983
13.8888888888889,-2.78000577032243
13.8401609657313,-0.917305083088631
13.7447909267754,-3.2216896681562
13.6986301369863,-3.37572796637864
13.6500780654601,-1.83940908950869
13.5560178532937,-1.27235667262336
13.5135135135135,-1.47550942347861
13.4626057929891,-1.47406055127665
13.3698374182495,-1.54293275298009
13.3333333333333,3.74454605472953
13.2777082935543,-1.72848627715056
13.1862140139475,-2.12399892506231
13.1578947368421,-1.40319842055707
13.0953502048267,1.07162461363437
13.0051125217341,-3.20992294580069
12.987012987013,-2.21534813309558
12.9154966501488,-3.32004864892975
12.8264983052806,1.31436227307809
12.8205128205128,2.00685131352687
12.7381132318648,-2.7292652991759
12.6582278481013,-2.07065968628732
12.650337203959,-0.682702501998345
12.5631660247412,-3.21892316284011
12.5,-1.89504841000216
12.4765955263087,-3.12861766799251
12.3906215694792,-3.52709941337248
12.3456790123457,-2.85189975990503
12.3052400435926,-3.25896812396997
12.2204468663149,-0.227227221975038
12.1951219512195,-1.42223410017452
12.1362379834424,-0.824570770415032
12.0526093687084,-1.04156293659842
12.0481927710843,-1.39414384853417
11.9695570235904,5.63960342067906
11.9047619047619,-3.57896130950116
11.887076977119,-1.98288963989701
11.8051652856881,-2.13867650921231
11.7647058823529,-3.29795264257056
11.723818032866,-2.34547197394603
11.6430313292088,0.770058661056358
11.6279069767442,-3.12642749674576
11.5628013120738,-2.55801076320774
11.4942528735632,-1.14452101581672
11.4831241454351,-0.709314407640401
11.4039960197003,-3.65691111725151
11.3636363636364,-3.6309992271495
11.3254131515281,-3.36249331338113
11.2473717836475,-3.17151275690197
11.2359550561798,-3.47125205350595
11.1698681846782,-3.20229823939213
11.1111111111111,-1.79466522920937
11.0928986489522,-3.36991900531815
11.0164594963366,-2.66256871059827
10.989010989011,-0.907142727315896
10.9405470720574,-2.55173571846098
10.8695652173913,-1.38977733488651
10.8651577465254,-1.49140569870364
10.7902879151618,-2.7483181952647
10.752688172043,-2.76325364135318
10.7159339982267,-2.58242837272776
10.6420924406472,-2.93996057122815
10.6382978723404,-2.58963533833859
10.568759711848,-3.00684643453171
10.5263157894737,-3.39189281472131
10.4959323055823,-2.91344076521947
10.423606739764,-2.02306705596718
10.4166666666667,-2.57984482856092
10.3517795563018,-1.68166861912267
10.3092783505155,-3.16258162064347
10.2804473209331,-2.60705991249842
10.2096066230605,-2.73355890250731
10.2040816326531,-2.65674455041271
10.1392540755882,-0.286370857541168
10.1010101010101,-3.63056567773973
10.0693863147603,-3.5051634219006
10,-1.85614838158669
10,-1.85614838158655
9.9310918137498,-2.85350677229213
9.9009900990099,1.32206314956024
9.86265846131282,0.369876758129682
9.80392156862745,-3.24231039279608
9.79469667069539,0.517966642966475
9.72720319245054,-2.92299875419972
9.70873786407767,-3.42399751331014
9.66017479952265,-1.72082072409783
9.61538461538461,-3.10361577480894
9.59360828709314,-3.03621860952021
9.52750047242729,-2.019486716038
9.52380952380952,-2.50603197301926
9.461848194722,-2.27024526939835
9.43396226415094,-3.33587170796828
9.39664831495469,-3.41429098290204
9.34579439252336,-2.93821897226733
9.33189771573324,-3.14654593014729
9.26759330114688,-1.16877515562426
9.25925925925926,-0.257488850604896
9.20373199661822,-2.19817781587484
9.1743119266055,-3.59330494206359
9.14031074875623,-3.50910962376237
9.09090909090909,-0.640667275836061
9.07732652521023,-3.22901052434822
9.01477631452492,-3.12804343436774
9.00900900900901,-3.65140968941112
8.9526571259964,-1.78274963938743
8.92857142857143,-3.24329406806704
8.89096598952916,-2.93096733780201
8.84955752212389,0.657151249305476
8.82969995549409,-1.48495290343892
8.7719298245614,-2.54630083238159
8.76885609458743,-3.40627845610229
8.70843149769072,-3.48382951370926
8.69565217391304,-3.55103885500481
8.64842327573172,0.560363742942873
8.62068965517241,-1.7457903282354
8.58882855954625,-0.869488451577364
8.54700854700855,1.03995784952302
8.52964449974102,-0.222602252063846
8.47457627118644,-2.43048807167166
8.47086826655741,-3.62455570417985
8.41249704973612,-3.4050579354306
8.40336134453781,-1.582571171514
8.35452805838287,1.33941261559297
8.33333333333333,1.59919728388626
8.29695852083491,-3.18852199517441
8.26446280991736,-2.2896306822992
8.23978568452852,-3.34992021226399
8.19672131147541,-3.43094472085682
8.18300681586739,-3.45806114817726
8.13008130081301,-3.12389756155273
8.12661920009195,-3.01582112007606
8.0706201411495,-2.67984106746875
8.06451612903226,-1.96574786846783
8.01500696156541,-3.64728561331553
8,-3.6476460082237
7.95977700231498,-3.20779583904528
7.93650793650794,-2.67675318454557
7.90492762269642,-3.09839755590452
7.8740157480315,0.923217137077036
7.85045620020451,-3.38515900346463
7.8125,-3.57277110164706
7.79636013040523,-3.18127859891966
7.75193798449612,-3.00021309778775
7.74263682681127,-3.09245420377409
7.69230769230769,-3.60860301408554
7.68928372075831,-3.10649433811413
7.63629826128224,-2.7275798064271
7.63358778625954,-2.66871266216922
7.58367791499719,-3.2813812333246
7.57575757575758,-3.22812158813921
7.53142016597437,-3.07742120678086
7.5187969924812,-2.49919183342835
7.47952251562182,-2.2753553334537
7.46268656716418,-3.56458153068557
7.42798248256492,-2.99782567660172
7.40740740740741,-2.57380325557211
7.37679760252773,-3.10700367966593
7.35294117647059,2.09286219573552
7.32596542821523,-3.47576175691769
7.2992700729927,-3.3929108060427
7.27548352919623,-3.01561486255819
7.2463768115942,-2.668271483893
7.22534949178722,-1.71194031679014
7.19424460431655,0.374992881027443
7.17556091893693,-1.77776598882688
7.14285714285714,-2.85583574356068
7.12611543011175,-2.67646792942018
7.09219858156028,-2.68518839318902
7.07701066118189,-2.5904968363845
7.04225352112676,-0.937496584101022
7.02824426430835,-2.62043414987856
6.99300699300699,0.56617158553532
6.97981390783066,-2.90306401873861
6.94444444444444,-1.70950159508721
6.93171727615541,-3.51649422345484
6.89655172413793,-3.02260810096287
6.8839520696455,-2.90775588119832
6.84931506849315,-2.25448029609914
6.83651600451024,-1.0665863558387
6.80272108843537,-2.96797354936559
6.78940681269611,-1.87537987466838
6.75675675675676,-0.909792894497069
6.74262224177834,-3.31509389581673
6.71140939597315,-2.66310623509137
6.69616005485322,-3.12075261698346
6.66666666666667,-2.88104085149522
6.65001803043112,-2.20158901439843
6.62251655629139,-2.95158264245101
6.6041939623303,-3.64043250735711
6.57894736842105,-2.97255453519206
6.55868565957143,-0.444038362704315
6.5359477124183,-2.16490215366049
6.5134909462728,-3.02013597759544
6.49350649350649,-1.06909374756161
6.46860766154633,-1.20248486048096
6.45161290322581,-1.66828403701519
6.42403365939419,-3.5641614564066
6.41025641025641,-2.81816407440395
6.37976680860628,-2.83561564794924
6.36942675159236,-2.54152266006472
6.33580499265825,-0.372076723305649
6.32911392405063,-2.34668683892071
6.29214610961034,-3.38898824305964
6.28930817610063,-2.55145620376446
6.25,-3.41043454650029
6.24878807200689,-3.29919179340667
6.2111801242236,-1.43865666789189
6.2057288067765,-2.17636794966169
6.17283950617284,-2.14380427481548
6.16296625513294,-3.4413900839436
6.13496932515337,-3.10402799891504
6.1204983724767,-1.56632196072546
6.09756097560976,-3.52827325989638
6.07832312829723,-1.6814021234601
6.06060606060606,-3.49555861970158
6.03643850607587,-3.30626965695812
6.02409638554217,-2.18038980098536
5.99484250318941,-2.67233272870184
5.98802395209581,-3.05514518278828
5.95353313081437,-3.08231747153873
5.95238095238095,-3.28422822236275
5.91715976331361,-2.51000079545364
5.91250841383188,-3.19284816588951
5.88235294117647,-3.31786276664105
5.87176639073326,-3.36629953979614
5.84795321637427,-2.48088430699446
5.83130511352622,-1.64774901682626
5.81395348837209,-3.41518377562319
5.79112264764176,-3.33482725411623
5.78034682080925,-3.47403560827872
5.75121707184161,-3.52089343025114
5.74712643678161,-1.14596007769863
5.71428571428571,-3.05772080939844
5.71158647812643,-2.84706441129894
5.68181818181818,-2.38337612238528
5.67222897164454,-3.17716410328039
5.64971751412429,-0.0782094609816495
5.63314267060136,-2.74894820158836
5.61797752808989,-2.32088437953221
5.59432570616938,-3.27925990357725
5.58659217877095,-2.15018728695911
5.55577622239888,0.0608149125460686
5.55555555555556,-0.429797405247807
5.52486187845304,-2.75989280086942
5.51749237612913,-3.42779225353287
5.49450549450549,-2.85486010803144
5.47947233690029,-2.31029074370444
5.46448087431694,-3.58589452083215
5.44171428686589,-2.55116923525254
5.43478260869565,-3.40004310209953
5.40540540540541,-3.29358412060402
5.40421642070592,-3.18096563399264
5.37634408602151,-3.66182166095806
5.36697694554048,-2.3941836052269
5.3475935828877,-2.84490881241912
5.32999408084409,-3.04785680727089
5.31914893617021,-3.56556063122359
5.29326605836056,-3.51131623882925
5.29100529100529,-3.02206461942371
5.26315789473684,-3.5424453999186
5.25679112201842,-3.0663532168687
5.23560209424084,-2.04482301704318
5.22056752784698,-2.12949070496775
5.20833333333333,-2.1177767364576
5.18459354389291,-3.52832961304854
5.18134715025907,-3.62265726645237
5.15463917525773,-2.2200562969483
5.14886745013749,-1.74129025071984
5.12820512820513,-2.10227480415981
5.11338753841433,-3.33781966308232
5.10204081632653,-3.02249477887339
5.07815211232767,-3.33527259746229
5.0761421319797,-0.915279511489227
5.05050505050505,-3.2448721234826
5.04315948717136,-3.56066374152855
5.0251256281407,-3.03589546921342
5.00840798984821,-3.4531296584234
5,-3.31886207708491
4.97512437810945,-3.56789655344756
4.97389595879006,-2.79168917309608
4.95049504950495,-3.41305571216084
4.93962174387832,-3.07915421859858
4.92610837438424,-2.76385252988059
4.90558370636505,-2.88676806957236
4.90196078431372,-3.10309282493462
4.8780487804878,-0.640257273240318
4.87178021879463,-3.52683905501764
4.85436893203883,-0.0775426910163146
4.83820966492596,-1.2449788211728
4.83091787439613,-3.47418248725505
4.80769230769231,-3.64878057475969
4.80487043965513,-2.80617415182176
4.78468899521531,-2.4461707851231
4.77176094893875,-3.38490455988422
4.76190476190476,-3.34135098484459
4.739336492891,-3.27419207045993
4.73887960971765,-3.22068067645641
4.71698113207547,-3.65949483395103
4.70622484984128,-3.59122473384796
4.69483568075117,-3.65259541711479
4.67379510799246,-3.40106100718473
4.67289719626168,-1.70011167574294
4.65116279069767,-2.45475031889718
4.64158883361278,-3.11748473553738
4.62962962962963,-2.50499758221708
4.60960448682843,-2.48430751105046
4.60829493087558,-1.22991691517314
4.58715596330275,-1.02223196292514
4.57784053837662,-2.18124376417729
4.5662100456621,-3.30021584722443
4.5462954695324,-3.37243432199268
4.54545454545455,-3.10380298268192
4.52488687782805,-2.21626498962443
4.5149677720361,-0.320992786120352
4.5045045045045,-0.176351638727549
4.48430493273543,-1.25032818096509
4.48385594802119,-1.37471495501522
4.46428571428571,-1.86105659660314
4.45295850994265,-1.91008407866154
4.44444444444444,-2.76340383647026
4.42477876106195,-3.26590699635188
4.4222739805059,-3.64649632509007
4.40528634361233,-3.19152650118174
4.39180089259609,-3.4132499969955
4.3859649122807,-2.76274058889605
4.36681222707424,-3.65521304310219
4.361537789208,-3.40421323349635
4.34782608695652,-3.06291988385599
4.3314832233764,-1.44468292741426
4.32900432900433,-3.60286581110254
4.31034482758621,-2.99755238074915
4.30163575810679,-1.06981237308851
4.29184549356223,-3.12857586258014
4.27350427350427,-2.99693243642859
4.27199396630678,-3.34609632392157
4.25531914893617,-1.21164434609595
4.24255643071778,-3.53178927361112
4.23728813559322,-3.51917074908603
4.21940928270042,-3.01981702008605
4.21332174384729,-3.61372132408571
4.20168067226891,-1.3704674077325
4.18428850790158,-2.58826625575157
4.18410041841004,-2.18882309809002
4.16666666666667,-1.36515263915346
4.15545533471888,-2.98567080812547
4.149377593361,-1.82302131023648
4.13223140495868,-3.14292572256512
4.12682084570295,-2.67841971700654
4.11522633744856,-3.41451609616508
4.09838367175726,-3.56236619977049
4.0983606557377,-3.55211528175432
4.08163265306122,-3.43915192080372
4.07014245321944,-3.65102061045904
4.0650406504065,-3.59862527642307
4.04858299595142,-3.20562691859818
4.04209583979631,-3.16291542511344
4.03225806451613,-3.65349548262001
4.01606425702811,-2.86428513217559
4.01424249049932,-3.3249944989899
4,-2.36439577356397
3.98658107358044,-2.80024128778909
3.98406374501992,-3.25825893823254
3.96825396825397,-2.82590906111475
3.95911026646846,-1.47977699992343
3.95256916996047,-2.23962500211926
3.93700787401575,-3.35490464947695
3.93182875570577,-3.14954775593973
3.92156862745098,-3.15635242363337
3.90625,-1.25946398608159
3.90473523688556,-2.67189610308001
3.89105058365759,-3.32146703458427
3.87782841458946,-2.47550436035415
3.87596899224806,0.210496794452401
3.86100386100386,-3.17625222598876
3.85110700232557,-3.64783542508631
3.84615384615385,-3.53001509235771
3.83141762452107,-2.20274612014621
3.824569722467,-3.12259049056616
3.81679389312977,-2.15733250388724
3.80228136882129,-3.36497682136756
3.79821530619074,-1.99379928273641
3.78787878787879,-3.52627652946385
3.77358490566038,-3.62730884461389
3.772042493417,-2.07990823641783
3.7593984962406,-3.29489006820379
3.74605003274899,-2.59391636460422
3.74531835205992,-1.58793112288175
3.73134328358209,-2.60696265126925
3.72023668141307,-2.42578104047679
3.71747211895911,-3.23347746611951
3.7037037037037,-1.53015551718523
3.6946012051993,-3.27055078643128
3.690036900369,-3.65462149978292
3.67647058823529,-3.61137440201066
3.66914237840249,-3.26843688259656
3.66300366300366,-3.53930588003295
3.64963503649635,-3.62810849171681
3.64385898376355,1.48277305054292
3.63636363636364,-2.18544769429844
3.6231884057971,-2.93942350280487
3.61874981241128,-3.57325277308812
3.6101083032491,-1.8230840640016
3.59712230215827,-2.75500933512505
3.59381366380463,-3.35063478814977
3.584229390681,-1.78214661641935
3.57142857142857,-1.87602312517073
3.56904934567523,-2.28151193125033
3.55871886120996,-3.25008870119991
3.54609929078014,-3.09646892135479
3.54445567397043,-2.99223270510138
3.53356890459364,-3.47910217300544
3.52112676056338,-0.783471264914037
3.52003147279668,-3.19644501780003
3.50877192982456,-3.03515954776604
3.4965034965035,-3.46367423604438
3.49577557436328,-3.59423073292124
3.48432055749129,-2.0424355640918
3.47222222222222,-3.54726305911275
3.47168681892656,-2.7480939354467
3.46020761245675,-3.14393057297026
3.44827586206897,-3.57539540703128
3.44776405473446,-2.69578650343349
3.43642611683849,-3.39910848446653
3.42465753424658,-3.2206392231567
3.42400613797142,-2.99766057500473
3.41296928327645,-1.75133355882276
3.40136054421769,-1.88375823612013
3.40041193270371,-2.84552556832203
3.38983050847458,-2.41141149417491
3.37837837837838,1.93149407500333
3.37698031082509,-3.04229422612714
3.36700336700337,-2.488134411225
3.35570469798658,-3.48419669802096
3.35371015200293,-3.57424392807463
3.34448160535117,-0.0678255114330382
3.33333333333333,-1.33343792586207
3.33060034362459,-1.59503987814686
3.32225913621262,-2.30773150740908
3.3112582781457,-1.55026121942866
3.30764978074424,-3.18313808598343
3.3003300330033,-1.78559991254378
3.28947368421053,-3.54880191833184
3.28485736603004,-2.81478021104807
3.27868852459016,-3.20284533647462
3.26797385620915,-3.42012318856349
3.26222200971167,-3.43731162821426
3.25732899022801,-2.22858396716021
3.24675324675325,-2.52723081247991
3.2397426295282,-1.96346533622683
3.23624595469256,-3.32040742244244
3.2258064516129,-3.18251475344332
3.21741815067637,-1.80204633491594
3.21543408360129,0.636217044272361
3.20512820512821,-1.14007789564998
3.19524750575921,-3.22965803290283
3.19488817891374,-2.6797315997618
3.18471337579618,-2.04549860314661
3.17460317460317,-2.97913126162002
3.17322963473498,-3.24471375242355
3.16455696202532,-2.79697226775182
3.15457413249211,-3.05428016082545
3.15136348486648,-3.11271162122584
3.14465408805031,-1.90944714012037
3.13479623824451,1.32481155922067
3.12964801067075,-0.936246835135459
3.125,-3.60483919020025
3.11526479750779,-3.26898261006765
3.10808217386906,-1.49218801985718
3.1055900621118,-3.38714591478334
3.09597523219814,-2.43587041147564
3.08666494333727,-2.59124429413101
3.08641975308642,-2.29040015951859
3.07692307692308,-3.55995970133709
3.06748466257669,-3.59989876790949
3.06539529505653,-2.99821916994828
3.05810397553517,-3.5642145413194
3.04878048780488,-1.67884129666977
3.0442722120643,-3.52168940604853
3.03951367781155,-3.39675680817846
3.03030303030303,-2.46061170374379
3.02329468440578,-1.77531754977373
3.02114803625378,-1.5619946837949
3.01204819277108,-3.61104859511665
3.003003003003,-3.61808640642887
3.00246170908555,-3.2214800491463
2.9940119760479,-3.27614215740088
2.98507462686567,-3.42744395104584
2.98177229001967,-2.4954596381272
2.97619047619048,-2.54153450651215
2.9673590504451,-2.87165672926137
2.96122543798803,-3.38766738371465
2.9585798816568,-3.49967097332064
2.94985250737463,-3.47069451517704
2.94117647058824,-1.88132986840112
2.94082017058706,-3.28373738274628
2.93255131964809,-3.17291653053841
2.92397660818713,-3.49390752340629
2.92055551218275,-3.17218495173285
2.91545189504373,-2.35982388282089
2.90697674418605,-3.32054019844834
2.90043049386399,-3.31248185393498
2.89855072463768,-2.80686533202133
2.89017341040462,-2.79365902077056
2.88184438040346,-3.36516829879703
2.8804441533963,-3.33297163996657
2.8735632183908,-3.49741127518207
2.86532951289398,-3.46300789686121
2.86059553517574,-1.90690963263098
2.85714285714286,-3.39039148361753
2.84900284900285,-3.58340080273758
2.84090909090909,-2.90006314700259
2.8408836901833,-2.99145863211792
2.8328611898017,-3.66152672233154
2.82485875706215,-2.41955545167
2.82130767593947,-2.49256573822565
2.8169014084507,-1.00509849069159
2.80898876404494,-1.98774459446015
2.8018665564592,-2.14232558894981
2.80112044817927,-1.5194444399233
2.79329608938547,-2.34679276100867
2.78551532033426,-2.84331572824866
2.78255940220712,-3.26529170066255
2.77777777777778,-2.37437972554427
2.77008310249307,-3.10859060733291
2.76338529005317,-2.75619694549634
2.76243093922652,-1.91762700401109
2.75482093663912,-1.53680997946047
2.74725274725275,-3.47028480092173
2.74434330322836,-3.64445919502004
2.73972602739726,-3.52264812580502
2.73224043715847,-2.69763819977681
2.72543253128103,-3.4793059040182
2.72479564032698,-2.81230336877514
2.71739130434783,-1.77599435303331
2.710027100271,-3.48598136880495
2.70665207003324,-3.4267297255029
2.7027027027027,-3.52322983103415
2.69541778975741,-3.27759695168863
2.68817204301075,-1.26630960175869
2.68800102153761,-1.50431426206172
2.68096514745308,-0.770981802891735
2.67379679144385,-1.25647786214345
2.66947849403432,-3.50120350491762
2.66666666666667,1.09583594332405
2.65957446808511,-2.20053690530291
2.6525198938992,-3.18107991264368
2.65108360190854,-3.29910237703053
2.64550264550265,-2.00562133842017
2.63852242744063,-1.16893198748947
2.63281546564802,-3.18374536568076
2.63157894736842,-1.31485770554435
2.6246719160105,-1.73677486987902
2.61780104712042,-3.16274335928197
2.61467321180109,-1.96908885668354
2.61096605744125,-3.65448417064955
2.60416666666667,-3.46443070475164
2.5974025974026,-2.49569928409614
2.59665597293487,-3.2810873372456
2.59067357512953,-3.41454638763094
2.58397932816537,-2.20924101920452
2.5787628875938,-3.11990472783522
2.57731958762887,-3.13803449962516
2.5706940874036,-2.79467033815659
2.56410256410256,-1.13011213407743
2.56099310025846,-3.2061546800483
2.55754475703325,-1.2324404999495
2.55102040816327,-1.60100934449759
2.54452926208651,-1.99719027624608
2.54334576130465,-3.34023123009747
2.53807106598985,-3.63491609699529
2.53164556962025,-2.30821503950166
2.52582002696278,-3.45730478694237
2.52525252525253,-3.08978443107234
2.51889168765743,-3.62797651744698
2.51256281407035,-2.82844731688042
2.50841505927754,-2.24047173408324
2.5062656641604,-3.41602351778492
2.5,-3.23546163475451
2.49376558603491,-3.25620564963584
2.49113002606779,-3.22718501047499
2.48756218905473,-2.78149938037945
2.48138957816377,-3.65490035225251
2.47524752475248,-2.02099538067388
2.47396410088681,-3.01909923918292
2.46913580246914,-3.41428978859575
2.46305418719212,-3.46889692885353
2.45700245700246,-0.302786339489709
2.45691646298279,0.200498809506759
2.45098039215686,-3.29673826740067
2.44498777506112,-3.20335890159601
2.43998629725955,-2.75912215518305
2.4390243902439,-3.23276703769006
2.4330900243309,-2.76912969467231
2.42718446601942,-3.61920650613053
2.4231727942376,-3.03188493161904
2.42130750605327,-3.62298885314605
2.41545893719807,-3.03114288339297
2.40963855421687,-3.34627632871881
2.40647515001542,-2.93722882864132
2.40384615384615,-2.00003162851102
2.39808153477218,-2.69174283960306
2.39234449760766,-2.52370597638231
2.38989256623105,-2.62769556735632
2.38663484486874,-1.42505821242632
2.38095238095238,-3.44691030902977
2.37529691211401,-3.60200821944367
2.37342425002387,-3.54425420479672
2.3696682464455,-3.51839609018888
2.36406619385343,-1.67945587653223
2.35849056603774,-2.89657013673608
2.35706941399673,-3.25143732510794
2.35294117647059,-3.20820733631389
2.34741784037559,-3.43655784135957
2.34192037470726,-2.812295648984
2.34082727617829,-3.64880618972974
2.33644859813084,-2.00999572933106
2.33100233100233,-2.34877733498457
2.32558139534884,-3.45152963206216
2.32469705998565,-3.61874897745921
2.32018561484919,-1.69278655591894
2.31481481481481,-3.15138779858487
2.3094688221709,-3.1672731916406
2.30867799418717,-2.89133119780079
2.30414746543779,-3.10498981849134
2.29885057471264,-2.39478321012769
2.29357798165138,0.0281932736827359
2.29276931286565,-1.83599114918844
2.2883295194508,-3.36968203983566
2.28310502283105,-3.59677439930705
2.27790432801822,-1.48644256236308
2.27697025538168,-2.62549179352855
2.27272727272727,-2.97177575420578
2.26757369614512,-3.44572046440252
2.26244343891403,-2.34140545617016
2.26128006633728,-3.0756759058636
2.25733634311512,-3.64037716158925
2.25225225225225,-2.84400168112635
2.24719101123596,-3.10537068112425
2.24569799553977,-3.16281514608142
2.24215246636771,-3.64515106214601
2.23713646532438,-3.26802721990465
2.23214285714286,-2.21027158063513
2.23022329796594,-3.01280132263274
2.2271714922049,-3.51775623183472
2.22222222222222,-2.82957569744961
2.21729490022173,0.0443997629248729
2.21485523372636,-3.52614236039703
2.21238938053097,-3.45100170411363
2.2075055187638,-2.96952170365345
2.20264317180617,-2.04274106480481
2.19959306803007,-1.78143209287692
2.1978021978022,-3.50031579115891
2.19298245614035,-3.29618766842124
2.18818380743982,-3.58365197450019
2.18443607114943,-1.30533776405256
2.18340611353712,-2.48502880090301
2.17864923747277,-3.38723859315659
2.17391304347826,-3.14040278656416
2.16938351838518,-3.39310955091134
2.16919739696312,-3.53281454630759
2.16450216450216,-3.45762274959456
2.15982721382289,-1.50467798248742
2.1551724137931,-3.26508535323178
2.15443469003188,-2.95360805266109
2.1505376344086,-3.33198745483512
2.14592274678112,-3.41376052290949
2.14132762312634,-3.04304930614829
2.13958887134342,-3.38371912935453
2.13675213675214,-1.02995272623339
2.13219616204691,-3.25765499209539
2.12765957446809,-1.96539115475785
2.12484535249888,-3.40693929806029
2.12314225053079,-2.15685770067368
2.11864406779661,-3.28241845554804
2.11416490486258,-3.58593389474923
2.1102034285686,-2.69293293312559
2.10970464135021,-3.42861063636304
2.10526315789474,-3.19655747019054
2.10084033613445,-3.39832615935183
2.09643605870021,-3.25958351528423
2.09566239948043,-3.41114090842778
2.09205020920502,-3.30280573162549
2.08768267223382,-2.18462435691164
2.08333333333333,-1.39889410996964
2.08122156998634,-2.89851681266107
2.07900207900208,-3.3591023566985
2.0746887966805,-3.01695393362443
2.0703933747412,-3.38168392438002
2.06688024962908,-3.57152332790046
2.06611570247934,-3.13098604777762
2.06185567010309,-2.90081141543701
2.05761316872428,-2.46305837830057
2.05338809034908,-3.38444899030604
2.05263775270925,-2.05048196176464
2.04918032786885,-3.56256107408798
2.04498977505112,-2.70148490821212
2.04081632653061,-3.61737626380157
2.03849339825246,-3.51796639069282
2.03665987780041,-3.53455116504621
2.03252032520325,-2.80982458045433
2.02839756592292,-3.26441085777899
2.0244465099768,-3.30567552612434
2.02429149797571,-2.97987899939322
2.02020202020202,-3.16734138881851
2.01612903225806,-3.47530423703862
2.01207243460765,-1.78473694084802
2.0104964162605,-2.45183857625259
2.00803212851406,-2.95752851930835
2.00400801603206,-3.62207628130882
2,-3.60085103876515
1.99664245010979,-3.60270797352747
1.99600798403194,-3.43842965019878
1.99203187250996,-3.62582347411527
1.98807157057654,-3.35394193109665
1.98412698412698,-3.58840442768983
1.98288394912707,-3.42376235166922
1.98019801980198,-3.257529458739
1.97628458498024,-2.35436737414325
1.9723865877712,-2.88381255587624
1.96922025547917,-3.09110985903218
1.96850393700787,-3.25905128957673
1.96463654223969,-3.46201943587981
1.96078431372549,-3.39194055562016
1.95694716242661,-3.276817802041
1.95565071586595,-2.6211005171112
1.953125,-3.34821503912276
1.94931773879142,-2.64680803116034
1.94552529182879,-3.35807446550227
1.94217468148903,-3.15283365553482
1.94174757281553,-2.92702483297672
1.93798449612403,-3.39585744394419
1.93423597678917,-3.36268287481191
1.93050193050193,-3.37374592363089
1.92879150802078,-3.26006764351474
1.92678227360308,-3.25463835834371
1.92307692307692,-2.25683236786748
1.91938579654511,-2.02292615916103
1.91570881226054,-3.1262014059914
1.91550055557353,-3.46165265826472
1.91204588910134,-3.02361867683932
1.90839694656489,-2.33303974184441
1.9047619047619,-3.48020288944242
1.90230118866894,-3.61924174425438
1.90114068441065,-3.49696610172306
1.89753320683112,-3.48434242592973
1.89393939393939,-3.4223309064409
1.89035916824197,-2.7583422936628
1.88919277620767,-3.33390444336679
1.88679245283019,-2.47802264596357
1.88323917137476,-3.33309913802428
1.8796992481203,0.245828758934029
1.87617469143912,-2.74123973756253
1.87617260787992,-2.74902769778576
1.87265917602996,-3.3357550764481
1.86915887850467,-3.34732015174289
1.86567164179104,-3.5419597220267
1.86324631193156,-3.47204413969218
1.86219739292365,-3.26451561147938
1.85873605947955,-3.49502877781363
1.85528756957328,-3.34567665820405
1.85185185185185,-3.39728255673846
1.8504070195423,-3.26640295642106
1.84842883548983,-1.94377280126131
1.8450184501845,-2.17125296403186
1.84162062615101,-3.50737415221645
1.83823529411765,-2.7140018981514
1.83765620038817,-3.62799604826084
1.8348623853211,-3.37722473226089
1.83150183150183,-3.58812702427978
1.82815356489945,-2.1996360641457
1.82499324481615,-2.88664866271584
1.82481751824817,-3.32581212924874
1.82149362477231,-1.70546889186074
1.81818181818182,-2.60176091293674
1.81488203266788,-3.61818128896889
1.81241754737424,-1.44127636630797
1.81159420289855,-2.67192826843769
1.80831826401447,-3.57042671782794
1.80505415162455,-3.5885695323537
1.8018018018018,-2.67024519855003
1.79992850678248,-2.01451164319762
1.79856115107914,-3.13905833979681
1.79533213644524,-3.59473183909544
1.7921146953405,-3.58601299525427
1.78890876565295,-3.23127098210737
1.78752552590424,-3.02143671451959
1.78571428571429,-3.5876133607302
1.7825311942959,-2.57176180125394
1.77935943060498,-3.22502964181849
1.77619893428064,-3.38775541335728
1.77520801171763,-2.63080462996499
1.77304964539007,-0.281123587647964
1.76991150442478,-3.5096573199679
1.76678445229682,-2.58017450668963
1.7636684303351,-1.85119007957679
1.76297537528721,-3.54024210553991
1.76056338028169,-2.72103504956349
1.75746924428822,-3.59618879066751
1.75438596491228,-3.56115909456609
1.75131348511384,-2.47015586568026
1.75082703173572,-2.44899940787208
1.74825174825175,-2.87691320944684
1.74520069808028,-2.86261058334541
1.74216027874564,-2.58590581667026
1.73913043478261,-3.63461033251452
1.73876240021625,-3.64506353645133
1.73611111111111,-2.4622636428506
1.73310225303293,-1.61944675524951
1.73010380622837,-3.36032335560661
1.72711571675302,-3.14741129836737
1.72678090388436,-2.94366476733795
1.72413793103448,-2.63958450634594
1.72117039586919,-3.35791500718356
1.71821305841924,-2.42308640284595
1.71526586620926,-1.15856389925171
1.71488196987054,-3.30134071472717
1.71232876712329,-2.6702476607672
1.70940170940171,-1.30197384780221
1.70648464163823,-3.64158735347227
1.70357751277683,-3.62440737045339
1.70306502925284,-3.56354626675845
1.70068027210884,-3.12483985959956
1.69779286926995,-2.90157785719951
1.69491525423729,-2.94880789298862
1.69204737732657,-3.58951268273266
1.69132951702965,-3.4474843568088
1.68918918918919,-2.92773984205031
1.68634064080944,-2.69444385304767
1.68350168350168,-3.10425175781601
1.68067226890756,-1.16665688099722
1.67967487209265,-3.52084004764087
1.67785234899329,-2.5193267755432
1.6750418760469,-3.09588052092023
1.67224080267559,-3.45934042407641
1.669449081803,-2.56691072979826
1.66810053720006,-3.27117946474207
1.66666666666667,-3.51489092637437
1.66389351081531,-3.59626045460602
1.66112956810631,-1.92689716909392
1.65837479270315,-3.63124877238983
1.65660595894991,-3.44214523262657
1.65562913907285,-1.75009278771499
1.65289256198347,-2.59364003101056
1.65016501650165,-3.63902147599809
1.64744645799012,-2.99536843170308
1.64519058775366,-3.05198705977944
1.64473684210526,-1.68402767382652
1.64203612479475,-3.2774531800661
1.63934426229508,-3.04696582749703
1.6366612111293,-0.358706448163626
1.63398692810458,-2.75450686946062
1.63385387780986,-3.47795285506997
1.63132137030995,-2.90799995053491
1.62866449511401,-2.81738340976529
1.6260162601626,-3.17271633538628
1.62337662337662,-3.40330861305078
1.62259528707809,-3.41387751536926
1.62074554294976,-3.51661491698725
1.61812297734628,-3.64431046127568
1.61550888529887,-3.35903201122472
1.61290322580645,-1.89768341289793
1.61141427725302,-3.22996811152158
1.61030595813205,-2.14152152411848
1.60771704180064,-3.24231613644737
1.60513643659711,-1.2316448992867
1.6025641025641,-1.98865919900767
1.6003103137387,-2.46375594256063
1.6,-0.572440027685853
1.59744408945687,-1.67076816533797
1.59489633173844,0.642271385261513
1.59235668789809,-0.755477087876481
1.58982511923688,-3.13140319410401
1.58928286562298,-1.73897062989594
1.58730158730159,-2.72921796351163
1.58478605388273,-2.9808217655635
1.58227848101266,-0.963187428026468
1.57977883096367,-3.43740811108794
1.57833140565212,-3.60426147716698
1.57728706624606,-0.948296627709861
1.5748031496063,-3.33538146930804
1.57232704402516,-3.42224647512337
1.56985871271586,-2.0599694484204
1.5674554102056,-2.32455333981299
1.56739811912226,-1.84241331172602
1.56494522691706,-1.54682612205708
1.5625,-1.83396448840962
1.5600624024961,-3.57042338328803
1.55763239875389,-3.38353370191619
1.55665435927106,-3.34053466889493
1.5552099533437,-1.51532102090756
1.5527950310559,-1.63192678765709
1.55038759689922,-1.41728936157984
1.54798761609907,0.294167832357961
1.54592773641948,-2.99987191263723
1.54559505409583,-3.2476908468076
1.54320987654321,-2.92375999798015
1.54083204930663,-3.20258979965753
1.53846153846154,-3.47677826642559
1.53609831029186,-1.47861341900007
1.53527502878042,-0.836739991162641
1.53374233128834,-3.42917313960761
1.53139356814701,-3.59269072603056
1.52905198776758,-3.58515018733622
1.52671755725191,-2.30270412909165
1.52469572701757,-3.60874133563011
1.52439024390244,-2.76374229396365
1.5220700152207,-3.51254597553587
1.51975683890577,-2.39869220483309
1.51745068285281,-2.37575560932124
1.51515151515152,-1.76990305846992
1.51418932530435,-3.60205332947593
1.51285930408472,-3.42330196672556
1.51057401812689,-2.85615978670129
1.50829562594268,-1.50920462437615
1.50602409638554,-3.53105782096328
1.50375939849624,-3.27709379631211
1.50375532129974,-3.31428744424086
1.5015015015015,-3.36930539836386
1.49925037481259,-2.95132998858328
1.49700598802395,-3.38377529706561
1.49476831091181,-2.47175625240613
1.49339321612425,-1.37296023020265
1.49253731343284,-3.60220373336962
1.4903129657228,-2.99160333577371
1.48809523809524,-1.19442884049171
1.48588410104012,-3.49275350673447
1.48367952522255,-3.25941975128164
1.4831025143361,-3.24958629633069
1.48148148148148,-3.24833866771082
1.4792899408284,-3.11648815399597
1.47710487444609,-3.38924542797802
1.47492625368732,-3.32280041487349
1.4728827239075,-3.26887986275157
1.47275405007364,-3.62049708050194
1.47058823529412,-3.64535137201185
1.46842878120411,1.10183438379078
1.46627565982405,-2.24307456199848
1.46412884333821,-1.73344560115718
1.46273335620113,-2.23815135991436
1.46198830409357,-1.09281505444347
1.45985401459854,-3.10599613841482
1.45772594752187,-3.60921551945035
1.45560407569141,-1.83948698210188
1.45348837209302,-0.228515542433182
1.45265392594678,-3.23031625894329
1.45137880986938,-0.308737028197593
1.44927536231884,-3.06123339032701
1.44717800289436,-1.95367359948834
1.44508670520231,-1.81462754309264
1.44300144300144,-2.25440568845157
1.44264395121816,-3.13634622804899
1.44092219020173,-3.29435333702723
1.43884892086331,-1.02638347461912
1.4367816091954,-3.4944550234487
1.43472022955524,-2.5741977879632
1.43270295340983,-3.19764458299344
1.43266475644699,-3.16968766917544
1.43061516452074,-1.80517865283987
1.42857142857143,3.22854217104619
1.4265335235378,0.247547507212023
1.42450142450142,-2.11567153654623
1.42283045721435,-0.895277347363286
1.42247510668563,-2.34636083586049
1.42045454545455,-0.500236578126258
1.41843971631206,-3.13101505391811
1.41643059490085,-0.432636344392573
1.41442715700141,0.329489057732975
1.41302599059953,-0.409620338084475
1.41242937853107,-2.41500660124647
1.41043723554302,-3.21968296720221
1.40845070422535,-3.47729809379806
1.40646976090014,-3.16247985804288
1.40449438202247,-2.77180883294677
1.40328908478587,-1.15920069544414
1.40252454417952,-3.64161430325536
1.40056022408964,-3.46149352286586
1.3986013986014,-3.39311995255694
1.39664804469274,-1.79075419468439
1.39470013947001,-2.26763024093877
1.39361927422414,-0.178496997273622
1.39275766016713,-3.09080692445159
1.39082058414465,-1.6074993501948
1.38888888888889,-2.37387133354504
1.3869625520111,-2.92430721234445
1.38504155124654,-2.38864939565446
1.38401609657313,-1.25662741821382
1.38312586445367,-1.25689164699925
1.38121546961326,-2.74535999313089
1.37931034482759,-2.83063702910043
1.37741046831956,-3.61798366112834
1.37551581843191,-3.3857264725981
1.37447909267754,-2.3060608030298
1.37362637362637,-3.6401838696468
1.37174211248285,-3.23473588917541
1.36986301369863,-2.33002119425994
1.36798905608755,-3.61922561486692
1.36612021857923,-3.0157900244619
1.36500780654601,-2.41463571580312
1.36425648021828,-2.29830965148723
1.36239782016349,-2.9656507013653
1.36054421768707,-2.72555705086217
1.35869565217391,-3.49844996371253
1.35685210312076,-3.42601036309885
1.35560178532937,-2.67685088097611
1.3550135501355,-2.37175905244201
1.3531799729364,-3.25738806898813
1.35135135135135,-3.32399020861909
1.34952766531714,-3.40902895680802
1.34770889487871,-1.38015978695399
1.34626057929891,-2.62439914746359
1.34589502018843,-2.83820014359129
1.34408602150538,-1.46672586231211
1.34228187919463,-3.35544066581026
1.34048257372654,-3.46200857170971
1.33868808567604,-3.28768464175543
1.33698374182495,-2.88830287633108
1.33689839572193,-3.4046232504801
1.33511348464619,-3.27418919484112
1.33333333333333,-1.97876289844565
1.33155792276964,-2.36715618935416
1.32978723404255,-3.31973738688002
1.32802124833997,-3.26937522018322
1.32777082935543,-3.42675907187155
1.3262599469496,-3.5654275234407
1.32450331125828,-1.92126367476068
1.32275132275132,-2.54729702655951
1.32100396301189,-3.26495715602284
1.31926121372032,-2.93204462677876
1.31862140139475,-3.57891074681965
1.31752305665349,-2.80416721661437
1.31578947368421,-2.39506236378467
1.31406044678055,-0.411569562726394
1.31233595800525,0.425600618881579
1.31061598951507,-1.49512690605759
1.30953502048267,-2.76681475913461
1.30890052356021,-2.89877194474833
1.30718954248366,-1.35971841813044
1.30548302872063,-1.49943009394122
1.30378096479791,-3.5041352602599
1.30208333333333,-2.07618910353893
1.30051125217341,-2.19333904073549
1.30039011703511,-2.89413913032534
1.2987012987013,-3.49211770741673
1.2970168612192,-3.59676764691401
1.29533678756477,-2.98842529555948
1.29366106080207,-2.54542945176974
1.29198966408269,-3.46782409202357
1.29154966501488,-2.28102322712
1.29032258064516,-3.20429301194066
1.28865979381443,-3.25449955414363
1.28700128700129,-2.44279744543361
1.2853470437018,2.09250478690762
1.28369704749679,-2.48141243905097
1.28264983052806,-3.56975508207106
1.28205128205128,-2.57305083680437
1.28040973111396,0.164248152851191
1.27877237851662,-1.96653034192279
1.27713920817369,-2.1573804108679
1.27551020408163,-1.96036158547177
1.27388535031847,-0.839946961946121
1.27381132318648,-1.63808024743876
1.27226463104326,-2.65653642131555
1.27064803049555,-3.52937691244535
1.26903553299492,-3.51851435319862
1.26742712294043,-3.16060975628416
1.26582278481013,-2.31391650810933
1.2650337203959,-3.48073468200551
1.26422250316056,-1.39352955387939
1.26262626262626,-3.28000900592907
1.26103404791929,-3.35507295113838
1.25944584382872,-1.77243451902647
1.25786163522013,-1.60152467466913
1.25631660247412,-2.76886836539442
1.25628140703518,-2.33440109633168
1.25470514429109,-1.00125661758987
1.2531328320802,-3.15583184454051
1.25156445556946,-2.81081991885277
1.25,-3.28003176691488
1.24843945068664,-2.57596415032416
1.24765955263087,-2.81474048114431
1.24688279301746,-3.59188696744577
1.2453300124533,-2.4626755271701
1.24378109452736,-2.29486161794365
1.24223602484472,-3.25598459547323
1.24069478908189,-2.75871613921627
1.23915737298637,-3.26662359936032
1.23906215694792,-3.14929263795393
1.23762376237624,-2.11585355575262
1.23609394313968,-3.25184254220381
1.23456790123457,-3.30754688454437
1.23304562268804,-1.2765081636581
1.23152709359606,-3.42435122080841
1.23052400435926,-2.36510396539914
1.230012300123,-2.00893659598686
1.22850122850123,-3.63058775418996
1.22699386503067,-3.31571097759136
1.22549019607843,-2.60018336671292
1.22399020807834,-3.30106825993398
1.22249388753056,-2.76525561548676
1.22204468663149,-3.46648584330084
1.22100122100122,-2.33500508342787
1.21951219512195,-2.25672261396586
1.21802679658952,-2.47331124793179
1.21654501216545,-1.07070203052741
1.21506682867558,-0.133693272293594
1.21362379834424,-2.68277348310668
1.21359223300971,-3.3810688732053
1.21212121212121,-2.61732303607927
1.21065375302663,-0.900147737934314
1.20918984280532,-2.80403441406387
1.20772946859903,-3.28092868976942
1.20627261761158,-2.88465663821314
1.20526093687084,-3.59292810939005
1.20481927710843,-3.51852469290788
1.20336943441637,-2.94888941924939
1.20192307692308,-3.01547883941619
1.20048019207683,-3.21658595659413
1.19904076738609,-0.757484696682535
1.19760479041916,-3.60495352728246
1.19695570235904,-2.90088159169606
1.19617224880383,-3.60526024596872
1.194743130227,-2.5777763497016
1.19331742243437,-2.61785879903506
1.19189511323004,-0.412069996434933
1.19047619047619,-2.98058819936254
1.18906064209275,-2.17362180649529
1.1887076977119,-3.24923919839518
1.18764845605701,-1.33812990592493
1.18623962040332,-2.61685128207396
1.18483412322275,-2.87541587382084
1.18343195266272,-1.72262173589312
1.18203309692671,-0.962361428189761
1.18063754427391,-1.60006088791983
1.18051652856881,-3.36745718271417
1.17924528301887,-1.37462399717928
1.17785630153121,-3.04177478231993
1.17647058823529,-2.90279053724724
1.17508813160987,-2.89207753538683
1.17370892018779,-1.75896607077446
1.1723818032866,-2.31074832875727
1.17233294255569,-1.27370493501383
1.17096018735363,-2.99145027542844
1.16959064327485,-3.38159036910308
1.16822429906542,-2.15347485136122
1.16686114352392,2.00705612566707
1.16550116550117,-2.02378701213884
1.16430313292088,-3.30755134480053
1.16414435389988,-2.57868119252505
1.16279069767442,-0.458993449532794
1.16144018583043,-2.28002470716056
1.16009280742459,-3.34257223912014
1.15874855156431,-3.04246054715996
1.15740740740741,-0.419892022859567
1.15628013120738,-3.42035230200163
1.15606936416185,-2.32516929199211
1.15473441108545,-3.28246944961149
1.15340253748558,-2.02376815037156
1.15207373271889,-3.3462713852226
1.15074798619102,-2.06138002832791
1.14942528735632,-3.46988493109073
1.14831241454351,-3.17447505320289
1.14810562571757,-3.4386662304645
1.14678899082569,-2.32771750902314
1.1454753722795,-3.13704163684751
1.1441647597254,-2.86311654395227
1.14285714285714,-3.58945618237923
1.14155251141553,-1.70217095356433
1.14039960197003,-1.66212486996214
1.14025085518814,-3.20804513145556
1.13895216400911,-3.39643017176887
1.13765642775882,-2.32847023934478
1.13636363636364,-1.34149831632989
1.13507377979569,-3.09578413165182
1.13378684807256,-1.01769895934451
1.13254131515281,4.07137557126173
1.13250283125708,2.8808818102621
1.13122171945701,-3.10343870418979
1.12994350282486,-3.47301350053869
1.12866817155756,-2.5791470656393
1.12739571589628,-1.03531262429497
1.12612612612613,-2.74127219426485
1.12485939257593,-3.22905033547091
1.12473717836475,-3.20781717915024
1.12359550561798,-1.9211071058997
1.12233445566779,-3.4753168196281
1.12107623318386,-1.47460960932586
1.11982082866741,-3.59630940681735
1.11856823266219,-3.23131038440642
1.11731843575419,-0.872717578534842
1.11698681846782,-3.45926103368337
1.11607142857143,-3.46351312474921
1.11482720178372,-3.58023676924649
1.11358574610245,-2.86221373226125
1.11234705228031,-0.027763243759277
1.11111111111111,-1.7401745267757
1.10987791342952,-2.75960289712752
1.10928986489522,-2.76437006189594
1.10864745011086,-1.31363155772653
1.10741971207087,-3.66103666622659
1.10619469026549,-2.72936144830983
1.10497237569061,-2.96827444604632
1.1037527593819,-3.53727414919855
1.10253583241455,-2.93023309447674
1.10164594963366,-3.37258000366382
1.10132158590308,-3.08235808865056
1.1001100110011,0.0374892027054061
1.0989010989011,-3.30389295745136
1.09769484083425,-2.96667871206925
1.09649122807018,-3.6199402380151
1.09529025191676,-2.25757064619689
1.09409190371991,-3.33323959014448
1.09405470720574,-3.33660071348275
1.09289617486339,-3.01613385042169
1.09170305676856,-3.32800027293454
1.09051254089422,-2.98218359604855
1.08932461873638,-0.937434822493524
1.08813928182807,-3.14535177498281
1.08695652173913,-1.35242574247202
1.08651577465254,-0.659427115267486
1.085776330076,-0.605571909184856
1.08459869848156,-3.44510699296346
1.08342361863489,-2.62978041531899
1.08225108225108,-2.14505680379899
1.08108108108108,-0.659113077013937
1.07991360691145,-1.44061805321997
1.07902879151618,-1.45786359740408
1.07874865156419,-2.90010203881017
1.07758620689655,-1.92115019184679
1.07642626480086,-2.52326121212958
1.0752688172043,-2.7426945409105
1.07411385606874,-2.89250864042473
1.07296137339056,-2.33536316691289
1.07181136120043,-1.69682861238406
1.07159339982267,-2.43936879967374
1.07066381156317,-2.86258061423733
1.06951871657754,-0.561860024366847
1.06837606837607,-0.805402104455008
1.06723585912487,-1.21528793041865
1.06609808102345,-0.33520887513843
1.06496272630458,-3.48918598509355
1.06420924406472,-2.64053165274192
1.06382978723404,-2.61853111674098
1.06269925611052,-0.295720369391215
1.06157112526539,-3.17229572640469
1.06044538706257,-1.20107563686481
1.0593220338983,-1.10947044755438
1.05820105820106,-2.49000500005733
1.05708245243129,-3.16686480253305
1.0568759711848,-3.44265844645868
1.05596620908131,-3.32622164253935
1.05485232067511,-2.84944427522584
1.05374077976818,-3.10257248876551
1.05263157894737,-2.74781909677109
1.0515247108307,-2.92867638628665
1.05042016806723,-2.60661711033661
1.04959323055823,-3.06947553146345
1.04931794333683,-1.38367386632079
1.0482180293501,-2.37194200804403
1.04712041884817,-2.563241898191
1.04602510460251,-3.04166540808039
1.04493207941484,-2.96204604749887
1.04384133611691,-3.55135803949367
1.04275286757039,-2.97035978190824
1.0423606739764,-1.66636198559284
1.04166666666667,2.37745977363726
1.04058272632674,-0.864915295081384
1.03950103950104,-0.142539771438389
1.03842159916926,0.922133182729984
1.03734439834025,-2.6295665276376
1.03626943005181,-3.65209284007049
1.0351966873706,-2.30893105943938
1.03517795563018,-1.74295519393793
1.03412616339193,-3.59431040068695
1.03305785123967,-2.51656021621637
1.03199174406605,-3.31463165232101
1.03092783505155,-3.19452809845232
1.02986611740474,-3.57503443880573
1.02880658436214,-2.87050900677032
1.02804473209331,-0.105384477493184
1.02774922918808,-3.30808290748318
1.02669404517454,-3.53837468871599
1.02564102564103,-3.36778382352706
1.02459016393443,-3.14083538895475
1.02354145342886,-3.1681119547358
1.02249488752556,-3.63423326045476
1.02145045965271,-1.99518875256272
1.02096066230605,-3.45103350703307
1.02040816326531,-2.95780779360076
1.01936799184506,-3.25582856332677
1.0183299389002,-2.63892469745
1.01729399796541,-3.52329887652548
1.01626016260163,-2.96543901471692
1.01522842639594,-3.00218032866992
1.01419878296146,-3.31905115678124
1.01392540755882,-3.35568020530887
1.01317122593718,-0.482097006598859
1.01214574898785,-3.17798336718048
1.01112234580384,-2.33786883408198
1.01010101010101,-1.6434312101441
1.00908173562059,-2.21912400518714
1.00806451612903,-0.579300572838927
1.00704934541793,-1.73891835036532
1.00693863147603,-3.48242132514259
1.00603621730382,-3.14327242291348
1.00502512562814,-3.12629938737391
1.00401606425703,1.40862347563543
1.00300902708124,-0.816375011568122
1.00200400801603,0.045064139888912
1.001001001001,3.34109293261061
1,-1.70651545266174
