"bfp_output.P","bfp_output.logBF"
1000,-0.664873588634758
993.109181374979,-0.521957943689197
986.265846131283,-0.429566952841024
979.46966706954,-0.38683715851722
972.720319245055,-0.389171181432299
966.017479952265,-0.430826676074598
959.360828709315,-0.507606602919433
952.75004724273,-0.618533017123279
946.184819472201,-0.765966793128324
939.66483149547,-0.954167740379357
933.189771573324,-1.18665546945071
926.759330114689,-1.46307834485661
920.373199661823,-1.77668803721466
914.031074875623,-2.11363412054034
907.732652521023,-2.45469336487623
901.477631452492,-2.77881279043059
895.26571259964,-3.06682449171675
889.096598952916,-3.30374925499039
882.969995549409,-3.47914805237816
876.885609458743,-3.58615455525911
870.843149769073,-3.62045466832673
864.842327573172,-3.58051622392149
858.882855954625,-3.46980341409799
852.964449974103,-3.30036141991259
847.086826655741,-3.0949998935
841.249704973612,-2.88433513243212
835.452805838287,-2.69814448406914
829.695852083491,-2.55617606792843
823.978568452852,-2.46473531224212
818.300681586739,-2.42000464708492
812.661920009195,-2.41411920773013
807.06201411495,-2.44010141515001
801.500696156541,-2.49415501476683
795.977700231499,-2.57508235437156
790.492762269642,-2.6806834957381
785.045620020451,-2.80251309796499
779.636013040523,-2.92441499240554
774.263682681127,-3.02952009277775
768.928372075831,-3.10948850254139
763.629826128224,-3.16588009870919
758.367791499719,-3.20476205053709
753.142016597437,-3.23148472471233
747.952251562182,-3.24805285540243
742.798248256492,-3.25182481151939
737.679760252773,-3.23451909768211
732.596542821523,-3.18336630892604
727.548352919623,-3.09086017504655
722.534949178721,-2.97485985701773
717.556091893692,-2.88066219284975
712.611543011175,-2.84306886879089
707.701066118189,-2.86271091502591
702.824426430835,-2.92402865376648
697.981390783066,-3.01411807505378
693.17172761554,-3.12567643461524
688.39520696455,-3.25213738544486
683.651600451024,-3.3809428496733
678.940681269611,-3.48857144089784
674.262224177835,-3.54341216051501
669.616005485322,-3.52009044183743
665.001803043112,-3.41480008824869
660.419396233031,-3.24524814697544
655.868565957143,-3.03754396042414
651.349094627281,-2.81607589173698
646.860766154633,-2.60267414528921
642.40336593942,-2.41956882592562
637.976680860628,-2.28919219951266
633.580499265825,-2.22868462063009
629.214610961035,-2.24350794848508
624.878807200689,-2.32666965439476
620.57288067765,-2.46405945800934
616.296625513294,-2.63992472084605
612.04983724767,-2.83782741281659
607.832312829723,-3.03832659591007
603.643850607587,-3.21772876437636
599.484250318941,-3.3498094106409
595.353313081437,-3.40799692960125
591.250841383188,-3.36568599642136
587.176639073326,-3.19808469747998
583.130511352622,-2.89448935786425
579.112264764176,-2.48512991323333
575.121707184161,-2.05968150839451
571.158647812643,-1.73263301794948
567.222897164454,-1.56996928504592
563.314267060136,-1.56312946390046
559.432570616938,-1.66810522819359
555.577622239888,-1.84775558819389
551.749237612913,-2.08342882739411
547.947233690029,-2.36333075222306
544.171428686589,-2.66549492353796
540.421642070592,-2.95086133535231
536.697694554048,-3.16773192239468
532.999408084409,-3.25793897465031
529.326605836056,-3.1672130855923
525.679112201842,-2.87440835783623
522.056752784698,-2.4294881860318
518.459354389291,-1.94699357881985
514.886745013749,-1.5374002653664
511.338753841433,-1.2510150362677
507.815211232767,-1.08625929225569
504.315948717136,-1.02834386509813
500.840798984821,-1.07461248708217
500,-1.1025037762716
497.389595879006,-1.23322161724594
493.962174387832,-1.50733938544276
490.558370636505,-1.88780993156903
487.178021879463,-2.35345401881444
483.820966492595,-2.85835348840187
480.487043965513,-3.30996380485684
477.176094893875,-3.58271450873068
473.887960971765,-3.59545773456288
470.622484984128,-3.37360179136503
467.379510799247,-3.01141401328114
464.158883361278,-2.59967100667857
460.960448682844,-2.20088636242597
457.784053837662,-1.85884095197629
454.62954695324,-1.60359223463451
451.49677720361,-1.4487321885518
448.385594802119,-1.40030166328624
445.295850994266,-1.47345852461263
442.22739805059,-1.68980574159722
439.180089259609,-2.04232645771379
436.153778920801,-2.46176900797947
433.14832233764,-2.84639805662338
430.16357581068,-3.13349245863837
427.199396630678,-3.32240555679324
424.255643071778,-3.44295628088558
421.332174384729,-3.52305087568895
418.428850790158,-3.57855049849409
415.545533471888,-3.61691743601643
412.682084570296,-3.64185773295305
409.838367175726,-3.65423377019648
407.014245321944,-3.65135436827905
404.209583979631,-3.62721145656929
401.424249049932,-3.56917436707637
398.658107358044,-3.45079701595402
395.911026646846,-3.23876034187931
393.182875570577,-2.94112527592655
390.473523688556,-2.65993057717572
387.782841458946,-2.50313591991918
385.110700232557,-2.45243897809525
382.4569722467,-2.38162777755
379.821530619074,-2.09331591990898
377.2042493417,-1.43338640603245
374.605003274899,-0.719254338090404
372.023668141307,-0.540572404371015
369.46012051993,-0.935231007145926
366.914237840249,-1.5848146884354
364.385898376355,-1.840562455729
361.874981241128,-0.803165129322546
359.381366380463,0.938933153161135
356.904934567523,1.83599751936594
354.445567397043,1.35516968526729
352.003147279668,-0.289503334553596
349.577557436327,-2.03804986421162
347.168681892656,-2.7199158395819
344.776405473446,-2.57018532653403
342.400613797142,-2.36957911285001
340.041193270371,-2.24239802710171
337.698031082509,-1.68589804239455
335.371015200293,-0.225720842253632
333.333333333333,1.72627802791776
333.060034362459,2.01232283318213
330.764978074424,4.24579828201577
328.485736603004,5.0941427079044
326.222200971167,3.42517781804942
323.97426295282,0.452885704905602
321.741815067637,-1.69571192135349
319.524750575921,-2.43160220547567
317.322963473498,-1.93902542505152
315.136348486648,-0.584709247956378
312.964801067075,0.808194652373051
310.808217386907,1.41133585877264
308.666494333727,1.16816451524803
306.539529505653,0.453253838986872
304.42722120643,-0.194029505475139
302.329468440578,-0.0587567342506743
300.246170908555,1.32845229183984
298.177229001967,3.38029413973077
296.122543798804,4.26458343966307
294.082017058706,3.33427209795831
292.055551218275,2.01778214792428
290.043049386399,1.08870921361934
288.04441533963,0.175551057205941
286.059553517574,-0.530549335720234
284.08836901833,0.0361829385872925
282.130767593947,2.02879742563132
280.18665564592,3.52184185332483
278.255940220713,2.88916891537706
276.338529005317,0.681051701214348
274.434330322837,-1.60861662949948
272.543253128103,-2.62552224378471
270.665207003324,-1.26262798524466
268.800102153761,2.66334709195805
266.947849403432,7.53639061269307
264.398832986803,10.7744211248622
263.281546564802,9.75968680213406
261.467321180109,5.11435456823576
259.665597293487,-0.633075741469734
257.87628875938,-3.4946699933772
256.099310025846,-2.72867912763028
254.334576130465,-0.294096234592454
252.582002696278,2.38612931792223
250.841505927754,4.57301480667393
250,5.1149391856872
249.113002606779,4.90360388539834
247.396410088681,1.30817148206494
245.691646298279,-2.72932897395098
243.998629725955,-3.32885731125709
242.31727942376,-2.4867687443441
240.647515001542,-1.62051494411615
238.989256623105,-1.16854151803336
237.342425002387,-1.57457525780837
235.706941399673,-2.48287559283083
234.082727617829,-2.03282192115342
232.469705998565,-0.619804641956232
230.867799418717,0.0310366729441016
229.276931286565,-1.0928652166974
227.697025538168,-2.88335396559195
226.128006633728,-3.20452453455625
224.569799553977,-1.14964647851157
223.022329796594,2.59915268945769
221.485523372636,6.60215206277308
219.959306803008,7.80483830441797
218.443607114943,3.55337818093993
216.938351838519,-1.63649778903457
215.443469003188,-3.33662345225214
213.958887134342,-1.80833693271203
212.484535249888,1.19058865288044
211.02034285686,2.94676293202854
209.566239948043,1.82966753859235
208.122156998634,-0.424861722866448
206.688024962908,-2.26658974529318
205.263775270925,-2.81386194237127
203.849339825246,-2.39361896476863
202.44465099768,-2.28749824467773
201.04964162605,-2.93473556035191
200,-3.38093249824116
199.664245010979,-3.46637716828335
198.288394912707,-3.50050354174713
196.922025547917,-3.26080420557293
195.565071586595,-3.24353214116008
194.217468148903,-3.28311997720975
192.879150802078,-3.17999357752036
191.550055557353,-3.24645796124754
190.230118866895,-3.2070962892843
188.919277620767,-3.28183431961086
187.617469143912,-3.53728547977017
186.324631193156,-3.18273146278708
185.04070195423,-2.90277693774949
183.765620038817,-2.43886335548928
182.499324481615,-1.82467696542475
181.241754737424,-2.12027088263444
179.992850678248,-2.17436687592949
178.752552590424,-2.21969089037493
177.520801171764,-2.9967668865339
176.297537528721,-2.90843429691138
175.082703173572,-1.93114645934419
173.876240021625,-0.170510691861078
172.678090388436,0.844766397254763
171.488196987054,-0.724032622316126
170.306502925284,-2.29729087401669
169.132951702965,-3.0361787036323
167.967487209265,-2.63338384267
166.810053720006,-1.55521630584605
166.666666666667,-1.42031046780177
165.660595894991,-0.218996850166529
164.519058775366,2.01530540594708
163.385387780986,3.96741311190606
162.259528707809,0.879038402421675
161.141427725302,-3.20978274659451
160.03103137387,-0.838081769938223
158.928286562298,4.59820038856636
157.833140565212,7.62219123434376
156.745541020559,2.88984526411649
155.665435927106,-3.1246382126139
154.592773641948,-1.73460020406433
153.527502878042,2.63603200800815
152.469572701757,3.6056471902062
151.418932530435,-0.00901304439393424
150.375532129974,-3.26779422546296
149.339321612425,-1.61578255082717
148.310251433611,-0.575802374608069
147.28827239075,-1.63577164817219
146.273335620113,-3.23265228303178
145.265392594678,-2.33430435523659
144.264395121816,-1.98287744699696
143.270295340983,-1.84488328136073
142.857142857143,-1.85241454556846
142.283045721435,-1.7011381515429
141.302599059953,-1.03698561109634
140.328908478587,-2.50805107047419
139.361927422414,-1.71891202426554
138.401609657313,2.8028424167586
137.447909267754,6.49492498227382
136.500780654601,1.92913383870648
135.560178532937,-3.27108625803531
134.626057929891,-0.890672878122227
133.698374182495,3.97750077957402
132.777082935543,1.60851658764289
131.862140139475,-2.27717880193661
130.953502048267,-3.4338906493141
130.051125217341,-3.54362266785075
129.154966501488,-3.17063416011005
128.264983052806,-2.78153457320387
127.381132318648,-3.17347760358437
126.50337203959,-2.89710211530921
125.631660247412,-1.6449699055834
125,-0.992946642962703
124.765955263087,-1.24515275440735
123.906215694792,-3.33464241392583
123.052400435926,-3.39781200411515
122.204468663149,-2.12365336026884
121.362379834424,-1.89980575455778
120.526093687084,-2.88623428609447
119.695570235904,-3.42100804603869
118.87076977119,-3.2377839208445
118.051652856881,-3.00537554748326
117.23818032866,-2.92139137080671
116.430313292088,-3.37519436934771
115.628013120738,-3.65457093130704
114.831241454351,-3.055707241028
114.039960197003,-2.56609695822673
113.254131515281,-2.82966539011381
112.473717836475,-3.60953644424201
111.698681846782,-2.63246518258098
111.111111111111,-1.02944119838981
110.928986489522,-0.635754567800102
110.164594963366,-0.795500562400473
109.405470720574,-3.14345268509403
108.651577465254,-3.00260429643408
107.902879151618,-1.31599551379885
107.159339982267,-0.989153241513331
106.420924406472,-2.70344271286803
105.68759711848,-1.93756060577759
104.959323055823,-0.88352114010227
104.23606739764,-3.12124893789335
103.517795563018,-2.75291244268488
102.804473209331,1.25092026752349
102.096066230605,-0.102648229405143
101.392540755882,-2.78041251446229
100.693863147603,-1.23378096743515
100,-0.783256587211507
100,-0.783256587211592
99.310918137498,-1.50663306122474
98.6265846131283,-2.46964864327166
97.946966706954,-2.67116918362448
97.2720319245054,-2.58431436750431
96.6017479952265,-3.57308815832114
95.9360828709315,-2.84972868966191
95.2750047242729,-2.55783233752761
94.61848194722,-3.56603506401579
93.966483149547,-0.0408994255928503
93.3189771573324,-0.402521946342811
92.6759330114688,-3.53745792048964
92.0373199661823,-1.55515441261449
91.4031074875623,-0.980452110876523
90.9090909090909,-2.16947655692733
90.7732652521023,-2.13572701683135
90.1477631452492,-2.83564381505222
89.526571259964,-2.94980579882333
88.9096598952916,0.788846048295018
88.2969995549409,-0.507848932371568
87.6885609458743,-3.41214103033759
87.0843149769073,-0.460605159867678
86.4842327573172,-1.52377820175708
85.8882855954625,-2.80855290070205
85.2964449974102,-1.67638866939766
84.7086826655741,-2.87032181812141
84.1249704973612,-2.17420698295627
83.5452805838287,-3.54850304094939
83.3333333333333,-2.81766149730431
82.9695852083491,-1.42834681447065
82.3978568452852,-3.38004657391458
81.8300681586739,2.21611316461723
81.2661920009194,-0.475664256119397
80.706201411495,-0.907650244944942
80.150069615654,9.03444084640403
79.5977700231498,-1.41328389049714
79.0492762269642,-1.41523306842306
78.5045620020451,-0.626816541223842
77.9636013040523,0.781069785339288
77.4263682681127,-3.65128813688339
76.9230769230769,1.08638189334811
76.8928372075831,1.39189215359214
76.3629826128224,-3.29899648154692
75.8367791499719,-1.41515428988911
75.3142016597437,-2.78620296195636
74.7952251562182,-2.32726262660362
74.2798248256491,-2.58028136771928
73.7679760252773,-3.05226795457166
73.2596542821523,-2.30356671966474
72.7548352919623,-3.4395526707038
72.2534949178722,-3.62006420872633
71.7556091893693,-2.40472873453778
71.4285714285714,-1.04480265501159
71.2611543011175,-1.74020491852799
70.7701066118189,-2.98474138868702
70.2824426430835,-0.909908267627524
69.7981390783066,-2.36795215406461
69.3171727615541,-3.3176174072576
68.839520696455,-3.50179755116052
68.3651600451024,-1.21683613229116
67.8940681269611,-2.71954747358755
67.4262224177834,-2.09145128606125
66.9616005485322,-3.03251597978844
66.6666666666667,1.20892356624332
66.5001803043112,0.996690159400733
66.0419396233031,-1.60537966160522
65.5868565957143,-0.62262807966935
65.134909462728,-1.3947144846292
64.6860766154633,-2.55275461931562
64.2403365939419,-2.08455034375894
63.7976680860628,-3.10363587572148
63.3580499265825,-0.0570211856159331
62.9214610961034,-2.38762769207134
62.5,-1.99308156640709
62.4878807200689,-2.04946842937853
62.057288067765,-3.06126543370651
61.6296625513294,-3.00918072636513
61.204983724767,-3.48152621163426
60.7832312829723,-2.01678350274359
60.3643850607587,-3.54315543416025
59.9484250318941,-2.83914499659898
59.5353313081437,-3.65869359561033
59.1250841383188,-3.65748901316989
58.8235294117647,-2.97616789201866
58.7176639073326,-1.98428837517634
58.3130511352622,-2.71375814014562
57.9112264764176,-2.79952088047529
57.5121707184161,-2.34939642350791
57.1158647812643,-3.6526416854487
56.7222897164454,-3.17941282293485
56.3314267060136,-2.80747639952348
55.9432570616938,-2.67094680846888
55.5577622239888,-2.62289262308853
55.5555555555556,-2.59973766027398
55.1749237612912,-1.71091004850124
54.7947233690029,-3.05645833970793
54.4171428686589,-3.04160062761154
54.0421642070592,-2.88116821597221
53.6697694554048,-3.21526740071486
53.2999408084409,-3.54304373105016
52.9326605836056,-2.15053401492029
52.6315789473684,-2.97243230161707
52.5679112201842,-3.0953133080046
52.2056752784698,-1.36068832074896
51.8459354389291,-3.31763537361909
51.488674501375,-3.58866553047091
51.1338753841433,-2.86122814230144
50.7815211232767,-2.28371565545496
50.4315948717136,-0.693389034595962
50.0840798984821,-3.34070202834833
50,-2.97610627049756
49.7389595879007,-3.31274600839144
49.3962174387832,-2.44572796842591
49.0558370636505,-2.66171140840269
48.7178021879463,-3.1327965790321
48.3820966492596,-3.1701343416155
48.0487043965513,-0.25933683500774
47.7176094893875,-3.02042579556474
47.6190476190476,-1.95702682367563
47.3887960971765,-2.28422455051934
47.0622484984128,-3.41051777683701
46.7379510799246,2.19380280185782
46.4158883361278,-1.97758999290762
46.0960448682843,-1.92762245451852
45.7784053837662,-2.86356744985637
45.462954695324,-2.82946646687419
45.4545454545455,-2.82362107890567
45.149677720361,-2.45069624992676
44.8385594802119,-2.13246517304729
44.5295850994266,-2.45118576625974
44.222739805059,8.63503161398804
43.9180089259609,-0.424453596118449
43.6153778920801,-1.1556491351147
43.4782608695652,-2.03625422973506
43.314832233764,-2.29517848219502
43.016357581068,-3.59931909604641
42.7199396630678,-1.50889833346208
42.4255643071778,-2.14068089371436
42.1332174384729,-0.860405830201652
41.8428850790158,-0.409605097392681
41.6666666666667,-3.23095229365576
41.5545533471888,-1.34917602714772
41.2682084570295,-3.23556726861919
40.9838367175726,-1.40259218289348
40.7014245321944,-2.83881958069899
40.4209583979631,-3.50500425207663
40.1424249049932,0.490851840303226
40,-3.17684023759524
39.8658107358044,-1.36857889544653
39.5911026646846,-2.98901121244249
39.3182875570577,-2.44510793490495
39.0473523688556,-0.776825460329841
38.7782841458946,-3.01901584022307
38.5110700232557,-3.18261510261417
38.4615384615385,-3.51671639971972
38.24569722467,-1.74986961928861
37.9821530619073,-1.73007084806083
37.72042493417,-3.42828886585708
37.4605003274899,-1.67908473671711
37.2023668141307,-3.08855061958495
37.037037037037,-3.57053325811899
36.946012051993,-3.14716174575887
36.6914237840249,-1.90281452159469
36.4385898376355,-2.77715015599743
36.1874981241128,-2.57796205675747
35.9381366380463,-3.19370964509538
35.7142857142857,-2.67301011567947
35.6904934567523,-2.94428364284796
35.4445567397043,-0.446951102955249
35.2003147279668,-1.71935263052809
34.9577557436328,-3.06698672261951
34.7168681892656,-3.5658998762931
34.4827586206897,-3.52075358427968
34.4776405473446,-3.45987774101045
34.2400613797142,-3.09757841788039
34.0041193270371,-1.10556491276979
33.7698031082509,-3.47836309505144
33.5371015200293,-1.35885415172002
33.3333333333333,-1.9479597798949
33.3060034362459,0.303434907888932
33.0764978074424,-2.8925712928676
32.8485736603004,-3.21114725230499
32.6222200971167,-2.69818790156485
32.397426295282,1.33995100950374
32.258064516129,-2.75148518532508
32.1741815067637,0.162984980311212
31.9524750575921,-3.19147471143317
31.7322963473498,-3.63628664782858
31.5136348486648,-3.33014518591237
31.2964801067075,-2.87246158506157
31.25,-3.38611903321079
31.0808217386906,-3.02750523743482
30.8666494333727,-3.42648748556469
30.6539529505653,-3.12895179525428
30.442722120643,-0.498231748324524
30.3030303030303,-3.63541990604646
30.2329468440578,-2.67414656953066
30.0246170908555,-3.39550499879034
29.8177229001967,-3.25050393861896
29.6122543798804,-3.21612843542108
29.4117647058824,-3.07883376048509
29.4082017058706,-3.03047187539617
29.2055551218275,-3.20379592133706
29.0043049386399,-2.96725418970494
28.804441533963,-2.26922176366734
28.6059553517574,-3.02320852724433
28.5714285714286,-3.62570893609425
28.408836901833,-3.60000245195148
28.2130767593947,-3.16046371135611
28.018665564592,-3.51597459507901
27.8255940220712,-3.05026556697599
27.7777777777778,-3.65644965328614
27.6338529005317,-1.632920200625
27.4434330322836,-1.44809537812362
27.2543253128103,-1.74295499174367
27.0665207003324,0.426218125310915
27.027027027027,-1.33207472440851
26.8800102153761,1.3424843594119
26.6947849403432,0.777569938786731
26.5108360190854,-3.06934397188162
26.3281546564802,-2.1417855559725
26.3157894736842,-0.927296020908908
26.1467321180109,-2.00392406897042
25.9665597293487,-3.22783585164275
25.787628875938,-1.05310000210376
25.6410256410256,-2.05000075022341
25.6099310025846,-2.36843546330312
25.4334576130465,-2.49989025398768
25.2582002696278,1.65212908495214
25.0841505927754,0.109251933652208
25,6.70174657844378
24.9113002606779,3.71580241269728
24.7396410088681,2.78281951514585
24.5691646298279,-2.62516015701511
24.3998629725955,-1.67991188203315
24.390243902439,-2.29566778951213
24.231727942376,-2.65421640532859
24.0647515001542,-2.04547822079199
23.8989256623105,-3.32807842298724
23.8095238095238,-3.48947892136921
23.7342425002387,-1.72219175651277
23.5706941399673,-1.56489095067969
23.4082727617829,-0.657335949127069
23.2558139534884,-3.11880822841216
23.2469705998565,-3.54032375843199
23.0867799418717,-3.22872315454021
22.9276931286565,-2.33366718467799
22.7697025538168,-2.18779656881422
22.7272727272727,-3.30090875707311
22.6128006633728,-2.18494872134066
22.4569799553977,-1.29725540056581
22.3022329796594,-2.88431114472662
22.2222222222222,-3.32415636851335
22.1485523372636,-0.320088745386424
21.9959306803007,-2.35488821270992
21.8443607114943,-3.07167549719405
21.7391304347826,-3.38264669420006
21.6938351838518,-0.0410108009324217
21.5443469003188,-2.81613542971938
21.3958887134342,-3.03821500423156
21.2765957446809,0.244168166292771
21.2484535249888,-0.526722370270771
21.102034285686,-3.3016014401163
20.9566239948043,-2.59747360963452
20.8333333333333,-2.55266633895554
20.8122156998634,-3.38311268077451
20.6688024962908,-3.30379944297719
20.5263775270925,-1.64587957301311
20.4081632653061,-2.37174954416316
20.3849339825246,0.671804443611127
20.244465099768,-1.83831336406943
20.104964162605,0.347009628837744
20,-2.37526802273471
19.9664245010979,-3.3802215319185
19.8288394912707,-2.92987111658685
19.6922025547917,-3.58410854417623
19.6078431372549,-3.45302184954034
19.5565071586595,-2.69180692542265
19.4217468148903,-3.16011880290189
19.2879150802078,-2.91692194636276
19.2307692307692,-2.20742877743579
19.1550055557353,-2.59362114405179
19.0230118866894,-3.61315177163355
18.8919277620767,-2.50445766992807
18.8679245283019,-1.15524008605702
18.7617469143912,-3.5748969521707
18.6324631193156,-1.02869778137657
18.5185185185185,-3.57555963751177
18.504070195423,-2.98444014840062
18.3765620038817,-1.06431116483018
18.2499324481615,-3.31947133934504
18.1818181818182,-3.5286205492852
18.1241754737424,-2.66537361126167
17.9992850678248,-3.16878394150258
17.8752552590424,-3.33231674835521
17.8571428571429,-2.77311864463943
17.7520801171764,-3.33073389425491
17.6297537528721,-3.31051812591358
17.5438596491228,-0.30133415590971
17.5082703173572,-1.72786671379078
17.3876240021625,-1.89984744907242
17.2678090388436,-2.92272361910953
17.2413793103448,-2.13595431659483
17.1488196987054,-3.24827921335291
17.0306502925284,-0.49490612593713
16.9491525423729,2.54819610459937
16.9132951702965,-2.32973250563249
16.7967487209265,-3.52747761100799
16.6810053720006,0.375695060774906
16.6666666666667,-1.81006098462403
16.5660595894991,-3.1812063181655
16.4519058775366,-2.74594119956781
16.3934426229508,-3.0854394641445
16.3385387780986,-3.39965507684543
16.2259528707809,-3.56274498574249
16.1290322580645,-1.00835850471581
16.1141427725302,-0.219820553179214
16.003103137387,-3.51161316474697
15.8928286562298,-3.446582258242
15.8730158730159,-0.519879155084207
15.7833140565212,-2.17163127212994
15.674554102056,-2.3893984588923
15.625,-0.845263810919799
15.5665435927106,-1.2069095764434
15.4592773641948,-2.84344120628013
15.3846153846154,-0.301360129996634
15.3527502878042,-3.4567458246001
15.2469572701757,-2.50052713792668
15.1515151515152,0.651234821279435
15.1418932530435,-1.05545845612117
15.0375532129974,-2.55558001183568
14.9339321612425,-0.695466853170141
14.9253731343284,-0.479175365283775
14.831025143361,-3.07937009389171
14.728827239075,-2.32170907257896
14.7058823529412,-2.58969099740274
14.6273335620113,-3.65374548939489
14.5265392594678,-1.5879016179641
14.4927536231884,-3.46843540043245
14.4264395121816,-3.55031123316264
14.3270295340983,-1.45795940253295
14.2857142857143,-0.764210999482013
14.2283045721435,-0.772317612150441
14.1302599059953,-1.58326808014935
14.0845070422535,-0.522863752104437
14.0328908478587,0.932797528148503
13.9361927422414,-1.82307400827228
13.8888888888889,-3.01461685096954
13.8401609657313,-1.16812179534194
13.7447909267754,-3.25316528031127
13.6986301369863,-3.46464604363855
13.6500780654601,-1.81527943674113
13.5560178532937,-0.883492751658518
13.5135135135135,-1.09648521958705
13.4626057929891,-1.67991106605789
13.3698374182495,-1.87183573070005
13.3333333333333,3.26604314861199
13.2777082935543,-1.96348263405356
13.1862140139475,-2.32056004324282
13.1578947368421,-1.31683557052021
13.0953502048267,1.47642424496612
13.0051125217341,-3.32362223936753
12.987012987013,-2.13436803193879
12.9154966501488,-3.32643941511035
12.8264983052806,0.988747022420076
12.8205128205128,1.75283846191316
12.7381132318648,-2.74212002508083
12.6582278481013,-2.41095677661032
12.650337203959,-0.933994412614662
12.5631660247412,-3.24659999458488
12.5,-1.83716541925817
12.4765955263087,-3.04509837024009
12.3906215694792,-3.4474802160153
12.3456790123457,-2.93524463041076
12.3052400435926,-3.27402018999204
12.2204468663149,-0.503587789614168
12.1951219512195,-1.70139960194636
12.1362379834424,-1.11788587624865
12.0526093687084,-0.928045943047759
12.0481927710843,-1.26263350641791
11.9695570235904,5.85839472695635
11.9047619047619,-3.59420050801743
11.887076977119,-1.80895830390487
11.8051652856881,-2.1043744889731
11.7647058823529,-3.2756803495166
11.723818032866,-2.10714771848408
11.6430313292088,0.846969067541939
11.6279069767442,-3.15157837362362
11.5628013120738,-2.56655201225648
11.4942528735632,-1.10307906289146
11.4831241454351,-0.458519452251532
11.4039960197003,-3.64997866136205
11.3636363636364,-3.65387193821622
11.3254131515281,-3.29820497349798
11.2473717836475,-3.29738361970838
11.2359550561798,-3.43687607924765
11.1698681846782,-3.18879088934777
11.1111111111111,-1.76083519951869
11.0928986489522,-3.38758611112088
11.0164594963366,-2.40965572162123
10.989010989011,-0.527151730160152
10.9405470720574,-2.1972836050689
10.8695652173913,-1.05522060843891
10.8651577465254,-1.31462713444925
10.7902879151618,-2.84956874237501
10.752688172043,-2.75828022902349
10.7159339982267,-2.64664375833369
10.6420924406472,-2.70201961022847
10.6382978723404,-2.39646115281134
10.568759711848,-3.10616862322787
10.5263157894737,-3.47095121950407
10.4959323055823,-2.77560215516616
10.423606739764,-1.8432444758633
10.4166666666667,-2.37983326369435
10.3517795563018,-1.5449583192592
10.3092783505155,-3.22729904753016
10.2804473209331,-2.62137876417334
10.2096066230605,-2.74499172280504
10.2040816326531,-2.84470251543369
10.1392540755882,-0.348558703287448
10.1010101010101,-3.63176243918992
10.0693863147603,-3.50455810126796
10,-1.87875759841303
10,-1.87875759841288
9.9310918137498,-2.85845228301674
9.9009900990099,1.02973037834217
9.86265846131282,0.241455127066264
9.80392156862745,-3.30168002002831
9.79469667069539,1.06793183525263
9.72720319245054,-2.8852664142468
9.70873786407767,-3.39239624795543
9.66017479952265,-1.6982968892408
9.61538461538461,-3.17076976209274
9.59360828709314,-3.12498660427981
9.52750047242729,-1.94403028395852
9.52380952380952,-2.49473561509732
9.461848194722,-2.28367665579942
9.43396226415094,-3.35378764783381
9.39664831495469,-3.25900195834815
9.34579439252336,-2.84807185076387
9.33189771573324,-3.10386151095885
9.26759330114688,-1.49654278163349
9.25925925925926,-0.596443854092608
9.20373199661822,-2.57535165766627
9.1743119266055,-3.44774489507996
9.14031074875623,-3.54694925719458
9.09090909090909,-0.527829475604203
9.07732652521023,-3.10091226164591
9.01477631452492,-3.20183442367094
9.00900900900901,-3.64852603829466
8.9526571259964,-1.7233303280601
8.92857142857143,-3.23535722722432
8.89096598952916,-2.92219247698848
8.84955752212389,0.877874880867599
8.82969995549409,-1.69155631799601
8.7719298245614,-2.54348113758693
8.76885609458743,-3.41433911230392
8.70843149769072,-3.42436918517974
8.69565217391304,-3.52761573466155
8.64842327573172,0.676716012017569
8.62068965517241,-1.90309073266267
8.58882855954625,-0.863077131894737
8.54700854700855,0.913315567233941
8.52964449974102,-0.0868152056271283
8.47457627118644,-2.3042075117106
8.47086826655741,-3.62439976970831
8.41249704973612,-3.54853129628018
8.40336134453781,-1.7901113884963
8.35452805838287,1.30268735618138
8.33333333333333,1.49409861781017
8.29695852083491,-3.1544122820397
8.26446280991736,-2.21516557492533
8.23978568452852,-3.38561076807418
8.19672131147541,-3.41189151624526
8.18300681586739,-3.48185627594695
8.13008130081301,-3.08291014685396
8.12661920009195,-2.97534185211746
8.0706201411495,-2.65694453319905
8.06451612903226,-1.98649049926838
8.01500696156541,-3.61631887338289
8,-3.61036422690524
7.95977700231498,-3.16439017112632
7.93650793650794,-2.66998330902909
7.90492762269642,-3.13502150205143
7.8740157480315,0.759471279963766
7.85045620020451,-3.30915901668002
7.8125,-3.6329413609158
7.79636013040523,-3.25419222470138
7.75193798449612,-2.93578020243914
7.74263682681127,-2.99289116237805
7.69230769230769,-3.61453329376497
7.68928372075831,-3.15862241234596
7.63629826128224,-2.68123216559227
7.63358778625954,-2.61178161942667
7.58367791499719,-3.26872397087659
7.57575757575758,-3.19804153211471
7.53142016597437,-3.05621211969129
7.5187969924812,-2.59201398498684
7.47952251562182,-2.23492552967793
7.46268656716418,-3.53023401751924
7.42798248256492,-3.07522599764415
7.40740740740741,-2.63924863744314
7.37679760252773,-3.0494831220238
7.35294117647059,1.94038571281174
7.32596542821523,-3.53893374031865
7.2992700729927,-3.41312152806479
7.27548352919623,-3.15376944416486
7.2463768115942,-2.8679183353053
7.22534949178722,-1.76557539987673
7.19424460431655,0.233470297275848
7.17556091893693,-1.97935726994408
7.14285714285714,-2.90468409347677
7.12611543011175,-2.4378108288749
7.09219858156028,-2.7241685265228
7.07701066118189,-2.60214563657443
7.04225352112676,-0.559910785499294
7.02824426430835,-2.4287840167919
6.99300699300699,0.259560482436986
6.97981390783066,-2.89115780450741
6.94444444444444,-1.44308937173742
6.93171727615541,-3.55951127566116
6.89655172413793,-3.10402934225133
6.8839520696455,-2.90348614560947
6.84931506849315,-2.4129037002268
6.83651600451024,-1.21826351351732
6.80272108843537,-3.01810915268346
6.78940681269611,-1.82223480174376
6.75675675675676,-0.722081698108677
6.74262224177834,-3.33655847371805
6.71140939597315,-2.5395538465999
6.69616005485322,-3.0797342008292
6.66666666666667,-3.01076933845784
6.65001803043112,-2.07397253570322
6.62251655629139,-2.97358000063748
6.6041939623303,-3.64403807125559
6.57894736842105,-2.90298196007073
6.55868565957143,-0.471682337950379
6.5359477124183,-2.2115587008338
6.5134909462728,-2.96543353517439
6.49350649350649,-1.060882504025
6.46860766154633,-0.986656316311733
6.45161290322581,-1.63861547661365
6.42403365939419,-3.54591041806547
6.41025641025641,-2.76713089471464
6.37976680860628,-2.83156718356623
6.36942675159236,-2.67948550156499
6.33580499265825,-0.346157520938458
6.32911392405063,-2.27094517209225
6.29214610961034,-3.47720121130161
6.28930817610063,-2.52561572434733
6.25,-3.36653465347488
6.24878807200689,-3.26525549698429
6.2111801242236,-1.22282357535515
6.2057288067765,-2.15000174720309
6.17283950617284,-2.19241950903803
6.16296625513294,-3.42093323048116
6.13496932515337,-3.21606912853174
6.1204983724767,-1.64938654581793
6.09756097560976,-3.52122255170355
6.07832312829723,-1.80941385811952
6.06060606060606,-3.51255578221879
6.03643850607587,-3.26696200834028
6.02409638554217,-2.17323582320843
5.99484250318941,-2.69645695571831
5.98802395209581,-2.97014557978646
5.95353313081437,-3.13477370748229
5.95238095238095,-3.34850937796163
5.91715976331361,-2.71252382238658
5.91250841383188,-3.20911949259515
5.88235294117647,-3.28273284070594
5.87176639073326,-3.36117482777676
5.84795321637427,-2.30891619691097
5.83130511352622,-1.65659485771935
5.81395348837209,-3.43746880364149
5.79112264764176,-3.39083175141554
5.78034682080925,-3.54561594115519
5.75121707184161,-3.59898812503233
5.74712643678161,-0.999055875853212
5.71428571428571,-3.08445150547562
5.71158647812643,-2.64535992657918
5.68181818181818,-2.49408843949929
5.67222897164454,-3.20130264432388
5.64971751412429,-0.112906901243558
5.63314267060136,-2.84253210364313
5.61797752808989,-2.40432986674927
5.59432570616938,-3.27380281059318
5.58659217877095,-2.10454831823453
5.55577622239888,0.0732824526056293
5.55555555555556,-0.413340969496555
5.52486187845304,-2.70160208953238
5.51749237612913,-3.4103701830008
5.49450549450549,-3.064063024626
5.47947233690029,-2.31882191528505
5.46448087431694,-3.54982235492143
5.44171428686589,-2.55131370306382
5.43478260869565,-3.41245300489681
5.40540540540541,-3.36148431911398
5.40421642070592,-3.22867245888521
5.37634408602151,-3.6580152455469
5.36697694554048,-2.15020342496036
5.3475935828877,-2.79532946455098
5.32999408084409,-3.15990375506721
5.31914893617021,-3.57868448256861
5.29326605836056,-3.51620908152305
5.29100529100529,-3.10562936510338
5.26315789473684,-3.53495308853978
5.25679112201842,-3.10395133508789
5.23560209424084,-2.0174977849776
5.22056752784698,-2.08724913187025
5.20833333333333,-2.10777334506364
5.18459354389291,-3.54697480584631
5.18134715025907,-3.60789724097152
5.15463917525773,-2.10004849453152
5.14886745013749,-1.60013860757025
5.12820512820513,-1.9936870849748
5.11338753841433,-3.37097320919481
5.10204081632653,-3.16764167115609
5.07815211232767,-3.24917324788229
5.0761421319797,-0.568631266927137
5.05050505050505,-3.31940204089993
5.04315948717136,-3.51488426733915
5.0251256281407,-2.98235983525127
5.00840798984821,-3.45319538126663
5,-3.40476287954614
4.97512437810945,-3.53739879306162
4.97389595879006,-2.65456501677594
4.95049504950495,-3.45502913301568
4.93962174387832,-3.12765213230305
4.92610837438424,-2.74815461451432
4.90558370636505,-2.8706248666259
4.90196078431372,-2.98398137279845
4.8780487804878,-0.45329231313887
4.87178021879463,-3.54692040884965
4.85436893203883,0.108261899913363
4.83820966492596,-1.39692402996003
4.83091787439613,-3.43063440790076
4.80769230769231,-3.60265281784713
4.80487043965513,-2.85581728459659
4.78468899521531,-2.34700863309719
4.77176094893875,-3.25608363147556
4.76190476190476,-3.33725771980202
4.739336492891,-3.28811000211779
4.73887960971765,-3.22733401129927
4.71698113207547,-3.66311206209526
4.70622484984128,-3.60254022286677
4.69483568075117,-3.66129103256899
4.67379510799246,-3.39686137157561
4.67289719626168,-1.79008612244037
4.65116279069767,-2.6453601001783
4.64158883361278,-3.21946262591852
4.62962962962963,-2.39711660935061
4.60960448682843,-2.49198964141955
4.60829493087558,-1.2287408522463
4.58715596330275,-1.31284344771536
4.57784053837662,-2.40128183435682
4.5662100456621,-3.32328948014109
4.5462954695324,-3.36777222955167
4.54545454545455,-3.03367861358468
4.52488687782805,-2.33162569025965
4.5149677720361,-0.37411731665686
4.5045045045045,0.308156953060792
4.48430493273543,-1.06797057925162
4.48385594802119,-1.15948630172455
4.46428571428571,-1.68835068440897
4.45295850994265,-1.75148555947488
4.44444444444444,-2.77538697863245
4.42477876106195,-3.19766606054908
4.4222739805059,-3.64110815178226
4.40528634361233,-3.1997155222033
4.39180089259609,-3.48015625766289
4.3859649122807,-2.74464856899457
4.36681222707424,-3.64355223055521
4.361537789208,-3.40610779691182
4.34782608695652,-3.01104944638417
4.3314832233764,-0.991999541273382
4.32900432900433,-3.61102141273143
4.31034482758621,-2.92035503804417
4.30163575810679,-1.05244242950142
4.29184549356223,-3.23944694692984
4.27350427350427,-2.98376730103599
4.27199396630678,-3.35334052845827
4.25531914893617,-1.24050955721271
4.24255643071778,-3.51791978501397
4.23728813559322,-3.50036714173857
4.21940928270042,-3.0496480749134
4.21332174384729,-3.61966224662187
4.20168067226891,-1.25008310903747
4.18428850790158,-2.5695432477696
4.18410041841004,-2.14357826051603
4.16666666666667,-1.51803911213461
4.15545533471888,-2.95119664380284
4.149377593361,-1.68979418722811
4.13223140495868,-3.14440963213589
4.12682084570295,-2.84100207926836
4.11522633744856,-3.44914090359525
4.09838367175726,-3.57803914157419
4.0983606557377,-3.56663712850418
4.08163265306122,-3.49221499768431
4.07014245321944,-3.59960784812413
4.0650406504065,-3.62453973951282
4.04858299595142,-3.21676384840067
4.04209583979631,-3.2483873969934
4.03225806451613,-3.65514984050697
4.01606425702811,-2.81927291937263
4.01424249049932,-3.36048368739086
4,-2.36837989301044
3.98658107358044,-2.75257778568904
3.98406374501992,-3.36705688917059
3.96825396825397,-2.89100923098307
3.95911026646846,-1.55640300479392
3.95256916996047,-2.42860134944724
3.93700787401575,-3.21070357605272
3.93182875570577,-3.14916921014987
3.92156862745098,-3.05218885902151
3.90625,-1.30064617263373
3.90473523688556,-2.57481674699143
3.89105058365759,-3.29678743918113
3.87782841458946,-2.32097942158436
3.87596899224806,0.128195671851349
3.86100386100386,-3.13206556747529
3.85110700232557,-3.64793406951191
3.84615384615385,-3.48878928938863
3.83141762452107,-2.05699442234684
3.824569722467,-3.07392555195765
3.81679389312977,-1.88880416559361
3.80228136882129,-3.42119598675007
3.79821530619074,-2.19114883785285
3.78787878787879,-3.49397106499664
3.77358490566038,-3.64207631238305
3.772042493417,-2.25729929436643
3.7593984962406,-3.27476429256519
3.74605003274899,-2.43580626245604
3.74531835205992,-1.48313953101923
3.73134328358209,-2.80617901609714
3.72023668141307,-2.29720105270011
3.71747211895911,-3.17823898385513
3.7037037037037,-1.7738772592627
3.6946012051993,-3.40386072805644
3.690036900369,-3.65517617864462
3.67647058823529,-3.61801142702775
3.66914237840249,-3.26702289066095
3.66300366300366,-3.54806098983412
3.64963503649635,-3.61406906418481
3.64385898376355,1.98660460084908
3.63636363636364,-1.96460686102356
3.6231884057971,-3.09507058659996
3.61874981241128,-3.538178904258
3.6101083032491,-1.69961798499822
3.59712230215827,-2.664541400797
3.59381366380463,-3.39896465437142
3.584229390681,-1.57464600276794
3.57142857142857,-1.80970056340605
3.56904934567523,-2.25139314615414
3.55871886120996,-3.25152994564091
3.54609929078014,-3.13558393685288
3.54445567397043,-3.05742832738515
3.53356890459364,-3.49192062856219
3.52112676056338,-0.596076659430604
3.52003147279668,-3.19280379111874
3.50877192982456,-3.00108191841316
3.4965034965035,-3.44156186322906
3.49577557436328,-3.61228195430372
3.48432055749129,-2.0617443355655
3.47222222222222,-3.56679108294157
3.47168681892656,-2.78351376733142
3.46020761245675,-3.22665802684319
3.44827586206897,-3.54774312630125
3.44776405473446,-2.55226162648655
3.43642611683849,-3.31514162001049
3.42465753424658,-3.32294511726728
3.42400613797142,-2.97703325303017
3.41296928327645,-1.67744398481927
3.40136054421769,-1.72013839808032
3.40041193270371,-2.91694768261963
3.38983050847458,-2.43885375543966
3.37837837837838,2.18133342253903
3.37698031082509,-3.05426712018886
3.36700336700337,-2.39560358286352
3.35570469798658,-3.43899530592555
3.35371015200293,-3.54543797625437
3.34448160535117,-0.394382011471218
3.33333333333333,-1.300854464398
3.33060034362459,-1.40419449785575
3.32225913621262,-2.32986532474949
3.3112582781457,-1.54591596400042
3.30764978074424,-3.21245447517482
3.3003300330033,-1.68518457007839
3.28947368421053,-3.50856455317072
3.28485736603004,-2.83592373129768
3.27868852459016,-3.09331057706116
3.26797385620915,-3.45835842967626
3.26222200971167,-3.39700790731298
3.25732899022801,-2.22537167654648
3.24675324675325,-2.59818032165769
3.2397426295282,-1.90858683342587
3.23624595469256,-3.32317293906341
3.2258064516129,-3.12174031144606
3.21741815067637,-1.93387137069
3.21543408360129,0.475920781447987
3.20512820512821,-0.699251209542022
3.19524750575921,-3.27121603592054
3.19488817891374,-2.81264325862007
3.18471337579618,-2.1006055803749
3.17460317460317,-3.03524555937296
3.17322963473498,-3.1563524026077
3.16455696202532,-2.87119376448372
3.15457413249211,-2.93866473579926
3.15136348486648,-3.09416745209843
3.14465408805031,-1.9741451450799
3.13479623824451,1.2912604135551
3.12964801067075,-0.839469046700979
3.125,-3.62150959528547
3.11526479750779,-3.20583141137855
3.10808217386906,-1.56478644493604
3.1055900621118,-3.31453002555902
3.09597523219814,-2.42438003568624
3.08666494333727,-2.5312896152581
3.08641975308642,-2.3140999447027
3.07692307692308,-3.57687723532684
3.06748466257669,-3.59828698907036
3.06539529505653,-2.95862083281342
3.05810397553517,-3.59796140111997
3.04878048780488,-1.93130520541858
3.0442722120643,-3.56635055632672
3.03951367781155,-3.36032173782619
3.03030303030303,-2.41301500734279
3.02329468440578,-1.73774790180861
3.02114803625378,-1.57879240983528
3.01204819277108,-3.6212951773741
3.003003003003,-3.62847831034817
3.00246170908555,-3.1608738633876
2.9940119760479,-3.35500285640931
2.98507462686567,-3.42224248751601
2.98177229001967,-2.57785730504487
2.97619047619048,-2.45876001536795
2.9673590504451,-2.93372389611501
2.96122543798803,-3.30194938617891
2.9585798816568,-3.54258695955293
2.94985250737463,-3.52251748271119
2.94117647058824,-1.97020633739181
2.94082017058706,-3.31079092078785
2.93255131964809,-3.02030571378769
2.92397660818713,-3.55686215920219
2.92055551218275,-3.10133475824217
2.91545189504373,-2.3061688847933
2.90697674418605,-3.31639305702837
2.90043049386399,-3.36909281156927
2.89855072463768,-2.83343742617971
2.89017341040462,-2.86919890797925
2.88184438040346,-3.3491770725126
2.8804441533963,-3.32879059825815
2.8735632183908,-3.50648644329355
2.86532951289398,-3.40430371189559
2.86059553517574,-1.86002112899244
2.85714285714286,-3.35004491039409
2.84900284900285,-3.55573339379996
2.84090909090909,-2.95292161770031
2.8408836901833,-3.0407622055567
2.8328611898017,-3.65598822483066
2.82485875706215,-2.49628494267101
2.82130767593947,-2.55493386276045
2.8169014084507,-0.926837706991175
2.80898876404494,-2.16781904840156
2.8018665564592,-2.08495098240923
2.80112044817927,-1.51696799386222
2.79329608938547,-2.28663957974238
2.78551532033426,-2.75417744213182
2.78255940220712,-3.20717579935156
2.77777777777778,-2.42197187479438
2.77008310249307,-3.14055787074069
2.76338529005317,-2.77078386061101
2.76243093922652,-1.76002055556814
2.75482093663912,-1.53471002895462
2.74725274725275,-3.4368590263554
2.74434330322836,-3.63623079520705
2.73972602739726,-3.52713576206095
2.73224043715847,-2.7843482134758
2.72543253128103,-3.487511928822
2.72479564032698,-2.69761290848377
2.71739130434783,-1.86922584343246
2.710027100271,-3.55210677644409
2.70665207003324,-3.39673184709029
2.7027027027027,-3.56734202094297
2.69541778975741,-3.33515642846016
2.68817204301075,-1.21999419189684
2.68800102153761,-1.39040443620668
2.68096514745308,-0.531551814951579
2.67379679144385,-1.12442147387436
2.66947849403432,-3.44307351366207
2.66666666666667,1.06991481645746
2.65957446808511,-2.10832348347064
2.6525198938992,-3.13886421882877
2.65108360190854,-3.30539619237156
2.64550264550265,-1.96457135501462
2.63852242744063,-1.30641738259292
2.63281546564802,-3.10712058291871
2.63157894736842,-1.01147103216591
2.6246719160105,-1.99490792598813
2.61780104712042,-3.28092828204769
2.61467321180109,-1.97199187921019
2.61096605744125,-3.66203801240904
2.60416666666667,-3.40704277377115
2.5974025974026,-2.61433577018608
2.59665597293487,-3.22218646555235
2.59067357512953,-3.33436762996252
2.58397932816537,-2.42875313814308
2.5787628875938,-3.20226230583792
2.57731958762887,-3.07843014582682
2.5706940874036,-2.81008120421542
2.56410256410256,-1.17300614812488
2.56099310025846,-3.21470058630318
2.55754475703325,-0.91734723417225
2.55102040816327,-1.38912645641669
2.54452926208651,-1.99666045958933
2.54334576130465,-3.3777090459544
2.53807106598985,-3.63183170426354
2.53164556962025,-2.39588595969137
2.52582002696278,-3.41352993424432
2.52525252525253,-3.25554403557679
2.51889168765743,-3.64553898228247
2.51256281407035,-2.96178638392585
2.50841505927754,-2.12637985939456
2.5062656641604,-3.48137601186404
2.5,-3.19165784479933
2.49376558603491,-3.24313389343369
2.49113002606779,-3.14901374734149
2.48756218905473,-2.86790585169448
2.48138957816377,-3.65794065890774
2.47524752475248,-2.13809794639654
2.47396410088681,-2.99902942476678
2.46913580246914,-3.36954944997175
2.46305418719212,-3.43573279436726
2.45700245700246,-0.058274334335418
2.45691646298279,0.493481338051756
2.45098039215686,-3.35954125848492
2.44498777506112,-3.20411866479504
2.43998629725955,-2.74405942696027
2.4390243902439,-3.17669669178594
2.4330900243309,-2.86924108482016
2.42718446601942,-3.61220349646323
2.4231727942376,-3.12410683664434
2.42130750605327,-3.61448227065857
2.41545893719807,-2.91688848368487
2.40963855421687,-3.29476165091101
2.40647515001542,-2.76952112513127
2.40384615384615,-2.26108001160484
2.39808153477218,-2.76222897445093
2.39234449760766,-2.40240857256431
2.38989256623105,-2.61668936539955
2.38663484486874,-1.53771703534123
2.38095238095238,-3.50613135486359
2.37529691211401,-3.61060336403765
2.37342425002387,-3.54654852506872
2.3696682464455,-3.54524490341931
2.36406619385343,-1.81200225945481
2.35849056603774,-2.81945865323355
2.35706941399673,-3.20346201109067
2.35294117647059,-3.03052206918702
2.34741784037559,-3.43649671977134
2.34192037470726,-2.76353384819843
2.34082727617829,-3.65205560417602
2.33644859813084,-2.1206298047948
2.33100233100233,-2.19658491991437
2.32558139534884,-3.41877499816401
2.32469705998565,-3.5747271759004
2.32018561484919,-1.66753664494051
2.31481481481481,-3.24284202915934
2.3094688221709,-3.14139935728677
2.30867799418717,-2.82892818236619
2.30414746543779,-3.18720018902861
2.29885057471264,-2.27147831704157
2.29357798165138,-0.122048063091607
2.29276931286565,-1.97463980304782
2.2883295194508,-3.24501739845986
2.28310502283105,-3.64172918022528
2.27790432801822,-1.60251298178103
2.27697025538168,-2.64927521643134
2.27272727272727,-3.13185586860034
2.26757369614512,-3.45849142999595
2.26244343891403,-2.28032149136306
2.26128006633728,-2.94339598785843
2.25733634311512,-3.61917766809476
2.25225225225225,-2.64849897893434
2.24719101123596,-3.1541537596501
2.24569799553977,-3.07986722191385
2.24215246636771,-3.64009355929091
2.23713646532438,-3.21602805345291
2.23214285714286,-2.2075598713787
2.23022329796594,-3.21472569536312
2.2271714922049,-3.53132048361182
2.22222222222222,-2.88631058341404
2.21729490022173,-0.172707458111982
2.21485523372636,-3.53306868409789
2.21238938053097,-3.42334399918392
2.2075055187638,-3.06058061349755
2.20264317180617,-1.71376188914838
2.19959306803007,-1.82063377062463
2.1978021978022,-3.54414032002542
2.19298245614035,-3.31542106514326
2.18818380743982,-3.54511808637549
2.18443607114943,-1.42695293841309
2.18340611353712,-2.43553122327061
2.17864923747277,-3.36456549648222
2.17391304347826,-3.11663772096598
2.16938351838518,-3.42873913604937
2.16919739696312,-3.52071983491096
2.16450216450216,-3.37825537572153
2.15982721382289,-1.40870222258648
2.1551724137931,-3.31573507909381
2.15443469003188,-2.92081177155391
2.1505376344086,-3.37053590175706
2.14592274678112,-3.33842642781367
2.14132762312634,-3.12822567602681
2.13958887134342,-3.41787573506495
2.13675213675214,-0.828348218391379
2.13219616204691,-3.25282384083668
2.12765957446809,-2.06522127596225
2.12484535249888,-3.42760399477423
2.12314225053079,-2.05811403844792
2.11864406779661,-3.33125336334923
2.11416490486258,-3.54474485016531
2.1102034285686,-2.64018580547708
2.10970464135021,-3.40706215810375
2.10526315789474,-3.08721682881712
2.10084033613445,-3.36355030385892
2.09643605870021,-3.20502929751704
2.09566239948043,-3.47250993424647
2.09205020920502,-3.28682592354256
2.08768267223382,-2.04143889055761
2.08333333333333,-1.40573882096792
2.08122156998634,-3.00582038378392
2.07900207900208,-3.32597947054465
2.0746887966805,-3.0645629886569
2.0703933747412,-3.38869982953416
2.06688024962908,-3.56270748511927
2.06611570247934,-3.07636957523685
2.06185567010309,-2.9419969857788
2.05761316872428,-2.3967952534761
2.05338809034908,-3.32051754257265
2.05263775270925,-2.05571211702395
2.04918032786885,-3.54851361933059
2.04498977505112,-2.8124720524798
2.04081632653061,-3.60890254977682
2.03849339825246,-3.57067101151353
2.03665987780041,-3.61533070983647
2.03252032520325,-2.70797167253523
2.02839756592292,-3.24766675512252
2.0244465099768,-3.34360575488771
2.02429149797571,-3.06555079067563
2.02020202020202,-2.92228256387444
2.01612903225806,-3.44592567251213
2.01207243460765,-1.72110322211783
2.0104964162605,-2.32177564445358
2.00803212851406,-2.93788641287459
2.00400801603206,-3.60326111180792
2,-3.58824626198581
1.99664245010979,-3.59141839623181
1.99600798403194,-3.42062935742676
1.99203187250996,-3.6229218037679
1.98807157057654,-3.39155819556772
1.98412698412698,-3.6063828224113
1.98288394912707,-3.40569554253527
1.98019801980198,-3.09761037478053
1.97628458498024,-2.58866885379767
1.9723865877712,-2.90331427897497
1.96922025547917,-3.06432233093467
1.96850393700787,-3.19983279025522
1.96463654223969,-3.47978865090966
1.96078431372549,-3.41666014838547
1.95694716242661,-3.35647855205913
1.95565071586595,-2.80184603542157
1.953125,-3.29758793860641
1.94931773879142,-2.49635860588115
1.94552529182879,-3.30623335384943
1.94217468148903,-3.03837510331443
1.94174757281553,-2.85957118263492
1.93798449612403,-3.4427380383339
1.93423597678917,-3.32802217257433
1.93050193050193,-3.39161350291222
1.92879150802078,-3.12828483069016
1.92678227360308,-3.28786093502661
1.92307692307692,-2.28631785955791
1.91938579654511,-1.92680636272625
1.91570881226054,-3.21341810761028
1.91550055557353,-3.55186616702208
1.91204588910134,-3.1317381906051
1.90839694656489,-2.08798119917004
1.9047619047619,-3.52400177452308
1.90230118866894,-3.58785364521749
1.90114068441065,-3.5116790333496
1.89753320683112,-3.44743619750441
1.89393939393939,-3.45026312486975
1.89035916824197,-2.74696238086936
1.88919277620767,-3.38939587091159
1.88679245283019,-2.35420521662875
1.88323917137476,-3.30967531430719
1.8796992481203,0.587992270857929
1.87617469143912,-2.77432795864614
1.87617260787992,-2.78079641489067
1.87265917602996,-3.33163046054473
1.86915887850467,-3.38854800113632
1.86567164179104,-3.53042108561085
1.86324631193156,-3.46334725583959
1.86219739292365,-3.25297286889848
1.85873605947955,-3.43216224284155
1.85528756957328,-3.25251396243062
1.85185185185185,-3.40353164966212
1.8504070195423,-3.30685320245412
1.84842883548983,-2.04208595025265
1.8450184501845,-2.09878878519499
1.84162062615101,-3.49023037829594
1.83823529411765,-2.73456723824567
1.83765620038817,-3.64095474366926
1.8348623853211,-3.42172345787106
1.83150183150183,-3.53899497896218
1.82815356489945,-2.16774269861711
1.82499324481615,-2.88085450580887
1.82481751824817,-3.28633926981343
1.82149362477231,-1.59110785556764
1.81818181818182,-2.56048315130344
1.81488203266788,-3.63713850242764
1.81241754737424,-1.70582805043376
1.81159420289855,-2.7514695521727
1.80831826401447,-3.59886589738117
1.80505415162455,-3.55348707120565
1.8018018018018,-2.58251461763212
1.79992850678248,-1.67488109136091
1.79856115107914,-3.096400048852
1.79533213644524,-3.5777112708789
1.7921146953405,-3.57420472316754
1.78890876565295,-3.26318686781637
1.78752552590424,-2.9980006536967
1.78571428571429,-3.60829069909242
1.7825311942959,-2.56076459103395
1.77935943060498,-3.23040320801307
1.77619893428064,-3.39383657430691
1.77520801171763,-2.70891469092502
1.77304964539007,-0.599832403557865
1.76991150442478,-3.42141660094036
1.76678445229682,-2.70810391487059
1.7636684303351,-1.75578995870596
1.76297537528721,-3.53030453011639
1.76056338028169,-2.86844497901687
1.75746924428822,-3.56212058977995
1.75438596491228,-3.54809225364967
1.75131348511384,-2.46186074224662
1.75082703173572,-2.47001382329916
1.74825174825175,-2.84080031573238
1.74520069808028,-2.91224493337254
1.74216027874564,-2.5852026618288
1.73913043478261,-3.61152205935569
1.73876240021625,-3.63746854769736
1.73611111111111,-2.4255767238307
1.73310225303293,-1.89307530171863
1.73010380622837,-3.37275521255126
1.72711571675302,-2.99146179296063
1.72678090388436,-3.00499174662861
1.72413793103448,-2.76755538114069
1.72117039586919,-3.39549974572126
1.71821305841924,-2.27346082300751
1.71526586620926,-1.40610356797414
1.71488196987054,-3.3536719808609
1.71232876712329,-2.79404402359993
1.70940170940171,-1.15718080478841
1.70648464163823,-3.64222772218572
1.70357751277683,-3.64902817397025
1.70306502925284,-3.54844846320794
1.70068027210884,-3.11666855685062
1.69779286926995,-2.848971191382
1.69491525423729,-2.94069685700968
1.69204737732657,-3.61945816548605
1.69132951702965,-3.46291032755489
1.68918918918919,-3.1319894368424
1.68634064080944,-2.65994789398296
1.68350168350168,-3.06980564100807
1.68067226890756,-1.13956951499908
1.67967487209265,-3.5170160668495
1.67785234899329,-2.42964359118833
1.6750418760469,-3.0473423478934
1.67224080267559,-3.40873222112587
1.669449081803,-2.63086099855884
1.66810053720006,-3.17657741773489
1.66666666666667,-3.44768681817537
1.66389351081531,-3.57116563874491
1.66112956810631,-2.0038499710606
1.65837479270315,-3.64863692954081
1.65660595894991,-3.49912442598618
1.65562913907285,-1.90220278415934
1.65289256198347,-2.73410942757011
1.65016501650165,-3.63430325927116
1.64744645799012,-3.03752673400718
1.64519058775366,-3.04756596511249
1.64473684210526,-1.40218247671366
1.64203612479475,-3.25382888843186
1.63934426229508,-2.96045677545065
1.6366612111293,-0.240587051699815
1.63398692810458,-2.6520579738969
1.63385387780986,-3.46484148533359
1.63132137030995,-2.99463876348882
1.62866449511401,-2.74964369472455
1.6260162601626,-3.21733546350783
1.62337662337662,-3.45835937967753
1.62259528707809,-3.40656054287809
1.62074554294976,-3.56920859075317
1.61812297734628,-3.63351667823668
1.61550888529887,-3.4235238583126
1.61290322580645,-1.74336538633171
1.61141427725302,-3.23028847574759
1.61030595813205,-2.41540684215097
1.60771704180064,-3.29467518168199
1.60513643659711,-1.42298369088503
1.6025641025641,-2.07429380918513
1.6003103137387,-2.59578184219658
1.6,-0.370024732554962
1.59744408945687,-1.57399795773734
1.59489633173844,1.13382853736362
1.59235668789809,-0.62096775071394
1.58982511923688,-3.07494917902299
1.58928286562298,-1.78041380794623
1.58730158730159,-2.6173433452278
1.58478605388273,-3.03187743548623
1.58227848101266,-1.18969141364978
1.57977883096367,-3.47695842785388
1.57833140565212,-3.6284810120059
1.57728706624606,-1.27095819206361
1.5748031496063,-3.37790073641313
1.57232704402516,-3.39167240835855
1.56985871271586,-1.81371088495301
1.5674554102056,-2.31806163167063
1.56739811912226,-1.85231534582719
1.56494522691706,-1.75877640014441
1.5625,-2.08065034505496
1.5600624024961,-3.5284803109982
1.55763239875389,-3.4637324477505
1.55665435927106,-3.27333628655013
1.5552099533437,-1.41215803911517
1.5527950310559,-1.61556665623238
1.55038759689922,-1.20792274772112
1.54798761609907,0.0350956318810534
1.54592773641948,-3.05116372791748
1.54559505409583,-3.21420232802806
1.54320987654321,-2.96330447100014
1.54083204930663,-3.08719167373671
1.53846153846154,-3.40954437477934
1.53609831029186,-1.7527489191339
1.53527502878042,-0.956771222036404
1.53374233128834,-3.46592227294642
1.53139356814701,-3.58788078299777
1.52905198776758,-3.53926509835731
1.52671755725191,-2.40578771508255
1.52469572701757,-3.60736661625601
1.52439024390244,-2.80669351534855
1.5220700152207,-3.52945503965371
1.51975683890577,-2.61966546499503
1.51745068285281,-2.29628624382287
1.51515151515152,-1.73578038887062
1.51418932530435,-3.57207263743934
1.51285930408472,-3.38544899893587
1.51057401812689,-2.82585744259809
1.50829562594268,-1.62323601556291
1.50602409638554,-3.51467556194801
1.50375939849624,-3.22163440294581
1.50375532129974,-3.26052472636614
1.5015015015015,-3.33792998917086
1.49925037481259,-2.90859821515788
1.49700598802395,-3.37078470501499
1.49476831091181,-2.57666540431857
1.49339321612425,-1.27108679976852
1.49253731343284,-3.59625470821184
1.4903129657228,-2.9922651841973
1.48809523809524,-1.37870962075241
1.48588410104012,-3.46022581378436
1.48367952522255,-3.36141581794744
1.4831025143361,-3.25446491591428
1.48148148148148,-3.30714120437285
1.4792899408284,-3.17901011684701
1.47710487444609,-3.29929540918486
1.47492625368732,-3.21982416541654
1.4728827239075,-3.24239246602429
1.47275405007364,-3.62012262110327
1.47058823529412,-3.61854374075751
1.46842878120411,0.96809790898259
1.46627565982405,-2.2003690896626
1.46412884333821,-1.49103396103696
1.46273335620113,-2.247437460709
1.46198830409357,-1.11796757485954
1.45985401459854,-3.12800498377619
1.45772594752187,-3.61177788438844
1.45560407569141,-2.12927081452569
1.45348837209302,0.135121173470613
1.45265392594678,-3.2481287731757
1.45137880986938,-0.478337644583671
1.44927536231884,-2.92300967813831
1.44717800289436,-1.93102561488613
1.44508670520231,-1.9094755686754
1.44300144300144,-2.41336239232721
1.44264395121816,-3.16217826237847
1.44092219020173,-3.33575163237789
1.43884892086331,-0.847804266069242
1.4367816091954,-3.48648501572354
1.43472022955524,-2.55301970983593
1.43270295340983,-3.15102481048855
1.43266475644699,-3.11681250669074
1.43061516452074,-1.80640701737563
1.42857142857143,3.38265039957388
1.4265335235378,0.0693480308598469
1.42450142450142,-2.03361921627482
1.42283045721435,-1.08058111189772
1.42247510668563,-2.47707359132768
1.42045454545455,-0.490419977711279
1.41843971631206,-3.15158173965717
1.41643059490085,-0.38687713954
1.41442715700141,0.573833013493688
1.41302599059953,-0.587107772969556
1.41242937853107,-2.4522197743821
1.41043723554302,-3.0705109217727
1.40845070422535,-3.50846249939603
1.40646976090014,-3.22259257516547
1.40449438202247,-2.75369890286559
1.40328908478587,-1.18680576161661
1.40252454417952,-3.62247991767428
1.40056022408964,-3.50175022926764
1.3986013986014,-3.36689919982463
1.39664804469274,-1.7825011201573
1.39470013947001,-2.28811915548557
1.39361927422414,-0.236892932313036
1.39275766016713,-3.12456287412511
1.39082058414465,-1.70223412664192
1.38888888888889,-2.57554958736493
1.3869625520111,-2.81096625360304
1.38504155124654,-2.41909875475592
1.38401609657313,-1.3821918924999
1.38312586445367,-1.16458597130109
1.38121546961326,-2.63075391620189
1.37931034482759,-2.70648823315816
1.37741046831956,-3.63244431168381
1.37551581843191,-3.38556877489791
1.37447909267754,-2.10002960210964
1.37362637362637,-3.6447984102693
1.37174211248285,-3.30748656088142
1.36986301369863,-2.36343973791638
1.36798905608755,-3.60848984061367
1.36612021857923,-3.13758279072133
1.36500780654601,-2.29933104579201
1.36425648021828,-2.20596531108303
1.36239782016349,-3.00258403180531
1.36054421768707,-2.81430798547351
1.35869565217391,-3.47642280594946
1.35685210312076,-3.44542463663854
1.35560178532937,-2.65475335877023
1.3550135501355,-1.98457513442498
1.3531799729364,-3.26047397158903
1.35135135135135,-3.18884943053653
1.34952766531714,-3.40373058383964
1.34770889487871,-1.37957391859511
1.34626057929891,-2.3154789409378
1.34589502018843,-2.85376920036624
1.34408602150538,-1.57285951647055
1.34228187919463,-3.28196738496642
1.34048257372654,-3.53841460671564
1.33868808567604,-3.3758041982026
1.33698374182495,-2.95865980119698
1.33689839572193,-3.39690856876434
1.33511348464619,-3.3926509754758
1.33333333333333,-2.10550302277154
1.33155792276964,-2.2138977625275
1.32978723404255,-3.29457435734418
1.32802124833997,-3.21509768020037
1.32777082935543,-3.46482578121064
1.3262599469496,-3.50969397590724
1.32450331125828,-1.96881316720565
1.32275132275132,-2.49224398657555
1.32100396301189,-3.21872460151287
1.31926121372032,-3.05603672451953
1.31862140139475,-3.57933067885913
1.31752305665349,-2.83302073026125
1.31578947368421,-2.56951462248589
1.31406044678055,-0.611796877305362
1.31233595800525,0.867962822533646
1.31061598951507,-1.57033801351086
1.30953502048267,-2.80293220631007
1.30890052356021,-2.72446747607806
1.30718954248366,-1.20629380429714
1.30548302872063,-1.57101467045653
1.30378096479791,-3.55636112166045
1.30208333333333,-2.0546048436456
1.30051125217341,-2.24560672627508
1.30039011703511,-2.84403721710471
1.2987012987013,-3.53087450660574
1.2970168612192,-3.59850176975659
1.29533678756477,-2.8995615627689
1.29366106080207,-2.54481306344833
1.29198966408269,-3.49675096547777
1.29154966501488,-2.49549065537731
1.29032258064516,-3.2987850197165
1.28865979381443,-3.26657170847464
1.28700128700129,-2.486735212271
1.2853470437018,2.63783835800691
1.28369704749679,-2.52294215227546
1.28264983052806,-3.50151304755208
1.28205128205128,-2.47957581258309
1.28040973111396,0.181947052148009
1.27877237851662,-2.17802916871095
1.27713920817369,-2.0126852069268
1.27551020408163,-1.95187704858356
1.27388535031847,-0.907863157094719
1.27381132318648,-1.59813063766519
1.27226463104326,-2.78238335807519
1.27064803049555,-3.52721451230407
1.26903553299492,-3.54012197363614
1.26742712294043,-3.19958836076689
1.26582278481013,-2.36112073474829
1.2650337203959,-3.48703950665817
1.26422250316056,-1.14711521508222
1.26262626262626,-3.34423878008816
1.26103404791929,-3.38191656329841
1.25944584382872,-1.61731255520679
1.25786163522013,-1.44387343197043
1.25631660247412,-2.71301822245367
1.25628140703518,-2.29654298685117
1.25470514429109,-0.800830128755005
1.2531328320802,-3.17337123953957
1.25156445556946,-2.88676085883354
1.25,-3.3970305738977
1.24843945068664,-2.5192002198555
1.24765955263087,-2.86942538215491
1.24688279301746,-3.56887212862018
1.2453300124533,-2.34866239046301
1.24378109452736,-2.44429491741679
1.24223602484472,-3.25706166024006
1.24069478908189,-2.75344685773042
1.23915737298637,-3.23476652060885
1.23906215694792,-3.22045356814773
1.23762376237624,-1.89083013120146
1.23609394313968,-3.1633660683362
1.23456790123457,-3.28579131028315
1.23304562268804,-1.51046033978842
1.23152709359606,-3.33383707198224
1.23052400435926,-2.69014717566621
1.230012300123,-1.82562446034081
1.22850122850123,-3.63221919572596
1.22699386503067,-3.37828435265593
1.22549019607843,-2.70983359970769
1.22399020807834,-3.36493811806265
1.22249388753056,-2.95899589099455
1.22204468663149,-3.45796823202762
1.22100122100122,-2.28875928036573
1.21951219512195,-2.21588754914638
1.21802679658952,-2.46922274635359
1.21654501216545,-1.41123081101257
1.21506682867558,-0.252317796892082
1.21362379834424,-2.70801147435112
1.21359223300971,-3.36663672455132
1.21212121212121,-2.73865488230764
1.21065375302663,-0.765630121735039
1.20918984280532,-2.7873908319941
1.20772946859903,-3.21820693976961
1.20627261761158,-2.88150180668741
1.20526093687084,-3.62104935230884
1.20481927710843,-3.53053702688011
1.20336943441637,-2.93562894932814
1.20192307692308,-2.89878338898616
1.20048019207683,-3.08602122991187
1.19904076738609,-1.07283382062034
1.19760479041916,-3.61602929219678
1.19695570235904,-2.91168955548558
1.19617224880383,-3.61358945655105
1.194743130227,-2.69988467989118
1.19331742243437,-2.74961037442081
1.19189511323004,-0.475429931003485
1.19047619047619,-2.94778484760918
1.18906064209275,-2.40413825380964
1.1887076977119,-3.28766839554016
1.18764845605701,-1.21460429320002
1.18623962040332,-2.57055150571731
1.18483412322275,-2.89509096772828
1.18343195266272,-1.59280369631956
1.18203309692671,-0.71596084227438
1.18063754427391,-1.64545431020626
1.18051652856881,-3.38706068289657
1.17924528301887,-1.1873508599151
1.17785630153121,-2.99306674418089
1.17647058823529,-2.93204739844598
1.17508813160987,-2.9262601418804
1.17370892018779,-1.57769841786644
1.1723818032866,-2.35839463630456
1.17233294255569,-1.28817517323948
1.17096018735363,-2.97855211145723
1.16959064327485,-3.31147826536677
1.16822429906542,-2.09661419888725
1.16686114352392,1.65847265622144
1.16550116550117,-2.00447684301842
1.16430313292088,-3.18794866610922
1.16414435389988,-2.60963446238024
1.16279069767442,-0.693413671997301
1.16144018583043,-2.28581907228009
1.16009280742459,-3.39127871124507
1.15874855156431,-3.02247457633875
1.15740740740741,-0.575994760516219
1.15628013120738,-3.53431122066815
1.15606936416185,-2.14095443871382
1.15473441108545,-3.30726312880789
1.15340253748558,-2.06962061064085
1.15207373271889,-3.30708997614657
1.15074798619102,-2.01546155755836
1.14942528735632,-3.47918914107002
1.14831241454351,-3.18391643183157
1.14810562571757,-3.35422959836331
1.14678899082569,-2.22463826338601
1.1454753722795,-3.15684473098771
1.1441647597254,-2.83184206310285
1.14285714285714,-3.64104767753549
1.14155251141553,-1.85661143144118
1.14039960197003,-1.45536497203609
1.14025085518814,-3.13830722006802
1.13895216400911,-3.3052302613233
1.13765642775882,-2.24054788792658
1.13636363636364,-1.57708923375121
1.13507377979569,-3.17614972312493
1.13378684807256,-0.784344009400864
1.13254131515281,4.09824763544204
1.13250283125708,2.83679863483845
1.13122171945701,-3.16201300151085
1.12994350282486,-3.48581872307418
1.12866817155756,-2.76546568485612
1.12739571589628,-1.25696363776118
1.12612612612613,-2.5004972569199
1.12485939257593,-3.22773176732643
1.12473717836475,-3.14566961725846
1.12359550561798,-1.83388842177863
1.12233445566779,-3.46973685535267
1.12107623318386,-1.73422927986722
1.11982082866741,-3.58391610157674
1.11856823266219,-3.38534211031127
1.11731843575419,-0.90411441520278
1.11698681846782,-3.45176776390742
1.11607142857143,-3.42180571722231
1.11482720178372,-3.55614657753868
1.11358574610245,-2.88533627842089
1.11234705228031,-0.31155497054372
1.11111111111111,-1.73860655591759
1.10987791342952,-2.65394855553832
1.10928986489522,-2.76432190593543
1.10864745011086,-1.53036651159446
1.10741971207087,-3.65993169801645
1.10619469026549,-2.63840083735006
1.10497237569061,-3.08150249047044
1.1037527593819,-3.53714987482665
1.10253583241455,-2.73692825410647
1.10164594963366,-3.38302242839832
1.10132158590308,-2.91757095388835
1.1001100110011,0.202526419672286
1.0989010989011,-3.22686590853275
1.09769484083425,-2.97038080564586
1.09649122807018,-3.60271908719492
1.09529025191676,-2.15079960071453
1.09409190371991,-3.33025730250368
1.09405470720574,-3.34324369458651
1.09289617486339,-2.96182082743796
1.09170305676856,-3.38830940319697
1.09051254089422,-2.95117446834423
1.08932461873638,-1.03863880150557
1.08813928182807,-3.14526762608356
1.08695652173913,-1.12065704843273
1.08651577465254,-0.800727810598128
1.085776330076,-1.10910253586793
1.08459869848156,-3.49750662400562
1.08342361863489,-2.74996071839108
1.08225108225108,-2.26324853356074
1.08108108108108,-0.77268394157097
1.07991360691145,-1.00711084487424
1.07902879151618,-1.27725843051818
1.07874865156419,-2.93737431354192
1.07758620689655,-2.10603483882381
1.07642626480086,-2.34594870075072
1.0752688172043,-2.69920387924399
1.07411385606874,-2.96673894859644
1.07296137339056,-2.35074494356182
1.07181136120043,-1.66297583673342
1.07159339982267,-2.45346536107807
1.07066381156317,-2.64311160205439
1.06951871657754,-0.600892164605038
1.06837606837607,-0.949468718119941
1.06723585912487,-1.15761626242731
1.06609808102345,-0.558658424982904
1.06496272630458,-3.37844926142649
1.06420924406472,-2.62606695000717
1.06382978723404,-2.61641977397884
1.06269925611052,-0.321465491552412
1.06157112526539,-3.23974036790794
1.06044538706257,-1.11400332813683
1.0593220338983,-1.2301867395834
1.05820105820106,-2.14165553088987
1.05708245243129,-3.24433124245111
1.0568759711848,-3.50583262876791
1.05596620908131,-3.35229332864996
1.05485232067511,-2.92805832413451
1.05374077976818,-3.22069864653742
1.05263157894737,-2.71668491321476
1.0515247108307,-3.07110046135618
1.05042016806723,-2.69257616516013
1.04959323055823,-3.10415578944928
1.04931794333683,-1.19823621160735
1.0482180293501,-2.48204930292497
1.04712041884817,-2.80256588618324
1.04602510460251,-3.05923588935134
1.04493207941484,-3.0494506834611
1.04384133611691,-3.50796563061315
1.04275286757039,-2.91048148497837
1.0423606739764,-1.75557021920083
1.04166666666667,2.48724765558
1.04058272632674,-0.752266084670945
1.03950103950104,-0.260349767571721
1.03842159916926,1.11913505402952
1.03734439834025,-2.61641377069382
1.03626943005181,-3.62630372493832
1.0351966873706,-2.31524389515085
1.03517795563018,-1.77798505965579
1.03412616339193,-3.59336623228192
1.03305785123967,-2.4778060419192
1.03199174406605,-3.29665310457745
1.03092783505155,-3.13560656073566
1.02986611740474,-3.57003778213975
1.02880658436214,-2.80312926807407
1.02804473209331,0.0750992997536644
1.02774922918808,-3.3894126824717
1.02669404517454,-3.62581117266036
1.02564102564103,-3.35896826686347
1.02459016393443,-3.24616919933139
1.02354145342886,-3.1151645869974
1.02249488752556,-3.59550761560181
1.02145045965271,-2.06557260949996
1.02096066230605,-3.46375986114442
1.02040816326531,-2.90930580999666
1.01936799184506,-3.27555108233578
1.0183299389002,-2.58807228392252
1.01729399796541,-3.44829978766493
1.01626016260163,-3.07118483652998
1.01522842639594,-3.05425108386968
1.01419878296146,-3.23814667290197
1.01392540755882,-3.32139000198155
1.01317122593718,-0.581181827650435
1.01214574898785,-3.09108648223234
1.01112234580384,-2.21849364480574
1.01010101010101,-1.65426887661657
1.00908173562059,-2.10301408313803
1.00806451612903,-0.424459778390012
1.00704934541793,-1.77497282675769
1.00693863147603,-3.53210610588659
1.00603621730382,-3.09846467961379
1.00502512562814,-3.22534986708758
1.00401606425703,1.40470961138782
1.00300902708124,-0.733732177324934
1.00200400801603,-0.020108059044456
1.001001001001,2.65620747042799
1,-1.51068815942692
