"bfp_output.P","bfp_output.logBF"
1000,-2.62037865800194
993.109181374979,-2.47557212216354
986.265846131283,-2.36222011926908
979.46966706954,-2.29619732375839
972.720319245055,-2.28589538347706
966.017479952265,-2.33090243309617
959.360828709315,-2.4232280530205
952.75004724273,-2.55000698542237
946.184819472201,-2.69636026681762
939.66483149547,-2.84765393038561
933.189771573324,-2.99107988072985
926.759330114689,-3.11681143895144
920.373199661823,-3.21889664136698
914.031074875623,-3.29575718329202
907.732652521023,-3.34997258027722
901.477631452492,-3.38717146261599
895.26571259964,-3.4142547623088
889.096598952916,-3.43749663486629
882.969995549409,-3.46103790822884
876.885609458743,-3.48598924516558
870.843149769073,-3.51011615382573
864.842327573172,-3.52811179776766
858.882855954625,-3.53271768251617
852.964449974103,-3.5170367644521
847.086826655741,-3.47774472915922
841.249704973612,-3.41758963533537
835.452805838287,-3.3451254666087
829.695852083491,-3.271490383922
823.978568452852,-3.20658272861858
818.300681586739,-3.15710308369035
812.661920009195,-3.12688306628341
807.06201411495,-3.11833932958116
801.500696156541,-3.13365931977462
795.977700231499,-3.17454017735245
790.492762269642,-3.23966011772653
785.045620020451,-3.32095653670593
779.636013040523,-3.40348139343048
774.263682681127,-3.47241611412287
768.928372075831,-3.52113883476131
763.629826128224,-3.55185699029586
758.367791499719,-3.57067719853616
753.142016597437,-3.58344369457752
747.952251562182,-3.59430531334435
742.798248256492,-3.60580197587548
737.679760252773,-3.61916887144063
732.596542821523,-3.63417833633919
727.548352919623,-3.64856424342353
722.534949178721,-3.65861399699544
717.556091893692,-3.66249101789328
712.611543011175,-3.66230765593771
707.701066118189,-3.66131504360795
702.824426430835,-3.66114085761007
697.981390783066,-3.66184800522118
693.17172761554,-3.66285433795302
688.39520696455,-3.66350869070471
683.651600451024,-3.66330465497192
678.940681269611,-3.66180861692952
674.262224177835,-3.6582489564431
669.616005485322,-3.65092633812098
665.001803043112,-3.63704779730862
660.419396233031,-3.61339180077347
655.868565957143,-3.57744856730558
651.349094627281,-3.52864120272992
646.860766154633,-3.46957201634607
642.40336593942,-3.40680469976807
637.976680860628,-3.34980487671852
633.580499265825,-3.30704405889575
629.214610961035,-3.28090707093947
624.878807200689,-3.26535893574636
620.57288067765,-3.24868915140321
616.296625513294,-3.21984989634977
612.04983724767,-3.17515429741762
607.832312829723,-3.1221335219095
603.643850607587,-3.07786330109586
599.484250318941,-3.06194426327122
595.353313081437,-3.08851885002035
591.250841383188,-3.16146306133613
587.176639073326,-3.27203629888076
583.130511352622,-3.39651822953773
579.112264764176,-3.49727717945391
575.121707184161,-3.53696604928656
571.158647812643,-3.50295834437734
567.222897164454,-3.41568280685861
563.314267060136,-3.30989886292631
559.432570616938,-3.21308666209095
555.577622239888,-3.13791758687919
551.749237612913,-3.08322017814965
547.947233690029,-3.03677897295806
544.171428686589,-2.98103054147985
540.421642070592,-2.90211638985938
536.697694554048,-2.79695770096607
532.999408084409,-2.67494506974769
529.326605836056,-2.55564788678357
525.679112201842,-2.46074705699361
522.056752784698,-2.39796515411605
518.459354389291,-2.35010404062642
514.886745013749,-2.28696205375716
511.338753841433,-2.19066644173425
507.815211232767,-2.07378934902651
504.315948717136,-1.98412382940445
500.840798984821,-1.98693729250207
500,-2.00691909315621
497.389595879006,-2.11725265617774
493.962174387832,-2.34446667179339
490.558370636505,-2.60116274718622
487.178021879463,-2.83773432263841
483.820966492595,-3.04122055709665
480.487043965513,-3.21752283607183
477.176094893875,-3.35927861544435
473.887960971765,-3.4250933675119
470.622484984128,-3.35335440308877
467.379510799247,-3.09371241906957
464.158883361278,-2.6312745203014
460.960448682844,-2.01527243774721
457.784053837662,-1.38373494018641
454.62954695324,-0.91870430814735
451.49677720361,-0.724900628450381
448.385594802119,-0.769024155351683
445.295850994266,-0.946602929626674
442.22739805059,-1.17149936875729
439.180089259609,-1.4091084246201
436.153778920801,-1.65824072055205
433.14832233764,-1.91427198598556
430.16357581068,-2.15530655232801
427.199396630678,-2.36056116209603
424.255643071778,-2.52907868205197
421.332174384729,-2.67734534314432
418.428850790158,-2.82292181259727
415.545533471888,-2.9733170522803
412.682084570296,-3.129382394242
409.838367175726,-3.29487755762899
407.014245321944,-3.46669955989706
404.209583979631,-3.59263275081257
401.424249049932,-3.55566636515304
398.658107358044,-3.19526283214877
395.911026646846,-2.35619936347767
393.182875570577,-1.11669647963604
390.473523688556,-0.0616680568916008
387.782841458946,0.204249746541355
385.110700232557,-0.204182578744802
382.4569722467,-0.696263768814286
379.821530619074,-0.492988910415714
377.2042493417,1.27170291061627
374.605003274899,4.26246911814086
372.023668141307,6.31646618112625
371.167050249512,6.55715592509786
366.914237840249,5.27886646493342
364.385898376355,3.80579501366954
361.874981241128,3.45414595507974
359.381366380463,4.36285523798212
356.904934567523,4.84100206691771
354.445567397043,3.66863629057771
352.003147279668,0.76507203938245
349.577557436327,-2.30071051587511
347.168681892656,-3.61120326536844
344.776405473446,-3.25699371928676
342.400613797142,-2.34516138400003
340.041193270371,-1.52114273757867
337.698031082509,-0.872221837150657
335.371015200293,-0.281115830523343
333.333333333333,0.184625587154547
333.060034362459,0.236177794816162
330.764978074424,0.455588274727508
328.485736603004,0.0949964137834813
326.222200971167,-0.808882499755678
323.97426295282,-1.59827157174193
321.741815067637,-1.69411826560177
319.524750575921,-1.15156995831274
317.322963473498,-0.353188067007163
315.136348486648,0.101084003323497
312.964801067075,-0.291144784225831
310.808217386907,-1.29216139469831
308.666494333727,-2.30499859085303
306.539529505653,-2.96141723813401
304.42722120643,-3.08671599393467
302.329468440578,-2.64234994884451
300.246170908555,-1.7783454004214
298.177229001967,-0.934140425187972
296.122543798804,-0.668471505888941
294.082017058706,-1.07754440192572
292.055551218275,-1.82033198083216
290.043049386399,-2.59619994268659
288.04441533963,-3.22909618054028
286.059553517574,-3.54639663713369
284.08836901833,-3.37439672834209
282.130767593947,-2.83920621950399
280.18665564592,-2.42670633096251
278.255940220713,-2.39125310589513
276.338529005317,-2.60621553594087
274.434330322837,-2.87941859010102
272.543253128103,-3.1519372170636
270.665207003324,-3.40870958768285
268.800102153761,-3.58152796422412
266.947849403432,-3.64923898420069
265.108360190854,-3.66352460391301
263.281546564802,-3.65289159143959
261.467321180109,-3.60853415215713
259.665597293487,-3.48828977128791
257.87628875938,-3.24690466266291
256.099310025846,-2.95615077047726
254.334576130465,-2.7834355298621
252.582002696278,-2.87288214745514
250.841505927754,-2.95291985805469
250,-2.90478694458364
249.113002606779,-2.81284676089715
247.396410088681,-2.72249593371394
245.691646298279,-2.94461830141646
243.998629725955,-2.97067209252752
242.31727942376,-2.53236792735852
240.647515001542,-2.10363324681931
238.989256623105,-2.20773819649996
237.342425002387,-2.41321650264863
235.706941399673,-2.50127396455296
234.082727617829,-2.54152496912301
232.469705998565,-2.53735509885471
230.867799418717,-2.67703917677123
229.276931286565,-3.18607756005495
227.697025538168,-3.53807876227831
226.128006633728,-3.13084307727176
224.569799553977,-2.12955954221034
223.022329796594,-0.923362330084795
221.485523372636,0.67485271537628
219.959306803008,2.12372568553697
218.443607114943,1.6075941831732
216.938351838519,-0.798404305686868
215.443469003188,-2.79817546293226
213.958887134342,-3.32629578330919
212.484535249888,-2.51869084321414
211.02034285686,-1.29091231899859
209.566239948043,-0.914440025076924
208.122156998634,-1.15393004956298
206.688024962908,-1.4186222500799
205.263775270925,-1.55977582102364
203.849339825246,-1.43463039950636
202.44465099768,-1.31453837367989
201.04964162605,-1.64683905299928
200,-2.25844340977046
199.664245010979,-2.50425786229048
198.288394912707,-3.39935158975457
196.922025547917,-3.28991945485385
195.565071586595,-2.40098652424286
194.217468148903,-1.35498996592393
192.879150802078,-1.26512424918472
191.550055557353,-2.45424554595079
190.230118866895,-2.63841919948156
188.919277620767,-2.04152979268856
187.617469143912,-2.53455656750189
186.324631193156,-2.77297970574674
185.04070195423,-2.73392617060248
183.765620038817,-1.53082582697534
182.499324481615,2.21190037871755
181.241754737424,3.43753890228716
179.992850678248,0.533918760321048
178.752552590424,-2.54664277335821
177.520801171764,-3.40758210483399
176.297537528721,-1.55328850429781
175.082703173572,0.498570754187814
173.876240021625,1.13188137838406
172.678090388436,-0.608143620488998
171.488196987054,-2.77145220986783
170.306502925284,-3.37324816015804
169.132951702965,-2.67644633984649
167.967487209265,-1.51796690231661
166.810053720006,-1.07723413447887
166.666666666667,-1.07340536910273
165.660595894991,-1.05333685898703
164.519058775366,-1.0258618139055
163.385387780986,-1.39243355586826
162.259528707809,-2.33592141158986
161.141427725302,-3.17294351295667
160.03103137387,-3.1019270108725
158.928286562298,-2.33720102089763
157.833140565212,-2.03931558785363
156.745541020559,-1.99087470338874
155.665435927106,-2.46372960685222
154.592773641948,-3.25891894747043
153.527502878042,-3.58771953881252
152.469572701757,-3.62352619469983
151.418932530435,-3.57469906593429
150.375532129974,-3.56546380764295
149.339321612425,-3.58945171419416
148.310251433611,-3.62594753541888
147.28827239075,-3.60001377800053
146.273335620113,-3.49767568742602
145.265392594678,-2.95560021688051
144.264395121816,-1.79279621538232
143.270295340983,-1.33591032307821
142.857142857143,-1.44123202161456
142.283045721435,-1.76466324133387
141.302599059953,-2.6715230058782
140.328908478587,-3.65242053431795
139.361927422414,-1.85350107107844
138.401609657313,0.940799954456442
137.447909267754,4.84708736924627
136.500780654601,3.67239061911731
135.560178532937,-2.51182700670399
134.626057929891,-2.95268203087322
133.698374182495,1.02144691682462
132.777082935543,4.47050585083138
131.862140139475,0.0192951129284795
130.953502048267,-1.39652585333745
130.051125217341,-2.74305129884864
129.154966501488,-3.21279744208278
128.264983052806,-3.0941260215588
127.381132318648,-2.03467871404588
126.50337203959,-1.14586445130525
125.631660247412,-1.48325103135009
125,-0.670112703728573
124.765955263087,-0.267354490482812
123.906215694792,-1.32612692008895
123.052400435926,-2.94734715421815
122.204468663149,-3.11919403267059
121.362379834424,0.203734556749784
120.526093687084,1.10005543295857
119.695570235904,-1.38052406081173
118.87076977119,-2.50284962291631
118.051652856881,-2.1589422724618
117.23818032866,-2.6470392085685
116.430313292088,-3.47324633023369
115.628013120738,-2.84154264785154
114.831241454351,-1.15518936768872
114.039960197003,0.0310395615164412
113.254131515281,-1.83647752422733
112.473717836475,-2.93525532182108
111.698681846782,-2.15331456019858
111.111111111111,-1.62672366712682
110.928986489522,-1.54442889787533
110.164594963366,-2.19505345384523
109.405470720574,-2.89265765730444
108.651577465254,-3.29787673819736
107.902879151618,-3.62028154596048
107.159339982267,-3.13106631291448
106.420924406472,-1.81182784270525
105.68759711848,0.778931711998429
104.959323055823,-0.750779820637301
104.23606739764,-3.32313073765028
103.517795563018,-0.879020787103722
102.804473209331,3.83264772645443
102.096066230605,1.43923295656758
101.392540755882,-2.99652938949616
100.693863147603,-3.02026924654582
100,-1.3259215973491
100,-1.32592159734896
99.310918137498,-0.799826758071172
98.6265846131283,-1.74998604637038
97.946966706954,-1.83066476002609
97.2720319245054,-1.92292628354765
96.6017479952265,-2.71886132699314
95.9360828709315,-3.57185832119414
95.2750047242729,-2.66437650265167
94.61848194722,-1.41227640027354
93.966483149547,-1.37481631221997
93.3189771573324,-2.24168504736722
92.6759330114688,-3.48002933502998
92.0373199661823,-3.47748390583079
91.4031074875623,-2.3612025268968
90.9090909090909,-0.848863946588504
90.7732652521023,-0.348407671945703
90.1477631452492,-0.914906179196929
89.526571259964,-3.53774856146306
88.9096598952916,0.547484620813425
88.2969995549409,-0.207124141760441
87.6885609458743,-3.40790522596647
87.0843149769073,0.950398989585826
86.4842327573172,-0.112026932511138
85.8882855954625,-3.60943997736664
85.2964449974102,-1.75103544832244
84.7086826655741,-3.12139333931243
84.1249704973612,-3.61996783422613
83.5452805838287,-3.40592232234332
83.3333333333333,-3.35287208165839
82.9695852083491,-3.47086089914076
82.3978568452852,-2.34210605796828
81.8300681586739,-1.05386408799709
81.2661920009194,-3.30251793115381
80.706201411495,-1.54021879200773
80.150069615654,1.95522792273089
79.5977700231498,-2.17391011865005
79.0492762269642,-3.39954737019134
78.5045620020451,-1.40859066834472
77.9636013040523,-0.438570810266536
77.4263682681127,-2.32860761224371
76.9230769230769,-3.35939351350352
76.8928372075831,-3.25065497819848
76.3629826128224,-2.62754491514725
75.8367791499719,-3.61908215691043
75.3142016597437,-2.67684617996492
74.7952251562182,-2.12613986014817
74.2798248256491,-1.63121964807358
73.7679760252773,-3.10346762645811
73.2596542821523,-2.18277118965782
72.7548352919623,-3.19608777022678
72.2534949178722,-3.24249096330042
71.7556091893693,-1.91908395597703
71.4285714285714,2.51132793783525
71.2611543011175,1.12076492414908
70.7701066118189,-3.53411802351449
70.2824426430835,4.74899669995604
69.7981390783066,-0.913404568403574
69.3171727615541,-3.57861157443868
68.839520696455,-2.74093907282808
68.3651600451024,-1.66885635301643
67.8940681269611,-2.12468545919593
67.4262224177834,-3.62926200408266
66.9616005485322,-2.7895366157718
66.6666666666667,-2.71702527534428
66.5001803043112,-2.45728996322823
66.0419396233031,-0.0411706020643221
65.5868565957143,-3.29407258838368
65.134909462728,-3.18534870396133
64.6860766154633,-2.61102631301948
64.2403365939419,-1.8741625763693
63.7976680860628,-3.56769313951046
63.3580499265825,-1.29858502123379
62.9214610961034,-3.09329838648103
62.5,-0.0884387738555956
62.4878807200689,0.0147555750636927
62.057288067765,-2.50331670245391
61.6296625513294,-3.24898405687322
61.204983724767,-3.4780127872318
60.7832312829723,-3.05610311759012
60.3643850607587,-1.99589598402381
59.9484250318941,-3.53976902425428
59.5353313081437,-2.25302134619671
59.1250841383188,-2.06983368068044
58.8235294117647,-2.21208095317014
58.7176639073326,-2.32229304264926
58.3130511352622,-3.49410295918853
57.9112264764176,-1.82612983204443
57.5121707184161,-2.55906009124318
57.1158647812643,-3.62286306200623
56.7222897164454,-3.41191901875906
56.3314267060136,-3.24384088082889
55.9432570616938,-3.02329392000312
55.5577622239888,-3.6411017204265
55.5555555555556,-3.64188208416537
55.1749237612912,-3.45279544346227
54.7947233690029,-3.36441386941736
54.4171428686589,-3.11453499965965
54.0421642070592,-3.22537922398159
53.6697694554048,-3.14397659492327
53.2999408084409,-0.732198662347268
52.9326605836056,-2.71892362103328
52.6315789473684,-3.21749628526741
52.5679112201842,-2.85484724753676
52.2056752784698,-2.37250699936369
51.8459354389291,-2.6712304439787
51.488674501375,-3.37163782202473
51.1338753841433,0.931340351837822
50.7815211232767,-2.01044761168539
50.4315948717136,-1.54838651590837
50.0840798984821,-3.19819164451946
50,-2.91929666082383
49.7389595879007,-3.42419034649238
49.3962174387832,-2.74834344959877
49.0558370636505,-2.73732563163015
48.7178021879463,-2.45472081068179
48.3820966492596,-3.64736203979505
48.0487043965513,-3.27240864316645
47.7176094893875,-2.45575325053606
47.6190476190476,-2.00977378411074
47.3887960971765,-1.99742033455244
47.0622484984128,-3.59880142476681
46.7379510799246,3.93386105116246
46.4158883361278,-3.31605385310921
46.0960448682843,-2.35106154164337
45.7784053837662,-3.35097052831541
45.462954695324,-3.51851423427673
45.4545454545455,-3.52410913412548
45.149677720361,-0.502770220950405
44.8385594802119,-1.54038487560579
44.5295850994266,-3.26512140221841
44.222739805059,-1.35182654166889
43.9180089259609,-1.97300130359771
43.6153778920801,-3.44372028366045
43.4782608695652,-3.62695677832839
43.314832233764,-3.22019156787963
43.016357581068,-2.27988483337746
42.7199396630678,-3.50245130469819
42.4255643071778,-3.40967199782956
42.1332174384729,-3.29661393155102
41.8428850790158,-0.156754943702945
41.6666666666667,-3.56471462742085
41.5545533471888,-1.11827702203466
41.2682084570295,-2.89158286909928
40.9838367175726,-0.0543268188742259
40.7014245321944,-3.65072642610361
40.4209583979631,-3.54911096416724
40.1424249049932,-0.986610606382309
40,-3.48933856813009
39.8658107358044,-2.34533834164481
39.5911026646846,-3.57720513166937
39.3182875570577,-3.53715987094865
39.0473523688556,-1.49088063904675
38.7782841458946,-1.85028115983881
38.5110700232557,-2.14433040600864
38.4615384615385,-2.56427929428711
38.24569722467,-3.33903642951234
37.9821530619073,-0.517603651176709
37.72042493417,-3.55294803201526
37.4605003274899,1.01230169757664
37.2023668141307,-0.897638492080527
37.037037037037,-2.71626401798131
36.946012051993,-3.5835378438159
36.6914237840249,-3.64551893627425
36.4385898376355,-2.97421888572937
36.1874981241128,-1.87361524317815
35.9381366380463,-2.22034721591511
35.7142857142857,-2.65980561071394
35.6904934567523,-2.58772055855369
35.4445567397043,-2.66921255156945
35.2003147279668,-1.82971444442547
34.9577557436328,-3.03903287300242
34.7168681892656,-3.53497757873636
34.4827586206897,-3.43411884537785
34.4776405473446,-3.41232725195821
34.2400613797142,-3.46268049706471
34.0041193270371,-1.06444832030821
33.7698031082509,-2.71770420831113
33.5371015200293,-1.25695607564198
33.3333333333333,-3.31523452085197
33.3060034362459,-2.69163054549606
33.0764978074424,-1.66092508480879
32.8485736603004,-3.54802783184568
32.6222200971167,-2.78731578185976
32.397426295282,-1.54460069800804
32.258064516129,-2.60783035453694
32.1741815067637,-0.161292935614749
31.9524750575921,-0.252423204471351
31.7322963473498,-2.97663484553355
31.5136348486648,-3.13142898116471
31.2964801067075,-3.26263311007788
31.25,-2.36111491986584
31.0808217386906,-2.49779747698967
30.8666494333727,-3.03423583311045
30.6539529505653,-2.14612354175353
30.442722120643,1.40769618981425
30.3030303030303,-2.15766149203447
30.2329468440578,0.797162484491243
30.0246170908555,-3.51355224410268
29.8177229001967,-2.24764830522987
29.6122543798804,-3.15696301670168
29.4117647058824,-2.10662075840359
29.4082017058706,-2.060352948723
29.2055551218275,-0.61152798910707
29.0043049386399,-3.17652084827047
28.804441533963,-3.11190616754053
28.6059553517574,-3.17034520012374
28.5714285714286,-3.28922939198263
28.408836901833,-3.59320184269931
28.2130767593947,-3.23355156478506
28.018665564592,-3.42869649489519
27.8255940220712,-2.77984824623654
27.7777777777778,-3.1761567517788
27.6338529005317,-2.29550943298532
27.4434330322836,-3.46780346296556
27.2543253128103,-1.89518768716565
27.0665207003324,-1.43065732155291
27.027027027027,1.72179356761781
26.8800102153761,-2.51562723339422
26.6947849403432,-3.0683147472743
26.5108360190854,-2.44732918852956
26.3281546564802,-3.24011288865968
26.3157894736842,-3.06019044895192
26.1467321180109,-2.9056714135519
25.9665597293487,-2.24558339322494
25.787628875938,1.66387993495441
25.6410256410256,-1.48801310572086
25.6099310025846,0.114756312965871
25.4334576130465,-2.0855458889852
25.2582002696278,0.716339615522561
25.0841505927754,-0.34258408994027
25,0.68798929977577
24.9113002606779,-2.79793033619115
24.7396410088681,-3.58101243398404
24.5691646298279,-3.07363084032276
24.3998629725955,-2.84381972876032
24.390243902439,-3.32786695077716
24.231727942376,-2.60647905602114
24.0647515001542,0.243530543923517
23.8989256623105,-2.45211094077664
23.8095238095238,-3.45280052973682
23.7342425002387,-0.801118937636356
23.5706941399673,-2.85809133695558
23.4082727617829,-1.26862859936248
23.2558139534884,-2.08502924768758
23.2469705998565,-2.40223246356389
23.0867799418717,-2.36965893414726
22.9276931286565,-0.611969100521416
22.7697025538168,-0.726534921113891
22.7272727272727,-0.14533281444228
22.6128006633728,-2.69275416208024
22.4569799553977,-1.39126801461235
22.3022329796594,-1.47657679034536
22.2222222222222,-2.61032497331747
22.1485523372636,0.652274866857728
21.9959306803007,-2.47490950523759
21.8443607114943,-2.93169380398465
21.7391304347826,-3.03132993598048
21.6938351838518,-3.40042982546351
21.5443469003188,-2.7920182025645
21.3958887134342,-0.686123907760712
21.2765957446809,-2.08055566743347
21.2484535249888,-3.40323496149592
21.102034285686,-3.04296430380823
20.9566239948043,-2.8672876745155
20.8333333333333,-2.99057346327369
20.8122156998634,-1.61979992729597
20.6688024962908,-3.32747166957018
20.5263775270925,-2.78728223142987
20.4081632653061,-2.66676075485871
20.3849339825246,-2.57176129897486
20.244465099768,-0.750198169714262
20.104964162605,-0.734774391040683
20,-3.43282798706972
19.9664245010979,-2.68961594257088
19.8288394912707,-3.02557313039945
19.6922025547917,-1.69198838032734
19.6078431372549,-3.3945780226539
19.5565071586595,-1.33158759228585
19.4217468148903,-0.720943792364277
19.2879150802078,-3.35910519122687
19.2307692307692,-2.97558952250916
19.1550055557353,-2.1624976829943
19.0230118866894,-2.63423386698748
18.8919277620767,-1.65613573656206
18.8679245283019,-2.5639860987906
18.7617469143912,-3.32418991237734
18.6324631193156,-3.29894277325273
18.5185185185185,-2.82090017728062
18.504070195423,-3.11020640442204
18.3765620038817,-3.24849222184194
18.2499324481615,-3.24167961981753
18.1818181818182,-3.00112649586465
18.1241754737424,-1.51955794157494
17.9992850678248,-3.45759563100931
17.8752552590424,-3.0942860885939
17.8571428571429,-1.44531703352494
17.7520801171764,-3.32198348332634
17.6297537528721,-2.53441322766222
17.5438596491228,-2.28721625369108
17.5082703173572,-3.33119793057672
17.3876240021625,-3.18774684717296
17.2678090388436,-3.49540476812951
17.2413793103448,-1.74761485781282
17.1488196987054,-3.31133282171457
17.0306502925284,-1.85162348746639
16.9491525423729,-1.93679053030989
16.9132951702965,-3.13943739414521
16.7967487209265,-3.36094639205664
16.6810053720006,-2.35383164386566
16.6666666666667,-2.64430803173347
16.5660595894991,-1.57944880455936
16.4519058775366,-2.77690081472094
16.3934426229508,-3.48977312496889
16.3385387780986,-3.40664770803384
16.2259528707809,-3.51852742139915
16.1290322580645,-3.3051379985991
16.1141427725302,-1.24865255328488
16.003103137387,-3.49132336740412
15.8928286562298,-2.67734170908896
15.8730158730159,-1.96352989137015
15.7833140565212,-2.95740683107227
15.674554102056,-3.17440767680692
15.625,-1.11088399191727
15.5665435927106,-1.91127130696087
15.4592773641948,-3.12841455421833
15.3846153846154,-2.84750455649914
15.3527502878042,-2.18257040211277
15.2469572701757,-2.74155431696191
15.1515151515152,0.976025825118161
15.1418932530435,-1.82918784906628
15.0375532129974,-0.949657140684262
14.9339321612425,0.399138192177408
14.9253731343284,-0.416819306087954
14.831025143361,-2.38505414003118
14.728827239075,-2.67927496629731
14.7058823529412,-3.51544041267995
14.6273335620113,-3.05538190882823
14.5265392594678,-2.08824295082853
14.4927536231884,-3.65781991018586
14.4264395121816,-2.84416023581535
14.3270295340983,-2.04504508938684
14.2857142857143,-0.258362016605825
14.2283045721435,-2.11382889272526
14.1302599059953,-3.18394020108756
14.0845070422535,-0.447937482811237
14.0328908478587,1.40334986638483
13.9361927422414,-3.47394905466022
13.8888888888889,-1.87411015197052
13.8401609657313,-2.26837690544287
13.7447909267754,-0.439017583846019
13.6986301369863,-1.47232925824779
13.6500780654601,-3.64679229120871
13.5560178532937,-0.855164545313481
13.5135135135135,-2.79604083605578
13.4626057929891,-3.03088395221668
13.3698374182495,-2.95763417101368
13.3333333333333,-1.12616116392963
13.2777082935543,-3.22383956048328
13.1862140139475,-3.29287221603716
13.1578947368421,-2.76505974368218
13.0953502048267,-1.49230743915002
13.0051125217341,-3.27969035841597
12.987012987013,-3.61047261562551
12.9154966501488,-2.97744280526247
12.8264983052806,-1.6990760990031
12.8205128205128,-2.13931226589024
12.7381132318648,-2.99382710475841
12.6582278481013,-3.41397152131291
12.650337203959,-2.22294014870003
12.5631660247412,-3.03049677381635
12.5,-2.60310376376666
12.4765955263087,-3.23715926130607
12.3906215694792,-2.85798916436486
12.3456790123457,-3.50128458375384
12.3052400435926,-3.58754467892863
12.2204468663149,-1.92653451159931
12.1951219512195,-2.81008308330585
12.1362379834424,-2.34014853892382
12.0526093687084,-3.06700303213166
12.0481927710843,-3.20304274832678
11.9695570235904,0.927039904001721
11.9047619047619,-2.86234740756346
11.887076977119,-1.90739537590538
11.8051652856881,-2.83388272201749
11.7647058823529,-2.32581122655905
11.723818032866,0.139758817329455
11.6430313292088,-1.04158125801127
11.6279069767442,-3.58038757107182
11.5628013120738,-3.06255724921307
11.4942528735632,-1.59368999796343
11.4831241454351,-1.63167844137758
11.4039960197003,-3.63916413740919
11.3636363636364,-3.00527652821283
11.3254131515281,-3.35556644748807
11.2473717836475,-2.54527022452633
11.2359550561798,-3.01129815410406
11.1698681846782,-2.34620159856332
11.1111111111111,-2.53448827023636
11.0928986489522,-3.30140158473447
11.0164594963366,-2.66692716569546
10.989010989011,-3.42357221697334
10.9405470720574,-2.44033332763906
10.8695652173913,-2.7665025779833
10.8651577465254,-2.84462025928131
10.7902879151618,-2.47391846255131
10.752688172043,-1.60095835814776
10.7159339982267,-0.638958891369962
10.6420924406472,-0.875016468552057
10.6382978723404,-0.452980883785339
10.568759711848,-3.53828343826727
10.5263157894737,-3.29206237544691
10.4959323055823,-1.88488119686009
10.423606739764,-1.80341460345205
10.4166666666667,0.644323836574178
10.3517795563018,-3.18403229349316
10.3092783505155,-2.67088908547664
10.2804473209331,-3.08093079356758
10.2096066230605,-2.21479072166921
10.2040816326531,-2.34631494310131
10.1392540755882,-2.50239949817411
10.1010101010101,-2.91153342035958
10.0693863147603,-2.05464595689797
10,-2.3701935625093
10,-2.37019356250924
9.9310918137498,-2.76992796469137
9.9009900990099,-1.53315218362782
9.86265846131282,-2.73601173140038
9.80392156862745,-1.91463844865684
9.79469667069539,3.80894178414961
9.72720319245054,-2.98390372772298
9.70873786407767,-2.34325933391456
9.66017479952265,0.348654706443104
9.61538461538461,-2.36171080345123
9.59360828709314,-2.82808238838124
9.52750047242729,-3.09201760736506
9.52380952380952,-2.88072806754949
9.461848194722,-2.66213088118154
9.43396226415094,-3.57948853604314
9.39664831495469,-2.0486333343285
9.34579439252336,-3.47464706963769
9.33189771573324,-2.58664182178581
9.26759330114688,-3.04264561600813
9.25925925925926,-3.08558542346067
9.20373199661822,-3.36579575562562
9.1743119266055,-2.43653235863347
9.14031074875623,-3.61816278553037
9.09090909090909,-1.66686619002599
9.07732652521023,-3.26757419990592
9.01477631452492,-3.23558209155884
9.00900900900901,-1.99107017338046
8.9526571259964,-3.04958592007464
8.92857142857143,-3.48020756969718
8.89096598952916,-3.24820425153411
8.84955752212389,0.899236178048501
8.82969995549409,-3.30342151645244
8.7719298245614,-3.34791861809064
8.76885609458743,-3.54137043144619
8.70843149769072,-2.62587700432042
8.69565217391304,-3.48748759803531
8.64842327573172,-0.727767347970778
8.62068965517241,-1.64037346867864
8.58882855954625,-1.4670902285945
8.54700854700855,-3.06940595431304
8.52964449974102,-1.15266347314398
8.47457627118644,-2.35600974973992
8.47086826655741,-3.38017745838523
8.41249704973612,-3.02073561453208
8.40336134453781,-2.31547817932472
8.35452805838287,-2.04271705934503
8.33333333333333,-1.26536607823449
8.29695852083491,-2.76841608708339
8.26446280991736,-1.69764655979285
8.23978568452852,-3.6570417437628
8.19672131147541,-3.12616717384968
8.18300681586739,-3.63125920320588
8.13008130081301,-2.19851710172416
8.12661920009195,-1.54404584604883
8.0706201411495,-0.959626920434327
8.06451612903226,-2.27486217898651
8.01500696156541,-3.50283977461181
8,-2.51084683745837
7.95977700231498,-3.57299039477403
7.93650793650794,-2.31527808787971
7.90492762269642,-2.6260517467554
7.8740157480315,-2.24404693843278
7.85045620020451,-2.42242913559947
7.8125,-3.61336446065347
7.79636013040523,-2.85393877196035
7.75193798449612,-2.46559974867652
7.74263682681127,-2.92590092448797
7.69230769230769,-2.73135397695766
7.68928372075831,-3.27809295929658
7.63629826128224,-2.21315419267485
7.63358778625954,-2.08042235061681
7.58367791499719,-1.90465330643034
7.57575757575758,-3.48419923760836
7.53142016597437,-3.40469808093216
7.5187969924812,-2.48114235575336
7.47952251562182,-2.44956237111158
7.46268656716418,-3.09328128331468
7.42798248256492,-2.58669042924053
7.40740740740741,-2.13469588182412
7.37679760252773,-3.14263261099795
7.35294117647059,-1.17851758189228
7.32596542821523,-3.54445544366139
7.2992700729927,-3.52584944161732
7.27548352919623,-1.55419122171373
7.2463768115942,-3.29288840340346
7.22534949178722,-2.35601121135884
7.19424460431655,-3.09806957247691
7.17556091893693,-2.90989156636491
7.14285714285714,-2.51413424487144
7.12611543011175,-2.06914289741503
7.09219858156028,-2.77326879748297
7.07701066118189,-2.45220881166069
7.04225352112676,-2.22301452596359
7.02824426430835,-2.96129693398442
6.99300699300699,-1.32874787436667
6.97981390783066,-3.53482382434823
6.94444444444444,-0.325543080913927
6.93171727615541,-1.75039750190403
6.89655172413793,-3.26837690844392
6.8839520696455,-2.68623750391869
6.84931506849315,-3.04691527678399
6.83651600451024,-2.22863063160473
6.80272108843537,-1.80655110615465
6.78940681269611,-2.27166946147464
6.75675675675676,-2.41058507363986
6.74262224177834,-3.45343206463938
6.71140939597315,-2.62605286218409
6.69616005485322,-3.19212244879183
6.66666666666667,-2.87382827694553
6.65001803043112,-2.46261581041194
6.62251655629139,-3.3001567066701
6.6041939623303,-3.1676313236005
6.57894736842105,-2.32513511115148
6.55868565957143,0.0218603089504841
6.5359477124183,-3.08741925281019
6.5134909462728,-3.24237967574306
6.49350649350649,-1.80408424584588
6.46860766154633,-2.08826177982133
6.45161290322581,-3.21606423191123
6.42403365939419,-3.65197163307884
6.41025641025641,-3.59448839832514
6.37976680860628,-3.19737245271987
6.36942675159236,-0.838839039701933
6.33580499265825,-2.25880967644322
6.32911392405063,-2.2230546471426
6.29214610961034,-3.12078160476794
6.28930817610063,-2.3312356144048
6.25,-3.65385407750126
6.24878807200689,-3.65954541417103
6.2111801242236,-0.568224649310632
6.2057288067765,-1.1509284551267
6.17283950617284,-1.79009431046698
6.16296625513294,-3.15207166845762
6.13496932515337,-3.34165974471001
6.1204983724767,-3.07673220611049
6.09756097560976,-2.9863671782911
6.07832312829723,-0.942697079643049
6.06060606060606,-3.64656783606382
6.03643850607587,-3.01835852520697
6.02409638554217,-1.3158522206166
5.99484250318941,-2.88812756977019
5.98802395209581,-3.05950229224124
5.95353313081437,-3.27328302223169
5.95238095238095,-3.01027664356301
5.91715976331361,-1.80273991573297
5.91250841383188,-2.67916575112231
5.88235294117647,-2.87929526025807
5.87176639073326,-2.20262505847044
5.84795321637427,-2.68328142417972
5.83130511352622,-1.80232934870129
5.81395348837209,-3.62349892534213
5.79112264764176,-1.81347195747515
5.78034682080925,-3.3175779662334
5.75121707184161,-2.19327546800839
5.74712643678161,1.70213525642523
5.71428571428571,-3.2563169357595
5.71158647812643,-2.35674240302425
5.68181818181818,-3.32816616885206
5.67222897164454,-1.81543425794116
5.64971751412429,-2.76326269389274
5.63314267060136,-3.16182473383621
5.61797752808989,-3.64472225990361
5.59432570616938,-3.3730547821887
5.58659217877095,-3.31324963863413
5.55577622239888,-1.63189574895439
5.55555555555556,-1.54221592866601
5.52486187845304,-2.89984400568091
5.51749237612913,-3.36898737559012
5.49450549450549,-3.61203508086025
5.47947233690029,-3.42758974025203
5.46448087431694,-1.94964851852033
5.44171428686589,-2.73316617667067
5.43478260869565,-3.12047282056075
5.40540540540541,-3.58683848759479
5.40421642070592,-3.65027522512555
5.37634408602151,-2.70350206527537
5.36697694554048,0.887263961651787
5.3475935828877,-3.53586490895274
5.32999408084409,-3.63396916564111
5.31914893617021,-2.89791199024186
5.29326605836056,-3.40270201618689
5.29100529100529,-2.00158247796265
5.26315789473684,-3.63938405721101
5.25679112201842,-3.23815831644067
5.23560209424084,-3.21921471217281
5.22056752784698,-3.25695722174559
5.20833333333333,-2.64069848304542
5.18459354389291,-3.60868500573262
5.18134715025907,-3.50819699497635
5.15463917525773,-2.98393482748274
5.14886745013749,-3.03887856193743
5.12820512820513,-2.80649467997393
5.11338753841433,-3.32533595809646
5.10204081632653,-2.65506450085915
5.07815211232767,-2.2065257933569
5.0761421319797,0.599912078512166
5.05050505050505,-3.48702875765342
5.04315948717136,-3.18876001707026
5.0251256281407,-2.77888571974206
5.00840798984821,-2.48671086485693
5,-3.22572298585895
4.97512437810945,-3.24817268287863
4.97389595879006,-0.989983744322539
4.95049504950495,-3.09596135579845
4.93962174387832,-3.11287275565287
4.92610837438424,-1.43493460677807
4.90558370636505,-2.42228989159069
4.90196078431372,-2.03454090202042
4.8780487804878,-3.4694762228131
4.87178021879463,-3.44713841241663
4.85436893203883,0.693397457382351
4.83820966492596,-0.022277640082943
4.83091787439613,-2.98818256992738
4.80769230769231,-3.4546138377059
4.80487043965513,-3.01043221101313
4.78468899521531,-2.0939270363546
4.77176094893875,-2.27638486087973
4.76190476190476,-3.53785676807534
4.739336492891,-3.54702406999651
4.73887960971765,-3.61458912942633
4.71698113207547,-2.99557109404101
4.70622484984128,-3.02448194548507
4.69483568075117,-2.83296679498134
4.67379510799246,-1.75030852248686
4.67289719626168,-1.98251076373775
4.65116279069767,-1.49362896868108
4.64158883361278,-3.59170127700615
4.62962962962963,-3.17382033138456
4.60960448682843,-3.62281155550714
4.60829493087558,-2.65734206992426
4.58715596330275,-0.651264711449737
4.57784053837662,-2.97813118427812
4.5662100456621,-3.18259342845063
4.5462954695324,-3.20996401203997
4.54545454545455,-2.75984911599157
4.52488687782805,-3.45635429988102
4.5149677720361,-3.23160595069045
4.5045045045045,0.818958945678806
4.48430493273543,-1.84920212500735
4.48385594802119,-2.27200492286915
4.46428571428571,-2.43965638274444
4.45295850994265,-2.32364795926422
4.44444444444444,-2.06845380578595
4.42477876106195,-3.2050737926407
4.4222739805059,-3.42246639556889
4.40528634361233,-3.2962343363779
4.39180089259609,-3.52628662122693
4.3859649122807,-3.4466626634648
4.36681222707424,-3.46916672676555
4.361537789208,-3.51328119453502
4.34782608695652,-3.39642623584394
4.3314832233764,1.65928073445797
4.32900432900433,-2.65078764554009
4.31034482758621,-2.2518831571234
4.30163575810679,-2.25341124517707
4.29184549356223,-2.92985245965594
4.27350427350427,-2.78261829283535
4.27199396630678,-3.2578164445007
4.25531914893617,-1.03720144158565
4.24255643071778,-1.40530633358072
4.23728813559322,-3.27792058476337
4.21940928270042,-3.50832167291334
4.21332174384729,-3.05267435019108
4.20168067226891,-1.28264816498783
4.18428850790158,-1.24918827554329
4.18410041841004,-0.985388821703405
4.16666666666667,-3.45650553372537
4.15545533471888,-3.01894573738867
4.149377593361,-3.21768239682712
4.13223140495868,-3.38627580597845
4.12682084570295,-2.51721475548664
4.11522633744856,-2.75600317426672
4.09838367175726,-3.43879022712575
4.0983606557377,-3.44165941344941
4.08163265306122,-2.61176934197898
4.07014245321944,-3.54602935037196
4.0650406504065,-3.49560802370722
4.04858299595142,-3.45570875030627
4.04209583979631,-3.61886331129743
4.03225806451613,-2.16553701021105
4.01606425702811,-2.58075508222368
4.01424249049932,-2.99353034751179
4,-2.91027441406627
3.98658107358044,-2.91883430751796
3.98406374501992,-2.2077750478942
3.96825396825397,-2.455982823961
3.95911026646846,-3.60513751389352
3.95256916996047,-3.43635899008815
3.93700787401575,-2.6444694650937
3.93182875570577,-3.01829237474764
3.92156862745098,-1.94886359854216
3.90625,-3.05160679807541
3.90473523688556,-2.66755036843035
3.89105058365759,-3.42872212842216
3.87782841458946,-2.36961542399628
3.87596899224806,-2.73191419030864
3.86100386100386,-3.17901292892513
3.85110700232557,-3.50849610197072
3.84615384615385,-3.04291184625553
3.83141762452107,-2.08329262686727
3.824569722467,-3.23822518117721
3.81679389312977,-0.188165897943587
3.80228136882129,-2.94090003271198
3.79821530619074,-2.18177315648047
3.78787878787879,-3.57511959236201
3.77358490566038,-2.2064664537069
3.772042493417,1.6769368620836
3.7593984962406,-3.26421085993366
3.74605003274899,-1.40726189429439
3.74531835205992,-2.18721484960569
3.73134328358209,-3.10837343394813
3.72023668141307,0.070661062438508
3.71747211895911,-2.68082014805556
3.7037037037037,-2.93529128102569
3.6946012051993,-2.6840101206309
3.690036900369,-2.57989643158639
3.67647058823529,-3.04023932436955
3.66914237840249,-3.63561640757693
3.66300366300366,-1.12945780307011
3.64963503649635,-3.62057828801816
3.64385898376355,-0.553243993031894
3.63636363636364,-2.50912263316196
3.6231884057971,-3.1805055827949
3.61874981241128,-2.40234968913877
3.6101083032491,-1.84281235899361
3.59712230215827,-2.36746545948041
3.59381366380463,-3.57176255326304
3.584229390681,-1.96370074367264
3.57142857142857,-2.29975662813784
3.56904934567523,-2.01868484259527
3.55871886120996,-2.8344172729859
3.54609929078014,-2.89962337494888
3.54445567397043,-0.668992434821358
3.53356890459364,-3.03451853624748
3.52112676056338,-1.42220421065361
3.52003147279668,-3.18353777646801
3.50877192982456,-3.55535945029977
3.4965034965035,-2.77243513740536
3.49577557436328,-3.6604492707177
3.48432055749129,-3.10153329411086
3.47222222222222,-3.49613298075949
3.47168681892656,-2.94035636481838
3.46020761245675,-3.58122265994002
3.44827586206897,-3.23219160350534
3.44776405473446,-3.14348349921256
3.43642611683849,-3.14100250180355
3.42465753424658,-3.09192850116399
3.42400613797142,-1.21481505195605
3.41296928327645,-3.28693813412927
3.40136054421769,-3.29156237602664
3.40041193270371,-2.25734834322911
3.38983050847458,-2.78425297832869
3.37837837837838,0.368609407229418
3.37698031082509,-2.51331800426585
3.36700336700337,-2.97296662000762
3.35570469798658,-2.41141545013279
3.35371015200293,-2.87514982830926
3.34448160535117,0.242931388052246
3.33333333333333,-2.8449021198101
3.33060034362459,-3.06998787319285
3.32225913621262,-2.93517023151498
3.3112582781457,-0.957723741083139
3.30764978074424,-3.43866831419491
3.3003300330033,-3.12546453758024
3.28947368421053,-3.40697135080152
3.28485736603004,-2.7111917668288
3.27868852459016,-3.53855797382148
3.26797385620915,-3.39751943145272
3.26222200971167,-3.40371274503952
3.25732899022801,-2.1406641460186
3.24675324675325,-3.63007979433429
3.2397426295282,-3.66139374127321
3.23624595469256,-3.47753702041741
3.2258064516129,-1.91062573563679
3.21741815067637,-2.97918785106925
3.21543408360129,-3.15081378872405
3.20512820512821,-0.129394856448452
3.19524750575921,-1.33721039551544
3.19488817891374,-1.30270459358108
3.18471337579618,-2.46354945415309
3.17460317460317,-3.64555523010717
3.17322963473498,-2.34687825067182
3.16455696202532,-1.78387483015815
3.15457413249211,-1.73737213360392
3.15136348486648,-2.90946390493066
3.14465408805031,-2.95587785998314
3.13479623824451,-0.745368088159249
3.12964801067075,-1.61636986564288
3.125,-3.66018801988475
3.11526479750779,-3.60361185602577
3.10808217386906,-3.39030908826301
3.1055900621118,-2.94705673074561
3.09597523219814,-2.50545318209198
3.08666494333727,-3.31203807472802
3.08641975308642,-3.44379434505906
3.07692307692308,-2.55638066032999
3.06748466257669,-1.06175721558373
3.06539529505653,-3.3119820969472
3.05810397553517,-2.89757447764269
3.04878048780488,-3.56741000955911
3.0442722120643,-3.62859525632363
3.03951367781155,-2.94277264913556
3.03030303030303,-2.91430075829437
3.02329468440578,-3.2850308331139
3.02114803625378,-2.61109274733142
3.01204819277108,-2.54542245131337
3.003003003003,-3.26058211849463
3.00246170908555,-2.66342617503768
2.9940119760479,-3.14816342068373
2.98507462686567,-3.22659719768812
2.98177229001967,-3.27978471708503
2.97619047619048,-2.02833569993232
2.9673590504451,-3.45515046964691
2.96122543798803,-2.57807145447542
2.9585798816568,-3.57311845973571
2.94985250737463,-2.39527489950667
2.94117647058824,-1.33998601259541
2.94082017058706,-1.88869246414681
2.93255131964809,-3.21451161651272
2.92397660818713,-2.86847238582338
2.92055551218275,-2.87670662643934
2.91545189504373,1.39601979270616
2.90697674418605,-3.26361365855889
2.90043049386399,-3.34946084944333
2.89855072463768,-3.2738871666633
2.89017341040462,-2.88996107669022
2.88184438040346,-3.39669266765081
2.8804441533963,-3.40433529477145
2.8735632183908,-2.72205155866824
2.86532951289398,-2.35122658259341
2.86059553517574,-2.88276527753724
2.85714285714286,-3.14558087573745
2.84900284900285,-3.11778608391274
2.84090909090909,-2.77964831219351
2.8408836901833,-2.82985647794534
2.8328611898017,-3.58887005583115
2.82485875706215,-3.30174005197254
2.82130767593947,-2.90942400120344
2.8169014084507,0.421165493571711
2.80898876404494,-3.52021893097644
2.8018665564592,-2.38105626086776
2.80112044817927,-2.50116246272288
2.79329608938547,-1.64761041064953
2.78551532033426,-3.64240472740668
2.78255940220712,-3.52762185640675
2.77777777777778,-2.93367802703009
2.77008310249307,-2.71622672326917
2.76338529005317,-3.52671243375603
2.76243093922652,-2.77678588315826
2.75482093663912,-1.3663344212788
2.74725274725275,-3.41178726437043
2.74434330322836,-3.43664093391016
2.73972602739726,-3.22273022340665
2.73224043715847,-1.28468206454503
2.72543253128103,-3.18375668696178
2.72479564032698,-1.65182417195963
2.71739130434783,-3.36681665978322
2.710027100271,-2.86631252246449
2.70665207003324,-3.52037552293641
2.7027027027027,-3.19947363455195
2.69541778975741,-3.24971890328275
2.68817204301075,-0.42132941910783
2.68800102153761,0.607249402671859
2.68096514745308,-2.56487354024729
2.67379679144385,-2.42679225289366
2.66947849403432,-2.07422466266994
2.66666666666667,1.39163849966922
2.65957446808511,-2.4706078488051
2.6525198938992,-2.9780187895643
2.65108360190854,-2.8380158067756
2.64550264550265,-2.72104515260433
2.63852242744063,-2.83516242607099
2.63281546564802,-0.668800512796063
2.63157894736842,-1.04675851247292
2.6246719160105,-3.4531484075229
2.61780104712042,-3.54952412238962
2.61467321180109,-3.11015366937302
2.61096605744125,-3.40502555333118
2.60416666666667,-2.34691781555331
2.5974025974026,-3.3750749686029
2.59665597293487,-2.53280701975087
2.59067357512953,-3.41584683672941
2.58397932816537,-3.47739060602957
2.5787628875938,-3.62164332612424
2.57731958762887,-3.41409094745195
2.5706940874036,-3.35146836458507
2.56410256410256,-1.31353651526747
2.56099310025846,-3.53724912313502
2.55754475703325,-1.98992450043262
2.55102040816327,-0.386556831630382
2.54452926208651,-3.05032388479124
2.54334576130465,-2.88914527981511
2.53807106598985,-2.56123107259342
2.53164556962025,-2.97262917251704
2.52582002696278,-3.29844682234654
2.52525252525253,-3.59777849482959
2.51889168765743,-3.31488425451443
2.51256281407035,-3.52475173136015
2.50841505927754,-1.16446161315282
2.5062656641604,-3.5135470047973
2.5,-3.14555747733511
2.49376558603491,-2.79892804895202
2.49113002606779,0.258391702267251
2.48756218905473,-2.93635603108914
2.48138957816377,-2.14889030193818
2.47524752475248,-3.00852462749712
2.47396410088681,-3.20398308681272
2.46913580246914,-3.22785359855252
2.46305418719212,-3.55240803535495
2.45700245700246,-1.49928035534064
2.45691646298279,-1.22370271315445
2.45098039215686,-3.44291982541072
2.44498777506112,-3.57358842020907
2.43998629725955,-3.54070717872816
2.4390243902439,-3.30629645864645
2.4330900243309,-2.84936664607242
2.42718446601942,-3.0196739601897
2.4231727942376,-3.43154447027295
2.42130750605327,-3.59851834700369
2.41545893719807,-2.3205133276238
2.40963855421687,-3.18165095323475
2.40647515001542,-0.209883536259023
2.40384615384615,-1.76319845164998
2.39808153477218,-3.29142198390287
2.39234449760766,-2.85208124965136
2.38989256623105,-3.02563003189162
2.38663484486874,-2.75136008831198
2.38095238095238,-1.21506350236659
2.37529691211401,-3.24119356385359
2.37342425002387,-3.45586468268452
2.3696682464455,-3.31206125154956
2.36406619385343,-3.21977725921992
2.35849056603774,-2.67657782981076
2.35706941399673,-3.47845778977564
2.35294117647059,-3.33422568129346
2.34741784037559,-3.55402530757989
2.34192037470726,-2.67387467466871
2.34082727617829,-2.90765400457802
2.33644859813084,-0.449245642512135
2.33100233100233,-1.00084333872946
2.32558139534884,-3.34204230621101
2.32469705998565,-3.24865351692453
2.32018561484919,-2.36632682861132
2.31481481481481,-3.26318257185845
2.3094688221709,-2.0264084589299
2.30867799418717,-1.90812624297238
2.30414746543779,-3.07095200471017
2.29885057471264,-2.02799849091361
2.29357798165138,-1.87974582121525
2.29276931286565,-2.867739502107
2.2883295194508,-2.23530866583443
2.28310502283105,-3.02224556609481
2.27790432801822,-3.15724227135179
2.27697025538168,-2.96552660116721
2.27272727272727,-3.61191515082772
2.26757369614512,-3.46502346022843
2.26244343891403,-3.29493461196015
2.26128006633728,-2.63985410801761
2.25733634311512,-2.39420495050576
2.25225225225225,-2.36854282092043
2.24719101123596,-2.88984617398297
2.24569799553977,-3.38815056999759
2.24215246636771,-3.03278044115283
2.23713646532438,-2.65484154415939
2.23214285714286,-3.38684262773161
2.23022329796594,-3.52736510879553
2.2271714922049,-0.996232251836015
2.22222222222222,-3.11196613222564
2.21729490022173,-2.62588553749579
2.21485523372636,-2.52499698512612
2.21238938053097,-2.75191793959918
2.2075055187638,-2.94656286081483
2.20264317180617,-2.1982369412026
2.19959306803007,-2.50286768067483
2.1978021978022,-2.87682228266949
2.19298245614035,-2.26024383456034
2.18818380743982,-3.63203130063159
2.18443607114943,-1.05115988589001
2.18340611353712,-2.60768985880078
2.17864923747277,-2.68475133254632
2.17391304347826,-1.50370872781924
2.16938351838518,-3.61885151171422
2.16919739696312,-3.43601035153081
2.16450216450216,-2.96175847898693
2.15982721382289,-2.93175576866725
2.1551724137931,-3.37540738991809
2.15443469003188,-2.59377415752148
2.1505376344086,-2.91780417161903
2.14592274678112,-3.42933252061537
2.14132762312634,-3.33234429083442
2.13958887134342,-3.08960819006434
2.13675213675214,-0.310660085844556
2.13219616204691,-3.48468134536615
2.12765957446809,-2.45194630229541
2.12484535249888,-3.54990506826
2.12314225053079,-2.56951856885784
2.11864406779661,-3.53650427355596
2.11416490486258,-2.26496394687971
2.1102034285686,-3.31806592339664
2.10970464135021,-3.49863903856972
2.10526315789474,-3.4847075086793
2.10084033613445,-3.12546027021194
2.09643605870021,-1.46449273144647
2.09566239948043,-2.62234167279145
2.09205020920502,-3.3871404423764
2.08768267223382,-0.883610241505305
2.08333333333333,-3.331177061763
2.08122156998634,-2.01361991161606
2.07900207900208,-3.07372369334818
2.0746887966805,-3.6183156714183
2.0703933747412,-3.51925519910496
2.06688024962908,-3.06036049842275
2.06611570247934,-2.81374469754031
2.06185567010309,-1.91049013627558
2.05761316872428,-3.52500969118519
2.05338809034908,-1.99071537399747
2.05263775270925,-2.8790201855508
2.04918032786885,-2.8281837446611
2.04498977505112,-3.0462351770809
2.04081632653061,-3.54188150286241
2.03849339825246,-3.49576795906686
2.03665987780041,-3.6151126857314
2.03252032520325,-2.02305498550295
2.02839756592292,-3.44297618797536
2.0244465099768,-1.62223697443771
2.02429149797571,-1.24834209574633
2.02020202020202,-2.65462367843959
2.01612903225806,-3.12929841258078
2.01207243460765,-3.31004546451471
2.0104964162605,-2.2549552247528
2.00803212851406,-1.87464170359307
2.00400801603206,-3.32235512951355
2,-3.56651087493081
1.99664245010979,-3.20755348049299
1.99600798403194,-2.90665899169705
1.99203187250996,-2.81665009555764
1.98807157057654,-3.64824111671346
1.98412698412698,-2.90285915441738
1.98288394912707,-3.26662517584416
1.98019801980198,-3.51564551529999
1.97628458498024,-3.28832630464729
1.9723865877712,-2.75158706677207
1.96922025547917,-3.4461406079035
1.96850393700787,-3.03035928094335
1.96463654223969,-2.80693169824338
1.96078431372549,-3.55436007549805
1.95694716242661,-3.44775308654668
1.95565071586595,-3.06324997833395
1.953125,-3.29112511345339
1.94931773879142,-1.96406008246059
1.94552529182879,-3.49859463281605
1.94217468148903,-2.79551975308304
1.94174757281553,-1.10335934581105
1.93798449612403,-3.60579270955373
1.93423597678917,-3.16081825786831
1.93050193050193,-3.06719572613907
1.92879150802078,-3.37865726789981
1.92678227360308,-3.27649696446569
1.92307692307692,-3.26271078049602
1.91938579654511,-0.794621546605138
1.91570881226054,-3.25348868313769
1.91550055557353,-3.63636463024134
1.91204588910134,-2.80270449661351
1.90839694656489,-1.37784235291049
1.9047619047619,-3.60114875777945
1.90230118866894,-3.10109767333271
1.90114068441065,-3.53698106759036
1.89753320683112,-2.09700260840095
1.89393939393939,-3.53282966181019
1.89035916824197,-3.18251974370117
1.88919277620767,-3.64892747013486
1.88679245283019,-1.32938850433912
1.88323917137476,-3.34031169424004
1.8796992481203,0.77643928009589
1.87617469143912,-2.65304572613554
1.87617260787992,-2.66028920139704
1.87265917602996,-3.43130374470742
1.86915887850467,-3.63656366977436
1.86567164179104,-3.58930402139462
1.86324631193156,-3.02954308209682
1.86219739292365,-2.82702458131565
1.85873605947955,-2.388240305547
1.85528756957328,-2.94653335441567
1.85185185185185,-2.6833655362593
1.8504070195423,-3.36667314405504
1.84842883548983,-2.13950755874499
1.8450184501845,-2.47690224061939
1.84162062615101,-3.59893917918863
1.83823529411765,-1.45136594729662
1.83765620038817,-3.48480834861369
1.8348623853211,-3.18206823369992
1.83150183150183,-3.61970101669767
1.82815356489945,-1.64041596333486
1.82499324481615,-2.69831432991746
1.82481751824817,-3.20187717233584
1.82149362477231,-2.25762611078677
1.81818181818182,-3.02321246989454
1.81488203266788,-2.80453746593202
1.81241754737424,-3.28016847908027
1.81159420289855,-3.63007587804584
1.80831826401447,-2.92572897854081
1.80505415162455,-3.36954642128667
1.8018018018018,-2.74643927779529
1.79992850678248,-0.694528346108835
1.79856115107914,-2.64681543484233
1.79533213644524,-2.48828489544617
1.7921146953405,-2.76383155020793
1.78890876565295,-3.35249953535041
1.78752552590424,-2.43269796419049
1.78571428571429,-3.6310360931687
1.7825311942959,-3.24277656613948
1.77935943060498,-3.02636949628673
1.77619893428064,-3.31341099800668
1.77520801171763,-3.33574355490354
1.77304964539007,-3.09623301159111
1.76991150442478,-3.44395660526369
1.76678445229682,-3.066972838326
1.7636684303351,-1.82189244541497
1.76297537528721,-3.66319630393114
1.76056338028169,-3.39973958346389
1.75746924428822,-2.46074635620426
1.75438596491228,-3.05662633759753
1.75131348511384,-2.13524624799889
1.75082703173572,-3.28317436760095
1.74825174825175,-0.33715622264351
1.74520069808028,-2.04951295993605
1.74216027874564,-2.82054931322402
1.73913043478261,-3.5189352090165
1.73876240021625,-3.39655590675685
1.73611111111111,-1.759137576165
1.73310225303293,-3.40748870620682
1.73010380622837,-1.23807891928969
1.72711571675302,-2.94316826587457
1.72678090388436,-3.56185747404664
1.72413793103448,-1.84993361135356
1.72117039586919,-3.37264932121571
1.71821305841924,-2.7789388731454
1.71526586620926,-3.5199885691435
1.71488196987054,-2.70275262132317
1.71232876712329,-3.05634479742043
1.70940170940171,-0.889105524431311
1.70648464163823,-3.41433004226216
1.70357751277683,-3.49864737897404
1.70306502925284,-3.34079019934701
1.70068027210884,-3.57327772172719
1.69779286926995,-1.08791542535833
1.69491525423729,-2.83183193990986
1.69204737732657,-3.53595849639326
1.69132951702965,-2.94251110435728
1.68918918918919,-3.41743321144811
1.68634064080944,-2.84043214260781
1.68350168350168,-3.38803115283077
1.68067226890756,-0.195428908495084
1.67967487209265,-3.03957448236444
1.67785234899329,-1.94267738897754
1.6750418760469,0.0169800785019065
1.67224080267559,-2.25860639705983
1.669449081803,-2.42688153504452
1.66810053720006,-1.53434921787059
1.66666666666667,-3.018158560537
1.66389351081531,-3.08230001598174
1.66112956810631,-0.95748190438827
1.65837479270315,-3.02394163774177
1.65660595894991,-3.43266092228843
1.65562913907285,-2.77331178722214
1.65289256198347,-3.45814151402693
1.65016501650165,-2.93498428477677
1.64744645799012,-2.85719719947742
1.64519058775366,-3.13571154786727
1.64473684210526,-0.961302152380067
1.64203612479475,-3.08842724551173
1.63934426229508,-2.32550862421941
1.6366612111293,-2.90258703189717
1.63398692810458,-3.35393885846421
1.63385387780986,-1.87391712496626
1.63132137030995,-3.44766387439959
1.62866449511401,-2.74814995042318
1.6260162601626,-3.52583879912838
1.62337662337662,-3.28715436951357
1.62259528707809,-3.52416105849324
1.62074554294976,-3.44128345819224
1.61812297734628,-3.0974260766833
1.61550888529887,-3.38667312358113
1.61290322580645,-2.00468377632147
1.61141427725302,-0.900714752570262
1.61030595813205,-3.35453451562283
1.60771704180064,-3.54423756639768
1.60513643659711,-1.98006719476397
1.6025641025641,-2.63035384299418
1.6003103137387,-2.8440023637669
1.6,1.31339680213448
1.59744408945687,-1.73776008778385
1.59489633173844,-0.512561361487211
1.59235668789809,-0.861764126122163
1.58982511923688,-3.51611926492226
1.58928286562298,-2.52651502145595
1.58730158730159,-2.71083111069309
1.58478605388273,-2.6511161126054
1.58227848101266,-3.26884920334238
1.57977883096367,-2.94682493716207
1.57833140565212,-2.15817996827583
1.57728706624606,-0.783842086915068
1.5748031496063,-2.24897952996103
1.57232704402516,-3.00636166036643
1.56985871271586,-0.933423759500054
1.5674554102056,-3.57018840525732
1.56739811912226,-3.36370162468334
1.56494522691706,-2.8717890228702
1.5625,-2.94155011375666
1.5600624024961,-3.6625729222403
1.55763239875389,-3.12700805048491
1.55665435927106,-2.7460192892283
1.5552099533437,-2.33616734080045
1.5527950310559,-3.27869035787348
1.55038759689922,-2.82730845861711
1.54798761609907,-1.54609087271985
1.54592773641948,-2.82053123877098
1.54559505409583,-3.03252392162995
1.54320987654321,-3.35649063235608
1.54083204930663,-3.17263531772268
1.53846153846154,-2.07381965236534
1.53609831029186,-2.42568806513206
1.53527502878042,-1.12045212373279
1.53374233128834,-2.62574540009798
1.53139356814701,-3.55731432792471
1.52905198776758,-2.69069593623139
1.52671755725191,-2.7298346461856
1.52469572701757,-2.16848246224141
1.52439024390244,-3.31665136109417
1.5220700152207,-2.18830240080727
1.51975683890577,-2.38343380617321
1.51745068285281,-2.11803272717996
1.51515151515152,-0.865228730980912
1.51418932530435,-2.38683796998422
1.51285930408472,-1.21260772007822
1.51057401812689,-2.86388958008107
1.50829562594268,-2.06987657848036
1.50602409638554,-2.70200608783021
1.50375939849624,-3.06927337253166
1.50375532129974,-3.09381047824304
1.5015015015015,-2.26316795723546
1.49925037481259,-1.12881799387007
1.49700598802395,-3.51095010001763
1.49476831091181,-3.37642948358724
1.49339321612425,-1.98396459118752
1.49253731343284,-3.22311466729688
1.4903129657228,-3.5527960637457
1.48809523809524,-3.4718675515151
1.48588410104012,-2.33827015908018
1.48367952522255,-2.31850380095089
1.4831025143361,-2.49618492285263
1.48148148148148,-3.31289177079339
1.4792899408284,-3.22538784066235
1.47710487444609,-1.87412363178684
1.47492625368732,-2.92613783239407
1.4728827239075,-3.07512896910419
1.47275405007364,-3.19504261927171
1.47058823529412,-3.57712243964839
1.46842878120411,-1.00300281673581
1.46627565982405,-1.66491270711908
1.46412884333821,-0.509912224543522
1.46273335620113,-2.40992356077298
1.46198830409357,1.89060439668196
1.45985401459854,-3.08874450247869
1.45772594752187,-3.00065646218605
1.45560407569141,-1.41455775734031
1.45348837209302,1.38121013511399
1.45265392594678,-2.9553809665599
1.45137880986938,-2.32564941374879
1.44927536231884,0.74881387413213
1.44717800289436,-3.36565651538602
1.44508670520231,-3.64058445579014
1.44300144300144,-2.26866374702395
1.44264395121816,-1.01224256790057
1.44092219020173,-3.55602844189418
1.43884892086331,-2.50335670562286
1.4367816091954,-3.34900897234364
1.43472022955524,-3.48704227095224
1.43270295340983,-2.82477679509334
1.43266475644699,-2.91791905020694
1.43061516452074,-2.48988202712278
1.42857142857143,-0.251194272688347
1.4265335235378,1.04484342747383
1.42450142450142,-1.64479983821341
1.42283045721435,-1.08546237085131
1.42247510668563,-3.49438713927197
1.42045454545455,-0.0766250920550915
1.41843971631206,-1.04122062450956
1.41643059490085,-3.24374877348729
1.41442715700141,-0.35213998817441
1.41302599059953,-1.68257902889051
1.41242937853107,-2.02557990931315
1.41043723554302,-3.30899425799954
1.40845070422535,-2.99122378833401
1.40646976090014,-3.41508086167435
1.40449438202247,-3.04956743787012
1.40328908478587,-2.4816621494668
1.40252454417952,-3.23944396960531
1.40056022408964,-3.23898062732631
1.3986013986014,-3.53606853657349
1.39664804469274,-2.08290363155184
1.39470013947001,-3.10684098445661
1.39361927422414,-1.85351208783483
1.39275766016713,-3.3395689400174
1.39082058414465,-1.828691298353
1.38888888888889,-3.48597169638405
1.3869625520111,-2.8923447225337
1.38504155124654,-3.43373372002081
1.38401609657313,-1.36241399423831
1.38312586445367,-1.55024908848697
1.38121546961326,-3.02887335884419
1.37931034482759,-3.15665602840441
1.37741046831956,-3.63834005714279
1.37551581843191,-1.00130792515049
1.37447909267754,-2.99524467854531
1.37362637362637,-2.82870684198393
1.37174211248285,-3.44441339740818
1.36986301369863,-1.89997603487678
1.36798905608755,-3.52079315731482
1.36612021857923,-3.59373438988488
1.36500780654601,-0.0303882370871902
1.36425648021828,-2.77590707282711
1.36239782016349,-3.37214919774218
1.36054421768707,-1.43866634202693
1.35869565217391,-3.62355259362301
1.35685210312076,-3.1858456361033
1.35560178532937,1.829889893795
1.3550135501355,1.18606100269982
1.3531799729364,-3.36757568700197
1.35135135135135,-2.93145601759069
1.34952766531714,-3.12739127195568
1.34770889487871,-2.43876173271665
1.34626057929891,-2.94164873737896
1.34589502018843,-2.47547914956335
1.34408602150538,-2.25108311273335
1.34228187919463,-0.616068437784842
1.34048257372654,-3.63076827859255
1.33868808567604,-1.99301106385551
1.33698374182495,-2.7970215094205
1.33689839572193,-3.08547454151001
1.33511348464619,-3.13684019539324
1.33333333333333,-3.35438810254494
1.33155792276964,-2.56181045545047
1.32978723404255,-3.59768192765041
1.32802124833997,-2.56033697817689
1.32777082935543,-2.45781612335885
1.3262599469496,-2.45497391155471
1.32450331125828,-1.81674984538416
1.32275132275132,-3.30510184371398
1.32100396301189,-2.96242215075527
1.31926121372032,-3.43994227753215
1.31862140139475,-3.14153067820056
1.31752305665349,-3.58611840693292
1.31578947368421,-3.19804120670509
1.31406044678055,-0.569415673352903
1.31233595800525,0.366805994837525
1.31061598951507,-3.04024609618325
1.30953502048267,-1.32742695706532
1.30890052356021,1.12319750195771
1.30718954248366,-0.176251301513655
1.30548302872063,-2.67459226465102
1.30378096479791,-1.81392921911229
1.30208333333333,-1.5772048750661
1.30051125217341,-1.02322567270674
1.30039011703511,-2.94557807987824
1.2987012987013,-2.33001332691203
1.2970168612192,-2.43771307921063
1.29533678756477,-3.5242438279664
1.29366106080207,-2.69491814846001
1.29198966408269,-3.02322379198246
1.29154966501488,-2.52792988898717
1.29032258064516,-3.54204090309572
1.28865979381443,-2.10638682599126
1.28700128700129,-2.48848841675034
1.2853470437018,1.70168193345295
1.28369704749679,-2.98428474237768
1.28264983052806,-3.54960294771488
1.28205128205128,-2.16216579873399
1.28040973111396,-3.53815486615191
1.27877237851662,-2.5045309348814
1.27713920817369,-2.48776926929691
1.27551020408163,-3.09562691919829
1.27388535031847,-0.30274054638708
1.27381132318648,-1.53006980530274
1.27226463104326,-2.86904920572304
1.27064803049555,-1.8374069126737
1.26903553299492,-2.99702586095155
1.26742712294043,-3.64061731622636
1.26582278481013,-3.277109849056
1.2650337203959,-3.51159196616522
1.26422250316056,-0.160653888774799
1.26262626262626,-3.40650594858168
1.26103404791929,-1.99099720613337
1.25944584382872,-1.18130827406467
1.25786163522013,-3.30941469906726
1.25631660247412,-1.70781384706209
1.25628140703518,-1.06049108483979
1.25470514429109,0.413114785597249
1.2531328320802,-2.74529546591706
1.25156445556946,-2.42620034556857
1.25,-3.21797049789775
1.24843945068664,-3.30828638489585
1.24765955263087,-0.848762626221752
1.24688279301746,-3.47124164036948
1.2453300124533,0.161638167597563
1.24378109452736,-1.26625466810791
1.24223602484472,-3.5907384087064
1.24069478908189,-2.98686111966425
1.23915737298637,-3.45745857952012
1.23906215694792,-3.41712508993912
1.23762376237624,-2.1044411201919
1.23609394313968,-3.62031923648278
1.23456790123457,-3.5872920636532
1.23304562268804,-2.41732363735285
1.23152709359606,-2.48433187069598
1.23052400435926,-3.11120209363998
1.230012300123,-3.41522723862628
1.22850122850123,-2.51635606993905
1.22699386503067,-3.26260083137872
1.22549019607843,-2.67602158845805
1.22399020807834,-3.54687694662892
1.22249388753056,-3.59584048168791
1.22204468663149,-3.16230994340047
1.22100122100122,-2.78038621324476
1.21951219512195,-2.26799978395554
1.21802679658952,-3.40816873857791
1.21654501216545,-3.2360104633493
1.21506682867558,-2.85812345801294
1.21362379834424,-3.65336833617691
1.21359223300971,-3.57489309647046
1.21212121212121,-2.27273916904535
1.21065375302663,-0.773369267308889
1.20918984280532,-3.12564384279271
1.20772946859903,-3.07421584111089
1.20627261761158,-1.97114314081777
1.20526093687084,-2.84522362283057
1.20481927710843,-3.25151893631969
1.20336943441637,-0.161747387235645
1.20192307692308,-3.11441495919804
1.20048019207683,-2.31272999918969
1.19904076738609,-2.24126796283907
1.19760479041916,-3.61722392983954
1.19695570235904,-0.449978695946281
1.19617224880383,-3.51479030448122
1.194743130227,-2.21834695847188
1.19331742243437,-2.21470401917041
1.19189511323004,-1.66745702307717
1.19047619047619,-2.70090496146575
1.18906064209275,-2.34228492521189
1.1887076977119,-1.20300484059662
1.18764845605701,-1.36613555097811
1.18623962040332,-1.43199470262321
1.18483412322275,-3.61850739610254
1.18343195266272,-2.20090639304585
1.18203309692671,-1.98781876448462
1.18063754427391,-3.2788611865473
1.18051652856881,-3.43995605701225
1.17924528301887,0.0761484673527848
1.17785630153121,-3.46420157843159
1.17647058823529,-2.54035303592762
1.17508813160987,-3.49962201182786
1.17370892018779,-1.95973964003063
1.1723818032866,-2.38571471633956
1.17233294255569,-1.8869391223598
1.17096018735363,-2.57541826486017
1.16959064327485,-2.57108081361856
1.16822429906542,-0.550740461332576
1.16686114352392,0.317181093636084
1.16550116550117,-3.07920361709942
1.16430313292088,-2.95126427037804
1.16414435389988,-1.43671993095038
1.16279069767442,-1.7075059220328
1.16144018583043,-3.41517887332689
1.16009280742459,-3.42537570544139
1.15874855156431,-2.99447146667289
1.15740740740741,-1.72104791628844
1.15628013120738,-1.67264216078861
1.15606936416185,-0.673455815065107
1.15473441108545,-3.58858220739658
1.15340253748558,-1.28636160579485
1.15207373271889,-3.45613238814117
1.15074798619102,-2.89377882318926
1.14942528735632,-3.42813500700144
1.14831241454351,-2.75161421410878
1.14810562571757,-2.4503988059114
1.14678899082569,-1.90134327954054
1.1454753722795,-2.89514697786226
1.1441647597254,-2.72085148304425
1.14285714285714,-2.95927468227976
1.14155251141553,-3.1431275142054
1.14039960197003,-1.95407125862819
1.14025085518814,-1.80823464540888
1.13895216400911,-3.52462769498266
1.13765642775882,-2.58401766384388
1.13636363636364,-1.72158668114939
1.13507377979569,-3.25369260322041
1.13378684807256,-2.4054508726317
1.13254131515281,-1.60732757301617
1.13250283125708,-1.89051908890483
1.13122171945701,-2.11566522131737
1.12994350282486,-3.58054067944523
1.12866817155756,-3.60230675803821
1.12739571589628,-1.88769404682652
1.12612612612613,-3.20204688498991
1.12485939257593,-2.72129323161162
1.12473717836475,-3.59867858479675
1.12359550561798,-0.0644324934868434
1.12233445566779,-3.25603398326099
1.12107623318386,-3.27190529603471
1.11982082866741,-3.4735552722946
1.11856823266219,-3.52251307039527
1.11731843575419,-1.60431892804176
1.11698681846782,-3.4099256320682
1.11607142857143,-3.03656612387725
1.11482720178372,-3.26395243838008
1.11358574610245,-3.47561195875555
1.11234705228031,-2.8073246246066
1.11111111111111,-2.63873809570687
1.10987791342952,-2.6788907435703
1.10928986489522,-1.15029649530536
1.10864745011086,-1.74627678413621
1.10741971207087,-3.12862481192142
1.10619469026549,-0.86659292981157
1.10497237569061,-3.0378896890753
1.1037527593819,-0.171391913934552
1.10253583241455,1.83147036580276
1.10164594963366,-2.48542470790438
1.10132158590308,-3.42871167832042
1.1001100110011,-2.8306264906905
1.0989010989011,-3.54676245271393
1.09769484083425,-2.93528688377939
1.09649122807018,-3.46757539623492
1.09529025191676,-0.585169363142664
1.09409190371991,-3.16453804342201
1.09405470720574,-3.17533858431959
1.09289617486339,-2.37876073270582
1.09170305676856,-1.23329618701883
1.09051254089422,-3.30709030000197
1.08932461873638,-2.76211242517375
1.08813928182807,-2.67629045812965
1.08695652173913,-1.01805714421827
1.08651577465254,-2.03794149606211
1.085776330076,-3.29889134724841
1.08459869848156,-3.24519514531728
1.08342361863489,-3.61273165214926
1.08225108225108,-2.37732497105737
1.08108108108108,-2.64778789444604
1.07991360691145,-2.85617489214398
1.07902879151618,-3.57571637891625
1.07874865156419,-3.25877580800288
1.07758620689655,-1.98725494308895
1.07642626480086,-2.32154172429424
1.0752688172043,-0.573386692023983
1.07411385606874,-3.65822058529165
1.07296137339056,-3.4121445123289
1.07181136120043,1.19198616344672
1.07159339982267,-3.21293404196519
1.07066381156317,-0.684964299478717
1.06951871657754,-3.04446484483661
1.06837606837607,0.94396402299849
1.06723585912487,-1.34061022113444
1.06609808102345,-3.28976016297768
1.06496272630458,-3.03290099750141
1.06420924406472,-2.35617963061407
1.06382978723404,-2.88137650800221
1.06269925611052,-1.70349153227344
1.06157112526539,-2.95557099546131
1.06044538706257,-1.38408676530671
1.0593220338983,-1.20991424565518
1.05820105820106,-3.05142339490565
1.05708245243129,-3.50771854014031
1.0568759711848,-3.60483862891293
1.05596620908131,-2.91325878317853
1.05485232067511,-2.84067776478157
1.05374077976818,-2.76160656721982
1.05263157894737,-3.14837705769646
1.0515247108307,-3.21294051725767
1.05042016806723,-3.16285526398151
1.04959323055823,-3.50150906677758
1.04931794333683,-0.719552570173003
1.0482180293501,-3.38211009574222
1.04712041884817,-2.6174464916781
1.04602510460251,-0.399166145477049
1.04493207941484,-3.43798718100522
1.04384133611691,-3.64451592589433
1.04275286757039,-2.15945686386491
1.0423606739764,-2.72981475539766
1.04166666666667,1.30186738458447
1.04058272632674,-1.08915027346738
1.03950103950104,-3.41870160479446
1.03842159916926,-1.32499776498345
1.03734439834025,-2.58764607181866
1.03626943005181,-2.41863173681302
1.0351966873706,-3.27946197794678
1.03517795563018,-2.69149086064486
1.03412616339193,-3.09396907234965
1.03305785123967,-2.33262701329128
1.03199174406605,-3.47577148699603
1.03092783505155,-3.08847532400879
1.02986611740474,-3.26993083988604
1.02880658436214,-3.25245195157317
1.02804473209331,-3.37572390072635
1.02774922918808,-1.66129321888841
1.02669404517454,-2.81148590293854
1.02564102564103,-3.52060501112821
1.02459016393443,-3.27391714063729
1.02354145342886,-2.75565064770457
1.02249488752556,-3.01615409242877
1.02145045965271,-2.87560428623403
1.02096066230605,-3.13632521863529
1.02040816326531,-3.3738159123548
1.01936799184506,-3.59049747434149
1.0183299389002,-3.49804529889304
1.01729399796541,-3.61961445631477
1.01626016260163,-2.32403736657407
1.01522842639594,-2.29341862158098
1.01419878296146,-3.10240620370744
1.01392540755882,-3.61941635402108
1.01317122593718,-3.20975528286096
1.01214574898785,-3.04465438960328
1.01112234580384,-2.42032059115142
1.01010101010101,-2.60204327956155
1.00908173562059,-1.77997414952857
1.00806451612903,-2.42693935443465
1.00704934541793,0.627952723325355
1.00693863147603,-3.4037906463251
1.00603621730382,-0.667025339736834
1.00502512562814,-3.45402797709668
1.00401606425703,-3.0422705194744
1.00300902708124,1.27281250606045
1.00200400801603,-2.45559242495691
1.001001001001,-3.05543185005321
1,2.37746913570898
