"bfp_output.P","bfp_output.logBF"
1000,0.381757430014138
993.109181374979,0.489684917119765
986.265846131283,0.531601247595963
979.46966706954,0.512801884847666
972.720319245055,0.441484567540461
966.017479952265,0.32532595693785
959.360828709315,0.168728095639854
952.75004724273,-0.0281968194553981
946.184819472201,-0.268651224317931
939.66483149547,-0.556532555020378
933.189771573324,-0.892878836737121
926.759330114689,-1.27243978245398
920.373199661823,-1.68172680237917
914.031074875623,-2.09969319380174
907.732652521023,-2.50115285139058
901.477631452492,-2.86157910697302
895.26571259964,-3.1611554012063
889.096598952916,-3.38654547909403
882.969995549409,-3.53030793945562
876.885609458743,-3.58910666861139
870.843149769073,-3.56231185580124
864.842327573172,-3.45236269438883
858.882855954625,-3.26747280917736
852.964449974103,-3.02559778464986
847.086826655741,-2.75624640108445
841.249704973612,-2.49604828411041
835.452805838287,-2.27822580795542
829.695852083491,-2.12256600762636
823.978568452852,-2.03289991986626
818.300681586739,-2.00220139122707
812.661920009195,-2.02002649702184
807.06201411495,-2.07776960839201
801.500696156541,-2.17023448290031
795.977700231499,-2.29349477303362
790.492762269642,-2.43962261351241
785.045620020451,-2.59166462006543
779.636013040523,-2.7262243778742
774.263682681127,-2.82566539812414
768.928372075831,-2.88764133076351
763.629826128224,-2.92181223533229
758.367791499719,-2.94051014425814
753.142016597437,-2.952738674201
747.952251562182,-2.96246118082778
742.798248256492,-2.96827634985409
737.679760252773,-2.96271495600207
732.596542821523,-2.93248977507381
727.548352919623,-2.86608077100557
722.534949178721,-2.77330047170131
717.556091893692,-2.69349871846104
712.611543011175,-2.66431158942954
707.701066118189,-2.69396170665554
702.824426430835,-2.77206311303363
697.981390783066,-2.88663691192864
693.17172761554,-3.02763997468225
688.39520696455,-3.18207343567384
683.651600451024,-3.32703035813743
678.940681269611,-3.42660402426072
674.262224177835,-3.44074409343097
669.616005485322,-3.34703825576265
665.001803043112,-3.15707179115874
660.419396233031,-2.90827231156738
655.868565957143,-2.64161625651415
651.349094627281,-2.38830418997572
646.860766154633,-2.17027571635783
642.40336593942,-2.00525676563187
637.976680860628,-1.90837310913538
633.580499265825,-1.88908241738199
629.214610961035,-1.94774499936259
624.878807200689,-2.07633475214807
620.57288067765,-2.26219072712656
616.296625513294,-2.48980048698108
612.04983724767,-2.73866248760431
607.832312829723,-2.9809527369308
603.643850607587,-3.18387187106075
599.484250318941,-3.31610038895358
595.353313081437,-3.35237159989701
591.250841383188,-3.27300074999793
587.176639073326,-3.06370758281092
583.130511352622,-2.72593343078644
579.112264764176,-2.30048921661129
575.121707184161,-1.88038550840413
571.158647812643,-1.57287529101422
567.222897164454,-1.43243481983314
563.314267060136,-1.44516721230168
559.432570616938,-1.57070877068868
555.577622239888,-1.77938042853556
551.749237612913,-2.05614989564826
547.947233690029,-2.38293696980703
544.171428686589,-2.72213125150663
540.421642070592,-3.01817096135128
536.697694554048,-3.21064832772289
532.999408084409,-3.24290890078707
529.326605836056,-3.07183779700172
525.679112201842,-2.6967306810787
522.056752784698,-2.19265522628593
518.459354389291,-1.69152587539228
514.886745013749,-1.30408834993757
511.338753841433,-1.06919030928845
507.815211232767,-0.974099988302821
504.315948717136,-0.998494119176267
500.840798984821,-1.13641082908735
500,-1.18729793153913
497.389595879006,-1.38874887232502
493.962174387832,-1.74598335069562
490.558370636505,-2.18447692518974
487.178021879463,-2.66882432332776
483.820966492595,-3.13969939865272
480.487043965513,-3.49876880085931
477.176094893875,-3.63546786929647
473.887960971765,-3.5067387115945
470.622484984128,-3.17849715969525
467.379510799247,-2.76607491139635
464.158883361278,-2.36028127741239
460.960448682844,-2.01126703481328
457.784053837662,-1.74395242134072
454.62954695324,-1.56878163469797
451.49677720361,-1.48745978123558
448.385594802119,-1.50500703986746
445.295850994266,-1.63969088763171
442.22739805059,-1.91071752559717
439.180089259609,-2.29933608549264
436.153778920801,-2.72249643754879
433.14832233764,-3.07500478912565
430.16357581068,-3.30365133816242
427.199396630678,-3.42314210371616
424.255643071778,-3.47813216386892
421.332174384729,-3.50693207698118
418.428850790158,-3.52890278025189
415.545533471888,-3.54906475907755
412.682084570296,-3.56621628563375
409.838367175726,-3.57619665094203
407.014245321944,-3.57118452076541
404.209583979631,-3.54124242595337
401.424249049932,-3.47563735386644
398.658107358044,-3.35925093237246
395.911026646846,-3.18104684514459
393.182875570577,-2.9704091308351
390.473523688556,-2.8129384203669
387.782841458946,-2.76093996678101
385.110700232557,-2.76256580930054
382.4569722467,-2.70086146046692
379.821530619074,-2.41675219802301
377.2042493417,-1.8204957133238
374.605003274899,-1.24695604927642
372.023668141307,-1.17411322471021
369.46012051993,-1.54725035136966
366.914237840249,-2.03194437396651
364.385898376355,-2.02790819042
361.874981241128,-0.850789639950032
359.381366380463,0.745908673520451
356.904934567523,1.43706947728056
354.445567397043,0.931553805782092
352.003147279668,-0.537280154875059
349.577557436327,-2.10279082369974
347.168681892656,-2.77859172275823
344.776405473446,-2.74566261460363
342.400613797142,-2.64502258350164
340.041193270371,-2.54972053942027
337.698031082509,-2.00004939870028
335.371015200293,-0.576852068896538
333.333333333333,1.32757147798809
333.060034362459,1.60957711219267
330.764978074424,3.8865850406891
328.485736603004,4.99970010364543
326.222200971167,3.69057283659582
323.97426295282,0.850799536436928
321.741815067637,-1.39461751191036
319.524750575921,-2.31867570757869
317.322963473498,-2.05469688662374
315.136348486648,-0.947327225660369
312.964801067075,0.265001102691873
310.808217386907,0.857598081570377
308.666494333727,0.770741401615983
306.539529505653,0.288868165305861
304.42722120643,-0.15808784818601
302.329468440578,0.0863597675485339
300.246170908555,1.49906453370896
298.177229001967,3.50416730544068
296.122543798804,4.27692182682221
294.082017058706,3.24867646898285
292.055551218275,1.94983677460205
290.043049386399,1.17122908146708
288.04441533963,0.440709070272864
286.059553517574,-0.169295382797666
284.08836901833,0.379397673041457
282.130767593947,2.25464829794301
280.18665564592,3.54768437203048
278.255940220713,2.70200054929105
276.338529005317,0.392744820812983
274.434330322837,-1.80703768794514
272.543253128103,-2.537768779741
270.665207003324,-0.693704775665917
268.800102153761,3.88811943709009
266.947849403432,9.38777153913022
265.001910968426,12.5794023455479
263.281546564802,11.0474547365238
261.467321180109,5.55070125270276
259.665597293487,-0.652764275938675
257.87628875938,-3.51866384818374
256.099310025846,-2.53411779795347
254.334576130465,0.160459664336021
252.582002696278,3.06238736033364
250.841505927754,5.37498335312437
250,5.89659931614888
249.113002606779,5.5685179131386
247.396410088681,1.56379507313783
245.691646298279,-2.62630290859233
243.998629725955,-3.12878257309368
242.31727942376,-2.19994113455452
240.647515001542,-1.2922268060834
238.989256623105,-0.793554389302225
237.342425002387,-1.21628439533005
235.706941399673,-2.17077440382597
234.082727617829,-1.59855484112814
232.469705998565,0.0299765442522828
230.867799418717,0.722642041020284
229.276931286565,-0.658906262240531
227.697025538168,-2.71636764518883
226.128006633728,-3.13408621236583
224.569799553977,-1.02594276489234
223.022329796594,2.88946297530278
221.485523372636,7.04406125581268
219.959306803008,8.14622574310805
218.443607114943,3.64292424283342
216.938351838519,-1.6490483573193
215.443469003188,-3.33215255189803
213.958887134342,-1.7806784583406
212.484535249888,1.12478917206396
211.02034285686,2.76164587864783
209.566239948043,1.71505287341443
208.122156998634,-0.464410792785553
206.688024962908,-2.31855634649691
205.263775270925,-2.87281595973918
203.849339825246,-2.47582256355205
202.44465099768,-2.37842863082831
201.04964162605,-2.97431102547197
200,-3.37006256067182
199.664245010979,-3.43905322398602
198.288394912707,-3.43123248323861
196.922025547917,-3.25391136946426
195.565071586595,-3.33006878940038
194.217468148903,-3.48726520767233
192.879150802078,-3.462009762426
191.550055557353,-3.42464308789341
190.230118866895,-3.34229067389291
188.919277620767,-3.42085278545569
187.617469143912,-3.6198561896878
186.324631193156,-3.38455341272533
185.04070195423,-3.13476729106169
183.765620038817,-2.67626317174993
182.499324481615,-2.25160565938303
181.241754737424,-2.43441608943517
179.992850678248,-2.2052521098566
178.752552590424,-2.10818373873827
177.520801171764,-2.88308411765392
176.297537528721,-2.97346001313046
175.082703173572,-2.11146494276032
173.876240021625,-0.207232721355477
172.678090388436,1.25962463355545
171.488196987054,-0.179746615133278
170.306502925284,-2.00486817540102
169.132951702965,-3.04277266492441
167.967487209265,-2.76848790041897
166.810053720006,-1.50658806429599
166.666666666667,-1.34183256254807
165.660595894991,-0.0276601056465138
164.519058775366,2.1065743458013
163.385387780986,4.08978631052942
162.259528707809,1.17955998191924
161.141427725302,-3.08523032697566
160.03103137387,-0.899483999817771
158.928286562298,4.50815181574781
157.833140565212,7.90599218473755
156.745541020559,3.31804406507
155.665435927106,-3.0270837457988
154.592773641948,-1.85087258709533
153.527502878042,2.69597525684226
152.469572701757,3.91721727595438
151.418932530435,0.22545540117027
150.375532129974,-3.23361152707222
149.339321612425,-1.48573304001548
148.310251433611,-0.339232572131588
147.28827239075,-1.55377072954955
146.273335620113,-3.176049218691
145.265392594678,-1.81818780981602
144.264395121816,-1.27371466398155
143.270295340983,-1.42654216559851
142.857142857143,-1.68876421390812
142.283045721435,-1.81747223187134
141.302599059953,-1.01700291463087
140.328908478587,-2.17476092302631
139.361927422414,-1.59006524608155
138.401609657313,2.60366825245898
137.447909267754,6.06106331723713
136.500780654601,1.80627215366382
135.560178532937,-3.29495559789323
134.626057929891,-0.941033740970521
133.698374182495,3.92400563390995
132.777082935543,1.68133793630564
131.862140139475,-2.26296288226943
130.953502048267,-3.54560850953539
130.051125217341,-3.45044125385918
129.154966501488,-2.95815453325188
128.264983052806,-2.70715424500802
127.381132318648,-3.22453690765969
126.50337203959,-2.96037654854946
125.631660247412,-1.82795333883298
125,-1.38062080882089
124.765955263087,-1.65214584240324
123.906215694792,-3.43839415091055
123.052400435926,-3.37584350320808
122.204468663149,-2.297448842131
121.362379834424,-2.1771291821018
120.526093687084,-3.04880224813878
119.695570235904,-3.51454067338217
118.87076977119,-3.33072953402334
118.051652856881,-3.04419506980723
117.23818032866,-3.03354626261123
116.430313292088,-3.38609038735278
115.628013120738,-3.65610655027454
114.831241454351,-3.25832281185456
114.039960197003,-2.71560815478689
113.254131515281,-2.88737532134102
112.473717836475,-3.64436336778071
111.698681846782,-2.80768613898978
111.111111111111,-1.16130081630431
110.928986489522,-0.731105085070037
110.164594963366,-0.534393841430822
109.405470720574,-2.96814513033938
108.651577465254,-2.98975818758047
107.902879151618,-0.915106175018887
107.159339982267,-0.48231248638255
106.420924406472,-2.73936804875266
105.68759711848,-1.87683217364791
104.959323055823,-0.776287988011243
104.23606739764,-3.17274259670607
103.517795563018,-2.8172904282997
102.804473209331,0.637045361818612
102.096066230605,-0.346755132707282
101.392540755882,-2.48728589000386
100.693863147603,-1.45782912354336
100,-1.01939534089937
100,-1.01939534089937
99.310918137498,-1.29071892695519
98.6265846131283,-2.48603363993432
97.946966706954,-2.67311213189604
97.2720319245054,-2.5037155182073
96.6017479952265,-3.59242259709493
95.9360828709315,-2.78395125291974
95.2750047242729,-2.53901125595781
94.61848194722,-3.53545473196918
93.966483149547,-0.072241098022924
93.3189771573324,-0.519370890378506
92.6759330114688,-3.57573169097422
92.0373199661823,-1.6933585689096
91.4031074875623,-1.05283991945857
90.9090909090909,-2.11117257506948
90.7732652521023,-2.13035148386033
90.1477631452492,-2.97306540766383
89.526571259964,-2.96558879661576
88.9096598952916,0.483990118839974
88.2969995549409,-0.284943880423849
87.6885609458743,-3.58143969309715
87.0843149769073,-1.10156865068724
86.4842327573172,-1.40508299900444
85.8882855954625,-2.68784141359451
85.2964449974102,-1.70950080437417
84.7086826655741,-2.70001541058654
84.1249704973612,-1.72838187130021
83.5452805838287,-3.56949885909834
83.3333333333333,-2.76256504135894
82.9695852083491,-1.13813556712436
82.3978568452852,-3.45774810641792
81.8300681586739,2.18749080948625
81.2661920009194,-0.554534364105687
80.706201411495,-0.884483042277007
80.150069615654,9.31442727740053
79.5977700231498,-1.23913443266452
79.0492762269642,-1.47814051649756
78.5045620020451,-0.31383883121624
77.9636013040523,1.49796786151929
77.4263682681127,-3.64670240973221
76.9230769230769,1.45652436074837
76.8928372075831,1.80350439507381
76.3629826128224,-3.18449875003106
75.8367791499719,-1.7109158190169
75.3142016597437,-2.67606542689584
74.7952251562182,-2.68165438649832
74.2798248256491,-2.73638715310598
73.7679760252773,-3.14488836276349
73.2596542821523,-2.45179475059013
72.7548352919623,-3.49570570605722
72.2534949178722,-3.63019289379572
71.7556091893693,-2.72582487596274
71.4285714285714,-1.46555075450804
71.2611543011175,-1.85009629655301
70.7701066118189,-2.97013509243502
70.2824426430835,-1.06266935213862
69.7981390783066,-1.93139119014763
69.3171727615541,-3.22649391292689
68.839520696455,-3.37423483293876
68.3651600451024,-0.672366619375206
67.8940681269611,-2.88364697802909
67.4262224177834,-1.73631545612663
66.9616005485322,-3.20216187419417
66.6666666666667,1.35615633715903
66.5001803043112,1.3288866541641
66.0419396233031,-1.80630744666574
65.5868565957143,-0.0844992282191681
65.134909462728,-1.22321926868967
64.6860766154633,-2.25375252784424
64.2403365939419,-1.86919053230543
63.7976680860628,-3.08581923428495
63.3580499265825,0.255001412864392
62.9214610961034,-2.62375594118869
62.5,-1.8759507686194
62.4878807200689,-1.92019563453196
62.057288067765,-2.99231211669824
61.6296625513294,-2.7923693054163
61.204983724767,-3.51868484406504
60.7832312829723,-2.15478895379625
60.3643850607587,-3.52748556938279
59.9484250318941,-3.07066427280598
59.5353313081437,-3.66013018839827
59.1250841383188,-3.62964914404345
58.8235294117647,-2.96881904315175
58.7176639073326,-1.77882753540798
58.3130511352622,-2.75611317456035
57.9112264764176,-2.68031500509572
57.5121707184161,-2.36102206168386
57.1158647812643,-3.6586948861205
56.7222897164454,-2.91674690536625
56.3314267060136,-2.37952773304896
55.9432570616938,-2.4785804463526
55.5577622239888,-2.18950700679884
55.5555555555556,-2.1631886672733
55.1749237612912,-1.63751166600387
54.7947233690029,-3.0713075638453
54.4171428686589,-2.82578976309564
54.0421642070592,-2.88700185571461
53.6697694554048,-3.12584312433271
53.2999408084409,-3.52225718234287
52.9326605836056,-2.21080038657565
52.6315789473684,-2.90526239224534
52.5679112201842,-3.04329705578386
52.2056752784698,-1.45568627245135
51.8459354389291,-3.23707266929299
51.488674501375,-3.58575613247184
51.1338753841433,-2.64217837203385
50.7815211232767,-2.55479772534833
50.4315948717136,-0.476486479110814
50.0840798984821,-3.31158470740159
50,-2.90373113859634
49.7389595879007,-3.43043809913687
49.3962174387832,-2.48844285107058
49.0558370636505,-2.66608999844758
48.7178021879463,-2.80233421392243
48.3820966492596,-3.2731722523123
48.0487043965513,-0.162478493985655
47.7176094893875,-2.94478310010957
47.6190476190476,-1.89796656169339
47.3887960971765,-2.28932712616848
47.0622484984128,-3.41065241045491
46.7379510799246,1.72160511181859
46.4158883361278,-1.98012673077387
46.0960448682843,-2.08397500217559
45.7784053837662,-2.84627473695307
45.462954695324,-2.70506321174666
45.4545454545455,-2.69190502852536
45.149677720361,-2.64350241605008
44.8385594802119,-1.98858840283368
44.5295850994266,-2.67686160669502
44.222739805059,8.71878000135395
43.9180089259609,-0.416606062185944
43.6153778920801,-0.830121859146923
43.4782608695652,-2.1641008674007
43.314832233764,-2.0039646794237
43.016357581068,-3.60870326910507
42.7199396630678,-1.40690425129948
42.4255643071778,-2.13519303928144
42.1332174384729,-0.710502607314292
41.8428850790158,-1.22283886972933
41.6666666666667,-3.0955304967242
41.5545533471888,-1.44220938722433
41.2682084570295,-3.36675000119281
40.9838367175726,-1.33330369295636
40.7014245321944,-2.52994461784011
40.4209583979631,-3.47332027480423
40.1424249049932,0.376942850916511
40,-3.05765292344882
39.8658107358044,-1.75430506427765
39.5911026646846,-2.98934370930463
39.3182875570577,-2.50753719945841
39.0473523688556,-0.80432159119827
38.7782841458946,-2.92496754263903
38.5110700232557,-3.23649822316583
38.4615384615385,-3.55598806199866
38.24569722467,-1.29018382120473
37.9821530619073,-1.45120503354745
37.72042493417,-3.36165288982364
37.4605003274899,-1.94861851558873
37.2023668141307,-3.0979926228919
37.037037037037,-3.58858340088529
36.946012051993,-3.26178158921006
36.6914237840249,-2.07748156359083
36.4385898376355,-2.62446827965193
36.1874981241128,-2.62767542867716
35.9381366380463,-3.29157282764065
35.7142857142857,-2.62500544934333
35.6904934567523,-2.90004056620306
35.4445567397043,-0.810429823721743
35.2003147279668,-2.25366011637449
34.9577557436328,-3.27693999760386
34.7168681892656,-3.49686040443243
34.4827586206897,-3.49783396315332
34.4776405473446,-3.42866012257387
34.2400613797142,-3.12524220487206
34.0041193270371,-1.26250798154744
33.7698031082509,-3.54599613974913
33.5371015200293,-1.62019361828437
33.3333333333333,-2.24371134762812
33.3060034362459,-0.0795017780450378
33.0764978074424,-3.1510300340151
32.8485736603004,-3.13542206722355
32.6222200971167,-2.84714038756062
32.397426295282,1.19081285990321
32.258064516129,-2.84671549655341
32.1741815067637,0.208276461392974
31.9524750575921,-3.15824728842265
31.7322963473498,-3.64017165139672
31.5136348486648,-3.18411756045908
31.2964801067075,-2.75269968942431
31.25,-3.47028800246504
31.0808217386906,-3.19337117529765
30.8666494333727,-3.50748200297313
30.6539529505653,-3.00493947936711
30.442722120643,-0.00803200551303984
30.3030303030303,-3.65548672297761
30.2329468440578,-2.62916438690008
30.0246170908555,-3.36445656779888
29.8177229001967,-3.27063289116266
29.6122543798804,-3.26611000144238
29.4117647058824,-2.79145776538236
29.4082017058706,-2.72998410403518
29.2055551218275,-3.17110252899654
29.0043049386399,-2.93954250910665
28.804441533963,-2.12208930191702
28.6059553517574,-2.97682736882252
28.5714285714286,-3.64542332582017
28.408836901833,-3.50363408045258
28.2130767593947,-2.97209430465333
28.018665564592,-3.48577634313652
27.8255940220712,-3.03130749447932
27.7777777777778,-3.66217228447949
27.6338529005317,-1.63583268746136
27.4434330322836,-1.24140443288963
27.2543253128103,-1.81458530746486
27.0665207003324,0.65839009387587
27.027027027027,-1.31991867925542
26.8800102153761,1.59562421279835
26.6947849403432,0.751138524098498
26.5108360190854,-3.0740195740805
26.3281546564802,-2.16046589382746
26.3157894736842,-0.967464922782891
26.1467321180109,-2.03815451572224
25.9665597293487,-3.2319263197596
25.787628875938,-1.38423368070904
25.6410256410256,-2.34935714090686
25.6099310025846,-2.71910548392456
25.4334576130465,-2.48245014663551
25.2582002696278,1.3189196796523
25.0841505927754,-0.115691911198506
25,7.02710624118622
24.9113002606779,3.6407834882087
24.7396410088681,3.10693214659533
24.5691646298279,-2.73526847891609
24.3998629725955,-1.67270537622424
24.390243902439,-2.17175267083096
24.231727942376,-2.77892993871124
24.0647515001542,-2.42152450114188
23.8989256623105,-3.38551445326903
23.8095238095238,-3.38836990694927
23.7342425002387,-2.02431495495496
23.5706941399673,-1.70979266958853
23.4082727617829,-0.758842697591272
23.2558139534884,-2.99117640142937
23.2469705998565,-3.50310911622357
23.0867799418717,-3.11005662115944
22.9276931286565,-2.58817954003087
22.7697025538168,-2.25558003469576
22.7272727272727,-3.30120631146225
22.6128006633728,-2.13834106228567
22.4569799553977,-1.58158511525211
22.3022329796594,-2.98503810274213
22.2222222222222,-3.32704609401558
22.1485523372636,-0.431213329280648
21.9959306803007,-2.04116490461466
21.8443607114943,-2.94776404667207
21.7391304347826,-3.36823472058976
21.6938351838518,0.00140829504481577
21.5443469003188,-2.81108784392564
21.3958887134342,-3.04577706387918
21.2765957446809,-0.590671396787495
21.2484535249888,-1.0704906889163
21.102034285686,-3.25330041307746
20.9566239948043,-2.50874597658365
20.8333333333333,-2.58047156093606
20.8122156998634,-3.47139826972075
20.6688024962908,-3.11317642356714
20.5263775270925,-1.09718890306781
20.4081632653061,-2.5089348298696
20.3849339825246,0.727255445876911
20.244465099768,-1.79240287501808
20.104964162605,-0.278460819054696
20,-2.28308812832749
19.9664245010979,-3.29153568256477
19.8288394912707,-2.9241656450156
19.6922025547917,-3.60189879417755
19.6078431372549,-3.40992412903646
19.5565071586595,-2.57563344590416
19.4217468148903,-3.11588967682946
19.2879150802078,-2.80797801519888
19.2307692307692,-2.22650510874332
19.1550055557353,-2.63524306255304
19.0230118866894,-3.60776863970168
18.8919277620767,-2.44890578809163
18.8679245283019,-1.07530520685109
18.7617469143912,-3.6127411496373
18.6324631193156,-0.755779609327997
18.5185185185185,-3.44210689242082
18.504070195423,-2.85603974191037
18.3765620038817,-0.733871636381575
18.2499324481615,-3.2922343679664
18.1818181818182,-3.5741690045419
18.1241754737424,-2.74787796401936
17.9992850678248,-3.09927977983532
17.8752552590424,-3.10690483340285
17.8571428571429,-2.84408549758644
17.7520801171764,-3.32875845159701
17.6297537528721,-3.19349184290912
17.5438596491228,-0.00970819831557446
17.5082703173572,-1.63593413455278
17.3876240021625,-2.00656408067841
17.2678090388436,-2.96533665799368
17.2413793103448,-2.27515070360793
17.1488196987054,-3.23850160808818
17.0306502925284,-0.427384862413429
16.9491525423729,2.48339483333446
16.9132951702965,-2.26853026114731
16.7967487209265,-3.51925419625025
16.6810053720006,1.30325632351425
16.6666666666667,-1.26725850381122
16.5660595894991,-3.27017732396613
16.4519058775366,-2.82856968469441
16.3934426229508,-3.23676112025525
16.3385387780986,-3.18715410056181
16.2259528707809,-3.54520250541698
16.1290322580645,-0.907015584643015
16.1141427725302,-0.716068179618058
16.003103137387,-3.60350205119856
15.8928286562298,-3.32339598216772
15.8730158730159,0.204820166758158
15.7833140565212,-2.04634947113292
15.674554102056,-2.36570105386691
15.625,-0.636999360353125
15.5665435927106,-1.27430045163795
15.4592773641948,-2.42252695821828
15.3846153846154,-0.543892748337821
15.3527502878042,-3.41213944224826
15.2469572701757,-2.43231017431286
15.1515151515152,0.00787238216181141
15.1418932530435,-1.38259153229078
15.0375532129974,-2.42988876338311
14.9339321612425,-0.642510104170309
14.9253731343284,-0.104350829313954
14.831025143361,-3.01252788600562
14.728827239075,-2.17200549982489
14.7058823529412,-2.69610718131333
14.6273335620113,-3.65544536443441
14.5265392594678,-1.60407405398434
14.4927536231884,-3.43994553508598
14.4264395121816,-3.5345789386284
14.3270295340983,-1.41230259309462
14.2857142857143,-0.711097942426913
14.2283045721435,-0.381892474945924
14.1302599059953,-1.92085651393001
14.0845070422535,-1.04248385615444
14.0328908478587,0.785664882496566
13.9361927422414,-1.52087587994911
13.8888888888889,-2.95769690257672
13.8401609657313,-0.913849536393381
13.7447909267754,-3.29335599601684
13.6986301369863,-3.30548932152341
13.6500780654601,-1.9972508597845
13.5560178532937,-0.873970583137161
13.5135135135135,-1.09617180148485
13.4626057929891,-1.31920934494188
13.3698374182495,-1.92680842127263
13.3333333333333,3.40383576349065
13.2777082935543,-1.45421731794412
13.1862140139475,-2.03488314092739
13.1578947368421,-1.59317307649389
13.0953502048267,0.648545079101912
13.0051125217341,-3.34624929559312
12.987012987013,-1.71711805603699
12.9154966501488,-3.239197267632
12.8264983052806,1.04697141549086
12.8205128205128,1.97049955589485
12.7381132318648,-2.6836729476844
12.6582278481013,-2.36942789793097
12.650337203959,-1.20140355705721
12.5631660247412,-3.16178212954177
12.5,-1.56599119986684
12.4765955263087,-3.18437978593543
12.3906215694792,-3.5268788600468
12.3456790123457,-3.00014398024366
12.3052400435926,-3.29837027369951
12.2204468663149,-0.646645711172094
12.1951219512195,-1.82945347002312
12.1362379834424,-0.903172087308813
12.0526093687084,-0.574328199833569
12.0481927710843,-0.893679645705798
11.9695570235904,5.64698956249531
11.9047619047619,-3.5685064740485
11.887076977119,-1.76489943473667
11.8051652856881,-2.18255270840676
11.7647058823529,-3.25455243639295
11.723818032866,-2.10652333397003
11.6430313292088,0.723745227874066
11.6279069767442,-3.13854997755878
11.5628013120738,-2.4333925635549
11.4942528735632,-1.29065025061852
11.4831241454351,-0.16990842683857
11.4039960197003,-3.64113551801047
11.3636363636364,-3.63380136417667
11.3254131515281,-3.14788459999501
11.2473717836475,-3.14998533935569
11.2359550561798,-3.40073783976244
11.1698681846782,-3.3423007437626
11.1111111111111,-1.85802572614612
11.0928986489522,-3.28113896427508
11.0164594963366,-2.5885730237707
10.989010989011,-0.766567210211814
10.9405470720574,-2.41349481240301
10.8695652173913,-0.92331846450629
10.8651577465254,-1.15742048486849
10.7902879151618,-2.71685716894406
10.752688172043,-2.80926078799582
10.7159339982267,-2.75252380776298
10.6420924406472,-2.8857624309373
10.6382978723404,-2.33645013616565
10.568759711848,-3.12295368027223
10.5263157894737,-3.35905255344796
10.4959323055823,-2.85587460446562
10.423606739764,-1.91551380407288
10.4166666666667,-2.66473995088237
10.3517795563018,-1.37666077452267
10.3092783505155,-3.16417443914441
10.2804473209331,-2.72744106350283
10.2096066230605,-2.69667284642407
10.2040816326531,-2.82159294327142
10.1392540755882,-0.0378645496219105
10.1010101010101,-3.64951800139421
10.0693863147603,-3.43527608303865
10,-2.05170211054048
10,-2.05170211054026
9.9310918137498,-2.7845993631022
9.9009900990099,0.662403545304774
9.86265846131282,0.299564360896842
9.80392156862745,-3.29645926995648
9.79469667069539,0.436158795844951
9.72720319245054,-2.87547260058086
9.70873786407767,-3.37021055830366
9.66017479952265,-2.05682840940552
9.61538461538461,-3.15393972865398
9.59360828709314,-2.89794607263293
9.52750047242729,-1.91754221084583
9.52380952380952,-2.53520271489115
9.461848194722,-2.01068693393794
9.43396226415094,-3.43315654993394
9.39664831495469,-3.4695526273412
9.34579439252336,-2.80670735532355
9.33189771573324,-2.88201513161338
9.26759330114688,-1.37604996079251
9.25925925925926,-0.806468797469658
9.20373199661822,-2.45396929673539
9.1743119266055,-3.54397761809549
9.14031074875623,-3.42723930782519
9.09090909090909,-0.892888217108644
9.07732652521023,-3.18404392266855
9.01477631452492,-3.0240320878501
9.00900900900901,-3.62228581390853
8.9526571259964,-2.00932946384573
8.92857142857143,-3.35220871166704
8.89096598952916,-2.74647179016066
8.84955752212389,0.535101695462648
8.82969995549409,-1.28366521766075
8.7719298245614,-2.51116310385701
8.76885609458743,-3.35380706576258
8.70843149769072,-3.48636573807853
8.69565217391304,-3.55342820771692
8.64842327573172,0.74920940831142
8.62068965517241,-1.4086858617061
8.58882855954625,-0.96891865080526
8.54700854700855,0.623606297984669
8.52964449974102,-0.711155988417185
8.47457627118644,-2.38169453127919
8.47086826655741,-3.60949339769349
8.41249704973612,-3.43212329254801
8.40336134453781,-1.73186780271611
8.35452805838287,1.41560510622346
8.33333333333333,1.44067475598196
8.29695852083491,-3.18324831300013
8.26446280991736,-1.99085955000897
8.23978568452852,-3.17151783497347
8.19672131147541,-3.57083710448553
8.18300681586739,-3.24127845315125
8.13008130081301,-3.03780333491006
8.12661920009195,-2.93308396674824
8.0706201411495,-2.32392410354528
8.06451612903226,-1.6034016452041
8.01500696156541,-3.65627191339898
8,-3.65575677384522
7.95977700231498,-3.23009518269636
7.93650793650794,-2.65435528711545
7.90492762269642,-3.00111354718892
7.8740157480315,0.65074396004933
7.85045620020451,-3.45617498038892
7.8125,-3.50495717458959
7.79636013040523,-3.00435554613191
7.75193798449612,-3.08330529273406
7.74263682681127,-3.05248153887264
7.69230769230769,-3.58246801079006
7.68928372075831,-3.07916573735495
7.63629826128224,-2.64636936508931
7.63358778625954,-2.70298567661403
7.58367791499719,-3.28008455812796
7.57575757575758,-3.1841617992885
7.53142016597437,-2.88334891893042
7.5187969924812,-2.46423383044229
7.47952251562182,-2.35058283630722
7.46268656716418,-3.53510546219077
7.42798248256492,-3.23407482355715
7.40740740740741,-2.52587006266246
7.37679760252773,-3.14709246552932
7.35294117647059,1.5476395500911
7.32596542821523,-3.46534574842375
7.2992700729927,-3.3478223357079
7.27548352919623,-3.16567076985332
7.2463768115942,-2.54524431145121
7.22534949178722,-1.54662779413944
7.19424460431655,0.30296108494078
7.17556091893693,-2.14777479720761
7.14285714285714,-2.95382494243425
7.12611543011175,-2.69444105085783
7.09219858156028,-2.32294018719552
7.07701066118189,-2.53172929098299
7.04225352112676,-0.990446778408095
7.02824426430835,-2.57266281146841
6.99300699300699,-0.241144874722532
6.97981390783066,-2.9895222978197
6.94444444444444,-1.54271883975702
6.93171727615541,-3.57275600848002
6.89655172413793,-3.08375967167613
6.8839520696455,-3.01344658815638
6.84931506849315,-2.31385634727978
6.83651600451024,-1.38545677292835
6.80272108843537,-3.18196638621664
6.78940681269611,-2.01502804126839
6.75675675675676,-0.73219313754809
6.74262224177834,-3.22549326632422
6.71140939597315,-2.73835223063368
6.69616005485322,-2.90949157763275
6.66666666666667,-3.07291462520457
6.65001803043112,-2.41486723387542
6.62251655629139,-2.79392506267036
6.6041939623303,-3.62719865642593
6.57894736842105,-3.04810779524565
6.55868565957143,-0.297863169512833
6.5359477124183,-2.2653142694745
6.5134909462728,-2.9150153933328
6.49350649350649,-1.0757734677815
6.46860766154633,-1.36668861629719
6.45161290322581,-1.50041459453144
6.42403365939419,-3.59475752925901
6.41025641025641,-2.68621059795124
6.37976680860628,-2.87530021351936
6.36942675159236,-2.62461703298849
6.33580499265825,0.0926245123179585
6.32911392405063,-1.83718454831866
6.29214610961034,-3.4641841505301
6.28930817610063,-2.68265090533141
6.25,-3.29779209740557
6.24878807200689,-3.24566945344973
6.2111801242236,-1.29330361836675
6.2057288067765,-2.03382942269151
6.17283950617284,-2.50042507142175
6.16296625513294,-3.46052285358096
6.13496932515337,-3.1094270638505
6.1204983724767,-1.63603847839793
6.09756097560976,-3.55608280564332
6.07832312829723,-2.1080855191614
6.06060606060606,-3.52301417230235
6.03643850607587,-3.24073075524374
6.02409638554217,-2.38846706478248
5.99484250318941,-2.68888553518802
5.98802395209581,-3.15861065854694
5.95353313081437,-3.02749392979176
5.95238095238095,-3.28604883485475
5.91715976331361,-2.73234956243099
5.91250841383188,-3.25413096801476
5.88235294117647,-3.1887284277647
5.87176639073326,-3.34289959795752
5.84795321637427,-2.66259014044256
5.83130511352622,-1.5856078611507
5.81395348837209,-3.38297784513862
5.79112264764176,-3.44245152562631
5.78034682080925,-3.57737271969882
5.75121707184161,-3.50010126028884
5.74712643678161,-0.924646887014499
5.71428571428571,-3.08169776108029
5.71158647812643,-2.66305862553441
5.68181818181818,-2.5106402333255
5.67222897164454,-3.12673563840748
5.64971751412429,0.734301509749959
5.63314267060136,-2.67867959801223
5.61797752808989,-2.37138752737801
5.59432570616938,-3.14271787393151
5.58659217877095,-2.04256345009061
5.55577622239888,0.347306135000783
5.55555555555556,-0.185800194360648
5.52486187845304,-2.68986930390669
5.51749237612913,-3.41753521969745
5.49450549450549,-2.83722530287941
5.47947233690029,-2.01505087781764
5.46448087431694,-3.59842621934127
5.44171428686589,-2.28800248067914
5.43478260869565,-3.29130316204002
5.40540540540541,-3.28947985606659
5.40421642070592,-3.05953123480604
5.37634408602151,-3.6610102289449
5.36697694554048,-2.31868588227821
5.3475935828877,-2.68762306390867
5.32999408084409,-3.00040738065375
5.31914893617021,-3.53892521996293
5.29326605836056,-3.54360125943482
5.29100529100529,-3.1219518549277
5.26315789473684,-3.60072507291847
5.25679112201842,-2.99806524368501
5.23560209424084,-1.86922386011549
5.22056752784698,-2.50052450980793
5.20833333333333,-2.17436438681345
5.18459354389291,-3.53357678496901
5.18134715025907,-3.60215090305949
5.15463917525773,-1.96550026022309
5.14886745013749,-1.67900827005225
5.12820512820513,-1.92115966925065
5.11338753841433,-3.32826221656885
5.10204081632653,-3.16170416052814
5.07815211232767,-3.33605056373691
5.0761421319797,-0.808570351278983
5.05050505050505,-3.31340196649792
5.04315948717136,-3.61772496427242
5.0251256281407,-3.24176120515925
5.00840798984821,-3.5218471405105
5,-3.28756348677519
4.97512437810945,-3.56735263056349
4.97389595879006,-2.74655965485145
4.95049504950495,-3.41050828628961
4.93962174387832,-3.1776632151414
4.92610837438424,-2.73454711421906
4.90558370636505,-2.85034753585726
4.90196078431372,-3.23756987766144
4.8780487804878,-0.614132651349773
4.87178021879463,-3.50493244213346
4.85436893203883,-0.355163860605937
4.83820966492596,-1.57231722266665
4.83091787439613,-3.54719799573253
4.80769230769231,-3.58068944542377
4.80487043965513,-2.77075188086253
4.78468899521531,-2.35781942016565
4.77176094893875,-3.35898649404246
4.76190476190476,-3.32078698130094
4.739336492891,-3.29178514249433
4.73887960971765,-3.11939476737281
4.71698113207547,-3.6564783532293
4.70622484984128,-3.60727005920507
4.69483568075117,-3.64783157598971
4.67379510799246,-3.46528762749248
4.67289719626168,-1.71339503488154
4.65116279069767,-2.71698019235456
4.64158883361278,-3.15668019650748
4.62962962962963,-2.56728309823093
4.60960448682843,-2.56774868302981
4.60829493087558,-1.35126625234504
4.58715596330275,-1.3563424507911
4.57784053837662,-2.45980887896108
4.5662100456621,-3.22529789214426
4.5462954695324,-3.24724777217188
4.54545454545455,-2.96387723528759
4.52488687782805,-2.22297961367205
4.5149677720361,-0.306975904125134
4.5045045045045,-0.263385381342697
4.48430493273543,-1.05557398255363
4.48385594802119,-1.08590758150545
4.46428571428571,-1.9071516169982
4.45295850994265,-1.91770597416085
4.44444444444444,-2.76618042336043
4.42477876106195,-3.20765024601864
4.4222739805059,-3.60127156568198
4.40528634361233,-3.23535551667269
4.39180089259609,-3.33929412957563
4.3859649122807,-2.7671696393247
4.36681222707424,-3.65242682825412
4.361537789208,-3.39399298838749
4.34782608695652,-2.85576043778949
4.3314832233764,-1.22855840913668
4.32900432900433,-3.59330609389259
4.31034482758621,-2.77561524740413
4.30163575810679,-0.976486958873418
4.29184549356223,-3.03466087601258
4.27350427350427,-2.9861427291084
4.27199396630678,-3.47041718495721
4.25531914893617,-1.05615524794224
4.24255643071778,-3.52487501839284
4.23728813559322,-3.54065872343066
4.21940928270042,-2.87149732528045
4.21332174384729,-3.60559041114
4.20168067226891,-1.26046102619115
4.18428850790158,-2.54981168224286
4.18410041841004,-2.17372342268835
4.16666666666667,-1.20672133091643
4.15545533471888,-3.17841135627681
4.149377593361,-1.79843639566355
4.13223140495868,-3.06488427460824
4.12682084570295,-2.84409864687167
4.11522633744856,-3.44878376988934
4.09838367175726,-3.60772181049564
4.0983606557377,-3.6004808613071
4.08163265306122,-3.42935639636643
4.07014245321944,-3.62849348064479
4.0650406504065,-3.62295609693488
4.04858299595142,-3.26779350984499
4.04209583979631,-3.22397578207876
4.03225806451613,-3.62857904922761
4.01606425702811,-2.88796641251669
4.01424249049932,-3.45175466159635
4,-2.43276047904298
3.98658107358044,-2.70441258638992
3.98406374501992,-3.34579644932763
3.96825396825397,-2.91719476222338
3.95911026646846,-1.85771569432917
3.95256916996047,-2.1686680481829
3.93700787401575,-3.37209778012184
3.93182875570577,-3.2203633278663
3.92156862745098,-2.99198327906397
3.90625,-0.9689407714858
3.90473523688556,-2.79823005896012
3.89105058365759,-3.43796038457732
3.87782841458946,-2.44889348665678
3.87596899224806,0.845752055412409
3.86100386100386,-3.12738027559255
3.85110700232557,-3.64355677948695
3.84615384615385,-3.57096496692632
3.83141762452107,-1.9618305322751
3.824569722467,-2.88915994940056
3.81679389312977,-2.19056601222665
3.80228136882129,-3.46296854475234
3.79821530619074,-1.90757845887769
3.78787878787879,-3.4766364638712
3.77358490566038,-3.62772010441993
3.772042493417,-2.25893367052644
3.7593984962406,-3.26163961337324
3.74605003274899,-2.50664314308853
3.74531835205992,-1.59623964959557
3.73134328358209,-2.93577680874189
3.72023668141307,-2.43382781797585
3.71747211895911,-3.29706634706654
3.7037037037037,-1.70130561401252
3.6946012051993,-3.31591092089898
3.690036900369,-3.65770002830159
3.67647058823529,-3.53937421328318
3.66914237840249,-3.18476973413065
3.66300366300366,-3.58089143557661
3.64963503649635,-3.61914973433432
3.64385898376355,1.27058170691679
3.63636363636364,-1.9202084479602
3.6231884057971,-3.11621318113618
3.61874981241128,-3.59983930995873
3.6101083032491,-2.02949915932411
3.59712230215827,-2.6184594742978
3.59381366380463,-3.39538487071855
3.584229390681,-1.91791379534235
3.57142857142857,-1.81175248450772
3.56904934567523,-2.10031398905685
3.55871886120996,-3.18819340050548
3.54609929078014,-3.03338447497138
3.54445567397043,-2.96616026042333
3.53356890459364,-3.54898148166053
3.52112676056338,-0.553642866338332
3.52003147279668,-3.2519477506094
3.50877192982456,-3.11180122899553
3.4965034965035,-3.48435421939699
3.49577557436328,-3.60937740418098
3.48432055749129,-1.78116325040242
3.47222222222222,-3.47281511906503
3.47168681892656,-2.56025822649054
3.46020761245675,-3.20700594422332
3.44827586206897,-3.48995805881453
3.44776405473446,-2.48764913167305
3.43642611683849,-3.20511423997375
3.42465753424658,-3.20671176355783
3.42400613797142,-3.03452938273353
3.41296928327645,-1.75208841311631
3.40136054421769,-1.35183541881652
3.40041193270371,-2.84121195737536
3.38983050847458,-2.30455450558061
3.37837837837838,1.79724147706692
3.37698031082509,-3.15513915294214
3.36700336700337,-2.15137411574868
3.35570469798658,-3.35951778520815
3.35371015200293,-3.5916685504042
3.34448160535117,-0.45622085203568
3.33333333333333,-1.54074252796989
3.33060034362459,-1.72552097573155
3.32225913621262,-2.10923046237535
3.3112582781457,-1.82199004316488
3.30764978074424,-3.00085592448432
3.3003300330033,-1.8469415607942
3.28947368421053,-3.42281553530635
3.28485736603004,-2.72499971203551
3.27868852459016,-3.18144731469688
3.26797385620915,-3.47433668626466
3.26222200971167,-3.47884506579639
3.25732899022801,-2.36012231114817
3.24675324675325,-2.40016104043643
3.2397426295282,-1.4733384389947
3.23624595469256,-3.02777123715357
3.2258064516129,-3.18735743067809
3.21741815067637,-1.74679740728423
3.21543408360129,0.976738115807525
3.20512820512821,-1.10767365296418
3.19524750575921,-3.31480675403314
3.19488817891374,-2.84279070391615
3.18471337579618,-1.80460382237156
3.17460317460317,-3.01390705736547
3.17322963473498,-3.2060476358106
3.16455696202532,-2.71035141151846
3.15457413249211,-3.21164316983448
3.15136348486648,-3.33179891020195
3.14465408805031,-2.19076107039758
3.13479623824451,1.3370347133391
3.12964801067075,-0.625903010355567
3.125,-3.65064465296534
3.11526479750779,-3.16792321854676
3.10808217386906,-1.55178105323476
3.1055900621118,-3.34711469351638
3.09597523219814,-2.37006330592758
3.08666494333727,-2.84501604790004
3.08641975308642,-2.60355139832451
3.07692307692308,-3.47653476538239
3.06748466257669,-3.58709272114676
3.06539529505653,-3.00628957269516
3.05810397553517,-3.58457180196755
3.04878048780488,-1.63796365148924
3.0442722120643,-3.55999395891716
3.03951367781155,-3.46785900829898
3.03030303030303,-2.52196494789838
3.02329468440578,-1.73673376374334
3.02114803625378,-1.68712494964866
3.01204819277108,-3.60119311709992
3.003003003003,-3.64935813169653
3.00246170908555,-3.20662750539467
2.9940119760479,-3.26783315408242
2.98507462686567,-3.4544100932314
2.98177229001967,-2.71315505585586
2.97619047619048,-2.62325150209572
2.9673590504451,-2.85172867385601
2.96122543798803,-3.3858315040912
2.9585798816568,-3.56974755976902
2.94985250737463,-3.53184800461998
2.94117647058824,-2.07228741868367
2.94082017058706,-3.28663476042898
2.93255131964809,-3.04527045816205
2.92397660818713,-3.49557131212104
2.92055551218275,-3.11851809993324
2.91545189504373,-2.29757595561649
2.90697674418605,-3.2930833979707
2.90043049386399,-3.33028517443914
2.89855072463768,-2.85343598561063
2.89017341040462,-2.70721417904643
2.88184438040346,-3.40099415519098
2.8804441533963,-3.42180586569621
2.8735632183908,-3.42585718715049
2.86532951289398,-3.43110696773597
2.86059553517574,-1.9622830878085
2.85714285714286,-3.34308476373512
2.84900284900285,-3.43756011577248
2.84090909090909,-2.69159174607953
2.8408836901833,-2.78745001395704
2.8328611898017,-3.65324914975691
2.82485875706215,-2.60083354824617
2.82130767593947,-2.69436270302811
2.8169014084507,-0.927546395153324
2.80898876404494,-2.03757323849065
2.8018665564592,-2.14422242619538
2.80112044817927,-1.50468056744163
2.79329608938547,-2.24886038894901
2.78551532033426,-2.74068052996712
2.78255940220712,-3.10992105362429
2.77777777777778,-2.24064294104344
2.77008310249307,-3.18535682252168
2.76338529005317,-2.49397702668999
2.76243093922652,-1.80590727897943
2.75482093663912,-1.74452490270742
2.74725274725275,-3.52963599276903
2.74434330322836,-3.61775530492893
2.73972602739726,-3.51540892744439
2.73224043715847,-3.02618657408014
2.72543253128103,-3.51016183080274
2.72479564032698,-2.90636256458229
2.71739130434783,-1.86018944994113
2.710027100271,-3.47825469694457
2.70665207003324,-3.53689991098313
2.7027027027027,-3.46983912840671
2.69541778975741,-3.26714467856184
2.68817204301075,-1.32079733512186
2.68800102153761,-1.55931146826399
2.68096514745308,-0.657422945236003
2.67379679144385,-1.5637833859039
2.66947849403432,-3.53684177670534
2.66666666666667,1.10795018440696
2.65957446808511,-2.03781034009064
2.6525198938992,-2.97598879161479
2.65108360190854,-3.27259152945275
2.64550264550265,-1.56344008728517
2.63852242744063,-1.1675854610096
2.63281546564802,-3.22384992348749
2.63157894736842,-1.53611519811504
2.6246719160105,-2.04032661235977
2.61780104712042,-3.04780994806493
2.61467321180109,-2.02205427308463
2.61096605744125,-3.65830836349347
2.60416666666667,-3.40884262308621
2.5974025974026,-2.64114564962814
2.59665597293487,-3.26149418182559
2.59067357512953,-3.45699560162857
2.58397932816537,-2.1267919183855
2.5787628875938,-3.14633836360714
2.57731958762887,-3.05569528305183
2.5706940874036,-2.78827466093572
2.56410256410256,-0.973212571144596
2.56099310025846,-3.04116156473317
2.55754475703325,-1.05703978397896
2.55102040816327,-1.536849009064
2.54452926208651,-1.97377571667748
2.54334576130465,-3.22639906254811
2.53807106598985,-3.65475116017454
2.53164556962025,-2.28006995844815
2.52582002696278,-3.47982545777198
2.52525252525253,-3.18774416143021
2.51889168765743,-3.59722723100021
2.51256281407035,-2.88109563063174
2.50841505927754,-2.25100199351295
2.5062656641604,-3.45125165967009
2.5,-3.25941732710119
2.49376558603491,-3.25606183626005
2.49113002606779,-3.26243528184905
2.48756218905473,-2.81281509866788
2.48138957816377,-3.65728967203519
2.47524752475248,-1.77460333325878
2.47396410088681,-2.92123808846803
2.46913580246914,-3.44734052945777
2.46305418719212,-3.46702599761617
2.45700245700246,0.0663132909339952
2.45691646298279,0.544997949671957
2.45098039215686,-3.39542961002872
2.44498777506112,-3.14968066011461
2.43998629725955,-2.74373150708153
2.4390243902439,-3.00502540180473
2.4330900243309,-2.78707484479376
2.42718446601942,-3.64853890682796
2.4231727942376,-3.08500413990019
2.42130750605327,-3.5624698194846
2.41545893719807,-2.94520123204786
2.40963855421687,-3.31532631621503
2.40647515001542,-2.85208233325742
2.40384615384615,-2.23836613810833
2.39808153477218,-2.82879190330122
2.39234449760766,-2.52173468985695
2.38989256623105,-2.65357927621245
2.38663484486874,-1.67628043032227
2.38095238095238,-3.39845650524326
2.37529691211401,-3.61800964408696
2.37342425002387,-3.5311030758619
2.3696682464455,-3.48204200880574
2.36406619385343,-1.99546273302793
2.35849056603774,-2.86487176195886
2.35706941399673,-3.20117430450845
2.35294117647059,-3.17657311143007
2.34741784037559,-3.40363051909516
2.34192037470726,-2.59514216709389
2.34082727617829,-3.66265054999014
2.33644859813084,-2.2994873267492
2.33100233100233,-2.44972748975503
2.32558139534884,-3.44223719490342
2.32469705998565,-3.61924639650375
2.32018561484919,-1.15992038658403
2.31481481481481,-3.11472032333965
2.3094688221709,-3.14893896427362
2.30867799418717,-3.06570362872663
2.30414746543779,-3.03427773537457
2.29885057471264,-2.52798016322977
2.29357798165138,-0.100764290813951
2.29276931286565,-2.08244537041368
2.2883295194508,-3.38174116737461
2.28310502283105,-3.65317335263351
2.27790432801822,-1.12274394104433
2.27697025538168,-2.44808105120533
2.27272727272727,-2.90869110940222
2.26757369614512,-3.31482017913462
2.26244343891403,-2.36395227068028
2.26128006633728,-3.05666375696448
2.25733634311512,-3.62202434692211
2.25225225225225,-2.8140767390869
2.24719101123596,-3.05745009575478
2.24569799553977,-3.24689216628711
2.24215246636771,-3.63876433806312
2.23713646532438,-3.29393190333324
2.23214285714286,-1.98651376487858
2.23022329796594,-3.18933371726554
2.2271714922049,-3.54762329540544
2.22222222222222,-2.77230829991525
2.21729490022173,-0.103311335252424
2.21485523372636,-3.51708380751453
2.21238938053097,-3.49391239125536
2.2075055187638,-3.05131149501447
2.20264317180617,-2.06991542188988
2.19959306803007,-1.93774819130972
2.1978021978022,-3.55628674475131
2.19298245614035,-3.21203115409262
2.18818380743982,-3.58091306817068
2.18443607114943,-1.35172401321462
2.18340611353712,-2.66905469821087
2.17864923747277,-3.43040989461913
2.17391304347826,-3.12559378269297
2.16938351838518,-3.44769507754269
2.16919739696312,-3.56457132360428
2.16450216450216,-3.4176965836195
2.15982721382289,-1.35464033573212
2.1551724137931,-3.32129350394156
2.15443469003188,-2.93828637541061
2.1505376344086,-3.20004531684445
2.14592274678112,-3.27015297988019
2.14132762312634,-3.16791562549131
2.13958887134342,-3.37792668587719
2.13675213675214,-1.14186749636057
2.13219616204691,-3.39771301249406
2.12765957446809,-2.26065788981044
2.12484535249888,-3.4155959687571
2.12314225053079,-2.14960406119296
2.11864406779661,-3.24453408428355
2.11416490486258,-3.49032479351883
2.1102034285686,-2.39043897853407
2.10970464135021,-3.44397663807136
2.10526315789474,-3.23708010200782
2.10084033613445,-3.33585912165354
2.09643605870021,-3.36308232710833
2.09566239948043,-3.41162725868436
2.09205020920502,-3.28082320429963
2.08768267223382,-2.2535943025595
2.08333333333333,-1.40487213518973
2.08122156998634,-3.05522582459464
2.07900207900208,-3.3568986978485
2.0746887966805,-3.05863608656882
2.0703933747412,-3.35115992525031
2.06688024962908,-3.61176429244487
2.06611570247934,-3.24326326022414
2.06185567010309,-2.9021461548378
2.05761316872428,-2.75770412511123
2.05338809034908,-3.34660291883138
2.05263775270925,-1.90671356700799
2.04918032786885,-3.52001350081256
2.04498977505112,-2.7758707599347
2.04081632653061,-3.61357067372527
2.03849339825246,-3.54558734646495
2.03665987780041,-3.64734480493665
2.03252032520325,-2.61122772663652
2.02839756592292,-3.29241204467619
2.0244465099768,-3.26572283478996
2.02429149797571,-2.92402058419496
2.02020202020202,-2.90420497287267
2.01612903225806,-3.47527147106352
2.01207243460765,-1.76259250886452
2.0104964162605,-2.55301604777263
2.00803212851406,-2.80687333287666
2.00400801603206,-3.59697108364169
2,-3.59000813144301
1.99664245010979,-3.61397047390828
1.99600798403194,-3.26951571475309
1.99203187250996,-3.58943978245163
1.98807157057654,-3.36822231665685
1.98412698412698,-3.55183017395806
1.98288394912707,-3.41843429716779
1.98019801980198,-3.21033891208888
1.97628458498024,-2.53365427905386
1.9723865877712,-2.90514054891978
1.96922025547917,-2.89199118293053
1.96850393700787,-3.0554462705666
1.96463654223969,-3.49137602006352
1.96078431372549,-3.29854216921494
1.95694716242661,-3.23122300091422
1.95565071586595,-2.63741782795564
1.953125,-3.39528603723427
1.94931773879142,-2.40902663057757
1.94552529182879,-3.50599076315693
1.94217468148903,-3.21188385768734
1.94174757281553,-2.7949762571189
1.93798449612403,-3.47711018207364
1.93423597678917,-3.42867496354834
1.93050193050193,-3.30757577767404
1.92879150802078,-2.97528039944573
1.92678227360308,-3.24485444509612
1.92307692307692,-2.39481187958945
1.91938579654511,-2.12602030206913
1.91570881226054,-3.27295115515134
1.91550055557353,-3.56945054237765
1.91204588910134,-3.07474698783632
1.90839694656489,-2.05286963083277
1.9047619047619,-3.60052751445955
1.90230118866894,-3.61837056045267
1.90114068441065,-3.52423028139635
1.89753320683112,-3.33768891452068
1.89393939393939,-3.35735805741815
1.89035916824197,-2.78368389341186
1.88919277620767,-3.24139205608729
1.88679245283019,-2.41998621119206
1.88323917137476,-3.48147093551271
1.8796992481203,-0.00808037636611925
1.87617469143912,-2.86551932330188
1.87617260787992,-2.87106883542107
1.87265917602996,-3.49328974143377
1.86915887850467,-3.2651579865038
1.86567164179104,-3.58219880974969
1.86324631193156,-3.40689841566059
1.86219739292365,-3.21377542144451
1.85873605947955,-3.53033534883506
1.85528756957328,-3.33244604144512
1.85185185185185,-3.48936377498269
1.8504070195423,-3.28081879311172
1.84842883548983,-2.12749074757299
1.8450184501845,-2.34618651088645
1.84162062615101,-3.51820226231616
1.83823529411765,-2.67494657222913
1.83765620038817,-3.6469725234793
1.8348623853211,-3.40488305956459
1.83150183150183,-3.58748118105332
1.82815356489945,-2.16927263678336
1.82499324481615,-3.02180306596822
1.82481751824817,-3.41092858901733
1.82149362477231,-1.85824890531667
1.81818181818182,-2.4550447665827
1.81488203266788,-3.61046999657641
1.81241754737424,-1.52037425988164
1.81159420289855,-2.5581859873604
1.80831826401447,-3.59353841492695
1.80505415162455,-3.56403652951702
1.8018018018018,-2.57586825256585
1.79992850678248,-2.04125636976051
1.79856115107914,-3.12198021860949
1.79533213644524,-3.63153728636204
1.7921146953405,-3.57189522053074
1.78890876565295,-3.12880584128088
1.78752552590424,-3.07035835231663
1.78571428571429,-3.57835757159399
1.7825311942959,-2.29226543928213
1.77935943060498,-3.28985424343484
1.77619893428064,-3.33466880116593
1.77520801171763,-2.85569215062496
1.77304964539007,-0.248514898768842
1.76991150442478,-3.43225437621929
1.76678445229682,-2.55085108767515
1.7636684303351,-1.9932055690691
1.76297537528721,-3.52891904224203
1.76056338028169,-2.60333878649679
1.75746924428822,-3.57031125190842
1.75438596491228,-3.58507067455362
1.75131348511384,-2.63310681217991
1.75082703173572,-2.05177259894598
1.74825174825175,-2.7798352451329
1.74520069808028,-2.83140812916774
1.74216027874564,-2.65020105372765
1.73913043478261,-3.64210547599658
1.73876240021625,-3.65015340009419
1.73611111111111,-2.49085637497542
1.73310225303293,-1.84389611181835
1.73010380622837,-3.47211652464314
1.72711571675302,-2.99584873255933
1.72678090388436,-2.86794992595277
1.72413793103448,-2.44693476582152
1.72117039586919,-3.37817790501644
1.71821305841924,-2.1337707406118
1.71526586620926,-1.39735539213175
1.71488196987054,-3.3454926188307
1.71232876712329,-2.80364313623407
1.70940170940171,-1.10077697923411
1.70648464163823,-3.64149402456327
1.70357751277683,-3.60449556876101
1.70306502925284,-3.51618740890371
1.70068027210884,-3.26760561153459
1.69779286926995,-2.90727927989429
1.69491525423729,-3.02404333115238
1.69204737732657,-3.62075831782421
1.69132951702965,-3.52835422319525
1.68918918918919,-3.20542752435248
1.68634064080944,-2.68126652057692
1.68350168350168,-3.16496913892307
1.68067226890756,-1.60247227972543
1.67967487209265,-3.49504133577697
1.67785234899329,-2.34423839568462
1.6750418760469,-3.17225980474616
1.67224080267559,-3.42585944769409
1.669449081803,-2.6243151603456
1.66810053720006,-3.3035098436414
1.66666666666667,-3.49758826589773
1.66389351081531,-3.5708216879734
1.66112956810631,-2.02955308498629
1.65837479270315,-3.62163350437585
1.65660595894991,-3.50564946280611
1.65562913907285,-1.93578537988331
1.65289256198347,-2.57930124805078
1.65016501650165,-3.62734718085555
1.64744645799012,-2.99519643806196
1.64519058775366,-3.06516579898287
1.64473684210526,-1.25821480265055
1.64203612479475,-3.25223330416166
1.63934426229508,-3.09895752186913
1.6366612111293,-0.0994650074328076
1.63398692810458,-2.74084543984302
1.63385387780986,-3.49877835356103
1.63132137030995,-2.86092097709131
1.62866449511401,-2.68091094062295
1.6260162601626,-3.23608788079714
1.62337662337662,-3.45436261547793
1.62259528707809,-3.34767130460842
1.62074554294976,-3.54035092938274
1.61812297734628,-3.65995359940789
1.61550888529887,-3.40501323231446
1.61290322580645,-2.1268205558906
1.61141427725302,-3.31958892682614
1.61030595813205,-2.08679153818813
1.60771704180064,-3.09563706367855
1.60513643659711,-1.32922318945672
1.6025641025641,-1.77952637503018
1.6003103137387,-2.44580023299057
1.6,-0.592134879336281
1.59744408945687,-1.64794784649099
1.59489633173844,0.62815667550952
1.59235668789809,-0.633205823167155
1.58982511923688,-3.03280192179703
1.58928286562298,-1.52954016718332
1.58730158730159,-2.72837761499765
1.58478605388273,-2.86613045035711
1.58227848101266,-1.2821717586019
1.57977883096367,-3.43495147677732
1.57833140565212,-3.61569646550439
1.57728706624606,-1.33875062954088
1.5748031496063,-3.23132674948773
1.57232704402516,-3.3841150930471
1.56985871271586,-2.35148651847849
1.5674554102056,-2.15204589487451
1.56739811912226,-1.56817584775394
1.56494522691706,-1.98927215054523
1.5625,-1.88084554366686
1.5600624024961,-3.4636119637674
1.55763239875389,-3.35125505200899
1.55665435927106,-3.30636481672503
1.5552099533437,-1.27753492059874
1.5527950310559,-1.79933472649294
1.55038759689922,-1.22992663722571
1.54798761609907,-0.211192485142656
1.54592773641948,-2.91224917145031
1.54559505409583,-3.26320274104578
1.54320987654321,-2.70398752323772
1.54083204930663,-3.00416775996127
1.53846153846154,-3.48884905230333
1.53609831029186,-1.70667636447312
1.53527502878042,-1.03498653437439
1.53374233128834,-3.34530158668097
1.53139356814701,-3.6259414871901
1.52905198776758,-3.57457722714816
1.52671755725191,-2.38517261494506
1.52469572701757,-3.64434580694855
1.52439024390244,-2.80487874893857
1.5220700152207,-3.54393334620361
1.51975683890577,-2.53194863766448
1.51745068285281,-2.23012341508548
1.51515151515152,-1.94145686353577
1.51418932530435,-3.51974173616851
1.51285930408472,-3.23225487667046
1.51057401812689,-2.93555487866258
1.50829562594268,-1.6730571920652
1.50602409638554,-3.48620665530164
1.50375939849624,-3.35316248252361
1.50375532129974,-3.38708772016231
1.5015015015015,-3.32439740799885
1.49925037481259,-3.01377302622613
1.49700598802395,-3.39473158681364
1.49476831091181,-2.55625608103555
1.49339321612425,-1.48301841400832
1.49253731343284,-3.57766267753008
1.4903129657228,-3.07425283322952
1.48809523809524,-1.35528366807228
1.48588410104012,-3.4946534362228
1.48367952522255,-3.42177493379078
1.4831025143361,-3.30852451838431
1.48148148148148,-3.12473434886821
1.4792899408284,-3.22742562065418
1.47710487444609,-3.33141466138526
1.47492625368732,-3.21129325697678
1.4728827239075,-3.12005361956009
1.47275405007364,-3.63442457218478
1.47058823529412,-3.6308730035485
1.46842878120411,0.974718995526634
1.46627565982405,-2.43978015763447
1.46412884333821,-1.83388670538205
1.46273335620113,-2.15656944960328
1.46198830409357,-1.164392392532
1.45985401459854,-3.07520474995824
1.45772594752187,-3.56388947263438
1.45560407569141,-1.99205468071458
1.45348837209302,-0.514425601674399
1.45265392594678,-3.28448922055021
1.45137880986938,-0.237764832632233
1.44927536231884,-3.11740973929751
1.44717800289436,-1.84172909427913
1.44508670520231,-1.39577980731355
1.44300144300144,-2.65430319281661
1.44264395121816,-3.2277628261189
1.44092219020173,-3.27398569342604
1.43884892086331,-1.06695816531014
1.4367816091954,-3.39086618849837
1.43472022955524,-2.42211684817643
1.43270295340983,-3.31158235140408
1.43266475644699,-3.23243662398017
1.43061516452074,-1.48286949976981
1.42857142857143,2.88309555209706
1.4265335235378,-0.18829198324094
1.42450142450142,-1.69279676460117
1.42283045721435,-0.992329207502148
1.42247510668563,-2.3098679767496
1.42045454545455,-0.66084310671756
1.41843971631206,-2.99739376207996
1.41643059490085,0.178690081056165
1.41442715700141,0.0702309297988295
1.41302599059953,-0.603064413221868
1.41242937853107,-2.40035768269284
1.41043723554302,-2.94230272470837
1.40845070422535,-3.50254729103782
1.40646976090014,-3.18199070138048
1.40449438202247,-2.6639888161594
1.40328908478587,-1.29384022281256
1.40252454417952,-3.60594354600489
1.40056022408964,-3.43131741908875
1.3986013986014,-3.35892596466816
1.39664804469274,-1.628858986395
1.39470013947001,-2.2862646326627
1.39361927422414,-0.20277265340989
1.39275766016713,-3.10984895277944
1.39082058414465,-1.32635324762269
1.38888888888889,-2.421942168167
1.3869625520111,-2.98378917767247
1.38504155124654,-2.16808471373097
1.38401609657313,-1.22810356156854
1.38312586445367,-1.62416191283516
1.38121546961326,-2.73500156728967
1.37931034482759,-2.52640593265378
1.37741046831956,-3.59710729046061
1.37551581843191,-3.46014196094996
1.37447909267754,-2.05439111089872
1.37362637362637,-3.53909005826658
1.37174211248285,-3.22845158357306
1.36986301369863,-2.51048894267303
1.36798905608755,-3.60815225965667
1.36612021857923,-3.23732997636686
1.36500780654601,-2.67104678353526
1.36425648021828,-2.33168272946004
1.36239782016349,-2.90192236894272
1.36054421768707,-3.03391453924011
1.35869565217391,-3.48408165540941
1.35685210312076,-3.44413565136621
1.35560178532937,-2.6950663287205
1.3550135501355,-2.27552333609396
1.3531799729364,-3.22282311514636
1.35135135135135,-3.2823816990393
1.34952766531714,-3.33815542158971
1.34770889487871,-1.09182018428218
1.34626057929891,-2.30058217015606
1.34589502018843,-3.10395789290454
1.34408602150538,-1.36090942332482
1.34228187919463,-3.20378593822484
1.34048257372654,-3.48814303607086
1.33868808567604,-3.21405177543049
1.33698374182495,-2.7409447323473
1.33689839572193,-3.36126203844388
1.33511348464619,-3.31586905164742
1.33333333333333,-2.32977967485682
1.33155792276964,-2.29198896179342
1.32978723404255,-3.4038577158263
1.32802124833997,-3.23024979873621
1.32777082935543,-3.34214870503971
1.3262599469496,-3.4918762639116
1.32450331125828,-1.70248721363493
1.32275132275132,-2.7498806685905
1.32100396301189,-3.36867225998138
1.31926121372032,-2.76291828212571
1.31862140139475,-3.54569602794124
1.31752305665349,-2.70009862408919
1.31578947368421,-2.43813412993778
1.31406044678055,-0.680585788833109
1.31233595800525,0.59908099510334
1.31061598951507,-1.38281430018302
1.30953502048267,-2.99228379352318
1.30890052356021,-2.90153451300476
1.30718954248366,-1.09844065158451
1.30548302872063,-1.40785197450667
1.30378096479791,-3.50190947346065
1.30208333333333,-1.83459621413446
1.30051125217341,-2.40468552034413
1.30039011703511,-3.01150165816558
1.2987012987013,-3.43395991401858
1.2970168612192,-3.56238275085546
1.29533678756477,-2.91272103958131
1.29366106080207,-2.54737950890431
1.29198966408269,-3.44401326022084
1.29154966501488,-2.44415360134327
1.29032258064516,-3.19403401472395
1.28865979381443,-3.18724053128299
1.28700128700129,-2.50229119711816
1.2853470437018,2.03805886340895
1.28369704749679,-2.46779969264689
1.28264983052806,-3.48450134772976
1.28205128205128,-2.48358572241876
1.28040973111396,0.773904489332826
1.27877237851662,-2.0405731366966
1.27713920817369,-1.94799160177096
1.27551020408163,-2.11132871390619
1.27388535031847,-1.21234021128559
1.27381132318648,-1.69941599693108
1.27226463104326,-2.75081604081795
1.27064803049555,-3.61378996028581
1.26903553299492,-3.51453283376172
1.26742712294043,-3.22001906504063
1.26582278481013,-2.18320567916983
1.2650337203959,-3.49931728604907
1.26422250316056,-1.47107465441219
1.26262626262626,-3.4533393920832
1.26103404791929,-3.40035292734099
1.25944584382872,-1.8543819114529
1.25786163522013,-1.40919369685438
1.25631660247412,-2.98491070397655
1.25628140703518,-2.64047355108387
1.25470514429109,-1.08230682992216
1.2531328320802,-3.09527363423471
1.25156445556946,-2.87679736359713
1.25,-3.27863823615227
1.24843945068664,-2.75852032649611
1.24765955263087,-2.9586922441927
1.24688279301746,-3.52022319647228
1.2453300124533,-2.56956656466063
1.24378109452736,-2.56247443254311
1.24223602484472,-3.29789586639886
1.24069478908189,-2.75985885243427
1.23915737298637,-3.21349781959268
1.23906215694792,-3.25538663649361
1.23762376237624,-2.19891937417294
1.23609394313968,-2.93735270464144
1.23456790123457,-3.32913366186524
1.23304562268804,-1.71134872795478
1.23152709359606,-3.36342743767552
1.23052400435926,-2.60705511043526
1.230012300123,-2.09757496420373
1.22850122850123,-3.63107616424157
1.22699386503067,-3.39144463128495
1.22549019607843,-2.36201352102482
1.22399020807834,-3.28246146211917
1.22249388753056,-2.83158256852443
1.22204468663149,-3.54582516045137
1.22100122100122,-2.05624701610322
1.21951219512195,-2.1856089549709
1.21802679658952,-2.49705291242249
1.21654501216545,-1.23672191934402
1.21506682867558,0.417702838721245
1.21362379834424,-2.54518554468539
1.21359223300971,-3.30321518401841
1.21212121212121,-2.63318334953065
1.21065375302663,-0.565075313801752
1.20918984280532,-2.9681570435877
1.20772946859903,-3.19022186644043
1.20627261761158,-2.90733061894506
1.20526093687084,-3.65079446701359
1.20481927710843,-3.53761957582425
1.20336943441637,-3.10221343732688
1.20192307692308,-3.06005168970124
1.20048019207683,-3.27270303614044
1.19904076738609,-0.999081676328426
1.19760479041916,-3.61505528451881
1.19695570235904,-3.06818725370821
1.19617224880383,-3.49923624411461
1.194743130227,-2.52470205940063
1.19331742243437,-2.96534898151701
1.19189511323004,-0.434556576248194
1.19047619047619,-3.09503639802689
1.18906064209275,-2.65946244787203
1.1887076977119,-3.42425720862796
1.18764845605701,-0.611486839269626
1.18623962040332,-2.68133092404362
1.18483412322275,-2.72005761825768
1.18343195266272,-1.47914175388187
1.18203309692671,-0.80431646724811
1.18063754427391,-1.65191667403205
1.18051652856881,-3.44068569483555
1.17924528301887,-1.65444946386266
1.17785630153121,-2.88616477004755
1.17647058823529,-2.95359889041706
1.17508813160987,-2.82942541012094
1.17370892018779,-1.65338261668479
1.1723818032866,-2.59435803874357
1.17233294255569,-1.47040488754031
1.17096018735363,-2.89290911123443
1.16959064327485,-3.35044106485155
1.16822429906542,-2.1347392008103
1.16686114352392,1.25222668551796
1.16550116550117,-2.32080733716888
1.16430313292088,-3.30793460420063
1.16414435389988,-2.51983023578854
1.16279069767442,-0.875411851135747
1.16144018583043,-2.30921712472918
1.16009280742459,-3.31832341528091
1.15874855156431,-3.0502904768232
1.15740740740741,-0.983347352906359
1.15628013120738,-3.52016756632862
1.15606936416185,-2.16013929713206
1.15473441108545,-3.308408285221
1.15340253748558,-2.29488336291397
1.15207373271889,-3.27694230353328
1.15074798619102,-2.07610082135353
1.14942528735632,-3.37907427977673
1.14831241454351,-3.19959909429498
1.14810562571757,-3.43344155139321
1.14678899082569,-2.05693033383288
1.1454753722795,-3.20572552549212
1.1441647597254,-2.90748518417167
1.14285714285714,-3.51846623270485
1.14155251141553,-1.5050608011855
1.14039960197003,-1.49783164096795
1.14025085518814,-3.1709920709391
1.13895216400911,-3.37744589414167
1.13765642775882,-1.90724974806367
1.13636363636364,-1.38024333472164
1.13507377979569,-3.19574061738573
1.13378684807256,-0.690189272695373
1.13254131515281,4.13814002354095
1.13250283125708,2.60294245197305
1.13122171945701,-3.06679207883699
1.12994350282486,-3.38221412646483
1.12866817155756,-2.64902897173017
1.12739571589628,-1.17576574977424
1.12612612612613,-2.80131159061598
1.12485939257593,-3.1558723942591
1.12473717836475,-2.72452517776572
1.12359550561798,-2.35288861534279
1.12233445566779,-3.50121339815906
1.12107623318386,-1.78337050271444
1.11982082866741,-3.61066251051217
1.11856823266219,-3.3792960429085
1.11731843575419,-0.790217936865285
1.11698681846782,-3.36791417739654
1.11607142857143,-3.50715905540873
1.11482720178372,-3.43989402975218
1.11358574610245,-2.73227982655585
1.11234705228031,-0.394224624132032
1.11111111111111,-1.68534207679583
1.10987791342952,-2.74364195821361
1.10928986489522,-2.79746351720528
1.10864745011086,-1.6139208227887
1.10741971207087,-3.66197883914189
1.10619469026549,-2.84207527729931
1.10497237569061,-2.9617578122736
1.1037527593819,-3.58661340048651
1.10253583241455,-2.88103677506283
1.10164594963366,-3.28295270962878
1.10132158590308,-2.90488382878818
1.1001100110011,-0.145736360284142
1.0989010989011,-3.22437609407303
1.09769484083425,-2.97211803210804
1.09649122807018,-3.61990691786975
1.09529025191676,-2.38533816539539
1.09409190371991,-3.37467180864133
1.09405470720574,-3.32485236435657
1.09289617486339,-3.03654227232202
1.09170305676856,-3.39915473061965
1.09051254089422,-2.75121101803939
1.08932461873638,-1.05623092634373
1.08813928182807,-3.1813364004552
1.08695652173913,-1.23199045742309
1.08651577465254,-0.558982654456012
1.085776330076,-0.973854477363271
1.08459869848156,-3.49184094501747
1.08342361863489,-2.43734377535834
1.08225108225108,-2.24586276626776
1.08108108108108,-0.860352354121413
1.07991360691145,-0.996924703463075
1.07902879151618,-1.40850550521953
1.07874865156419,-2.90133682702703
1.07758620689655,-2.06023358926079
1.07642626480086,-2.46968218298481
1.0752688172043,-2.78980525623153
1.07411385606874,-2.92727591790567
1.07296137339056,-2.67986385571272
1.07181136120043,-1.51741085802636
1.07159339982267,-2.14933679828057
1.07066381156317,-2.89073617923575
1.06951871657754,-0.63052173459145
1.06837606837607,-0.66480759094902
1.06723585912487,-1.24414595379154
1.06609808102345,-0.425730837223749
1.06496272630458,-3.44941388721555
1.06420924406472,-2.58180016830611
1.06382978723404,-2.31047473911094
1.06269925611052,-0.519847006930898
1.06157112526539,-3.27497235507355
1.06044538706257,-0.853770163433135
1.0593220338983,-1.19201846914664
1.05820105820106,-2.4680083593336
1.05708245243129,-2.84163431665079
1.0568759711848,-3.41844522998455
1.05596620908131,-3.37172837262004
1.05485232067511,-3.00988691787203
1.05374077976818,-3.16712190410142
1.05263157894737,-2.44444444847143
1.0515247108307,-3.04874061082843
1.05042016806723,-2.67345507139045
1.04959323055823,-3.29156090875487
1.04931794333683,-1.68361890796713
1.0482180293501,-2.19800537602257
1.04712041884817,-2.72871457705731
1.04602510460251,-3.01432222005725
1.04493207941484,-2.92390783447264
1.04384133611691,-3.38740148063156
1.04275286757039,-2.73921996431205
1.0423606739764,-1.61016828260621
1.04166666666667,2.50446841814712
1.04058272632674,-0.810845141499452
1.03950103950104,-0.182928602518142
1.03842159916926,1.40993301599203
1.03734439834025,-2.63861735631799
1.03626943005181,-3.64121826615114
1.0351966873706,-2.29851994536362
1.03517795563018,-1.85965698408135
1.03412616339193,-3.58212693568869
1.03305785123967,-2.58093527965259
1.03199174406605,-3.33411303883868
1.03092783505155,-3.33486387838483
1.02986611740474,-3.48467097327566
1.02880658436214,-2.86478800081913
1.02804473209331,-0.466505948828664
1.02774922918808,-3.3192190517792
1.02669404517454,-3.57142931135469
1.02564102564103,-3.31557082083007
1.02459016393443,-3.10694877999635
1.02354145342886,-3.06195766963101
1.02249488752556,-3.6257559636431
1.02145045965271,-1.89879403031288
1.02096066230605,-3.43101963517385
1.02040816326531,-2.96753877342131
1.01936799184506,-3.29413490391435
1.0183299389002,-2.27367636929592
1.01729399796541,-3.49396600204214
1.01626016260163,-2.98375469048612
1.01522842639594,-2.82780434813541
1.01419878296146,-3.36135792528877
1.01392540755882,-3.36976361798004
1.01317122593718,-0.5053133332304
1.01214574898785,-3.21665600559107
1.01112234580384,-2.08638478025689
1.01010101010101,-1.60829131046101
1.00908173562059,-2.16345462550587
1.00806451612903,-0.477088321452139
1.00704934541793,-1.97909589595938
1.00693863147603,-3.4532342066313
1.00603621730382,-3.18104233355366
1.00502512562814,-3.05175997801303
1.00401606425703,1.83735352555643
1.00300902708124,-0.905639270973079
1.00200400801603,-0.146994930380781
1.001001001001,4.28790478916078
1,-1.83010546703785
