"bfp_output.P","bfp_output.logBF"
1000,-2.67515471795319
993.109181374979,-2.59030547348798
986.265846131283,-2.52793956363054
979.46966706954,-2.50042699998879
972.720319245055,-2.51521740408408
966.017479952265,-2.57343658252823
959.360828709315,-2.67025298396761
952.75004724273,-2.79639882058263
946.184819472201,-2.93998462866689
939.66483149547,-3.08809129887104
933.189771573324,-3.22810727127195
926.759330114689,-3.34902384546843
920.373199661823,-3.44279553026082
914.031074875623,-3.50553716173193
907.732652521023,-3.53805662911092
901.477631452492,-3.54530856399272
895.26571259964,-3.53482107064611
889.096598952916,-3.51463934772287
882.969995549409,-3.49147586774451
876.885609458743,-3.46946422258402
870.843149769073,-3.44960762550671
864.842327573172,-3.42985709102323
858.882855954625,-3.40590391362393
852.964449974103,-3.37288014400327
847.086826655741,-3.32779902921505
841.249704973612,-3.27166372106241
835.452805838287,-3.20974057807335
829.695852083491,-3.14968148150417
823.978568452852,-3.09901329748795
818.300681586739,-3.0637727935866
812.661920009195,-3.04870350720641
807.06201411495,-3.05819067048285
801.500696156541,-3.09667270119989
795.977700231499,-3.16711824162813
790.492762269642,-3.26664072470539
785.045620020451,-3.38147949207218
779.636013040523,-3.48865360327225
774.263682681127,-3.56793296480809
768.928372075831,-3.61303112033293
763.629826128224,-3.63043804822264
758.367791499719,-3.63096389656918
753.142016597437,-3.62371016514315
747.952251562182,-3.61450843654658
742.798248256492,-3.60658099627529
737.679760252773,-3.60157273907655
732.596542821523,-3.60026026057862
727.548352919623,-3.60268959149611
722.534949178721,-3.60787489888805
717.556091893692,-3.61403731838531
712.611543011175,-3.61982637186018
707.701066118189,-3.62481952191278
702.824426430835,-3.62883787568766
697.981390783066,-3.63137781521739
693.17172761554,-3.6315350039077
688.39520696455,-3.62819093311539
683.651600451024,-3.62039659604819
678.940681269611,-3.60791174782205
674.262224177835,-3.59148312388642
669.616005485322,-3.57218491838632
665.001803043112,-3.55003797293802
660.419396233031,-3.52350941344032
655.868565957143,-3.4907896843181
651.349094627281,-3.45199198966132
646.860766154633,-3.4110286750862
642.40336593942,-3.37602816584312
637.976680860628,-3.35690712911967
633.580499265825,-3.35978262931526
629.214610961035,-3.3811135332922
624.878807200689,-3.40627735311126
620.57288067765,-3.414367513317
616.296625513294,-3.38688653221528
612.04983724767,-3.31692188206049
607.832312829723,-3.21511405914138
603.643850607587,-3.10794173644022
599.484250318941,-3.02710615879046
595.353313081437,-2.99605331007096
591.250841383188,-3.02135937159845
587.176639073326,-3.09017770674545
583.130511352622,-3.17111218569037
579.112264764176,-3.22153883454173
575.121707184161,-3.20865024372948
571.158647812643,-3.13449935892769
567.222897164454,-3.03578797364438
563.314267060136,-2.95637891946556
559.432570616938,-2.92387106996308
555.577622239888,-2.94317036592069
551.749237612913,-2.99732595260708
547.947233690029,-3.05224349868903
544.171428686589,-3.07084677884402
540.421642070592,-3.03235969120085
536.697694554048,-2.94138343289101
532.999408084409,-2.82338831701044
529.326605836056,-2.71558217356575
525.679112201842,-2.65366432788771
522.056752784698,-2.65061345256192
518.459354389291,-2.68368267352842
514.886745013749,-2.71067164495347
511.338753841433,-2.69985583505074
507.815211232767,-2.64692299700702
504.315948717136,-2.57796087249467
500.840798984821,-2.54009610913162
500,-2.54067848765647
497.389595879006,-2.57191055665443
493.962174387832,-2.67189946809305
490.558370636505,-2.80479281291415
487.178021879463,-2.93647223142106
483.820966492595,-3.0555297579488
480.487043965513,-3.16869949867823
477.176094893875,-3.2764379427743
473.887960971765,-3.34599051770227
470.622484984128,-3.31313792892454
467.379510799247,-3.11238776621432
464.158883361278,-2.708601720228
460.960448682844,-2.13217059813457
457.784053837662,-1.51140962199032
454.62954695324,-1.03716115731016
451.49677720361,-0.838505372291631
448.385594802119,-0.90247851328338
445.295850994266,-1.12585962304218
442.22739805059,-1.40505748829424
439.180089259609,-1.67831096907677
436.153778920801,-1.92195152529653
433.14832233764,-2.12557133426194
430.16357581068,-2.27553148089943
427.199396630678,-2.36493747845661
424.255643071778,-2.41223915143773
421.332174384729,-2.45857598632879
418.428850790158,-2.54168897833257
415.545533471888,-2.67497663585139
412.682084570296,-2.85113336804953
409.838367175726,-3.06116308692192
407.014245321944,-3.30016388918075
404.209583979631,-3.52858220915545
401.424249049932,-3.63202214179303
398.658107358044,-3.42446921861564
395.911026646846,-2.68833552900933
393.182875570577,-1.40267483491551
390.473523688556,-0.112568078567288
387.782841458946,0.429377363171871
385.110700232557,0.148819719414679
382.4569722467,-0.431805690194476
379.821530619074,-0.556534073981918
377.2042493417,0.636305077133319
374.605003274899,3.00949041666688
372.023668141307,4.76783957599178
369.46012051993,4.94429405559784
366.914237840249,3.99048656285065
364.385898376355,2.88953822598903
361.874981241128,3.02898857859178
359.381366380463,4.3039006324017
356.904934567523,4.91694044303874
354.445567397043,3.77008463879132
352.003147279668,0.885498471295013
349.577557436327,-2.18993482943402
347.168681892656,-3.59703341612323
344.776405473446,-3.40564315511197
342.400613797142,-2.64036496444985
340.041193270371,-1.86312656807207
337.698031082509,-1.14458335790097
335.371015200293,-0.445066320222092
333.333333333333,0.0775167600343041
333.060034362459,0.132708858412873
330.764978074424,0.358686218843578
328.485736603004,0.00889637570147261
326.222200971167,-0.834653843192153
323.97426295282,-1.52925300137623
321.741815067637,-1.51452799256092
319.524750575921,-0.831582890035757
317.322963473498,0.127240688172852
315.136348486648,0.671863707579054
312.964801067075,0.210856271266825
310.808217386907,-0.945098580215794
308.666494333727,-2.08654438107804
306.539529505653,-2.82485623085172
304.42722120643,-3.00524939817647
302.329468440578,-2.59904772778283
300.246170908555,-1.76291436148731
298.177229001967,-0.954769479013332
296.122543798804,-0.74042993486314
294.082017058706,-1.18862994090086
292.055551218275,-1.93450986286536
290.043049386399,-2.68594226774457
288.04441533963,-3.2897494166785
286.059553517574,-3.5944206323321
284.08836901833,-3.44764123908611
282.130767593947,-2.9703770292868
280.18665564592,-2.59493063871086
278.255940220713,-2.54147699457244
276.338529005317,-2.70973970807919
274.434330322837,-2.94570493339573
272.543253128103,-3.19346932453639
270.665207003324,-3.42925244736075
268.800102153761,-3.58931159621637
266.947849403432,-3.65209104629651
265.108360190854,-3.66353968236647
263.281546564802,-3.65847819678252
261.467321180109,-3.637526751208
259.665597293487,-3.56965279768839
257.87628875938,-3.41401456997364
256.099310025846,-3.20988829377627
254.334576130465,-3.06274940608786
252.582002696278,-3.05956729671073
250.841505927754,-3.02656284111101
250,-2.94288270528089
249.113002606779,-2.82009329720888
247.396410088681,-2.67593894232477
245.691646298279,-2.92502687281556
243.998629725955,-3.1122535945562
242.31727942376,-2.92876747919233
240.647515001542,-2.67451492382598
238.989256623105,-2.7196888366066
237.342425002387,-2.83450250217488
235.706941399673,-2.86730381300724
234.082727617829,-2.82198328302412
232.469705998565,-2.69968219611017
230.867799418717,-2.67582591571037
229.276931286565,-3.04836258053261
227.697025538168,-3.50193914609742
226.128006633728,-3.44965651785857
224.569799553977,-2.83150654165284
223.022329796594,-1.84952052433753
221.485523372636,-0.336504133770158
219.959306803008,1.37673766274957
218.443607114943,1.62813940599675
216.938351838519,-0.232987614538625
215.443469003188,-2.2974951871768
213.958887134342,-3.1165001544863
212.484535249888,-2.56192685878635
211.02034285686,-1.42860971882917
209.566239948043,-0.974811508037685
208.122156998634,-1.06503565586724
206.688024962908,-1.14346823138534
205.263775270925,-1.129558297526
203.849339825246,-0.868274315454168
202.44465099768,-0.63038323695947
201.04964162605,-0.976025387298004
200,-1.7351060464292
199.664245010979,-2.05408088953909
198.288394912707,-3.29211753238296
196.922025547917,-3.28427076312253
195.565071586595,-2.22838626018621
194.217468148903,-1.07168504484762
192.879150802078,-0.982636939792012
191.550055557353,-2.39367044743993
190.230118866895,-2.8189083931871
188.919277620767,-1.98529228240325
187.617469143912,-2.26210617346852
186.324631193156,-2.63165782687333
185.04070195423,-2.86247480666797
183.765620038817,-1.85694898724391
182.499324481615,2.26518778996688
181.241754737424,4.09814010037777
179.992850678248,1.33423009274826
178.752552590424,-2.14202883425353
177.520801171764,-3.36880399134362
176.297537528721,-1.33559576548556
175.082703173572,1.12119862915704
173.876240021625,2.03253626381097
172.678090388436,0.037032842774086
171.488196987054,-2.42745448702125
170.306502925284,-3.12004612043698
169.132951702965,-2.46441174276894
167.967487209265,-1.25365260729383
166.810053720006,-0.785351733237529
166.666666666667,-0.770658178375451
165.660595894991,-0.570268917942012
164.519058775366,-0.296175438888251
163.385387780986,-0.751529256630884
162.259528707809,-2.16911427845279
161.141427725302,-3.2930838280521
160.03103137387,-3.01245419932631
158.928286562298,-1.9469954893495
157.833140565212,-1.60269113973124
156.745541020559,-1.86215078593996
155.665435927106,-2.66468403779221
154.592773641948,-3.4410411052727
153.527502878042,-3.64782995964502
152.469572701757,-3.65408604560657
151.418932530435,-3.64649899187109
150.375532129974,-3.65094859749073
149.339321612425,-3.65379163460032
148.310251433611,-3.65258685940297
147.28827239075,-3.65469244722199
146.273335620113,-3.61337425275247
145.265392594678,-3.34483519436277
144.264395121816,-2.55270835700734
143.270295340983,-1.97664704970988
142.857142857143,-1.92733932398506
142.283045721435,-1.97619624117562
141.302599059953,-2.55115700562016
140.328908478587,-3.64144631358733
139.361927422414,-2.43872115184261
138.401609657313,0.554093848399408
137.447909267754,4.78020768139583
136.500780654601,3.99231342860883
135.560178532937,-2.04841918626054
134.626057929891,-2.47878445982142
133.698374182495,1.82541572338527
133.005208980275,6.05919476618177
131.862140139475,0.340424637910208
130.953502048267,-1.13623492244921
130.051125217341,-2.55707599467696
129.154966501488,-2.8629092962778
128.264983052806,-2.96371444670991
127.381132318648,-2.26642498178667
126.50337203959,-1.85049716330139
125.631660247412,-2.22335251893822
125,-1.03646421328359
124.765955263087,-0.347998150342685
123.906215694792,-0.629589871650931
123.052400435926,-2.73955663465587
122.204468663149,-3.32335709448479
121.362379834424,0.60114024902821
120.526093687084,2.07629275339922
119.695570235904,-0.775170627688293
118.87076977119,-2.21939581642813
118.051652856881,-1.67072860639409
117.23818032866,-2.32276911915069
116.430313292088,-3.26045036538694
115.628013120738,-2.81026272809397
114.831241454351,-1.15220042279263
114.039960197003,-0.136446669011643
113.254131515281,-2.08514844552333
112.473717836475,-3.22912409587569
111.698681846782,-2.10824228980057
111.111111111111,-1.49776204083245
110.928986489522,-1.45058310186927
110.164594963366,-2.33477371523524
109.405470720574,-3.15788167196929
108.651577465254,-3.42298678680983
107.902879151618,-3.61256430061818
107.159339982267,-3.27624782719131
106.420924406472,-2.25420163828435
105.68759711848,-0.111271976631154
104.959323055823,-1.01051793643951
104.23606739764,-3.29406811223101
103.517795563018,-1.33519245410498
102.804473209331,3.02987614311518
102.096066230605,0.981222765744168
101.392540755882,-3.01273511315257
100.693863147603,-2.73072343656924
100,-0.859337694430631
100,-0.859337694430546
99.310918137498,-0.601852327957753
98.6265846131283,-1.35622455117054
97.946966706954,-1.23158342070421
97.2720319245054,-1.37539282534025
96.6017479952265,-2.5690852070072
95.9360828709315,-3.57122859406239
95.2750047242729,-2.21843174702145
94.61848194722,-1.65535609330906
93.966483149547,-1.80195870211743
93.3189771573324,-1.86743297332979
92.6759330114688,-3.30450772144085
92.0373199661823,-3.38150903001984
91.4031074875623,-2.33221742985209
90.9090909090909,-0.362506032319156
90.7732652521023,0.350831491234421
90.1477631452492,0.0649107882086541
89.526571259964,-3.48675637825441
88.9096598952916,0.856644327847524
88.2969995549409,-0.0958673208051932
87.6885609458743,-3.32775390275652
87.0843149769073,0.986166370324743
86.4842327573172,-0.265939762032313
85.8882855954625,-3.45052277687584
85.2964449974102,-1.648089743856
84.7086826655741,-3.30407537691466
84.1249704973612,-3.63874339892463
83.5452805838287,-3.51717758731003
83.3333333333333,-3.43563278129032
82.9695852083491,-3.46149397775143
82.3978568452852,-2.62198782719481
81.8300681586739,-1.2980619109506
81.2661920009194,-3.19369112975159
80.706201411495,-1.73688578442813
80.150069615654,2.36276787459831
79.5977700231498,-1.9997975760033
79.0492762269642,-3.34530108704454
78.5045620020451,-0.967794238503084
77.9636013040523,-0.272937802963734
77.4263682681127,-2.26464306979589
76.9230769230769,-3.32002795209923
76.8928372075831,-3.1859350097652
76.3629826128224,-2.32754874517759
75.8367791499719,-3.60813624757484
75.3142016597437,-2.40930881108484
74.7952251562182,-2.30936796373366
74.2798248256491,-1.23297922692573
73.7679760252773,-3.16723886428808
73.2596542821523,-2.11825451936842
72.7548352919623,-3.35312865264556
72.2534949178722,-3.13295403600714
71.7556091893693,-2.03840454655984
71.4285714285714,1.89171760258883
71.2611543011175,0.513887148997999
70.7701066118189,-3.56968914983498
70.2824426430835,4.31406659354737
69.7981390783066,-1.55842737128027
69.3171727615541,-3.45094212318694
68.839520696455,-2.77576821193891
68.3651600451024,-1.98672481080863
67.8940681269611,-2.39168133379611
67.4262224177834,-3.62955272570273
66.9616005485322,-2.95256055925683
66.6666666666667,-2.86341454657879
66.5001803043112,-2.64469896213925
66.0419396233031,-0.759142501430243
65.5868565957143,-3.188556769616
65.134909462728,-3.46588039007737
64.6860766154633,-2.69265040578172
64.2403365939419,-1.46574821774443
63.7976680860628,-3.59104507501739
63.3580499265825,-1.35262475242136
62.9214610961034,-3.12266346863843
62.5,0.259286878920467
62.4878807200689,0.399254395217715
62.057288067765,-2.49200051786384
61.6296625513294,-3.06270063264931
61.204983724767,-3.44648346096273
60.7832312829723,-3.1064416960683
60.3643850607587,-2.39220125794197
59.9484250318941,-3.53078539560145
59.5353313081437,-2.78429311352461
59.1250841383188,-1.7968064926449
58.8235294117647,-1.94616125501472
58.7176639073326,-2.02187210362971
58.3130511352622,-3.47026239424867
57.9112264764176,-1.64243254223994
57.5121707184161,-2.39384296543828
57.1158647812643,-3.52738438483781
56.7222897164454,-3.38029139872752
56.3314267060136,-3.13960505207701
55.9432570616938,-3.09926915798588
55.5577622239888,-3.59673955408057
55.5555555555556,-3.60006201414604
55.1749237612912,-3.29831407750113
54.7947233690029,-3.50306079366113
54.4171428686589,-2.97602654718481
54.0421642070592,-3.13527003459002
53.6697694554048,-2.7670160382642
53.2999408084409,0.00454451451146998
52.9326605836056,-2.91338925794845
52.6315789473684,-2.87030698176063
52.5679112201842,-2.36367663933229
52.2056752784698,-2.78316589165145
51.8459354389291,-3.04032642673824
51.488674501375,-3.26254293482192
51.1338753841433,-0.0453799778451112
50.7815211232767,-1.79739470010478
50.4315948717136,-1.78210106317153
50.0840798984821,-3.1187142936417
50,-2.84399384312412
49.7389595879007,-3.40210035944805
49.3962174387832,-2.68334385678075
49.0558370636505,-2.5427362027972
48.7178021879463,-2.35417003199371
48.3820966492596,-3.58276862372586
48.0487043965513,-3.27737091106259
47.7176094893875,-2.8165991108212
47.6190476190476,-2.26405072726883
47.3887960971765,-1.79118038162342
47.0622484984128,-3.66133628048673
46.7379510799246,5.51436337059672
46.4158883361278,-2.83308334637756
46.0960448682843,-2.71678287093656
45.7784053837662,-3.45852378207114
45.462954695324,-3.41062848106118
45.4545454545455,-3.44654782580455
45.149677720361,-0.331589857085826
44.8385594802119,-1.31626377549672
44.5295850994266,-3.08120224286376
44.222739805059,-1.22805183741992
43.9180089259609,-1.71184440957269
43.6153778920801,-3.42386492792918
43.4782608695652,-3.51690204681973
43.314832233764,-3.04662667889651
43.016357581068,-2.41097764561887
42.7199396630678,-3.32053832104482
42.4255643071778,-3.3100798586049
42.1332174384729,-2.87513995776983
41.8428850790158,0.938303175686845
41.6666666666667,-3.36889569160543
41.5545533471888,-0.622001523085781
41.2682084570295,-3.26458651528166
40.9838367175726,-0.637208151724063
40.7014245321944,-3.58267042473544
40.4209583979631,-3.63747245508757
40.1424249049932,-0.508795272699085
40,-3.61647198200647
39.8658107358044,-1.83325463257172
39.5911026646846,-3.58595821609061
39.3182875570577,-3.34013654411661
39.0473523688556,-1.49539650175542
38.7782841458946,-1.53457106676178
38.5110700232557,-2.76889997937995
38.4615384615385,-3.00314892016648
38.24569722467,-3.53228790614908
37.9821530619073,-0.323995011774495
37.72042493417,-3.53561691970701
37.4605003274899,0.488681843455244
37.2023668141307,-0.881668967192421
37.037037037037,-3.08803921141402
36.946012051993,-3.62341800457092
36.6914237840249,-3.49159199763745
36.4385898376355,-2.91656720549225
36.1874981241128,-2.37205832615809
35.9381366380463,-1.93375918312072
35.7142857142857,-2.85460067331582
35.6904934567523,-2.60915699539019
35.4445567397043,-3.05195699913638
35.2003147279668,-2.19029796319803
34.9577557436328,-3.1253004712024
34.7168681892656,-3.57424886430921
34.4827586206897,-3.29496589526887
34.4776405473446,-3.26481522129169
34.2400613797142,-3.60788053786372
34.0041193270371,-1.67419119533848
33.7698031082509,-3.03956918103203
33.5371015200293,-0.722941073760391
33.3333333333333,-3.24919279823301
33.3060034362459,-2.4937477935404
33.0764978074424,-1.5457104066824
32.8485736603004,-3.52482966905348
32.6222200971167,-2.94679259117508
32.397426295282,-1.76224936500328
32.258064516129,-2.71880433870215
32.1741815067637,-0.0673543586747867
31.9524750575921,-0.084216924480141
31.7322963473498,-2.89619711699406
31.5136348486648,-3.2434329368108
31.2964801067075,-3.37338100885345
31.25,-2.54251064905444
31.0808217386906,-2.25868088730059
30.8666494333727,-3.01601788736262
30.6539529505653,-2.33015776178903
30.442722120643,0.681915209904322
30.3030303030303,-2.31929058404118
30.2329468440578,0.172735885429906
30.0246170908555,-3.46421770569669
29.8177229001967,-2.29409256492049
29.6122543798804,-3.14412937251064
29.4117647058824,-2.35011009370514
29.4082017058706,-2.28482134610568
29.2055551218275,-0.864362418907159
29.0043049386399,-3.25525498395596
28.804441533963,-2.95301763156875
28.6059553517574,-3.14055349657475
28.5714285714286,-3.31667589215
28.408836901833,-3.60472642884839
28.2130767593947,-3.33169283050999
28.018665564592,-3.47262313627099
27.8255940220712,-2.87861051700484
27.7777777777778,-3.10674249436179
27.6338529005317,-2.38993049201987
27.4434330322836,-3.44168960503397
27.2543253128103,-2.16065057181158
27.0665207003324,-1.65868187142679
27.027027027027,1.3401099852358
26.8800102153761,-2.36944445725147
26.6947849403432,-2.89416913059615
26.5108360190854,-2.78442484915011
26.3281546564802,-3.45802437280939
26.3157894736842,-3.32607942891313
26.1467321180109,-2.79766535144831
25.9665597293487,-2.02442881681069
25.787628875938,1.7352978193439
25.6410256410256,-1.53285777322589
25.6099310025846,0.0606316047449313
25.4334576130465,-1.945185149055
25.2582002696278,0.92004523481241
25.0841505927754,-0.655255944533546
25,1.25506602277263
24.9113002606779,-2.74832918700617
24.7396410088681,-3.58952656548966
24.5691646298279,-3.11844554462796
24.3998629725955,-2.81256722589746
24.390243902439,-3.28822407358619
24.231727942376,-2.32166111165177
24.0647515001542,0.128354594382036
23.8989256623105,-2.56391248723146
23.8095238095238,-3.47871654832842
23.7342425002387,0.0454168318088835
23.5706941399673,-2.7735644136912
23.4082727617829,-1.7684252858513
23.2558139534884,-2.29613547603612
23.2469705998565,-2.57137083702222
23.0867799418717,-2.50202853888264
22.9276931286565,-0.839166240753069
22.7697025538168,-0.72601778423019
22.7272727272727,-0.193816869482627
22.6128006633728,-2.52327219710674
22.4569799553977,-1.62237286860467
22.3022329796594,-1.76154944858565
22.2222222222222,-2.58960623966292
22.1485523372636,-0.0520069306915145
21.9959306803007,-2.89150156047678
21.8443607114943,-3.12176975376154
21.7391304347826,-2.98742770095502
21.6938351838518,-3.3728283889534
21.5443469003188,-2.70729107422751
21.3958887134342,-0.447682640616686
21.2765957446809,-1.81663878294661
21.2484535249888,-3.48807031080458
21.102034285686,-2.8914815690439
20.9566239948043,-2.99319553853079
20.8333333333333,-2.92761572612691
20.8122156998634,-1.58033905535943
20.6688024962908,-3.31002036279123
20.5263775270925,-2.40685451413388
20.4081632653061,-3.16345984099673
20.3849339825246,-2.85868593287578
20.244465099768,-0.589237763158176
20.104964162605,-0.452231031347917
20,-3.41485872154724
19.9664245010979,-2.37499917468095
19.8288394912707,-3.30103894953954
19.6922025547917,-1.9614797505054
19.6078431372549,-3.52752030463169
19.5565071586595,-0.944406645752063
19.4217468148903,-0.534075016162045
19.2879150802078,-2.87856371471635
19.2307692307692,-2.49465556250417
19.1550055557353,-1.83361204823755
19.0230118866894,-2.05213009785579
18.8919277620767,-0.681704342435761
18.8679245283019,-2.62541838666778
18.7617469143912,-3.45456981577895
18.6324631193156,-3.31514148129009
18.5185185185185,-2.91897952032245
18.504070195423,-3.40309162501149
18.3765620038817,-3.01373444628201
18.2499324481615,-3.49886125343901
18.1818181818182,-2.93647173488035
18.1241754737424,-1.44623292190404
17.9992850678248,-3.29464980799345
17.8752552590424,-3.19548492540734
17.8571428571429,-1.35735837480574
17.7520801171764,-3.21878637550848
17.6297537528721,-2.78696758488276
17.5438596491228,-2.2271486972986
17.5082703173572,-3.33707717777265
17.3876240021625,-2.99948723962406
17.2678090388436,-3.36213905766011
17.2413793103448,-1.18062578723542
17.1488196987054,-3.32292932725867
17.0306502925284,-1.17137186525353
16.9491525423729,-1.88947448228431
16.9132951702965,-3.12086858393182
16.7967487209265,-3.45301918639101
16.6810053720006,-2.51607918723375
16.6666666666667,-2.79774115415806
16.5660595894991,-2.00047625128571
16.4519058775366,-2.71893630352433
16.3934426229508,-3.59894947893106
16.3385387780986,-3.328185751188
16.2259528707809,-3.53087275827913
16.1290322580645,-3.48145214794489
16.1141427725302,-1.64000662316486
16.003103137387,-3.46446709871669
15.8928286562298,-2.84374028555664
15.8730158730159,-2.05729494707624
15.7833140565212,-3.03019861124626
15.674554102056,-3.28560402923874
15.625,-1.30906745271666
15.5665435927106,-2.27133744314325
15.4592773641948,-3.22397444089658
15.3846153846154,-2.68486839486091
15.3527502878042,-2.30844547444091
15.2469572701757,-2.55821360505648
15.1515151515152,0.85636386614694
15.1418932530435,-2.14279165879294
15.0375532129974,-1.04543513136017
14.9339321612425,0.198696077281018
14.9253731343284,-0.697395690873388
14.831025143361,-2.6743029542204
14.728827239075,-2.93249826216528
14.7058823529412,-3.19272310533106
14.6273335620113,-2.79042033581033
14.5265392594678,-2.62651488703581
14.4927536231884,-3.65936593638265
14.4264395121816,-2.73403627197699
14.3270295340983,-2.24656830515211
14.2857142857143,-0.269105868877072
14.2283045721435,-2.09080698872055
14.1302599059953,-2.99122675613436
14.0845070422535,-0.0595568943604219
14.0328908478587,1.6241415125176
13.9361927422414,-3.4840595817226
13.8888888888889,-1.75870995185103
13.8401609657313,-2.38540230186954
13.7447909267754,-0.997159052326064
13.6986301369863,-1.3884832753388
13.6500780654601,-3.59073446374647
13.5560178532937,-1.13693649481383
13.5135135135135,-2.71819334854062
13.4626057929891,-3.11729929360889
13.3698374182495,-2.9677779241186
13.3333333333333,-1.48486936013308
13.2777082935543,-3.41285652318175
13.1862140139475,-3.50811278523788
13.1578947368421,-2.59050249727933
13.0953502048267,-1.24604177537345
13.0051125217341,-3.29188200988302
12.987012987013,-3.59629735370258
12.9154966501488,-2.7508229078807
12.8264983052806,-2.20121028054912
12.8205128205128,-2.50932855953745
12.7381132318648,-3.23584105438872
12.6582278481013,-3.55057728208855
12.650337203959,-2.61804034708474
12.5631660247412,-2.98827915816419
12.5,-2.8479882356719
12.4765955263087,-3.12763491887905
12.3906215694792,-2.71812225879476
12.3456790123457,-3.5257963066001
12.3052400435926,-3.46333059526573
12.2204468663149,-1.49419748012475
12.1951219512195,-2.86905856091117
12.1362379834424,-1.90542627317141
12.0526093687084,-3.0550456229425
12.0481927710843,-3.25125669433454
11.9695570235904,0.792105382149306
11.9047619047619,-2.77308234387284
11.887076977119,-1.74231608571931
11.8051652856881,-2.65617812811997
11.7647058823529,-2.24002507189406
11.723818032866,0.691190819758948
11.6430313292088,-0.54801582601011
11.6279069767442,-3.39518201390008
11.5628013120738,-2.78792568232675
11.4942528735632,-1.20844034357749
11.4831241454351,-1.09128774648762
11.4039960197003,-3.44389320658292
11.3636363636364,-2.88238513174495
11.3254131515281,-3.30318693498553
11.2473717836475,-2.72389336820192
11.2359550561798,-3.21117730101654
11.1698681846782,-1.91676367465903
11.1111111111111,-2.55338278833527
11.0928986489522,-3.35643536544184
11.0164594963366,-2.77995054877776
10.989010989011,-3.36478132389389
10.9405470720574,-2.47005365345343
10.8695652173913,-2.99616997134869
10.8651577465254,-2.93593772526382
10.7902879151618,-2.22956364752572
10.752688172043,-1.27289507386159
10.7159339982267,-0.448919375409996
10.6420924406472,-1.00238978619633
10.6382978723404,-0.49333182773979
10.568759711848,-3.59408710763047
10.5263157894737,-3.48580830581268
10.4959323055823,-2.30345129735233
10.423606739764,-1.46537775597362
10.4166666666667,0.988190242313796
10.3517795563018,-3.05124769721949
10.3092783505155,-2.59850738620069
10.2804473209331,-2.61396471163895
10.2096066230605,-2.1303879954922
10.2040816326531,-2.0266596620505
10.1392540755882,-2.37662058516808
10.1010101010101,-3.13222249502389
10.0693863147603,-2.1619662126166
10,-2.17508996187844
10,-2.17508994557108
9.9310918137498,-2.61812272448897
9.9009900990099,-1.39469037633752
9.86265846131282,-2.92926038885424
9.80392156862745,-2.27903449909645
9.79469667069539,4.72221672838423
9.72720319245054,-3.26898289728193
9.70873786407767,-2.68079378020881
9.66017479952265,0.92993214969376
9.61538461538461,-2.85583211900042
9.59360828709314,-3.23106010006129
9.52750047242729,-2.98739713704624
9.52380952380952,-2.51551655813874
9.461848194722,-2.7714178264414
9.43396226415094,-3.58954896940277
9.39664831495469,-2.37886532953227
9.34579439252336,-3.61498807521296
9.33189771573324,-2.96325588308776
9.26759330114688,-3.07167454331759
9.25925925925926,-3.10178336891313
9.20373199661822,-3.43396305827992
9.1743119266055,-2.33252913066327
9.14031074875623,-3.63517639391652
9.09090909090909,-1.5385208136097
9.07732652521023,-3.26697391209371
9.01477631452492,-3.22418027512223
9.00900900900901,-2.20662049974909
8.9526571259964,-2.60669477654202
8.92857142857143,-3.47932760261922
8.89096598952916,-3.05320873559993
8.84955752212389,1.19750198867782
8.82969995549409,-3.16413933811783
8.7719298245614,-3.20726493599035
8.76885609458743,-3.35973590945594
8.70843149769072,-2.12460926965631
8.69565217391304,-3.64200224035373
8.64842327573172,-0.666263296203804
8.62068965517241,-2.06174639200507
8.58882855954625,-1.45860916735541
8.54700854700855,-2.99314751853155
8.52964449974102,-0.783102357976314
8.47457627118644,-2.3165418597771
8.47086826655741,-3.32382680373696
8.41249704973612,-3.10810087081485
8.40336134453781,-2.67604965304114
8.35452805838287,-1.97890011180076
8.33333333333333,-0.893870341632957
8.29695852083491,-3.15625207713104
8.26446280991736,-1.88387940548558
8.23978568452852,-3.63292746469467
8.19672131147541,-2.77497885929348
8.18300681586739,-3.58541777742316
8.13008130081301,-2.2243861826124
8.12661920009195,-1.58479983511004
8.0706201411495,-0.951083565716412
8.06451612903226,-2.37261189577235
8.01500696156541,-3.24915374585411
8,-2.55629004674004
7.95977700231498,-3.32435344345351
7.93650793650794,-2.26995463459344
7.90492762269642,-2.72074614656357
7.8740157480315,-2.07890127211048
7.85045620020451,-2.59408577080439
7.8125,-3.60919432471497
7.79636013040523,-2.73673804180016
7.75193798449612,-2.94611274233612
7.74263682681127,-2.8067011050475
7.69230769230769,-2.99137193373677
7.68928372075831,-3.50622275092395
7.63629826128224,-1.62934276489444
7.63358778625954,-1.57951544055377
7.58367791499719,-1.34169118957665
7.57575757575758,-3.29126508535894
7.53142016597437,-3.5414132524083
7.5187969924812,-2.32075553753487
7.47952251562182,-2.28096452066303
7.46268656716418,-2.9254149777026
7.42798248256492,-2.31978140381694
7.40740740740741,-2.06182420238708
7.37679760252773,-2.86501886465693
7.35294117647059,-1.09692230166639
7.32596542821523,-3.570395131175
7.2992700729927,-3.39013137787749
7.27548352919623,-1.8139349110733
7.2463768115942,-3.34206871292939
7.22534949178722,-2.39874444858462
7.19424460431655,-3.10931770149214
7.17556091893693,-2.95953190402856
7.14285714285714,-2.44033377632389
7.12611543011175,-2.38241598116211
7.09219858156028,-3.00965652821794
7.07701066118189,-2.53451313699456
7.04225352112676,-2.22372529262783
7.02824426430835,-2.82373600312222
6.99300699300699,-0.897176622352229
6.97981390783066,-3.5206255345257
6.94444444444444,-0.751460583918013
6.93171727615541,-1.87605892182135
6.89655172413793,-3.46374931697734
6.8839520696455,-2.68408194770601
6.84931506849315,-3.12518234423284
6.83651600451024,-1.73928562761035
6.80272108843537,-1.4626437576061
6.78940681269611,-2.37082440882976
6.75675675675676,-2.03236838845522
6.74262224177834,-3.35132161417614
6.71140939597315,-2.52719224901697
6.69616005485322,-3.2215706213994
6.66666666666667,-2.81034905232336
6.65001803043112,-2.30400301927331
6.62251655629139,-3.37171843173747
6.6041939623303,-2.99451252532124
6.57894736842105,-2.50238228520747
6.55868565957143,-0.219081563195725
6.5359477124183,-3.11338310800694
6.5134909462728,-3.04835109889258
6.49350649350649,-1.99206050882442
6.46860766154633,-2.37987660547058
6.45161290322581,-3.32478951894377
6.42403365939419,-3.62808360022459
6.41025641025641,-3.64049983806317
6.37976680860628,-2.98157478085472
6.36942675159236,-0.315449907149438
6.33580499265825,-2.17067373378826
6.32911392405063,-2.46411231686566
6.29214610961034,-3.16156395824491
6.28930817610063,-2.47125904933302
6.25,-3.61969315526472
6.24878807200689,-3.6374321186859
6.2111801242236,0.104421465632886
6.2057288067765,-1.16215256011589
6.17283950617284,-1.25333336652072
6.16296625513294,-3.10103504378615
6.13496932515337,-3.33725158207038
6.1204983724767,-2.87449980031307
6.09756097560976,-3.30389928590678
6.07832312829723,0.0747487780372369
6.06060606060606,-3.51098504808122
6.03643850607587,-2.89809573786654
6.02409638554217,-0.757206508768102
5.99484250318941,-2.98566961088927
5.98802395209581,-2.98399244744497
5.95353313081437,-3.12324378239209
5.95238095238095,-2.77353386404298
5.91715976331361,-1.84781220105857
5.91250841383188,-2.70852219613284
5.88235294117647,-2.75339984612252
5.87176639073326,-2.21279812762036
5.84795321637427,-2.81520971800715
5.83130511352622,-2.0678026264113
5.81395348837209,-3.58824425858431
5.79112264764176,-1.32524533759455
5.78034682080925,-3.05510179819704
5.75121707184161,-2.32383724319656
5.74712643678161,0.980632931213042
5.71428571428571,-3.1423281354658
5.71158647812643,-2.65571654876914
5.68181818181818,-3.41413305342636
5.67222897164454,-1.88474926212983
5.64971751412429,-2.5886386530342
5.63314267060136,-3.21126353145662
5.61797752808989,-3.5527951020655
5.59432570616938,-3.43321076518567
5.58659217877095,-3.31083741165348
5.55577622239888,-1.83637548592857
5.55555555555556,-1.75692072004157
5.52486187845304,-3.12558732328024
5.51749237612913,-3.57422569915952
5.49450549450549,-3.57086865453651
5.47947233690029,-3.34342502890156
5.46448087431694,-1.67536770251727
5.44171428686589,-2.89099029277495
5.43478260869565,-3.113253911493
5.40540540540541,-3.64705092013302
5.40421642070592,-3.63199647930282
5.37634408602151,-3.04853786523661
5.36697694554048,0.440022356429201
5.3475935828877,-3.51443603832514
5.32999408084409,-3.57149094322146
5.31914893617021,-3.07701713966038
5.29326605836056,-3.41507657935353
5.29100529100529,-2.44957336793721
5.26315789473684,-3.60005196377791
5.25679112201842,-3.50431957541674
5.23560209424084,-3.3534961743576
5.22056752784698,-3.34113011331994
5.20833333333333,-2.22975431293114
5.18459354389291,-3.62755511379209
5.18134715025907,-3.55823449338863
5.15463917525773,-2.72609594167029
5.14886745013749,-2.8044185249161
5.12820512820513,-2.60922488154018
5.11338753841433,-3.48028437357059
5.10204081632653,-2.38564173264312
5.07815211232767,-2.19253653707848
5.0761421319797,0.501613324117518
5.05050505050505,-3.46187474178465
5.04315948717136,-3.33735137803539
5.0251256281407,-2.69618970311107
5.00840798984821,-2.35870633074368
5,-3.34821008365158
4.97512437810945,-3.14680913046386
4.97389595879006,-1.27856286366737
4.95049504950495,-3.33671784202398
4.93962174387832,-2.90451459681459
4.92610837438424,-1.8862586608531
4.90558370636505,-2.12257136706112
4.90196078431372,-1.70581893956183
4.8780487804878,-3.34732861382117
4.87178021879463,-3.22755182495178
4.85436893203883,0.185547698567622
4.83820966492596,1.00690106916814
4.83091787439613,-3.1944122413923
4.80769230769231,-3.51080795471106
4.80487043965513,-2.72518076370839
4.78468899521531,-2.21719457952399
4.77176094893875,-2.12026863848798
4.76190476190476,-3.4988918253526
4.739336492891,-3.56218230607841
4.73887960971765,-3.61835632084132
4.71698113207547,-2.89315623540478
4.70622484984128,-3.22737202289751
4.69483568075117,-2.75959033496944
4.67379510799246,-1.8546433289578
4.67289719626168,-1.92781336816791
4.65116279069767,-1.56073913679681
4.64158883361278,-3.62035034489575
4.62962962962963,-3.29602819507995
4.60960448682843,-3.6555812201736
4.60829493087558,-2.72674382215571
4.58715596330275,-0.67083009851576
4.57784053837662,-2.85630442060157
4.5662100456621,-3.21595823768463
4.5462954695324,-3.39104200934365
4.54545454545455,-2.90985624886211
4.52488687782805,-3.35813174188898
4.5149677720361,-3.08762358285126
4.5045045045045,1.48171310110981
4.48430493273543,-1.72085693625045
4.48385594802119,-2.24947354921927
4.46428571428571,-2.29593700114982
4.45295850994265,-2.79214627811795
4.44444444444444,-1.62353426389488
4.42477876106195,-3.34955189843667
4.4222739805059,-3.50503824222757
4.40528634361233,-3.28529016964218
4.39180089259609,-3.5934065555305
4.3859649122807,-3.44384450856158
4.36681222707424,-3.38398999944261
4.361537789208,-3.45089983632875
4.34782608695652,-3.34957580436197
4.3314832233764,1.45900327312812
4.32900432900433,-2.81139535129368
4.31034482758621,-2.88269278444617
4.30163575810679,-1.95927758588412
4.29184549356223,-2.93986947929128
4.27350427350427,-2.7367237862331
4.27199396630678,-3.22427270952842
4.25531914893617,-1.3741096416998
4.24255643071778,-0.916489870652451
4.23728813559322,-3.28112039529962
4.21940928270042,-3.56724653874955
4.21332174384729,-3.26299787545598
4.20168067226891,-0.708367304302537
4.18428850790158,-1.40965015654454
4.18410041841004,-1.08577089087289
4.16666666666667,-3.30438212787312
4.15545533471888,-2.89390484976111
4.149377593361,-2.89596571051295
4.13223140495868,-3.20596487461536
4.12682084570295,-2.35130085391522
4.11522633744856,-2.69074430751631
4.09838367175726,-3.57465067671769
4.0983606557377,-3.5731100446366
4.08163265306122,-2.71453728801584
4.07014245321944,-3.55553444390314
4.0650406504065,-3.52678147228464
4.04858299595142,-3.49871882157172
4.04209583979631,-3.61509336149684
4.03225806451613,-2.36094914409663
4.01606425702811,-2.5571239519685
4.01424249049932,-2.74864620760895
4,-2.91816178295873
3.98658107358044,-3.17788519115906
3.98406374501992,-1.76352956427523
3.96825396825397,-2.49149079100108
3.95911026646846,-3.52548012293606
3.95256916996047,-3.36771085327687
3.93700787401575,-2.40779624069678
3.93182875570577,-3.06487626311842
3.92156862745098,-2.15633398567958
3.90625,-3.01639278161049
3.90473523688556,-2.54932377818998
3.89105058365759,-3.31816829597978
3.87782841458946,-2.44119221706161
3.87596899224806,-2.83046996151371
3.86100386100386,-3.309897022941
3.85110700232557,-3.45725557449476
3.84615384615385,-2.96644371599673
3.83141762452107,-2.46535603817041
3.824569722467,-2.92251393914067
3.81679389312977,-0.620669796507239
3.80228136882129,-2.80897735717313
3.79821530619074,-2.10041468445759
3.78787878787879,-3.51363795416854
3.77358490566038,-2.12117848418698
3.772042493417,2.33919073955902
3.7593984962406,-3.34591164860269
3.74605003274899,-1.47740104252518
3.74531835205992,-2.37543260717008
3.73134328358209,-3.11309289520816
3.72023668141307,-0.568543278963697
3.71747211895911,-2.9408451709741
3.7037037037037,-2.94126892618685
3.6946012051993,-2.4424585726167
3.690036900369,-2.14818458086772
3.67647058823529,-3.17988109632732
3.66914237840249,-3.54777437745399
3.66300366300366,-0.920689944845729
3.64963503649635,-3.64995338439386
3.64385898376355,-0.515196551604883
3.63636363636364,-2.37816095621356
3.6231884057971,-2.93543016573936
3.61874981241128,-2.62004748489413
3.6101083032491,-2.0942660535838
3.59712230215827,-2.22794353217084
3.59381366380463,-3.4997608336328
3.584229390681,-1.97707447356241
3.57142857142857,-2.24373779903889
3.56904934567523,-2.35555785519333
3.55871886120996,-2.79901276961901
3.54609929078014,-2.83079649022026
3.54445567397043,-0.947175445175769
3.53356890459364,-3.27461380372481
3.52112676056338,-1.85183015918805
3.52003147279668,-3.33793387424781
3.50877192982456,-3.65607499590883
3.4965034965035,-2.91288889720088
3.49577557436328,-3.63071712514992
3.48432055749129,-3.3152787315807
3.47222222222222,-3.42676915043513
3.47168681892656,-2.70545816875424
3.46020761245675,-3.61484404002938
3.44827586206897,-3.25750232309836
3.44776405473446,-3.17899961533
3.43642611683849,-3.2222587427906
3.42465753424658,-2.98764799478026
3.42400613797142,-1.47113199219866
3.41296928327645,-3.28477130087607
3.40136054421769,-3.39927940932126
3.40041193270371,-2.04753688633344
3.38983050847458,-2.86329780018586
3.37837837837838,-0.0217676802807985
3.37698031082509,-2.71741516022054
3.36700336700337,-3.00270677500135
3.35570469798658,-2.7436279283092
3.35371015200293,-2.46148231109462
3.34448160535117,0.749365742833608
3.33333333333333,-2.89126185520017
3.33060034362459,-3.1741260571709
3.32225913621262,-2.98196188385368
3.3112582781457,-1.24750673404257
3.30764978074424,-3.4876367762106
3.3003300330033,-3.14148272680257
3.28947368421053,-3.23333930235681
3.28485736603004,-2.75847577895085
3.27868852459016,-3.43809453685592
3.26797385620915,-3.18080256365182
3.26222200971167,-3.41740222912621
3.25732899022801,-2.23882536225816
3.24675324675325,-3.59272261384286
3.2397426295282,-3.6428647703495
3.23624595469256,-3.39117677261275
3.2258064516129,-1.84938175571882
3.21741815067637,-2.96356620088967
3.21543408360129,-3.18928041539329
3.20512820512821,-0.190072907428809
3.19524750575921,-1.83452244516898
3.19488817891374,-1.80966120877276
3.18471337579618,-2.35918151033801
3.17460317460317,-3.55034797599698
3.17322963473498,-2.30569425396153
3.16455696202532,-2.20693750241689
3.15457413249211,-1.86223818568065
3.15136348486648,-2.86008306125451
3.14465408805031,-2.53329320041736
3.13479623824451,-1.06290753664707
3.12964801067075,-1.96259054746322
3.125,-3.63305026588427
3.11526479750779,-3.63327229239296
3.10808217386906,-3.35813741353304
3.1055900621118,-2.83833452430373
3.09597523219814,-2.43672511814948
3.08666494333727,-3.23439027674517
3.08641975308642,-3.39128192376439
3.07692307692308,-2.27395255708135
3.06748466257669,-1.54381847663823
3.06539529505653,-3.37310141376845
3.05810397553517,-3.08068439967907
3.04878048780488,-3.42480336150062
3.0442722120643,-3.60005636943567
3.03951367781155,-2.99865774632958
3.03030303030303,-3.15281837031629
3.02329468440578,-3.17612639024496
3.02114803625378,-2.81702344943933
3.01204819277108,-2.35773881348781
3.003003003003,-3.31858014216042
3.00246170908555,-2.66823119023682
2.9940119760479,-3.22689522299337
2.98507462686567,-3.07787773069195
2.98177229001967,-3.28538534565758
2.97619047619048,-2.06300320239252
2.9673590504451,-3.50876582619285
2.96122543798803,-2.67119819386253
2.9585798816568,-3.59827967796572
2.94985250737463,-2.34713742205993
2.94117647058824,-1.42667660387134
2.94082017058706,-2.11630156406279
2.93255131964809,-3.14225701531414
2.92397660818713,-2.93983599776858
2.92055551218275,-3.04148972337561
2.91545189504373,1.19034222432284
2.90697674418605,-3.37230954475011
2.90043049386399,-3.40723470135874
2.89855072463768,-3.3630263226136
2.89017341040462,-2.78560412757296
2.88184438040346,-3.50599439430278
2.8804441533963,-3.39432440554627
2.8735632183908,-2.60988287013542
2.86532951289398,-2.14370374002858
2.86059553517574,-3.032465837234
2.85714285714286,-3.35714722870217
2.84900284900285,-2.97260255319362
2.84090909090909,-2.76677991744939
2.8408836901833,-2.81381204231301
2.8328611898017,-3.54370616741083
2.82485875706215,-3.36238618456526
2.82130767593947,-3.28485968551318
2.8169014084507,0.0750778786349047
2.80898876404494,-3.55275974871183
2.8018665564592,-2.4971516013958
2.80112044817927,-2.90752604152329
2.79329608938547,-1.51153033076643
2.78551532033426,-3.65229746131218
2.78255940220712,-3.43189414130067
2.77777777777778,-3.02582873953234
2.77008310249307,-2.80179647449945
2.76338529005317,-3.52592443514267
2.76243093922652,-2.98294980353777
2.75482093663912,-1.31037636735787
2.74725274725275,-3.58602804168852
2.74434330322836,-3.12828497103835
2.73972602739726,-3.08268324569469
2.73224043715847,-0.731883124204681
2.72543253128103,-3.32973071602988
2.72479564032698,-1.31303164949055
2.71739130434783,-3.30343595751684
2.710027100271,-3.01942380883825
2.70665207003324,-3.58963090674201
2.7027027027027,-3.14361301585832
2.69541778975741,-3.15323086997882
2.68817204301075,-0.908073680225708
2.68800102153761,0.0386898157750197
2.68096514745308,-2.69559743597598
2.67379679144385,-2.52035103510085
2.66947849403432,-2.07111638213429
2.66666666666667,1.78049572565782
2.65957446808511,-2.73106263908276
2.6525198938992,-2.77404530959559
2.65108360190854,-2.98486451067337
2.64550264550265,-2.84408331719571
2.63852242744063,-2.9287787370845
2.63281546564802,-1.0116180884011
2.63157894736842,-0.960626914127782
2.6246719160105,-3.41916899313626
2.61780104712042,-3.54035327043997
2.61467321180109,-2.95240879805398
2.61096605744125,-3.43685007793708
2.60416666666667,-2.32885212907599
2.5974025974026,-3.50135260474034
2.59665597293487,-2.60999649508475
2.59067357512953,-3.36759122712616
2.58397932816537,-3.53965356322989
2.5787628875938,-3.64598838151464
2.57731958762887,-3.21641163349208
2.5706940874036,-3.40674644390888
2.56410256410256,-1.9530438429489
2.56099310025846,-3.4284770963692
2.55754475703325,-2.43153205136415
2.55102040816327,-0.172521745181068
2.54452926208651,-2.89257799597409
2.54334576130465,-2.61665076809664
2.53807106598985,-2.55576220636309
2.53164556962025,-2.97926194489589
2.52582002696278,-3.31706973932774
2.52525252525253,-3.61753745000878
2.51889168765743,-3.35554700232215
2.51256281407035,-3.53957466925892
2.50841505927754,-1.23627070492516
2.5062656641604,-3.40614476116486
2.5,-3.06532021721123
2.49376558603491,-2.84354145152202
2.49113002606779,-0.120222721994746
2.48756218905473,-2.58650324728516
2.48138957816377,-2.31734266779459
2.47524752475248,-3.21802276284013
2.47396410088681,-3.38324321156731
2.46913580246914,-3.18389306299072
2.46305418719212,-3.5235049749631
2.45700245700246,-1.90966534768877
2.45691646298279,-1.6693448715422
2.45098039215686,-3.44353294311288
2.44498777506112,-3.601114144789
2.43998629725955,-3.48777850112763
2.4390243902439,-3.23821421214621
2.4330900243309,-2.89237854792433
2.42718446601942,-3.06292070640661
2.4231727942376,-3.37670644572519
2.42130750605327,-3.57842514946683
2.41545893719807,-2.60083136139802
2.40963855421687,-3.40756085754905
2.40647515001542,-0.404375171248982
2.40384615384615,-1.58283598840323
2.39808153477218,-3.16030407400508
2.39234449760766,-2.73382058985639
2.38989256623105,-2.91800166078805
2.38663484486874,-2.96914385110618
2.38095238095238,-1.06366291421854
2.37529691211401,-3.346279779493
2.37342425002387,-3.21158986549853
2.3696682464455,-3.28977511371722
2.36406619385343,-2.98749915041666
2.35849056603774,-2.53575925027668
2.35706941399673,-3.47091670308644
2.35294117647059,-3.39168282367798
2.34741784037559,-3.59682680206965
2.34192037470726,-2.68023185068106
2.34082727617829,-2.77005756825211
2.33644859813084,-0.337016720112739
2.33100233100233,-0.853452397640676
2.32558139534884,-3.23027187893261
2.32469705998565,-3.21135908365737
2.32018561484919,-2.48145053478417
2.31481481481481,-3.12795504456711
2.3094688221709,-2.24470249931719
2.30867799418717,-1.94616576498559
2.30414746543779,-2.63311446672112
2.29885057471264,-2.00095930856385
2.29357798165138,-2.05562495036095
2.29276931286565,-2.86345854143239
2.2883295194508,-2.16878022664785
2.28310502283105,-3.02430803977078
2.27790432801822,-3.23411175358118
2.27697025538168,-2.91285354760854
2.27272727272727,-3.62708321655405
2.26757369614512,-3.43061965235104
2.26244343891403,-3.29831485460285
2.26128006633728,-2.37795783622696
2.25733634311512,-2.75761258029628
2.25225225225225,-2.62928455260807
2.24719101123596,-2.92235815590463
2.24569799553977,-3.37019004057735
2.24215246636771,-2.95778981233148
2.23713646532438,-2.40686984725847
2.23214285714286,-3.4325432204864
2.23022329796594,-3.47192182046477
2.2271714922049,-0.802427863245621
2.22222222222222,-3.24655153799186
2.21729490022173,-2.33359219197349
2.21485523372636,-2.65285871584374
2.21238938053097,-2.82795750954356
2.2075055187638,-3.11138359414526
2.20264317180617,-2.19780678175094
2.19959306803007,-2.72952569208267
2.1978021978022,-2.75152083355705
2.19298245614035,-2.47497186546822
2.18818380743982,-3.65882002767371
2.18443607114943,-0.773186134085232
2.18340611353712,-2.59988127780708
2.17864923747277,-2.59283521793698
2.17391304347826,-1.65574155635398
2.16938351838518,-3.62021072013421
2.16919739696312,-3.36864640274892
2.16450216450216,-3.04953525936314
2.15982721382289,-2.80264606100728
2.1551724137931,-3.43221996288441
2.15443469003188,-2.57292260264374
2.1505376344086,-3.04930325981293
2.14592274678112,-3.5198166551692
2.14132762312634,-3.37116346938246
2.13958887134342,-2.83871061789655
2.13675213675214,-0.792542315720236
2.13219616204691,-3.45024962458056
2.12765957446809,-2.68124607250392
2.12484535249888,-3.51422167957987
2.12314225053079,-2.55286414709154
2.11864406779661,-3.56814212073989
2.11416490486258,-2.50496104365645
2.1102034285686,-3.25565113702903
2.10970464135021,-3.36692564407421
2.10526315789474,-3.47531626021002
2.10084033613445,-2.9711048026332
2.09643605870021,-1.47291912209571
2.09566239948043,-2.55318673569242
2.09205020920502,-3.44091404441367
2.08768267223382,-1.03072928922851
2.08333333333333,-3.32908058153442
2.08122156998634,-2.02060019911242
2.07900207900208,-2.88426290242289
2.0746887966805,-3.63803982621409
2.0703933747412,-3.43888449948134
2.06688024962908,-3.10982730599279
2.06611570247934,-2.62500229567915
2.06185567010309,-2.18380094788481
2.05761316872428,-3.48458049192716
2.05338809034908,-2.2446461841183
2.05263775270925,-2.87438088143618
2.04918032786885,-2.9897603631576
2.04498977505112,-3.3027451899001
2.04081632653061,-3.5610948803628
2.03849339825246,-3.58984304540193
2.03665987780041,-3.63013186647639
2.03252032520325,-2.02884145941324
2.02839756592292,-3.39595129533354
2.0244465099768,-1.56357669776709
2.02429149797571,-1.29824958805623
2.02020202020202,-2.56733839592412
2.01612903225806,-3.18240904367768
2.01207243460765,-3.40316565870178
2.0104964162605,-2.13151359692925
2.00803212851406,-2.33696538586311
2.00400801603206,-3.24226753701616
2,-3.58593751124063
1.99664245010979,-3.19132441879166
1.99600798403194,-3.08768663728874
1.99203187250996,-3.06823648222949
1.98807157057654,-3.63025501155586
1.98412698412698,-2.70402047877978
1.98288394912707,-3.33039645041408
1.98019801980198,-3.45484746944832
1.97628458498024,-3.21247242693213
1.9723865877712,-2.75096499523463
1.96922025547917,-3.21725653716804
1.96850393700787,-2.83690914579624
1.96463654223969,-2.78329553890823
1.96078431372549,-3.46782367683458
1.95694716242661,-3.41655406488486
1.95565071586595,-3.03329199465825
1.953125,-3.1783420538948
1.94931773879142,-2.0128111982721
1.94552529182879,-3.36113129798094
1.94217468148903,-2.60820408069209
1.94174757281553,-1.47919296266341
1.93798449612403,-3.54769298012847
1.93423597678917,-3.32596817232565
1.93050193050193,-3.13941866444345
1.92879150802078,-3.3527982274319
1.92678227360308,-3.22402669873322
1.92307692307692,-3.28389662494539
1.91938579654511,-0.920331602207123
1.91570881226054,-3.34420157890336
1.91550055557353,-3.62218908634592
1.91204588910134,-2.714892016125
1.90839694656489,-1.58194793351667
1.9047619047619,-3.57388186553284
1.90230118866894,-3.19275231439418
1.90114068441065,-3.51388693648986
1.89753320683112,-2.53058158679671
1.89393939393939,-3.56087081658056
1.89035916824197,-3.05914606166764
1.88919277620767,-3.61803854189837
1.88679245283019,-1.61177073291411
1.88323917137476,-3.24027199283848
1.8796992481203,0.409512182631421
1.87617469143912,-2.58092742307083
1.87617260787992,-2.5864231114978
1.87265917602996,-3.34329040737095
1.86915887850467,-3.64091348551575
1.86567164179104,-3.560724552372
1.86324631193156,-3.06530786011232
1.86219739292365,-2.58296143392449
1.85873605947955,-2.52648410802852
1.85528756957328,-3.00836396780273
1.85185185185185,-2.65084980238502
1.8504070195423,-3.33274721126981
1.84842883548983,-1.66766861119016
1.8450184501845,-2.62493379554335
1.84162062615101,-3.65059529596142
1.83823529411765,-1.57347507013666
1.83765620038817,-3.40348320287036
1.8348623853211,-3.03180065370521
1.83150183150183,-3.56299455373813
1.82815356489945,-2.13983426957385
1.82499324481615,-2.75400241763999
1.82481751824817,-3.14965814149347
1.82149362477231,-2.2211827645503
1.81818181818182,-3.26695367645867
1.81488203266788,-2.81230739860218
1.81241754737424,-3.10819480660266
1.81159420289855,-3.64143025700467
1.80831826401447,-2.97459520269266
1.80505415162455,-3.32562009322019
1.8018018018018,-2.8986905278282
1.79992850678248,-0.884577325357621
1.79856115107914,-2.9295149507114
1.79533213644524,-2.93560388803892
1.7921146953405,-2.71975750560064
1.78890876565295,-3.53594232988713
1.78752552590424,-2.36962307241863
1.78571428571429,-3.61980618255272
1.7825311942959,-3.32161059534477
1.77935943060498,-3.02699663963154
1.77619893428064,-3.3523579306714
1.77520801171763,-3.29682193017076
1.77304964539007,-2.99704923458968
1.76991150442478,-3.41197306002304
1.76678445229682,-2.82158981694944
1.7636684303351,-1.81862110209941
1.76297537528721,-3.64949469092512
1.76056338028169,-3.41404314600744
1.75746924428822,-1.82071756593877
1.75438596491228,-2.94285394709812
1.75131348511384,-1.87043124667685
1.75082703173572,-3.32832301197872
1.74825174825175,-0.82270286200271
1.74520069808028,-2.43338474435502
1.74216027874564,-2.83919086925938
1.73913043478261,-3.52679027078848
1.73876240021625,-3.3032838191189
1.73611111111111,-1.37409045954295
1.73310225303293,-3.40762168605819
1.73010380622837,-1.17305156319143
1.72711571675302,-2.9094278816713
1.72678090388436,-3.54856830530896
1.72413793103448,-1.84578232643328
1.72117039586919,-3.28195803258712
1.71821305841924,-2.85822165200765
1.71526586620926,-3.52166514750074
1.71488196987054,-3.03272198022635
1.71232876712329,-2.85445684882681
1.70940170940171,-1.79438005063967
1.70648464163823,-3.48479285704375
1.70357751277683,-3.45545766844033
1.70306502925284,-3.32138229860588
1.70068027210884,-3.52202952960145
1.69779286926995,-1.24644941891419
1.69491525423729,-2.81056830097499
1.69204737732657,-3.62545454341041
1.69132951702965,-3.01468482132135
1.68918918918919,-3.42677740458019
1.68634064080944,-2.81854510430524
1.68350168350168,-3.44782133384758
1.68067226890756,-0.116459758576421
1.67967487209265,-3.1360031107436
1.67785234899329,-2.1057933845007
1.6750418760469,-0.0388036694468026
1.67224080267559,-1.70246582699086
1.669449081803,-2.36491347497356
1.66810053720006,-1.66347534432644
1.66666666666667,-2.68848017871467
1.66389351081531,-2.9259776291005
1.66112956810631,-1.28832991662285
1.65837479270315,-3.00113345482454
1.65660595894991,-3.41863637326257
1.65562913907285,-2.67094879934622
1.65289256198347,-3.31871622496738
1.65016501650165,-2.99864011630403
1.64744645799012,-3.08857648346032
1.64519058775366,-3.2726342623937
1.64473684210526,-1.02434085398344
1.64203612479475,-3.30293446671966
1.63934426229508,-2.48370775956355
1.6366612111293,-2.96921845971444
1.63398692810458,-3.45011210157683
1.63385387780986,-1.78270189300376
1.63132137030995,-3.55065538972165
1.62866449511401,-3.12329920382534
1.6260162601626,-3.36556044125769
1.62337662337662,-3.38939725039507
1.62259528707809,-3.51579689275611
1.62074554294976,-3.51454509491328
1.61812297734628,-2.98375172892063
1.61550888529887,-3.42878771604252
1.61290322580645,-1.87966703977581
1.61141427725302,-0.92528907181214
1.61030595813205,-3.32438947590723
1.60771704180064,-3.57469386248494
1.60513643659711,-1.87736627782446
1.6025641025641,-2.81916197378193
1.6003103137387,-3.05569544871163
1.6,2.03316712003234
1.59744408945687,-2.10966861605932
1.59489633173844,-0.852445900098227
1.59235668789809,-0.72845615144568
1.58982511923688,-3.43178355310821
1.58928286562298,-2.72844616380312
1.58730158730159,-2.63444506468768
1.58478605388273,-2.9676158979753
1.58227848101266,-3.19202218510101
1.57977883096367,-2.85931257585646
1.57833140565212,-2.17253477494664
1.57728706624606,-0.737442941400768
1.5748031496063,-1.99242577052855
1.57232704402516,-3.09607644044355
1.56985871271586,-1.05827692587281
1.5674554102056,-3.63718759871589
1.56739811912226,-3.42775695172518
1.56494522691706,-2.53005182796657
1.5625,-3.14691828930195
1.5600624024961,-3.66319200003023
1.55763239875389,-3.26732754496357
1.55665435927106,-2.7550306881158
1.5552099533437,-2.69516454732972
1.5527950310559,-3.19188744236412
1.55038759689922,-2.91197805685659
1.54798761609907,-1.64589027558174
1.54592773641948,-2.74178773979521
1.54559505409583,-3.070173355806
1.54320987654321,-3.49650365730364
1.54083204930663,-3.1468200627245
1.53846153846154,-2.25939460533327
1.53609831029186,-2.18261389971898
1.53527502878042,-0.862558797256479
1.53374233128834,-2.55969824004098
1.53139356814701,-3.45294336821412
1.52905198776758,-2.416172772074
1.52671755725191,-2.82611553128141
1.52469572701757,-2.3894624370685
1.52439024390244,-3.38065384671016
1.5220700152207,-2.12488984803197
1.51975683890577,-2.04158728969277
1.51745068285281,-2.19061509150701
1.51515151515152,-1.19924025543117
1.51418932530435,-2.45945607998523
1.51285930408472,-1.09894125795223
1.51057401812689,-2.7683023561188
1.50829562594268,-2.27218457103616
1.50602409638554,-2.47871009429552
1.50375939849624,-3.06413843397406
1.50375532129974,-3.08416355348033
1.5015015015015,-2.6000775696241
1.49925037481259,-1.38720935513619
1.49700598802395,-3.5546532332758
1.49476831091181,-3.46019176431865
1.49339321612425,-1.42710634944096
1.49253731343284,-3.28324009192321
1.4903129657228,-3.59581780714161
1.48809523809524,-3.61996516401417
1.48588410104012,-2.56852795428515
1.48367952522255,-2.32051050572856
1.4831025143361,-2.54996342636569
1.48148148148148,-3.18022560018165
1.4792899408284,-3.24377570177826
1.47710487444609,-2.14793669463166
1.47492625368732,-2.89189557709106
1.4728827239075,-3.18374105560347
1.47275405007364,-3.16120792259509
1.47058823529412,-3.65074816859809
1.46842878120411,-0.888216090542708
1.46627565982405,-0.778415109999297
1.46412884333821,-0.825223052563284
1.46273335620113,-2.61059860524706
1.46198830409357,1.58654618666968
1.45985401459854,-2.92995077640382
1.45772594752187,-2.74076952030792
1.45560407569141,-1.69764229665993
1.45348837209302,1.23835395244017
1.45265392594678,-2.61159196163721
1.45137880986938,-2.51203891153302
1.44927536231884,0.130313810476726
1.44717800289436,-3.44551303574446
1.44508670520231,-3.65702583648281
1.44300144300144,-1.94374257863371
1.44264395121816,-1.02775152128022
1.44092219020173,-3.48552481740772
1.43884892086331,-2.57587839363505
1.4367816091954,-3.29452100482994
1.43472022955524,-3.4494698168382
1.43270295340983,-3.08906892574414
1.43266475644699,-3.13514062646309
1.43061516452074,-2.36366953844437
1.42857142857143,-0.343819046024389
1.4265335235378,1.16471117844201
1.42450142450142,-1.95567312884783
1.42283045721435,-1.24329801475239
1.42247510668563,-3.51106607032114
1.42045454545455,-0.465549777713458
1.41843971631206,-1.33801326630718
1.41643059490085,-3.19694762990651
1.41442715700141,-0.588173737237564
1.41302599059953,-1.49269475167774
1.41242937853107,-2.10315933340957
1.41043723554302,-3.42227786912674
1.40845070422535,-2.78917271079687
1.40646976090014,-3.37920094836773
1.40449438202247,-3.14244365816306
1.40328908478587,-2.33143984243444
1.40252454417952,-3.36140541273358
1.40056022408964,-3.24299252079195
1.3986013986014,-3.42451813966958
1.39664804469274,-2.32466516368701
1.39470013947001,-3.22608604340096
1.39361927422414,-1.6187253085571
1.39275766016713,-3.4081757081923
1.39082058414465,-1.98492228572486
1.38888888888889,-3.54912197715559
1.3869625520111,-2.94579752584401
1.38504155124654,-3.38430221913405
1.38401609657313,-1.54644208461037
1.38312586445367,-1.79577784579682
1.38121546961326,-3.12401095557119
1.37931034482759,-3.17988665957425
1.37741046831956,-3.57226392289139
1.37551581843191,-1.06958129687267
1.37447909267754,-2.90799567849656
1.37362637362637,-3.06213931547218
1.37174211248285,-3.47005703569043
1.36986301369863,-1.72589651136844
1.36798905608755,-3.63811421300197
1.36612021857923,-3.57810914393316
1.36500780654601,-0.365429537331674
1.36425648021828,-3.2713630916787
1.36239782016349,-3.53639776876535
1.36054421768707,-0.971485849004078
1.35869565217391,-3.52980198001363
1.35685210312076,-3.13428959303401
1.35560178532937,1.91925290580743
1.3550135501355,0.829578673204613
1.3531799729364,-3.43701464702338
1.35135135135135,-3.05991443897669
1.34952766531714,-3.02261973563777
1.34770889487871,-2.61027467870432
1.34626057929891,-3.04879567094236
1.34589502018843,-2.08175277320172
1.34408602150538,-2.38699355936093
1.34228187919463,-0.804798261085362
1.34048257372654,-3.63290118653013
1.33868808567604,-2.36458016091326
1.33698374182495,-2.69792320003601
1.33689839572193,-3.18902934611189
1.33511348464619,-2.71041652287191
1.33333333333333,-3.34468465411784
1.33155792276964,-2.79618174793047
1.32978723404255,-3.46558143042266
1.32802124833997,-2.69452528378435
1.32777082935543,-2.67519463995621
1.3262599469496,-2.40620244971854
1.32450331125828,-2.05571660520381
1.32275132275132,-3.15297597287791
1.32100396301189,-2.99717237819525
1.31926121372032,-3.37300659912635
1.31862140139475,-3.18598519512168
1.31752305665349,-3.45809054930167
1.31578947368421,-3.29771201241384
1.31406044678055,-0.375008560874288
1.31233595800525,1.29358184242345
1.31061598951507,-2.93221981102949
1.30953502048267,-1.03347845125183
1.30890052356021,0.870882591919941
1.30718954248366,-0.201766343810372
1.30548302872063,-2.83061096094489
1.30378096479791,-1.64517982608053
1.30208333333333,-2.45143162997088
1.30051125217341,-0.938111621699771
1.30039011703511,-3.131193237434
1.2987012987013,-2.05213777579321
1.2970168612192,-2.51811185317747
1.29533678756477,-3.50868995165289
1.29366106080207,-2.86850435871126
1.29198966408269,-3.13366221646636
1.29154966501488,-2.54328567032588
1.29032258064516,-3.39535555982057
1.28865979381443,-2.40069753346436
1.28700128700129,-2.50015908292626
1.2853470437018,2.17861744026282
1.28369704749679,-2.8395035300431
1.28264983052806,-3.54742040229224
1.28205128205128,-2.27225408260828
1.28040973111396,-3.4594482102383
1.27877237851662,-2.26801018427708
1.27713920817369,-2.75098777979145
1.27551020408163,-3.13605194203545
1.27388535031847,-0.781922524613985
1.27381132318648,-1.75500414297623
1.27226463104326,-2.85142434680771
1.27064803049555,-1.62787455067173
1.26903553299492,-2.9854064938019
1.26742712294043,-3.60240733026445
1.26582278481013,-3.51212978560634
1.2650337203959,-3.6032433554504
1.26422250316056,0.340766327636222
1.26262626262626,-3.11827578556692
1.26103404791929,-2.41723980275695
1.25944584382872,-1.69320257012749
1.25786163522013,-3.35558453261619
1.25631660247412,-1.25412624110957
1.25628140703518,-0.443687525579587
1.25470514429109,-0.328011005923666
1.2531328320802,-2.81606728985191
1.25156445556946,-2.15871316798946
1.25,-3.25806338928914
1.24843945068664,-3.26740882752831
1.24765955263087,-0.937051325198904
1.24688279301746,-3.47860196663997
1.2453300124533,-0.0861433272698191
1.24378109452736,-1.23715044768918
1.24223602484472,-3.58510885629327
1.24069478908189,-2.74291664764682
1.23915737298637,-3.5762748519764
1.23906215694792,-3.34842178184602
1.23762376237624,-1.85758268920126
1.23609394313968,-3.64159407177608
1.23456790123457,-3.59746667194194
1.23304562268804,-2.14367642324175
1.23152709359606,-2.83230315557345
1.23052400435926,-2.9813071162121
1.230012300123,-3.40936113472118
1.22850122850123,-3.01451523789164
1.22699386503067,-3.3160960726269
1.22549019607843,-2.79398274012545
1.22399020807834,-3.62752616773433
1.22249388753056,-3.39298517460314
1.22204468663149,-3.34954302907932
1.22100122100122,-2.79804301421232
1.21951219512195,-2.54355704574204
1.21802679658952,-3.28400528809437
1.21654501216545,-2.90705151733116
1.21506682867558,-2.67621349242473
1.21362379834424,-3.6554260279057
1.21359223300971,-3.63896537905266
1.21212121212121,-2.2438416708451
1.21065375302663,-0.894918124588496
1.20918984280532,-2.97819945181443
1.20772946859903,-3.06450655926484
1.20627261761158,-2.08461126704754
1.20526093687084,-2.72843622738464
1.20481927710843,-2.98353830055252
1.20336943441637,-0.129724456650147
1.20192307692308,-3.09980794093338
1.20048019207683,-2.01048477805359
1.19904076738609,-2.0262553106432
1.19760479041916,-3.54537550651211
1.19695570235904,-0.141736314517924
1.19617224880383,-3.63476785010685
1.194743130227,-1.98090483418219
1.19331742243437,-1.78213139433772
1.19189511323004,-1.03218643412437
1.19047619047619,-2.59821714291148
1.18906064209275,-2.1653694883074
1.1887076977119,-1.67809625538213
1.18764845605701,-1.82688038341335
1.18623962040332,-1.55049145979684
1.18483412322275,-3.65345978007293
1.18343195266272,-2.3342933011546
1.18203309692671,-1.93884170036507
1.18063754427391,-3.30736890815664
1.18051652856881,-3.26529018774464
1.17924528301887,0.335285552679143
1.17785630153121,-3.55224466663553
1.17647058823529,-2.56586350516936
1.17508813160987,-3.50767333927781
1.17370892018779,-1.55094409323764
1.1723818032866,-2.14818996301092
1.17233294255569,-1.47714801950057
1.17096018735363,-2.71879382741725
1.16959064327485,-2.54189783147226
1.16822429906542,-0.582773450668223
1.16686114352392,0.9444779266445
1.16550116550117,-3.06183701300604
1.16430313292088,-2.96528798843762
1.16414435389988,-1.26142889199236
1.16279069767442,-1.53897637046701
1.16144018583043,-3.46211717251391
1.16009280742459,-3.41188182210036
1.15874855156431,-2.87013737854088
1.15740740740741,-1.48133257150722
1.15628013120738,-1.92243396877812
1.15606936416185,-1.13242651562949
1.15473441108545,-3.65639006212755
1.15340253748558,-0.942207148974584
1.15207373271889,-3.31886744501308
1.15074798619102,-2.52912975873628
1.14942528735632,-3.47298391069831
1.14831241454351,-2.26013039281211
1.14810562571757,-3.05726957744788
1.14678899082569,-1.7217273787587
1.1454753722795,-3.04553497618717
1.1441647597254,-2.96181182739879
1.14285714285714,-3.25349397440145
1.14155251141553,-3.04925704347662
1.14039960197003,-2.31631485546797
1.14025085518814,-1.83816826425179
1.13895216400911,-3.51291197401188
1.13765642775882,-2.58000789915938
1.13636363636364,-1.39278119097717
1.13507377979569,-3.4772919912704
1.13378684807256,-2.13802663955466
1.13254131515281,-1.53369699806346
1.13250283125708,-1.82135798508731
1.13122171945701,-2.5792460089646
1.12994350282486,-3.64768848236177
1.12866817155756,-3.56987682960304
1.12739571589628,-1.54846518443706
1.12612612612613,-3.20406094740438
1.12485939257593,-2.86404391884922
1.12473717836475,-3.58061942485416
1.12359550561798,0.11277539460129
1.12233445566779,-2.99595866262474
1.12107623318386,-3.22186106191084
1.11982082866741,-3.40101058037926
1.11856823266219,-3.51672309980263
1.11731843575419,-1.86334177347039
1.11698681846782,-3.5240969242903
1.11607142857143,-3.13837690537225
1.11482720178372,-3.25343797553203
1.11358574610245,-3.47564725344857
1.11234705228031,-2.88633096185553
1.11111111111111,-2.79323389205843
1.10987791342952,-2.99949468679214
1.10928986489522,-1.40453236420835
1.10864745011086,-1.35204919145623
1.10741971207087,-3.07371865381416
1.10619469026549,-0.90840026298964
1.10497237569061,-3.15902392189904
1.1037527593819,-0.246065685043059
1.10253583241455,2.11469382058569
1.10164594963366,-2.81310750466401
1.10132158590308,-3.52601592736552
1.1001100110011,-2.71402985791046
1.0989010989011,-3.53469849580388
1.09769484083425,-3.04389389199759
1.09649122807018,-3.55066340891217
1.09529025191676,-0.322988960359605
1.09409190371991,-2.84325005471303
1.09405470720574,-2.94445465681083
1.09289617486339,-2.07985937233384
1.09170305676856,-0.512063627649051
1.09051254089422,-2.95824507164026
1.08932461873638,-2.55029905886091
1.08813928182807,-2.83622502246414
1.08695652173913,-0.907478534722723
1.08651577465254,-1.75863863279484
1.085776330076,-3.45774409339948
1.08459869848156,-3.48192718147207
1.08342361863489,-3.6240829111101
1.08225108225108,-2.55833637808076
1.08108108108108,-2.92787302644562
1.07991360691145,-2.87583370799028
1.07902879151618,-3.47846940059456
1.07874865156419,-3.24156160105484
1.07758620689655,-1.75793291417521
1.07642626480086,-2.27791364096218
1.0752688172043,-1.1402808594526
1.07411385606874,-3.66287501261506
1.07296137339056,-3.09741979628078
1.07181136120043,1.16324811357196
1.07159339982267,-3.2852566126976
1.07066381156317,-0.585727583998316
1.06951871657754,-3.13171909436566
1.06837606837607,0.612825869409325
1.06723585912487,-1.21445753927982
1.06609808102345,-3.41995804231017
1.06496272630458,-2.64655914094971
1.06420924406472,-2.6288353435426
1.06382978723404,-2.89361539472336
1.06269925611052,-1.83757326335525
1.06157112526539,-2.53458196612773
1.06044538706257,-1.38725123647124
1.0593220338983,-0.650641263711132
1.05820105820106,-2.77843952418787
1.05708245243129,-3.53774826819692
1.0568759711848,-3.5134191799563
1.05596620908131,-3.10580748492866
1.05485232067511,-2.70720257023275
1.05374077976818,-3.01380028403217
1.05263157894737,-2.99727721063608
1.0515247108307,-3.49326123068566
1.05042016806723,-3.11433508400371
1.04959323055823,-3.45201160957482
1.04931794333683,-0.25894488760117
1.0482180293501,-3.26026548189041
1.04712041884817,-2.69225011037697
1.04602510460251,-0.493583772793936
1.04493207941484,-3.492810424967
1.04384133611691,-3.6441495716097
1.04275286757039,-2.30576427546647
1.0423606739764,-3.0199422142539
1.04166666666667,0.810805583472889
1.04058272632674,-1.49653107663918
1.03950103950104,-3.30463880847851
1.03842159916926,-1.05682548281986
1.03734439834025,-2.40968316334506
1.03626943005181,-2.63419570919263
1.0351966873706,-3.38574204474194
1.03517795563018,-2.86344168417578
1.03412616339193,-2.92459769250966
1.03305785123967,-2.54846242868335
1.03199174406605,-3.30019476847657
1.03092783505155,-3.17546902898884
1.02986611740474,-3.30215160087762
1.02880658436214,-3.4299212225449
1.02804473209331,-3.0631114439668
1.02774922918808,-2.14874008291157
1.02669404517454,-2.59603048716358
1.02564102564103,-3.374572159945
1.02459016393443,-3.32296898288409
1.02354145342886,-2.72597682268242
1.02249488752556,-3.33078904050539
1.02145045965271,-2.86018695162697
1.02096066230605,-3.2745416306662
1.02040816326531,-3.22680508300423
1.01936799184506,-3.32377307091998
1.0183299389002,-3.57551435283797
1.01729399796541,-3.51001852673253
1.01626016260163,-2.22704689237751
1.01522842639594,-2.28337856544241
1.01419878296146,-3.29162986563942
1.01392540755882,-3.47700198834091
1.01317122593718,-3.36294981253139
1.01214574898785,-3.19578368421822
1.01112234580384,-2.46438332824244
1.01010101010101,-2.26199666609396
1.00908173562059,-1.86782755696374
1.00806451612903,-2.34612218003967
1.00704934541793,-0.0411977311739333
1.00693863147603,-3.46042297344602
1.00603621730382,-0.520719845940799
1.00502512562814,-3.23189841078878
1.00401606425703,-3.00164887959893
1.00300902708124,1.78383489575568
1.00200400801603,-2.65170165186584
1.001001001001,-3.11337430877394
1,1.87865131793719
