"data...1.","bfp_output.res"
12220.1056599999,20.5339011401825
12235.9666670002,25.7470034740896
12237.9032180002,32.1022703612805
12238.908171,41.2681597283119
12243.0026850002,27.4975076677413
12307.8585649999,22.7270048851814
12334.8146870001,12.2093716252587
12536.1309139999,-78.2455321265177
12537.0906480001,-75.2959612678885
12538.048924,-52.3697428383057
12573.0651850002,-3.28792188787027
12574.0020829998,-10.0781228914187
12575.0051270002,17.2630417859671
12601.0029279999,102.523849001038
12602.0445829998,74.658571004346
12651.8701849999,44.9347255799666
12711.7517590001,-51.3671716078102
12712.8089470002,1.38309052407144
12925.044514,-38.2730168428308
13071.8259140002,-17.2663750987637
13303.018044,88.9068330833296
13338.8544100001,-71.9037080113695
13340.104572,-42.5529426709773
13368.8945829999,-30.3061666157816
13747.010278,-49.55044674387
15111.0354980002,13.0403419740736
15440.1281369999,-29.5599615361379
15523.043414,-44.3986479382783
15994.8675230001,-45.4819102044844
16165.1266089999,11.061010654818
16585.1541550001,29.896904113766
16588.0586689999,43.186248531983
16639.9026270001,-54.4758658426904
16909.1497450001,14.3412307892224
17291.1480089999,35.1290401957643
17294.147072,17.4830246112202
17652.1447220002,24.3078124782883
17765.862338,-11.7861897298677
18029.1550810002,5.36424462709506
