"bfp_output.P","bfp_output.logBF"
1000,-1.12390898301718
993.109181374979,-0.989303846393692
986.265846131283,-0.898866501248913
979.46966706954,-0.852487644948137
972.720319245055,-0.846483337850894
966.017479952265,-0.8757434374731
959.360828709315,-0.93611552754886
952.75004724273,-1.02603156925782
946.184819472201,-1.1468500879486
939.66483149547,-1.30185828788675
933.189771573324,-1.49419441265588
926.759330114689,-1.72423613223408
920.373199661823,-1.98733221579821
914.031074875623,-2.2729052587574
907.732652521023,-2.56554113115753
901.477631452492,-2.84769436020452
895.26571259964,-3.10272831442763
889.096598952916,-3.31693245973063
882.969995549409,-3.47995298465086
876.885609458743,-3.58407821818262
870.843149769073,-3.62344852184519
864.842327573172,-3.59438767433154
858.882855954625,-3.49765740848941
852.964449974103,-3.3422007787809
847.086826655741,-3.14782288292629
841.249704973612,-2.94304655273792
835.452805838287,-2.75711200819209
829.695852083491,-2.61071415962418
823.978568452852,-2.51180114780824
818.300681586739,-2.45796781578813
812.661920009195,-2.44196443249173
807.06201411495,-2.45650824518854
801.500696156541,-2.49679993789907
795.977700231499,-2.56054810969892
790.492762269642,-2.64549257756802
785.045620020451,-2.74539743337923
779.636013040523,-2.84845367309979
774.263682681127,-2.94192483648707
768.928372075831,-3.01902424730123
763.629826128224,-3.08041792672683
758.367791499719,-3.13058051932246
753.142016597437,-3.1739564056504
747.952251562182,-3.21285569209437
742.798248256492,-3.24613638107437
737.679760252773,-3.26757448149321
732.596542821523,-3.26477690243628
727.548352919623,-3.22420330160007
722.534949178721,-3.14856919871745
717.556091893692,-3.06891131036958
712.611543011175,-3.02106377852449
707.701066118189,-3.01759259362548
702.824426430835,-3.05278402992242
697.981390783066,-3.11765937085523
693.17172761554,-3.20509535682101
688.39520696455,-3.30733277621853
683.651600451024,-3.41078133087499
678.940681269611,-3.49218498831801
674.262224177835,-3.52210166348662
669.616005485322,-3.4785184190362
665.001803043112,-3.36024113444698
660.419396233031,-3.18541856094232
655.868565957143,-2.9786790875501
651.349094627281,-2.76202403021189
646.860766154633,-2.55457623130406
642.40336593942,-2.37561885586616
637.976680860628,-2.244594840087
633.580499265825,-2.17640608946781
629.214610961035,-2.17619901989674
624.878807200689,-2.23938795698144
620.57288067765,-2.35695962649875
616.296625513294,-2.52015473026843
612.04983724767,-2.71986250524004
607.832312829723,-2.94198773945031
603.643850607587,-3.16412935074971
599.484250318941,-3.35708142543912
595.353313081437,-3.4887917988545
591.250841383188,-3.5264702609674
587.176639073326,-3.43829279065708
583.130511352622,-3.20368439420816
579.112264764176,-2.83926681261949
575.121707184161,-2.42231083699083
571.158647812643,-2.06588297474722
567.222897164454,-1.84792154945263
563.314267060136,-1.77495726250167
559.432570616938,-1.81155821915051
555.577622239888,-1.92273757836885
551.749237612913,-2.0914588597938
547.947233690029,-2.31230367171313
544.171428686589,-2.57469650873848
540.421642070592,-2.85118163880672
536.697694554048,-3.09750314683098
532.999408084409,-3.2577611757767
529.326605836056,-3.27333317245775
525.679112201842,-3.10766891402751
522.056752784698,-2.78312814416609
518.459354389291,-2.38548248191135
514.886745013749,-2.01141432680979
511.338753841433,-1.71554443068463
507.815211232767,-1.50895598812884
504.315948717136,-1.38960364483064
500.840798984821,-1.36627120754518
500,-1.37724302187898
497.389595879006,-1.45754041472533
493.962174387832,-1.67337761914767
490.558370636505,-2.00570723190374
487.178021879463,-2.4313936541187
483.820966492595,-2.90425861111519
480.487043965513,-3.33552899616823
477.176094893875,-3.60500879863819
473.887960971765,-3.6325520309535
470.622484984128,-3.43726746405938
467.379510799247,-3.10334516677328
464.158883361278,-2.71250244331118
460.960448682844,-2.32187163480681
457.784053837662,-1.97566826167447
454.62954695324,-1.71092944159197
451.49677720361,-1.55045140831312
448.385594802119,-1.504712307284
445.295850994266,-1.58528528885095
442.22739805059,-1.80388046416142
439.180089259609,-2.14321745708925
436.153778920801,-2.53212393363493
433.14832233764,-2.87822488551269
430.16357581068,-3.13151618167226
427.199396630678,-3.2985942616555
424.255643071778,-3.40932729095514
421.332174384729,-3.4875200348046
418.428850790158,-3.54462420870216
415.545533471888,-3.58572004528743
412.682084570296,-3.61452993757662
409.838367175726,-3.63334626512006
407.014245321944,-3.63950851420646
404.209583979631,-3.62274455668189
401.424249049932,-3.56393652305054
398.658107358044,-3.43042036775837
395.911026646846,-3.18398185395337
393.182875570577,-2.83768695480337
390.473523688556,-2.51646560115413
387.782841458946,-2.34630366938863
385.110700232557,-2.29414474846355
382.4569722467,-2.19052720629427
379.821530619074,-1.77065710157667
377.2042493417,-0.830786166484965
374.605003274899,0.181637485502724
372.023668141307,0.452138320219508
369.46012051993,-0.0449626564612897
366.914237840249,-0.879637905080879
364.385898376355,-1.31281568748137
361.874981241128,-0.334384496191016
359.381366380463,1.48164846326056
356.904934567523,2.43938290171152
354.445567397043,1.8995106254095
352.003147279668,0.0644314995695554
349.577557436327,-1.92145043872487
347.168681892656,-2.77102816939556
344.776405473446,-2.68944946326668
342.400613797142,-2.49733531472857
340.041193270371,-2.37912521151405
337.698031082509,-1.90014529552634
335.371015200293,-0.638321648257583
333.333333333333,1.03700109563987
333.060034362459,1.28088495459268
330.764978074424,3.17260801788429
328.485736603004,3.90767805465349
326.222200971167,2.56098030147054
323.97426295282,0.069361748395143
321.741815067637,-1.76468629553845
319.524750575921,-2.36263127511311
317.322963473498,-1.85565020417207
315.136348486648,-0.601867655450074
312.964801067075,0.608461294558755
310.808217386907,1.0647231957211
308.666494333727,0.805234435729564
306.539529505653,0.194637869941336
304.42722120643,-0.324120791898376
302.329468440578,-0.155488306966343
300.246170908555,1.09948539237583
298.177229001967,2.87935768063689
296.122543798804,3.51310102013206
294.082017058706,2.43194820879574
292.055551218275,0.977091147680047
290.043049386399,-0.00361755911951445
288.04441533963,-0.74748436247081
286.059553517574,-1.19270175199837
284.08836901833,-0.544865209436902
282.130767593947,1.28763453214412
280.18665564592,2.67987681735442
278.255940220713,2.24543450843196
276.338529005317,0.351741604236556
274.434330322837,-1.75318773788156
272.543253128103,-2.84917045775348
270.665207003324,-1.96184330097007
268.800102153761,1.01277499107245
266.947849403432,4.67503028353822
265.108360190854,6.9275374199486
263.281546564802,6.39030588241333
261.467321180109,3.01401795696332
259.665597293487,-1.39728538117064
257.87628875938,-3.60487445757057
256.099310025846,-2.8200833780891
254.334576130465,-0.662034751663252
252.582002696278,1.70362701451125
250.841505927754,3.71963380544149
250,4.30013041594531
249.113002606779,4.26732770777149
247.396410088681,1.26873932309853
245.691646298279,-2.62754554980513
243.998629725955,-3.50919678410132
242.31727942376,-2.93287278808044
240.647515001542,-2.16253489734081
238.989256623105,-1.65818822377262
237.342425002387,-1.82758846240612
235.706941399673,-2.35927096368728
234.082727617829,-1.77665085077363
232.469705998565,-0.437141760195071
230.867799418717,0.156351366226024
229.276931286565,-1.04671277457332
227.697025538168,-2.94443249304528
226.128006633728,-3.38757079321003
224.569799553977,-1.5129693818029
223.022329796594,2.02592970022794
221.485523372636,6.04622755875478
219.959306803008,7.88600093402296
218.443607114943,4.23085530278623
216.938351838519,-1.16075784296539
215.443469003188,-3.4197628700201
213.958887134342,-2.50421381073262
212.484535249888,-0.00921794176680191
211.02034285686,1.83263900986059
209.566239948043,1.29854766973283
208.122156998634,-0.552192852466599
206.688024962908,-2.29786069905766
205.263775270925,-2.96829636361776
203.849339825246,-2.72900890026868
202.44465099768,-2.62220206260302
201.04964162605,-3.10260730191647
200,-3.46060015682356
199.664245010979,-3.53594330876568
198.288394912707,-3.61885496978574
196.922025547917,-3.44919351136776
195.565071586595,-3.38967838505705
194.217468148903,-3.3403921752271
192.879150802078,-3.1488828069353
191.550055557353,-3.1758434868796
190.230118866895,-3.14268250302235
188.919277620767,-3.25783586901543
187.617469143912,-3.54967959587814
186.324631193156,-3.11110683057107
185.04070195423,-2.69834470668435
183.765620038817,-2.01814763746251
182.499324481615,-1.24076367671021
181.241754737424,-1.76162854465893
179.992850678248,-2.18623197301677
178.752552590424,-2.42054411897878
177.520801171764,-3.11445577379693
176.297537528721,-2.78290045508912
175.082703173572,-1.66539399802049
173.876240021625,0.0728620065106229
172.678090388436,0.865315345532072
171.488196987054,-0.899931120812322
170.306502925284,-2.52813579788089
169.132951702965,-3.21942658664484
167.967487209265,-2.71190448326559
166.810053720006,-1.35826811570684
166.666666666667,-1.16891795516188
165.660595894991,0.477172597173383
164.519058775366,2.9787992742043
163.385387780986,4.49192006001649
162.259528707809,0.998402191787581
161.141427725302,-3.38949042344374
160.03103137387,-1.38893702464606
158.928286562298,4.16216814106214
157.833140565212,7.54462122568235
156.745541020559,3.44966707357914
155.665435927106,-2.86265642590386
154.592773641948,-2.58540360550931
153.527502878042,0.72697854724034
152.469572701757,1.65629590203831
151.418932530435,-0.930095026616992
150.375532129974,-3.43978202168914
149.339321612425,-2.14001724796533
148.310251433611,-1.30345189668592
147.28827239075,-2.13091802061571
146.273335620113,-3.39091925761276
145.265392594678,-2.73132749012491
144.264395121816,-2.27639886362972
143.270295340983,-1.81901308651323
142.857142857143,-1.74605887451615
142.283045721435,-1.58106689105217
141.302599059953,-1.17978471725255
140.328908478587,-2.66054351856267
139.361927422414,-1.63901796911922
138.401609657313,2.79507222292343
137.447909267754,6.47430475896762
136.500780654601,2.20318050531167
135.560178532937,-3.28865569457234
134.626057929891,-1.36189065204943
133.698374182495,3.45809484470557
132.777082935543,2.00608241682047
131.862140139475,-2.10076344623159
130.953502048267,-3.45545990296911
130.051125217341,-3.60103821675294
129.154966501488,-3.2477203083378
128.264983052806,-3.00965087496901
127.381132318648,-3.15735557251984
126.50337203959,-2.51874816261109
125.631660247412,-1.11322985972266
125,-0.47953525675184
124.765955263087,-0.806231305011134
123.906215694792,-3.28426827729298
123.052400435926,-3.41411474775365
122.204468663149,-1.79014230158314
121.362379834424,-1.06142315842829
120.526093687084,-2.40451704303929
119.695570235904,-3.33756592541841
118.87076977119,-3.19554292968517
118.051652856881,-3.05535065802853
117.23818032866,-3.05180281489568
116.430313292088,-3.42096223515314
115.628013120738,-3.64875578426121
114.831241454351,-2.97791475023807
114.039960197003,-2.215388238273
113.254131515281,-2.35812016157395
112.473717836475,-3.49514218508055
111.698681846782,-2.77628581267701
111.111111111111,-1.11327207020922
110.928986489522,-0.616330917172074
110.164594963366,-0.438988256045159
109.405470720574,-2.89252928806094
108.651577465254,-3.07474223255796
107.902879151618,-1.73442164129367
107.159339982267,-1.36614454348561
106.420924406472,-2.54086631427539
105.68759711848,-1.3948326611911
104.959323055823,-0.637472778644319
104.23606739764,-3.1380622483238
103.517795563018,-2.48112393059126
102.804473209331,2.10362521221628
102.096066230605,0.351292635094826
101.392540755882,-2.76148853527355
100.693863147603,-1.08082950399055
100,-0.659578762098827
100,-0.659578716349652
99.310918137498,-1.40949282732158
98.6265846131283,-2.47142295616971
97.946966706954,-2.76880159805368
97.2720319245054,-2.60505175077891
96.6017479952265,-3.53207354356565
95.9360828709315,-2.85424014348227
95.2750047242729,-2.78947320303767
94.61848194722,-3.30009163633498
93.966483149547,1.22976302481907
93.3189771573324,-0.0156557874746381
92.6759330114688,-3.55869122809745
92.0373199661823,-1.46278712568589
91.4031074875623,-0.623165438214822
90.9090909090909,-1.53056360189246
90.7732652521023,-1.53114837580982
90.1477631452492,-2.79750668417283
89.526571259964,-2.80548932924772
88.9096598952916,0.904099143887682
88.2969995549409,-0.593834248784286
87.6885609458743,-3.42261753147941
87.0843149769073,-0.57398479751087
86.4842327573172,-1.30562203980652
85.8882855954625,-3.12589910579443
85.2964449974102,-2.14834358787301
84.7086826655741,-3.14035191577444
84.1249704973612,-2.66388422114731
83.5452805838287,-3.58868814503192
83.3333333333333,-3.14457021148096
82.9695852083491,-2.32679815730402
82.3978568452852,-3.15414136234615
81.8300681586739,2.19802581228671
81.2661920009194,-1.05866666138923
80.706201411495,-0.410865803091506
80.2028719106221,10.3971529449009
79.5977700231498,-1.57946714908051
79.0492762269642,-1.25716962348975
78.5045620020451,0.0967488640611309
77.9636013040523,0.828651259293186
77.4263682681127,-3.64257985682481
76.9230769230769,0.943245169331893
76.8928372075831,1.27089250849209
76.3629826128224,-3.16740157914959
75.8367791499719,-1.70173244916334
75.3142016597437,-3.13498563293099
74.7952251562182,-1.89586694866521
74.2798248256491,-2.55650388820562
73.7679760252773,-2.88895337575432
73.2596542821523,-2.11466861753795
72.7548352919623,-3.2230741591117
72.2534949178722,-3.55646219157746
71.7556091893693,-1.97757278431787
71.4285714285714,-0.54538306859025
71.2611543011175,-1.59714951540023
70.7701066118189,-3.03612925751831
70.2824426430835,-0.393089656217636
69.7981390783066,-2.2051883573424
69.3171727615541,-3.37953304499556
68.839520696455,-3.47184760243133
68.3651600451024,-1.30900445640396
67.8940681269611,-2.50570328692974
67.4262224177834,-2.51858069110021
66.9616005485322,-2.90074156333359
66.6666666666667,0.460060918614279
66.5001803043112,0.398856897735091
66.0419396233031,-1.1494292905253
65.5868565957143,-0.64498153424456
65.134909462728,-1.72975380754793
64.6860766154633,-1.91328141715662
64.2403365939419,-2.06662554172534
63.7976680860628,-3.13626472075419
63.3580499265825,0.0743085019091909
62.9214610961034,-2.46972566643957
62.5,-2.14331584735593
62.4878807200689,-2.18778525702181
62.057288067765,-2.74493482086897
61.6296625513294,-2.94264803762145
61.204983724767,-3.44669703371737
60.7832312829723,-1.6218840522428
60.3643850607587,-3.42715804274728
59.9484250318941,-2.7978769973573
59.5353313081437,-3.65170658842437
59.1250841383188,-3.59868689908439
58.8235294117647,-2.7486421778549
58.7176639073326,-1.6711085740216
58.3130511352622,-2.99371139921184
57.9112264764176,-2.51661742800546
57.5121707184161,-2.09273332513088
57.1158647812643,-3.65871091050273
56.7222897164454,-3.00200691303278
56.3314267060136,-2.94414682728843
55.9432570616938,-2.85495596990118
55.5577622239888,-2.53513252843693
55.5555555555556,-2.51240392045475
55.1749237612912,-2.0755861351282
54.7947233690029,-2.80626190805354
54.4171428686589,-2.81696674877439
54.0421642070592,-3.0077527782315
53.6697694554048,-3.07484396586623
53.2999408084409,-3.52703209219627
52.9326605836056,-2.07335272607043
52.6315789473684,-3.1053270429527
52.5679112201842,-3.21983934374618
52.2056752784698,-0.97033657547045
51.8459354389291,-3.37282115795493
51.488674501375,-3.54102682170157
51.1338753841433,-2.69785487929114
50.7815211232767,-2.38700242643416
50.4315948717136,-0.8766612328947
50.0840798984821,-3.2141779062329
50,-2.80134420227626
49.7389595879007,-3.1566228090049
49.3962174387832,-2.3157833504927
49.0558370636505,-2.80582532429569
48.7178021879463,-3.47946263657236
48.3820966492596,-3.28218301773885
48.0487043965513,-0.486444926045759
47.7176094893875,-2.90164375326669
47.6190476190476,-1.72250649191282
47.3887960971765,-2.0139870679156
47.0622484984128,-3.50444178516825
46.7379510799246,2.87505521801005
46.4158883361278,-2.31178607007835
46.0960448682843,-1.7230333449247
45.7784053837662,-2.99983137055106
45.462954695324,-3.15507037508466
45.4545454545455,-3.14995148385325
45.149677720361,-2.78018267763853
44.8385594802119,-2.23127516594603
44.5295850994266,-2.75640392890478
44.222739805059,7.43967959991351
43.9180089259609,-0.617475169022536
43.6153778920801,-1.12948634819098
43.4782608695652,-2.26294675610644
43.314832233764,-2.29598789084143
43.016357581068,-3.32731877586182
42.7199396630678,-1.64261738036943
42.4255643071778,-2.4431272868844
42.1332174384729,-1.18229169722484
41.8428850790158,-0.585891801364975
41.6666666666667,-3.23042367659387
41.5545533471888,-1.34308321481124
41.2682084570295,-3.18710799358889
40.9838367175726,-0.848411059121257
40.7014245321944,-2.95356957897946
40.4209583979631,-3.34979359278089
40.1424249049932,0.372283692754498
40,-3.24266411506862
39.8658107358044,-1.62432618638992
39.5911026646846,-3.14000273957417
39.3182875570577,-2.6943955007061
39.0473523688556,-0.52371229403776
38.7782841458946,-2.94298398448994
38.5110700232557,-3.01982301579265
38.4615384615385,-3.50458633546814
38.24569722467,-1.66280234016603
37.9821530619073,-1.6880537400048
37.72042493417,-3.46591090337385
37.4605003274899,-1.81710879033705
37.2023668141307,-2.98599510117968
37.037037037037,-3.53433519197857
36.946012051993,-3.21432638269395
36.6914237840249,-2.16488701394227
36.4385898376355,-2.65782081800809
36.1874981241128,-2.06118758972677
35.9381366380463,-3.03700722116742
35.7142857142857,-2.26810728613467
35.6904934567523,-2.62924883413957
35.4445567397043,-0.59363788260607
35.2003147279668,-1.56721462491857
34.9577557436328,-2.99044316819136
34.7168681892656,-3.5767181821411
34.4827586206897,-3.55062738408862
34.4776405473446,-3.49098636221988
34.2400613797142,-3.1019975494237
34.0041193270371,-0.838774931372721
33.7698031082509,-3.44943794856443
33.5371015200293,-0.700998320863088
33.3333333333333,-2.0118850860381
33.3060034362459,-0.140176841255804
33.0764978074424,-2.96705523753293
32.8485736603004,-3.47678984418665
32.6222200971167,-2.83844913291976
32.397426295282,0.371048457619328
32.258064516129,-2.526439262131
32.1741815067637,0.296989548368846
31.9524750575921,-2.85825865049078
31.7322963473498,-3.62379906107547
31.5136348486648,-3.21054940227016
31.2964801067075,-2.8623672051372
31.25,-3.44061794067577
31.0808217386906,-2.8054539710243
30.8666494333727,-3.34231019789596
30.6539529505653,-2.99480396297271
30.442722120643,-0.581299836532604
30.3030303030303,-3.58953448340197
30.2329468440578,-2.49488813675965
30.0246170908555,-3.49506339737966
29.8177229001967,-3.10499427531688
29.6122543798804,-3.41114107446797
29.4117647058824,-3.05708297696527
29.4082017058706,-2.98385874341092
29.2055551218275,-3.11345769927423
29.0043049386399,-3.04981357263407
28.804441533963,-2.26612674447419
28.6059553517574,-3.173877550851
28.5714285714286,-3.60767768057694
28.408836901833,-3.59522609370684
28.2130767593947,-2.87275610990819
28.018665564592,-3.48170581673879
27.8255940220712,-2.83910013206117
27.7777777777778,-3.65005726865671
27.6338529005317,-1.42819073331578
27.4434330322836,-1.69400104871577
27.2543253128103,-1.86232954561067
27.0665207003324,0.128613017304436
27.027027027027,-0.935041772916871
26.8800102153761,1.29778076963594
26.6947849403432,0.563177629021586
26.5108360190854,-3.25356612058216
26.3281546564802,-2.35959490703884
26.3157894736842,-1.20278159419264
26.1467321180109,-2.0985217346937
25.9665597293487,-3.202322004613
25.787628875938,-1.22633862160755
25.6410256410256,-2.21658650090769
25.6099310025846,-2.28938717668522
25.4334576130465,-2.2822824479404
25.2582002696278,1.82091023441452
25.0841505927754,0.475795938914264
25,7.40230928812007
24.9113002606779,3.31112724666283
24.7396410088681,0.940301042355363
24.5691646298279,-2.90066062197063
24.3998629725955,-2.11921760085037
24.390243902439,-2.5884755700486
24.231727942376,-2.66894058100727
24.0647515001542,-2.17099236798667
23.8989256623105,-3.11919380745287
23.8095238095238,-3.37001022041097
23.7342425002387,-1.95532057346038
23.5706941399673,-1.97465798489055
23.4082727617829,-0.515212531590502
23.2558139534884,-2.85673020577444
23.2469705998565,-3.39282820326501
23.0867799418717,-3.09408770633051
22.9276931286565,-1.80550942447108
22.7697025538168,-2.08146298075733
22.7272727272727,-3.17561127985176
22.6128006633728,-2.26589816986906
22.4569799553977,-0.638257394060513
22.3022329796594,-2.76890858794443
22.2222222222222,-3.35593964170497
22.1485523372636,-0.318673331498284
21.9959306803007,-2.25177933591895
21.8443607114943,-3.09776594111885
21.7391304347826,-3.2124774916153
21.6938351838518,-0.313716602068221
21.5443469003188,-2.73993984940567
21.3958887134342,-2.90537951085521
21.2765957446809,-0.150281734611819
21.2484535249888,-0.999963897407592
21.102034285686,-3.24402542331209
20.9566239948043,-2.7339244152658
20.8333333333333,-2.59811693076308
20.8122156998634,-2.9456903378621
20.6688024962908,-3.33538391717253
20.5263775270925,-1.81080466246324
20.4081632653061,-2.36829814949318
20.3849339825246,0.0961157162976933
20.244465099768,-1.70543383221188
20.104964162605,0.206980937089658
20,-2.08999678460823
19.9664245010979,-3.42604987746948
19.8288394912707,-3.14929552900976
19.6922025547917,-3.42270265907497
19.6078431372549,-3.60989501558783
19.5565071586595,-2.52706807375356
19.4217468148903,-2.90070023683098
19.2879150802078,-3.06789300564246
19.2307692307692,-2.73120568805056
19.1550055557353,-2.71766170441544
19.0230118866894,-3.64075284457804
18.8919277620767,-2.21949886983539
18.8679245283019,-0.833442501411478
18.7617469143912,-3.47203313458491
18.6324631193156,-1.44467460007648
18.5185185185185,-3.55227184077396
18.504070195423,-2.89172864229043
18.3765620038817,-1.87707026259279
18.2499324481615,-3.16036981434346
18.1818181818182,-3.6008445112008
18.1241754737424,-2.44421435594846
17.9992850678248,-3.35771778919873
17.8752552590424,-3.42543343351458
17.8571428571429,-2.95252059588561
17.7520801171764,-3.37790911440772
17.6297537528721,-3.28897900869175
17.5438596491228,-0.30794272997873
17.5082703173572,-2.47570880801983
17.3876240021625,-2.26546399825188
17.2678090388436,-2.9706254638714
17.2413793103448,-2.41562388471267
17.1488196987054,-3.21088597046191
17.0306502925284,-0.575942592098083
16.9491525423729,2.01424360915393
16.9132951702965,-2.63785561063188
16.7967487209265,-3.63379155159772
16.6810053720006,0.161337393048133
16.6666666666667,-1.83767552027832
16.5660595894991,-3.22558827693414
16.4519058775366,-2.90806658228139
16.3934426229508,-3.18210616710659
16.3385387780986,-3.41377906462916
16.2259528707809,-3.63351635541518
16.1290322580645,-1.37551326474105
16.1141427725302,-0.325339941140395
16.003103137387,-3.5257507617815
15.8928286562298,-3.35662072679015
15.8730158730159,0.14851640768588
15.7833140565212,-2.0864538366646
15.674554102056,-2.44059832596376
15.625,-1.26023985078647
15.5665435927106,-1.05678564449318
15.4592773641948,-3.11654474826288
15.3846153846154,-0.252594316755146
15.3527502878042,-3.32640509411759
15.2469572701757,-2.28252924073648
15.1515151515152,1.4220032967718
15.1418932530435,-0.457703150185419
15.0375532129974,-2.6334831349577
14.9339321612425,-0.30267214921697
14.9253731343284,-0.0838734353849118
14.831025143361,-3.2798206849702
14.728827239075,-2.57926732814344
14.7058823529412,-2.7413209420976
14.6273335620113,-3.65357877103598
14.5265392594678,-1.5117862990419
14.4927536231884,-3.42454383100583
14.4264395121816,-3.60661046535462
14.3270295340983,-1.27274070362084
14.2857142857143,-0.292115480416594
14.2283045721435,-0.769181196298415
14.1302599059953,-1.89059653290665
14.0845070422535,-0.676118216362606
14.0328908478587,0.878021762293504
13.9361927422414,-1.78992411592373
13.8888888888889,-2.97776028972724
13.8401609657313,-1.28621200360929
13.7447909267754,-3.11331015055803
13.6986301369863,-3.60131132385502
13.6500780654601,-2.09398279509098
13.5560178532937,-0.894770916581659
13.5135135135135,-1.0503848235384
13.4626057929891,-2.12961610970946
13.3698374182495,-2.29186064234905
13.3333333333333,3.00984769790141
13.2777082935543,-2.12448462873042
13.1862140139475,-2.50106947645444
13.1578947368421,-1.84011931569078
13.0953502048267,1.37151690480555
13.0051125217341,-3.35082909172631
12.987012987013,-2.23809552279642
12.9154966501488,-3.38901155641725
12.8264983052806,0.747132412434032
12.8205128205128,0.972092023263362
12.7381132318648,-2.56844251850343
12.6582278481013,-2.66764194779985
12.650337203959,-1.43571404416123
12.5631660247412,-3.0829365849848
12.5,-1.87215664374117
12.4765955263087,-2.90364632438935
12.3906215694792,-3.44189817115703
12.3456790123457,-2.91723620546405
12.3052400435926,-3.26315452527542
12.2204468663149,-0.358177914531875
12.1951219512195,-1.52289569982643
12.1362379834424,-1.09832667399372
12.0526093687084,-1.37329051814141
12.0481927710843,-1.55480771905574
11.9695570235904,5.03463567012496
11.9047619047619,-3.49586475189964
11.887076977119,-1.67258357066792
11.8051652856881,-2.29548509171472
11.7647058823529,-3.3004211656643
11.723818032866,-1.90278703076244
11.6430313292088,0.0566866747639283
11.6279069767442,-3.21305371052155
11.5628013120738,-2.53961077809104
11.4942528735632,-0.959478921152804
11.4831241454351,-0.273427082532446
11.4039960197003,-3.64587604242886
11.3636363636364,-3.63762177818107
11.3254131515281,-3.34166387922563
11.2473717836475,-3.13280192116927
11.2359550561798,-3.33429086646872
11.1698681846782,-3.11507604346259
11.1111111111111,-1.77935587181347
11.0928986489522,-3.19167748481511
11.0164594963366,-2.36982505442064
10.989010989011,-0.944777215341143
10.9405470720574,-2.34336677479338
10.8695652173913,-0.956681411663804
10.8651577465254,-1.46322037158454
10.7902879151618,-2.71139744002012
10.752688172043,-2.93291930342802
10.7159339982267,-2.04518384163976
10.6420924406472,-2.71015895872143
10.6382978723404,-2.37690818752152
10.568759711848,-3.29580832473048
10.5263157894737,-3.45202553740036
10.4959323055823,-2.67827275952699
10.423606739764,-1.79943187044041
10.4166666666667,-2.14193979398801
10.3517795563018,-2.00385742351257
10.3092783505155,-3.20015710129429
10.2804473209331,-2.68160244115874
10.2096066230605,-2.75373615908129
10.2040816326531,-2.49885206820393
10.1392540755882,-0.114499746557708
10.1010101010101,-3.60982536080807
10.0693863147603,-3.4424130575412
10,-1.92182389959323
10,-1.92182389959312
9.9310918137498,-3.10887106439584
9.9009900990099,0.690121640838574
9.86265846131282,0.0848881834285367
9.80392156862745,-3.55604865174338
9.79469667069539,1.38184176330076
9.72720319245054,-2.90820059319527
9.70873786407767,-3.20581593291949
9.66017479952265,-1.47541665673237
9.61538461538461,-2.92925111081829
9.59360828709314,-2.93077679138168
9.52750047242729,-2.51063084170725
9.52380952380952,-2.75965389866731
9.461848194722,-1.90405830247728
9.43396226415094,-3.54029081247587
9.39664831495469,-3.28521722802945
9.34579439252336,-2.8260108188315
9.33189771573324,-2.8474062893144
9.26759330114688,-1.93389716194757
9.25925925925926,-1.25182751664546
9.20373199661822,-2.63860430430504
9.1743119266055,-3.28761546638044
9.14031074875623,-3.5701919514196
9.09090909090909,-1.01163354810897
9.07732652521023,-3.04122817957259
9.01477631452492,-3.39277640673093
9.00900900900901,-3.5966333325697
8.9526571259964,-2.03154426870206
8.92857142857143,-3.42057402872818
8.89096598952916,-2.87732393258126
8.84955752212389,0.237257966623294
8.82969995549409,-2.27070598425125
8.7719298245614,-2.63803924944981
8.76885609458743,-3.3812185131925
8.70843149769072,-3.39221249752627
8.69565217391304,-3.65124666271772
8.64842327573172,0.76615965345987
8.62068965517241,-2.0662251284363
8.58882855954625,-1.17157831397197
8.54700854700855,0.170232526618652
8.52964449974102,-0.488205938164906
8.47457627118644,-2.0825619881606
8.47086826655741,-3.59120725874517
8.41249704973612,-3.56061964884064
8.40336134453781,-2.16909357894131
8.35452805838287,1.27447364297938
8.33333333333333,0.706730356308374
8.29695852083491,-3.36894525376344
8.26446280991736,-2.12398541257665
8.23978568452852,-3.42110406397721
8.19672131147541,-3.17187895066366
8.18300681586739,-3.55214135064851
8.13008130081301,-3.08686360380203
8.12661920009195,-2.80410659933527
8.0706201411495,-2.33878294185147
8.06451612903226,-1.57693608208545
8.01500696156541,-3.55470403356083
8,-3.52281509546215
7.95977700231498,-3.25639066956706
7.93650793650794,-2.24138822749334
7.90492762269642,-3.21835575133262
7.8740157480315,1.43155483128526
7.85045620020451,-3.25916916418169
7.8125,-3.61830779358878
7.79636013040523,-3.36166666859638
7.75193798449612,-2.56442360643659
7.74263682681127,-3.12434499012859
7.69230769230769,-3.5859940241509
7.68928372075831,-3.28023887489258
7.63629826128224,-2.60188156775963
7.63358778625954,-2.5285096865558
7.58367791499719,-3.14149710135008
7.57575757575758,-3.46279448281832
7.53142016597437,-3.04359134255817
7.5187969924812,-2.68027088783235
7.47952251562182,-2.36482533280643
7.46268656716418,-3.44239886413815
7.42798248256492,-3.05151616860438
7.40740740740741,-2.61674963696891
7.37679760252773,-3.15386591879494
7.35294117647059,1.55607076259331
7.32596542821523,-3.50807787705746
7.2992700729927,-3.36778403198776
7.27548352919623,-2.85417606041501
7.2463768115942,-2.95055063368387
7.22534949178722,-1.74938076102638
7.19424460431655,-0.43346335103062
7.17556091893693,-2.43097215692087
7.14285714285714,-2.92052144659136
7.12611543011175,-2.42890970409486
7.09219858156028,-2.46550390061533
7.07701066118189,-2.17344910376716
7.04225352112676,-1.08212269878463
7.02824426430835,-2.44887468967753
6.99300699300699,0.960420716214363
6.97981390783066,-2.85708239684915
6.94444444444444,-0.905622652567255
6.93171727615541,-3.26753058662713
6.89655172413793,-3.1833737887472
6.8839520696455,-2.87046572980249
6.84931506849315,-2.20611496989333
6.83651600451024,-1.32730287384272
6.80272108843537,-2.67456136413501
6.78940681269611,-2.03130499208303
6.75675675675676,-0.641370071415007
6.74262224177834,-3.13251191342483
6.71140939597315,-2.61186304496992
6.69616005485322,-3.33564031484242
6.66666666666667,-3.10505013488141
6.65001803043112,-2.06211367598435
6.62251655629139,-2.78377885655511
6.6041939623303,-3.65075331064115
6.57894736842105,-2.77460350908909
6.55868565957143,-0.232082706949693
6.5359477124183,-2.23327189203506
6.5134909462728,-2.79727376464187
6.49350649350649,-1.27214387874111
6.46860766154633,-1.46619974215939
6.45161290322581,-1.69285897734049
6.42403365939419,-3.49351949395931
6.41025641025641,-2.90313991798699
6.37976680860628,-2.99104912381365
6.36942675159236,-2.38374163842875
6.33580499265825,-0.29671952208984
6.32911392405063,-2.28770256737242
6.29214610961034,-3.25515920640474
6.28930817610063,-2.53768922192229
6.25,-3.45620520594779
6.24878807200689,-3.32158461303599
6.2111801242236,-1.11627031107421
6.2057288067765,-2.22853980712558
6.17283950617284,-2.29474290895616
6.16296625513294,-3.47557867493763
6.13496932515337,-3.4326113255624
6.1204983724767,-1.9730210283446
6.09756097560976,-3.57104983975772
6.07832312829723,-1.54294197059506
6.06060606060606,-3.42763223967095
6.03643850607587,-3.33118117762491
6.02409638554217,-2.13576604547078
5.99484250318941,-2.60338807591774
5.98802395209581,-3.16577361594839
5.95353313081437,-3.07530250132974
5.95238095238095,-3.3484047700221
5.91715976331361,-2.71251115365409
5.91250841383188,-3.25676883589535
5.88235294117647,-3.20096304467541
5.87176639073326,-2.96142020466213
5.84795321637427,-2.54595477888626
5.83130511352622,-1.95936921275971
5.81395348837209,-3.44768515938396
5.79112264764176,-3.28677859629142
5.78034682080925,-3.56341366182159
5.75121707184161,-3.59509815242235
5.74712643678161,-0.751257001280702
5.71428571428571,-3.06664499890537
5.71158647812643,-2.49540907070532
5.68181818181818,-2.98475804424309
5.67222897164454,-3.51014452581809
5.64971751412429,-0.581758993952103
5.63314267060136,-2.92454226969938
5.61797752808989,-2.53483289980407
5.59432570616938,-3.42621414004396
5.58659217877095,-2.44839511255024
5.55577622239888,-0.471597044122187
5.55555555555556,-0.90279411295496
5.52486187845304,-2.95194660325718
5.51749237612913,-3.2932703498184
5.49450549450549,-3.1255813658948
5.47947233690029,-2.48072254581832
5.46448087431694,-3.33021986301405
5.44171428686589,-2.79774225910925
5.43478260869565,-3.49195833122185
5.40540540540541,-3.39153043884208
5.40421642070592,-3.36736234834025
5.37634408602151,-3.61444540453881
5.36697694554048,-2.05729931608509
5.3475935828877,-2.8109783979237
5.32999408084409,-3.2742562805278
5.31914893617021,-3.55501405087694
5.29326605836056,-3.63737454636121
5.29100529100529,-2.73662100926851
5.26315789473684,-3.43162388679913
5.25679112201842,-3.29676673828809
5.23560209424084,-2.32283754990562
5.22056752784698,-2.17219184563522
5.20833333333333,-2.06701676527303
5.18459354389291,-3.54271734225896
5.18134715025907,-3.6346783731545
5.15463917525773,-2.14282672672816
5.14886745013749,-2.11383620658021
5.12820512820513,-2.39533352290736
5.11338753841433,-3.40749807867165
5.10204081632653,-3.2303890681059
5.07815211232767,-3.10683031293457
5.0761421319797,-0.898115491568329
5.05050505050505,-3.22626415215729
5.04315948717136,-3.51778654182309
5.0251256281407,-3.07436280463885
5.00840798984821,-3.14001359114855
5,-3.20924120584332
4.97512437810945,-3.59892677332091
4.97389595879006,-2.75131290733021
4.95049504950495,-3.51781983354003
4.93962174387832,-2.91518017206577
4.92610837438424,-2.46063234933485
4.90558370636505,-2.90793170274098
4.90196078431372,-2.67646233854542
4.8780487804878,-0.731411610930148
4.87178021879463,-3.35841186689812
4.85436893203883,0.964070623498448
4.83820966492596,-0.885082947451063
4.83091787439613,-3.17174195949668
4.80769230769231,-3.58057274960695
4.80487043965513,-3.01144975769121
4.78468899521531,-2.36219127618422
4.77176094893875,-3.23341421635505
4.76190476190476,-3.2248926674158
4.739336492891,-3.32004825544096
4.73887960971765,-3.32572246256457
4.71698113207547,-3.60006644643986
4.70622484984128,-3.49009845312308
4.69483568075117,-3.61556679519007
4.67379510799246,-3.36994837639512
4.67289719626168,-1.91904331419682
4.65116279069767,-2.32990696686484
4.64158883361278,-3.26597614054402
4.62962962962963,-2.69591270556257
4.60960448682843,-2.56237159342832
4.60829493087558,-1.06624352468772
4.58715596330275,-0.699018510259104
4.57784053837662,-2.19415132465069
4.5662100456621,-3.48626622225897
4.5462954695324,-3.16948812781255
4.54545454545455,-2.848829974134
4.52488687782805,-2.2320840042508
4.5149677720361,-0.535289430870743
4.5045045045045,0.580514969784322
4.48430493273543,-0.778047282563317
4.48385594802119,-0.861733549745007
4.46428571428571,-1.69342135965455
4.45295850994265,-2.17016746981759
4.44444444444444,-2.78290043731364
4.42477876106195,-3.07321490260325
4.4222739805059,-3.62115793146072
4.40528634361233,-3.21300958935698
4.39180089259609,-3.53807568398163
4.3859649122807,-2.72310830752196
4.36681222707424,-3.63751818290738
4.361537789208,-3.36058530663991
4.34782608695652,-3.26701364647358
4.3314832233764,-1.09356861545494
4.32900432900433,-3.60550101298319
4.31034482758621,-2.82958512666981
4.30163575810679,-1.42578352746191
4.29184549356223,-3.47195222752232
4.27350427350427,-3.14534813843663
4.27199396630678,-3.20194864238824
4.25531914893617,-1.04472438394735
4.24255643071778,-3.35272361114049
4.23728813559322,-3.54012120803453
4.21940928270042,-3.02671542332861
4.21332174384729,-3.62502274489743
4.20168067226891,-1.15556687662235
4.18428850790158,-2.7461015276359
4.18410041841004,-2.37433741649239
4.16666666666667,-1.91363113396469
4.15545533471888,-2.75089626977076
4.149377593361,-1.79256801941649
4.13223140495868,-3.38575644271408
4.12682084570295,-2.51112481180236
4.11522633744856,-3.46165594592189
4.09838367175726,-3.63495331648964
4.0983606557377,-3.62795822554385
4.08163265306122,-3.385084885474
4.07014245321944,-3.49090707635913
4.0650406504065,-3.6597751698854
4.04858299595142,-3.19407070184586
4.04209583979631,-3.30631714670049
4.03225806451613,-3.62147560945622
4.01606425702811,-2.66949806462243
4.01424249049932,-3.29306839125142
4,-2.38993226987817
3.98658107358044,-2.70582878626079
3.98406374501992,-3.27393019589281
3.96825396825397,-2.85182894553729
3.95911026646846,-1.57695032818004
3.95256916996047,-2.56988075110298
3.93700787401575,-3.2726829462767
3.93182875570577,-3.41763667311612
3.92156862745098,-2.88073302638919
3.90625,-1.97806326825788
3.90473523688556,-2.49590966486441
3.89105058365759,-3.41675677658385
3.87782841458946,-2.14638384111846
3.87596899224806,-0.373251056356092
3.86100386100386,-3.3715927616392
3.85110700232557,-3.59190505368745
3.84615384615385,-3.44978159914462
3.83141762452107,-2.0524520525026
3.824569722467,-3.01829475117939
3.81679389312977,-1.5602374735602
3.80228136882129,-3.42242637178067
3.79821530619074,-2.25680335711841
3.78787878787879,-3.40999443603591
3.77358490566038,-3.64205518196145
3.772042493417,-1.75339893469093
3.7593984962406,-3.48806948818646
3.74605003274899,-2.17238247214201
3.74531835205992,-1.2236998572918
3.73134328358209,-2.75599939115188
3.72023668141307,-1.94907954509299
3.71747211895911,-3.2415573732111
3.7037037037037,-1.70692012584284
3.6946012051993,-3.25043996842406
3.690036900369,-3.6192477265224
3.67647058823529,-3.64566549196602
3.66914237840249,-3.32682256666474
3.66300366300366,-3.47160439332257
3.64963503649635,-3.58128859521768
3.64385898376355,1.10823279204168
3.63636363636364,-2.0753531724146
3.6231884057971,-3.10302789914597
3.61874981241128,-3.41529239676206
3.6101083032491,-1.85555945163075
3.59712230215827,-2.47792389358228
3.59381366380463,-3.36218571739966
3.584229390681,-1.42287954354124
3.57142857142857,-1.64220305590576
3.56904934567523,-2.0104811541408
3.55871886120996,-2.91015671116856
3.54609929078014,-3.16967557992747
3.54445567397043,-2.69877563326703
3.53356890459364,-3.30810592778515
3.52112676056338,0.0235100310508374
3.52003147279668,-3.1661143347686
3.50877192982456,-2.91049284713578
3.4965034965035,-3.47931177844135
3.49577557436328,-3.61358434768006
3.48432055749129,-1.73856546727249
3.47222222222222,-3.51732238833686
3.47168681892656,-2.61851934542487
3.46020761245675,-3.21108268732815
3.44827586206897,-3.44601595508105
3.44776405473446,-2.48324755708391
3.43642611683849,-3.22538808516954
3.42465753424658,-3.14362984660131
3.42400613797142,-2.77411600760261
3.41296928327645,-2.05078005555405
3.40136054421769,-1.80578725656799
3.40041193270371,-2.76595168378044
3.38983050847458,-2.38271158499638
3.37837837837838,2.16541324128629
3.37698031082509,-3.09109543952969
3.36700336700337,-2.22812657886295
3.35570469798658,-3.22283119484158
3.35371015200293,-3.50925900550042
3.34448160535117,0.125292645932679
3.33333333333333,-1.62110771133866
3.33060034362459,-1.96928521578364
3.32225913621262,-2.11428196073184
3.3112582781457,-1.35934706401111
3.30764978074424,-3.2464758102608
3.3003300330033,-2.31210806798971
3.28947368421053,-3.44209748217282
3.28485736603004,-2.68334526230133
3.27868852459016,-3.15602675017488
3.26797385620915,-3.47287654145291
3.26222200971167,-3.46434138232491
3.25732899022801,-2.36898908483063
3.24675324675325,-2.75473919522919
3.2397426295282,-2.23797219366166
3.23624595469256,-3.37510918237661
3.2258064516129,-2.81785961449024
3.21741815067637,-2.01057590156041
3.21543408360129,-0.016676053244491
3.20512820512821,-0.646284908656933
3.19524750575921,-3.12140426686342
3.19488817891374,-2.84028546748926
3.18471337579618,-2.17263493611356
3.17460317460317,-3.06197734320518
3.17322963473498,-3.0017070282022
3.16455696202532,-2.53114001477861
3.15457413249211,-2.92100382340105
3.15136348486648,-3.14919514809678
3.14465408805031,-1.91137028600609
3.13479623824451,0.883949400623824
3.12964801067075,-0.885217384774204
3.125,-3.64921068183208
3.11526479750779,-3.31843448138231
3.10808217386906,-2.08760520683993
3.1055900621118,-3.23627251540973
3.09597523219814,-2.19448782962031
3.08666494333727,-2.75527231526727
3.08641975308642,-2.60624861667626
3.07692307692308,-3.6381744386435
3.06748466257669,-3.52512518416601
3.06539529505653,-3.15339945698922
3.05810397553517,-3.61509911427974
3.04878048780488,-2.29225377824552
3.0442722120643,-3.58880788451047
3.03951367781155,-3.42590911631172
3.03030303030303,-2.54322000461071
3.02329468440578,-1.8683332749221
3.02114803625378,-1.67625558137398
3.01204819277108,-3.60686406458226
3.003003003003,-3.56338043713903
3.00246170908555,-2.912953466246
2.9940119760479,-3.45369450357306
2.98507462686567,-3.51880791968029
2.98177229001967,-2.76308874251903
2.97619047619048,-2.30133654114239
2.9673590504451,-3.14763496568288
2.96122543798803,-3.24367281195638
2.9585798816568,-3.5952411956821
2.94985250737463,-3.62431029993113
2.94117647058824,-1.62017050665973
2.94082017058706,-2.95970035363267
2.93255131964809,-3.1048727813331
2.92397660818713,-3.56406130471599
2.92055551218275,-3.00287767064058
2.91545189504373,-1.89752691263454
2.90697674418605,-3.17007222673611
2.90043049386399,-3.3844542100292
2.89855072463768,-2.67271961084692
2.89017341040462,-2.77222181722542
2.88184438040346,-3.30308474337876
2.8804441533963,-3.16273105622239
2.8735632183908,-3.3723112992149
2.86532951289398,-3.3433013770071
2.86059553517574,-2.14690662575147
2.85714285714286,-3.39219851905836
2.84900284900285,-3.57769196917568
2.84090909090909,-2.75578694100637
2.8408836901833,-2.85881105557469
2.8328611898017,-3.65944706958423
2.82485875706215,-2.74582847492932
2.82130767593947,-2.52345867340015
2.8169014084507,-0.355161914086504
2.80898876404494,-2.48639218578192
2.8018665564592,-2.29222266164991
2.80112044817927,-1.65639450596266
2.79329608938547,-1.50012785202098
2.78551532033426,-2.84165102175579
2.78255940220712,-3.10050756645613
2.77777777777778,-2.45299346305201
2.77008310249307,-2.97217909052126
2.76338529005317,-2.95544542373123
2.76243093922652,-1.55610644840412
2.75482093663912,-1.50462864911752
2.74725274725275,-3.40905631003845
2.74434330322836,-3.63316987532302
2.73972602739726,-3.56633936555915
2.73224043715847,-2.44210328522599
2.72543253128103,-3.33933742857753
2.72479564032698,-2.71389266242
2.71739130434783,-2.22930570900389
2.710027100271,-3.38282802931247
2.70665207003324,-3.54447039071219
2.7027027027027,-3.62729507961761
2.69541778975741,-3.46142076210607
2.68817204301075,-1.03366766817031
2.68800102153761,-1.12630592522226
2.68096514745308,-0.405612346656294
2.67379679144385,-1.46713722778879
2.66947849403432,-3.44553372562587
2.66666666666667,2.02208959722636
2.65957446808511,-2.11719206758236
2.6525198938992,-3.07008226326264
2.65108360190854,-3.03894415390028
2.64550264550265,-1.93658527754287
2.63852242744063,-0.998951803403751
2.63281546564802,-2.74243953533626
2.63157894736842,-1.19347020326311
2.6246719160105,-1.83219225548008
2.61780104712042,-3.33282090738795
2.61467321180109,-2.1556059727191
2.61096605744125,-3.63808869040478
2.60416666666667,-3.26467456441763
2.5974025974026,-2.96540673569911
2.59665597293487,-2.90835782534314
2.59067357512953,-3.36468012390896
2.58397932816537,-2.76059367366768
2.5787628875938,-3.31678757947555
2.57731958762887,-3.29994770042272
2.5706940874036,-2.83121102083318
2.56410256410256,-0.824570985229069
2.56099310025846,-3.28610378851264
2.55754475703325,-1.3561644340365
2.55102040816327,-0.831021239369913
2.54452926208651,-1.934091832811
2.54334576130465,-3.35858325775298
2.53807106598985,-3.60263483470187
2.53164556962025,-2.41933620297983
2.52582002696278,-3.43730594830036
2.52525252525253,-3.16403988985176
2.51889168765743,-3.63658928016941
2.51256281407035,-2.84327083330846
2.50841505927754,-1.9576319223896
2.5062656641604,-3.45761330015754
2.5,-3.38417696839324
2.49376558603491,-3.06542858243285
2.49113002606779,-2.93742112224707
2.48756218905473,-3.00426966304921
2.48138957816377,-3.64100815496409
2.47524752475248,-2.25302971321575
2.47396410088681,-3.00642493196075
2.46913580246914,-3.43663502960124
2.46305418719212,-3.48088115882096
2.45700245700246,0.265333106644978
2.45691646298279,0.913369139659399
2.45098039215686,-3.32715098875259
2.44498777506112,-3.27517380180931
2.43998629725955,-2.94088155452483
2.4390243902439,-3.14830806965873
2.4330900243309,-2.73339451122113
2.42718446601942,-3.60831918120193
2.4231727942376,-3.24519633464758
2.42130750605327,-3.62935422556547
2.41545893719807,-2.76111838426463
2.40963855421687,-3.34148458688416
2.40647515001542,-2.1069203083296
2.40384615384615,-2.21097798964341
2.39808153477218,-3.03886149998162
2.39234449760766,-2.4907885283762
2.38989256623105,-2.49574174310446
2.38663484486874,-1.23342834315185
2.38095238095238,-3.61743269827532
2.37529691211401,-3.50149705150813
2.37342425002387,-3.47858833557351
2.3696682464455,-3.47376711711301
2.36406619385343,-2.05240077501555
2.35849056603774,-2.58054173452428
2.35706941399673,-3.25128597112943
2.35294117647059,-2.99479652474396
2.34741784037559,-3.59823388727126
2.34192037470726,-2.64649766878217
2.34082727617829,-3.62833159689522
2.33644859813084,-2.03500437758869
2.33100233100233,-2.26889323281473
2.32558139534884,-3.52361525705011
2.32469705998565,-3.55329657952022
2.32018561484919,-1.88763894225594
2.31481481481481,-3.42369205925986
2.3094688221709,-2.97327034022912
2.30867799418717,-2.92198265559211
2.30414746543779,-3.29397267914912
2.29885057471264,-2.3646983486583
2.29357798165138,0.450881095925259
2.29276931286565,-1.55208144567585
2.2883295194508,-3.21799711287023
2.28310502283105,-3.54430083442791
2.27790432801822,-1.14371216835603
2.27697025538168,-2.3791223379229
2.27272727272727,-3.20093655312278
2.26757369614512,-3.48804353675412
2.26244343891403,-2.11019209634163
2.26128006633728,-2.83903791065226
2.25733634311512,-3.56218813321716
2.25225225225225,-2.51328356630485
2.24719101123596,-3.18413035177748
2.24569799553977,-3.26819956494286
2.24215246636771,-3.60083565046433
2.23713646532438,-3.1639587724923
2.23214285714286,-2.48799077804018
2.23022329796594,-3.09392554882619
2.2271714922049,-3.46938848383082
2.22222222222222,-2.87064599140718
2.21729490022173,-0.136014003708293
2.21485523372636,-3.27065138872514
2.21238938053097,-3.29558966003672
2.2075055187638,-2.54663289184621
2.20264317180617,-1.79210521753749
2.19959306803007,-1.84480221792382
2.1978021978022,-3.5166938590123
2.19298245614035,-3.06312329976491
2.18818380743982,-3.60812812081762
2.18443607114943,-1.22752535822969
2.18340611353712,-2.6442098885637
2.17864923747277,-3.10171817173404
2.17391304347826,-3.00074270561849
2.16938351838518,-3.37682363796615
2.16919739696312,-3.4396855370815
2.16450216450216,-3.3443427605214
2.15982721382289,-1.61522922249743
2.1551724137931,-3.44416470740093
2.15443469003188,-2.62961239786325
2.1505376344086,-3.35364212773039
2.14592274678112,-3.35047793327142
2.14132762312634,-3.0284871341533
2.13958887134342,-3.52031475620374
2.13675213675214,-0.461154569036249
2.13219616204691,-3.25031785675734
2.12765957446809,-1.69933727214281
2.12484535249888,-3.55674242406151
2.12314225053079,-2.01493846619634
2.11864406779661,-3.34099095617334
2.11416490486258,-3.38623395451513
2.1102034285686,-2.85788485536299
2.10970464135021,-3.28248474646279
2.10526315789474,-3.30880390480054
2.10084033613445,-3.18683298970835
2.09643605870021,-3.13478606363911
2.09566239948043,-3.47957922983373
2.09205020920502,-3.30576594878279
2.08768267223382,-2.15159314859083
2.08333333333333,-1.84075527852836
2.08122156998634,-2.68042856194021
2.07900207900208,-3.26963499310672
2.0746887966805,-3.21052478980631
2.0703933747412,-3.41823436713683
2.06688024962908,-3.5209384701602
2.06611570247934,-3.25856244734056
2.06185567010309,-2.63107025814729
2.05761316872428,-2.43912735528768
2.05338809034908,-3.18108041648459
2.05263775270925,-1.97522027231012
2.04918032786885,-3.46155332971118
2.04498977505112,-2.90916961546899
2.04081632653061,-3.62757200057429
2.03849339825246,-3.55933151128276
2.03665987780041,-3.61287126807157
2.03252032520325,-2.64309836983973
2.02839756592292,-3.14047086328814
2.0244465099768,-3.26504155869444
2.02429149797571,-3.18079936222834
2.02020202020202,-2.82254084787113
2.01612903225806,-3.43658556758789
2.01207243460765,-2.1696452756331
2.0104964162605,-2.08483160090752
2.00803212851406,-2.77587428545477
2.00400801603206,-3.54350931195203
2,-3.61327451737351
1.99664245010979,-3.57259221093794
1.99600798403194,-3.4357741962229
1.99203187250996,-3.61870662685804
1.98807157057654,-3.47788977343647
1.98412698412698,-3.60487936102175
1.98288394912707,-3.51230526166394
1.98019801980198,-3.241989785206
1.97628458498024,-2.66988120060749
1.9723865877712,-2.81030986127736
1.96922025547917,-3.31905131521533
1.96850393700787,-3.31433448552731
1.96463654223969,-3.49527441955966
1.96078431372549,-3.31079946953768
1.95694716242661,-3.41173402830985
1.95565071586595,-2.47364778514879
1.953125,-3.38658568463385
1.94931773879142,-2.54931817487933
1.94552529182879,-3.23226268008276
1.94217468148903,-3.03337177626365
1.94174757281553,-2.4413117651497
1.93798449612403,-3.52090880133938
1.93423597678917,-3.47988720920041
1.93050193050193,-3.29513145933556
1.92879150802078,-3.24330912376133
1.92678227360308,-3.35981465486342
1.92307692307692,-2.4360124744161
1.91938579654511,-1.87852684445168
1.91570881226054,-3.21317669840438
1.91550055557353,-3.61654049312467
1.91204588910134,-3.16932806741685
1.90839694656489,-1.80139971644239
1.9047619047619,-3.57360551530321
1.90230118866894,-3.55747780256687
1.90114068441065,-3.50129965733056
1.89753320683112,-3.19361510633781
1.89393939393939,-3.4835151715802
1.89035916824197,-2.85019612583441
1.88919277620767,-3.49483294297842
1.88679245283019,-2.14966085248742
1.88323917137476,-3.23694364698739
1.8796992481203,0.544194840946706
1.87617469143912,-2.48235573313029
1.87617260787992,-2.49119877709681
1.87265917602996,-3.44861218456567
1.86915887850467,-3.43578666233106
1.86567164179104,-3.60846484969629
1.86324631193156,-3.49357628644502
1.86219739292365,-3.24378230605323
1.85873605947955,-3.3500452832218
1.85528756957328,-3.196901566073
1.85185185185185,-3.26569873997861
1.8504070195423,-3.51234730964795
1.84842883548983,-1.67405743272989
1.8450184501845,-2.28410581182295
1.84162062615101,-3.48646021492699
1.83823529411765,-2.4125470136086
1.83765620038817,-3.64373986818655
1.8348623853211,-3.43331493087303
1.83150183150183,-3.60156453949916
1.82815356489945,-1.52771967014045
1.82499324481615,-2.61693433974205
1.82481751824817,-3.18517707252682
1.82149362477231,-1.68206412498763
1.81818181818182,-2.35879444114398
1.81488203266788,-3.64008784154377
1.81241754737424,-1.47960674060492
1.81159420289855,-2.98681750979911
1.80831826401447,-3.50431017985947
1.80505415162455,-3.5742336228396
1.8018018018018,-2.60009096101028
1.79992850678248,-1.37018078263103
1.79856115107914,-2.74159010578229
1.79533213644524,-3.61872783723718
1.7921146953405,-3.62923931070243
1.78890876565295,-3.21146495529664
1.78752552590424,-2.96509726187586
1.78571428571429,-3.56542534711324
1.7825311942959,-2.58273674894103
1.77935943060498,-3.5201060526041
1.77619893428064,-3.52181353538405
1.77520801171763,-2.95049471334188
1.77304964539007,-0.0766301922037469
1.76991150442478,-3.47194036994393
1.76678445229682,-3.07918983045662
1.7636684303351,-1.46183544744958
1.76297537528721,-3.49963284983472
1.76056338028169,-3.13788570677776
1.75746924428822,-3.42418159741463
1.75438596491228,-3.49002105586377
1.75131348511384,-2.4904549058828
1.75082703173572,-2.69473879126339
1.74825174825175,-2.54855835926609
1.74520069808028,-2.73629511764802
1.74216027874564,-2.77164714244209
1.73913043478261,-3.57203271122456
1.73876240021625,-3.64161044136075
1.73611111111111,-1.92577859609211
1.73310225303293,-2.06945256697197
1.73010380622837,-3.3065916838931
1.72711571675302,-3.13269474818629
1.72678090388436,-3.27461320143363
1.72413793103448,-3.0216288122637
1.72117039586919,-3.33165273262828
1.71821305841924,-2.27363623629445
1.71526586620926,-2.14683593409007
1.71488196987054,-3.1134719814613
1.71232876712329,-2.94596250278964
1.70940170940171,-1.31966073801963
1.70648464163823,-3.64551415234159
1.70357751277683,-3.6617350917475
1.70306502925284,-3.35217224374189
1.70068027210884,-3.13478457167313
1.69779286926995,-2.57603701917106
1.69491525423729,-3.11300823576984
1.69204737732657,-3.64841005748287
1.69132951702965,-3.46514153503697
1.68918918918919,-3.03244687160069
1.68634064080944,-2.50782416185229
1.68350168350168,-3.02660977464533
1.68067226890756,-1.15418212950963
1.67967487209265,-3.46419560474011
1.67785234899329,-2.46153574967884
1.6750418760469,-2.91914206645945
1.67224080267559,-3.47273863205278
1.669449081803,-2.35965636238107
1.66810053720006,-3.11728293269884
1.66666666666667,-3.56227523288832
1.66389351081531,-3.59126296049085
1.66112956810631,-1.72901869221159
1.65837479270315,-3.65220394943419
1.65660595894991,-3.57647201123056
1.65562913907285,-1.7230888214347
1.65289256198347,-2.66249442580603
1.65016501650165,-3.55285249935694
1.64744645799012,-2.89417006568795
1.64519058775366,-3.19871707402261
1.64473684210526,-0.982226596607414
1.64203612479475,-3.25307084393647
1.63934426229508,-2.82952715670258
1.6366612111293,-0.2640358912905
1.63398692810458,-2.87232809924127
1.63385387780986,-3.3833603351069
1.63132137030995,-3.18330271503607
1.62866449511401,-2.54282693386112
1.6260162601626,-3.38111331804999
1.62337662337662,-3.50434344620434
1.62259528707809,-3.49684865689157
1.62074554294976,-3.39963605632932
1.61812297734628,-3.6296788349248
1.61550888529887,-3.43481191891142
1.61290322580645,-2.17151491075556
1.61141427725302,-3.02051071987121
1.61030595813205,-2.19538617732176
1.60771704180064,-3.32766912786318
1.60513643659711,-1.36055170418224
1.6025641025641,-1.99984440412681
1.6003103137387,-2.41641091562134
1.6,0.419386752507354
1.59744408945687,-1.61390016352224
1.59489633173844,0.957525467450258
1.59235668789809,-0.00716257868848924
1.58982511923688,-3.22184785067229
1.58928286562298,-1.58202790043618
1.58730158730159,-2.62474593088045
1.58478605388273,-2.75115931018991
1.58227848101266,-1.51077861891222
1.57977883096367,-3.51794946319363
1.57833140565212,-3.60828162917262
1.57728706624606,-0.424821518059455
1.5748031496063,-3.1756970630377
1.57232704402516,-3.39495417062762
1.56985871271586,-1.7950621235938
1.5674554102056,-2.28515397244474
1.56739811912226,-1.76514705833993
1.56494522691706,-1.80497880610589
1.5625,-2.20762590773044
1.5600624024961,-3.46389629884826
1.55763239875389,-3.53278615240377
1.55665435927106,-3.26954514162746
1.5552099533437,-1.44892151062812
1.5527950310559,-1.83303936132846
1.55038759689922,-1.2225946187937
1.54798761609907,-0.344693000161111
1.54592773641948,-2.99488551379276
1.54559505409583,-3.2486937071102
1.54320987654321,-2.66205765816234
1.54083204930663,-3.32057138033296
1.53846153846154,-3.39562233473473
1.53609831029186,-1.45917711542522
1.53527502878042,-0.667249190980793
1.53374233128834,-3.35201565994559
1.53139356814701,-3.61325161934694
1.52905198776758,-3.53234532999299
1.52671755725191,-2.21306544557116
1.52469572701757,-3.5461806202676
1.52439024390244,-2.54402499921194
1.5220700152207,-3.50156967149025
1.51975683890577,-2.52670405495563
1.51745068285281,-2.60282138567991
1.51515151515152,-1.27361198776914
1.51418932530435,-3.5104297091526
1.51285930408472,-3.420495552426
1.51057401812689,-2.85167993959972
1.50829562594268,-1.59291887066469
1.50602409638554,-3.42920594403257
1.50375939849624,-3.30319906638995
1.50375532129974,-3.33859978800261
1.5015015015015,-3.38738951650536
1.49925037481259,-2.63920135085128
1.49700598802395,-3.34383017607446
1.49476831091181,-2.6649300652211
1.49339321612425,-0.855452452943363
1.49253731343284,-3.51363767126183
1.4903129657228,-3.11691731881667
1.48809523809524,-1.626385950406
1.48588410104012,-3.33950335347977
1.48367952522255,-3.41957999262307
1.4831025143361,-3.25896009812724
1.48148148148148,-3.38634833407023
1.4792899408284,-3.42658219935721
1.47710487444609,-3.17294892242217
1.47492625368732,-3.27279421364856
1.4728827239075,-3.31733757089689
1.47275405007364,-3.62789550738726
1.47058823529412,-3.5750087921079
1.46842878120411,0.485077737815137
1.46627565982405,-2.11570212939467
1.46412884333821,-1.5875621301392
1.46273335620113,-1.71805966773821
1.46198830409357,-0.525092976589216
1.45985401459854,-2.91561449584581
1.45772594752187,-3.65862606130961
1.45560407569141,-2.29376795708502
1.45348837209302,0.494814613200124
1.45265392594678,-3.1752195044546
1.45137880986938,-0.613286919098793
1.44927536231884,-2.63741553455444
1.44717800289436,-1.97279461690011
1.44508670520231,-2.00659645105444
1.44300144300144,-2.23868664245669
1.44264395121816,-3.08536552694344
1.44092219020173,-3.38925088388869
1.43884892086331,-1.06789462977961
1.4367816091954,-3.49291506184677
1.43472022955524,-2.8662868669699
1.43270295340983,-3.23692780569739
1.43266475644699,-3.24117838918071
1.43061516452074,-1.70158541236868
1.42857142857143,2.65689407397044
1.4265335235378,0.289078886074567
1.42450142450142,-1.87619378932025
1.42283045721435,-1.08798529868481
1.42247510668563,-2.65343659597074
1.42045454545455,-0.240904670668139
1.41843971631206,-2.88729768858921
1.41643059490085,-0.734624929284688
1.41442715700141,0.242169141585397
1.41302599059953,-0.53502193909831
1.41242937853107,-1.96336499170011
1.41043723554302,-2.89219568916949
1.40845070422535,-3.44365131132146
1.40646976090014,-3.1922818124283
1.40449438202247,-2.55400555508286
1.40328908478587,-1.14385657799805
1.40252454417952,-3.52458340088504
1.40056022408964,-3.54580276505375
1.3986013986014,-3.4118889442512
1.39664804469274,-1.26787824265339
1.39470013947001,-2.19047038088699
1.39361927422414,0.167022211417749
1.39275766016713,-3.31574276466422
1.39082058414465,-1.10076225450423
1.38888888888889,-2.67005004731287
1.3869625520111,-2.65014699932008
1.38504155124654,-2.22786442331961
1.38401609657313,-1.03657441517059
1.38312586445367,-1.15116743969765
1.38121546961326,-2.68285289515237
1.37931034482759,-2.77214331138323
1.37741046831956,-3.61482158967631
1.37551581843191,-3.29759657133392
1.37447909267754,-2.35965107380484
1.37362637362637,-3.65781197734038
1.37174211248285,-3.02121180912506
1.36986301369863,-2.53357910934379
1.36798905608755,-3.60999268836813
1.36612021857923,-3.0120849559335
1.36500780654601,-2.09648644323176
1.36425648021828,-1.98306991919513
1.36239782016349,-3.26772934263119
1.36054421768707,-3.01746694723733
1.35869565217391,-3.48650203831302
1.35685210312076,-3.57000995342578
1.35560178532937,-2.41176520848257
1.3550135501355,-1.56548512392687
1.3531799729364,-3.10825214555738
1.35135135135135,-3.12304839591628
1.34952766531714,-3.2563182573031
1.34770889487871,-1.37993629223761
1.34626057929891,-2.28799838967027
1.34589502018843,-3.04622025824407
1.34408602150538,-2.15688193680578
1.34228187919463,-3.13428157481884
1.34048257372654,-3.52174112034599
1.33868808567604,-3.50579044593509
1.33698374182495,-2.99494545712626
1.33689839572193,-3.4922336836956
1.33511348464619,-3.39137646991933
1.33333333333333,-2.26373745725207
1.33155792276964,-2.01438415585009
1.32978723404255,-3.37659599380272
1.32802124833997,-3.16639780048454
1.32777082935543,-3.39801576871956
1.3262599469496,-3.35705506508635
1.32450331125828,-2.10831850410132
1.32275132275132,-2.74359869992183
1.32100396301189,-3.26592622963828
1.31926121372032,-3.12696514789944
1.31862140139475,-3.44080261735767
1.31752305665349,-3.04577241230065
1.31578947368421,-2.74297049990919
1.31406044678055,-0.774571851105729
1.31233595800525,0.486149112145218
1.31061598951507,-1.50637531548214
1.30953502048267,-2.48240410868355
1.30890052356021,-2.56258330515628
1.30718954248366,-0.881940347181494
1.30548302872063,-1.56309217726986
1.30378096479791,-3.64890154177832
1.30208333333333,-1.9694145617173
1.30051125217341,-1.77705471852509
1.30039011703511,-2.76162381902729
1.2987012987013,-3.53526192147724
1.2970168612192,-3.64574544233916
1.29533678756477,-2.96947065665615
1.29366106080207,-2.51129241054569
1.29198966408269,-3.60895432066676
1.29154966501488,-2.61861670841439
1.29032258064516,-3.35113820260959
1.28865979381443,-3.12132112301667
1.28700128700129,-2.25549153487593
1.2853470437018,2.53827160396582
1.28369704749679,-2.44165488068189
1.28264983052806,-3.48877679983591
1.28205128205128,-2.16664753944648
1.28040973111396,-0.613732997370088
1.27877237851662,-2.03976506271995
1.27713920817369,-1.76659606440323
1.27551020408163,-2.1342986342663
1.27388535031847,-0.798672704731767
1.27381132318648,-1.64897701239841
1.27226463104326,-2.63312606169937
1.27064803049555,-3.42006881931938
1.26903553299492,-3.44425839554325
1.26742712294043,-3.20219538970836
1.26582278481013,-2.23194783040931
1.2650337203959,-3.57201363169387
1.26422250316056,-1.36125198643593
1.26262626262626,-3.26903178176927
1.26103404791929,-2.97242874241293
1.25944584382872,-1.1055149506211
1.25786163522013,-1.82826969632991
1.25631660247412,-2.28114822742806
1.25628140703518,-1.79219441350547
1.25470514429109,-0.353037047874674
1.2531328320802,-3.32169372432106
1.25156445556946,-2.93632553196594
1.25,-3.14670279088197
1.24843945068664,-2.58530781329314
1.24765955263087,-2.56468406437325
1.24688279301746,-3.57136040775908
1.2453300124533,-2.15164196358928
1.24378109452736,-2.58287011951806
1.24223602484472,-3.4347116711133
1.24069478908189,-2.76958932434116
1.23915737298637,-3.37351453771584
1.23906215694792,-3.16847542907147
1.23762376237624,-2.19489731807668
1.23609394313968,-3.22214983621965
1.23456790123457,-3.37766229068581
1.23304562268804,-1.54693703740149
1.23152709359606,-3.20077569951898
1.23052400435926,-2.82231424345782
1.230012300123,-1.76445160717428
1.22850122850123,-3.57086851203739
1.22699386503067,-3.37143072716035
1.22549019607843,-2.70510896497317
1.22399020807834,-3.47128075053608
1.22249388753056,-3.07032192015306
1.22204468663149,-3.54623780779677
1.22100122100122,-2.55580625196201
1.21951219512195,-2.47215415179859
1.21802679658952,-2.73380311032762
1.21654501216545,-1.29925118923277
1.21506682867558,-0.66733562661194
1.21362379834424,-3.08561654162507
1.21359223300971,-3.57573537233945
1.21212121212121,-2.48545925269014
1.21065375302663,-0.758871748509232
1.20918984280532,-2.91816260598649
1.20772946859903,-3.22076688202146
1.20627261761158,-2.92807570709054
1.20526093687084,-3.51159176643626
1.20481927710843,-3.63085734667426
1.20336943441637,-2.84136655285148
1.20192307692308,-2.93362757471668
1.20048019207683,-3.25876940769212
1.19904076738609,-1.27068862760127
1.19760479041916,-3.55682101991975
1.19695570235904,-2.6614952653117
1.19617224880383,-3.65018403796086
1.194743130227,-2.74051044662367
1.19331742243437,-2.88936884304901
1.19189511323004,-0.51160914615006
1.19047619047619,-2.95001920738768
1.18906064209275,-2.24319450205315
1.1887076977119,-3.11957030577745
1.18764845605701,-1.36738749907361
1.18623962040332,-2.54540522997304
1.18483412322275,-3.04991080962845
1.18343195266272,-1.48042978295792
1.18203309692671,-1.0646390304778
1.18063754427391,-1.6908647509643
1.18051652856881,-3.21081640195485
1.17924528301887,-0.965951243470992
1.17785630153121,-3.00081453370073
1.17647058823529,-3.14652954857153
1.17508813160987,-3.05113950837933
1.17370892018779,-1.57547551938857
1.1723818032866,-2.21428809974371
1.17233294255569,-1.19170541864217
1.17096018735363,-2.75064241832457
1.16959064327485,-3.24932703143615
1.16822429906542,-1.78278993259512
1.16686114352392,2.65242651117548
1.16550116550117,-2.00409592003522
1.16430313292088,-3.2521943641227
1.16414435389988,-2.25578483008392
1.16279069767442,-0.750188087804029
1.16144018583043,-2.44240209929212
1.16009280742459,-3.42338468198694
1.15874855156431,-3.05996574270089
1.15740740740741,-0.391488028481557
1.15628013120738,-3.40565033554476
1.15606936416185,-2.05244845967358
1.15473441108545,-3.46658794504502
1.15340253748558,-2.07468281438822
1.15207373271889,-3.37942087825904
1.15074798619102,-2.20602273530123
1.14942528735632,-3.54739111594774
1.14831241454351,-3.02945825753035
1.14810562571757,-3.23626893451127
1.14678899082569,-2.48359189012235
1.1454753722795,-3.00949788857046
1.1441647597254,-2.21020964296876
1.14285714285714,-3.6159650433956
1.14155251141553,-1.80155380002626
1.14039960197003,-1.25989213128953
1.14025085518814,-2.90387844877044
1.13895216400911,-3.1729459370248
1.13765642775882,-2.43489305652333
1.13636363636364,-1.56866032418322
1.13507377979569,-3.22274606088682
1.13378684807256,-0.971889774363102
1.13254131515281,3.1962772175621
1.13250283125708,2.28287638224702
1.13122171945701,-3.171603922263
1.12994350282486,-3.47363893353731
1.12866817155756,-2.78525877987924
1.12739571589628,-1.46193769010584
1.12612612612613,-3.02746454962569
1.12485939257593,-3.20313936146088
1.12473717836475,-3.23851475834199
1.12359550561798,-1.93636529189122
1.12233445566779,-3.58132721841887
1.12107623318386,-2.1217552126014
1.11982082866741,-3.57843400683411
1.11856823266219,-3.47172298457398
1.11731843575419,-1.50002593760798
1.11698681846782,-3.57327216426388
1.11607142857143,-3.44609228907758
1.11482720178372,-3.37344638146454
1.11358574610245,-3.35391699335993
1.11234705228031,-0.896736956624674
1.11111111111111,-1.82399903781241
1.10987791342952,-3.05482533258204
1.10928986489522,-2.53735086499254
1.10864745011086,-1.38169267112839
1.10741971207087,-3.64862380804588
1.10619469026549,-2.32904394144635
1.10497237569061,-3.36601781706603
1.1037527593819,-3.35073361186941
1.10253583241455,-2.54239407750854
1.10164594963366,-3.25835446588745
1.10132158590308,-2.89442578171416
1.1001100110011,0.0631971831321794
1.0989010989011,-3.36963575731026
1.09769484083425,-2.81345132264858
1.09649122807018,-3.60601321961222
1.09529025191676,-1.91241622149102
1.09409190371991,-3.4337574718068
1.09405470720574,-3.51783693952687
1.09289617486339,-2.8977400709753
1.09170305676856,-3.09274218337684
1.09051254089422,-3.13840843158796
1.08932461873638,-1.1858559670003
1.08813928182807,-3.06750445411769
1.08695652173913,-1.33526818030974
1.08651577465254,-0.560817177129745
1.085776330076,-1.35098099710323
1.08459869848156,-3.51430990982963
1.08342361863489,-2.83328453926482
1.08225108225108,-2.6484290558247
1.08108108108108,-0.870678565084869
1.07991360691145,-0.775863412608241
1.07902879151618,-1.86930071103067
1.07874865156419,-3.28070651618118
1.07758620689655,-2.00722212338205
1.07642626480086,-2.27793154500086
1.0752688172043,-2.43889192656318
1.07411385606874,-3.09033370423632
1.07296137339056,-2.46673727284739
1.07181136120043,-1.05063056198245
1.07159339982267,-2.88385523392575
1.07066381156317,-2.39348166213845
1.06951871657754,-0.717214324494516
1.06837606837607,-1.13586808882068
1.06723585912487,-0.764420168736431
1.06609808102345,-0.806869749390482
1.06496272630458,-3.38870181704142
1.06420924406472,-2.17109557325197
1.06382978723404,-2.51395199502128
1.06269925611052,-0.109145127608154
1.06157112526539,-3.38220565423701
1.06044538706257,-1.02532739669389
1.0593220338983,-1.392752617188
1.05820105820106,-2.58641297626776
1.05708245243129,-3.29676112511755
1.0568759711848,-3.510586719524
1.05596620908131,-3.19726075670458
1.05485232067511,-3.15313248575604
1.05374077976818,-3.36822692289725
1.05263157894737,-2.54211851980674
1.0515247108307,-3.1753530924128
1.05042016806723,-2.70836451889898
1.04959323055823,-2.95259144697404
1.04931794333683,-1.20984786538171
1.0482180293501,-2.82965252978651
1.04712041884817,-2.89433154774791
1.04602510460251,-2.95543118599523
1.04493207941484,-3.17283875622156
1.04384133611691,-3.33175912482236
1.04275286757039,-3.07737080956367
1.0423606739764,-2.11009466361058
1.04166666666667,2.84609069484394
1.04058272632674,-0.867325763979419
1.03950103950104,-0.906178726118735
1.03842159916926,0.960422192882011
1.03734439834025,-2.8503782689409
1.03626943005181,-3.58617667004047
1.0351966873706,-2.65304866357097
1.03517795563018,-2.15473673342963
1.03412616339193,-3.63220291637024
1.03305785123967,-2.64907644441392
1.03199174406605,-3.49644928709661
1.03092783505155,-3.09142560589698
1.02986611740474,-3.55216489764045
1.02880658436214,-2.41365838500767
1.02804473209331,-0.542382945802625
1.02774922918808,-3.43470625081913
1.02669404517454,-3.63772800889565
1.02564102564103,-3.00274187052038
1.02459016393443,-3.26433082449646
1.02354145342886,-3.2583492281925
1.02249488752556,-3.44658388387635
1.02145045965271,-2.26330957653389
1.02096066230605,-3.63391726782607
1.02040816326531,-2.92429612599183
1.01936799184506,-3.39846913677966
1.0183299389002,-2.51728159492923
1.01729399796541,-3.54495900597469
1.01626016260163,-3.27134653708994
1.01522842639594,-3.00950899243382
1.01419878296146,-3.13754452996978
1.01392540755882,-3.16094248525725
1.01317122593718,-0.611994278122391
1.01214574898785,-3.12683060193357
1.01112234580384,-1.80428409875433
1.01010101010101,-1.43009615669429
1.00908173562059,-2.37781121780334
1.00806451612903,-0.0571570650743736
1.00704934541793,-1.4245584365742
1.00693863147603,-3.59936681466855
1.00603621730382,-2.87497373454816
1.00502512562814,-3.28188782378536
1.00401606425703,0.991522074570203
1.00300902708124,-0.643853848532483
1.00200400801603,-0.745552705674366
1.001001001001,1.54271636647893
1,-1.185834372889
