"bfp_output.P","bfp_output.logBF"
1000,-2.46541499073488
993.109181374979,-2.29270042939599
986.265846131283,-2.14991998940236
979.46966706954,-2.05458013900322
972.720319245055,-2.01775094834893
966.017479952265,-2.04223885525361
959.360828709315,-2.12320008434623
952.75004724273,-2.25032521332791
946.184819472201,-2.41033323121242
939.66483149547,-2.58896562087078
933.189771573324,-2.77235805724437
926.759330114689,-2.94808534918287
920.373199661823,-3.10617624469874
914.031074875623,-3.24009325347042
907.732652521023,-3.34733705661766
901.477631452492,-3.42926385084867
895.26571259964,-3.48999794490914
889.096598952916,-3.53474957541841
882.969995549409,-3.56806081756069
876.885609458743,-3.592399119229
870.843149769073,-3.60731020369779
864.842327573172,-3.60929292210276
858.882855954625,-3.59270206826799
852.964449974103,-3.55198944927447
847.086826655741,-3.48491002757823
841.249704973612,-3.39501315146243
835.452805838287,-3.29133857944084
829.695852083491,-3.18517839267885
823.978568452852,-3.08632903881319
818.300681586739,-3.0013467646501
812.661920009195,-2.93426521025681
807.06201411495,-2.8886897885708
801.500696156541,-2.86992109272735
795.977700231499,-2.88559380475332
790.492762269642,-2.94268912003168
785.045620020451,-3.04005888937324
779.636013040523,-3.16224427061926
774.263682681127,-3.28474166239094
768.928372075831,-3.38819775155734
763.629826128224,-3.4661836656209
758.367791499719,-3.52191523218631
753.142016597437,-3.56187747989481
747.952251562182,-3.59195664557476
742.798248256492,-3.61611644527421
737.679760252773,-3.63608458796186
732.596542821523,-3.65118327564609
727.548352919623,-3.65884713216966
722.534949178721,-3.65758264980804
717.556091893692,-3.65077015248557
712.611543011175,-3.64464133914022
707.701066118189,-3.64269317994963
702.824426430835,-3.64476565646872
697.981390783066,-3.64925010278541
693.17172761554,-3.65453622222467
688.39520696455,-3.65934829602547
683.651600451024,-3.66259136659483
678.940681269611,-3.6629378798009
674.262224177835,-3.65821375139707
669.616005485322,-3.64493527325241
665.001803043112,-3.61856860730789
660.419396233031,-3.5745525534691
655.868565957143,-3.509602112585
651.349094627281,-3.42328744200479
646.860766154633,-3.32009021424561
642.40336593942,-3.21103152773717
637.976680860628,-3.1123844881191
633.580499265825,-3.0395226978233
629.214610961035,-2.99832899736019
624.878807200689,-2.98074011374758
620.57288067765,-2.96854690031189
616.296625513294,-2.94314356049606
612.04983724767,-2.89602197234269
607.832312829723,-2.83522006346639
603.643850607587,-2.78378954801202
599.484250318941,-2.7700668033617
595.353313081437,-2.81560039359276
591.250841383188,-2.92697962580446
587.176639073326,-3.09131205292509
583.130511352622,-3.27246084654272
579.112264764176,-3.41358440245331
575.121707184161,-3.45987127515816
571.158647812643,-3.3954842367212
567.222897164454,-3.25484767718056
563.314267060136,-3.09348526118579
559.432570616938,-2.95544718770072
555.577622239888,-2.86206779365163
551.749237612913,-2.81296431252791
547.947233690029,-2.78950460837147
544.171428686589,-2.76354408080671
540.421642070592,-2.71253646342098
536.697694554048,-2.63115606635962
532.999408084409,-2.53243451436542
529.326605836056,-2.44133327808596
525.679112201842,-2.38172486346773
522.056752784698,-2.3574466855462
518.459354389291,-2.34375091127718
514.886745013749,-2.30470062570843
511.338753841433,-2.22043649224501
507.815211232767,-2.10315800705173
504.315948717136,-2.00058566299109
500.840798984821,-1.98050071970358
500,-1.9942135076527
497.389595879006,-2.08610245658512
493.962174387832,-2.29832638738084
490.558370636505,-2.55810967767188
487.178021879463,-2.81779841566186
483.820966492595,-3.06018556972954
480.487043965513,-3.2805400263817
477.176094893875,-3.45668060958725
473.887960971765,-3.53689937218474
470.622484984128,-3.46041621692414
467.379510799247,-3.18335634918118
464.158883361278,-2.69336676819595
460.960448682844,-2.03552136555985
457.784053837662,-1.34266399815804
454.62954695324,-0.800671049960964
451.49677720361,-0.530511390415067
448.385594802119,-0.518688538687495
445.295850994266,-0.675140071048996
442.22739805059,-0.921093718009312
439.180089259609,-1.22051388080366
436.153778920801,-1.55839452294434
433.14832233764,-1.90839208286253
430.16357581068,-2.230872190531
427.199396630678,-2.49606785071837
424.255643071778,-2.69998350938722
421.332174384729,-2.86087010329227
418.428850790158,-3.00299240301889
415.545533471888,-3.1424072328122
412.682084570296,-3.284654178242
409.838367175726,-3.42926444113054
407.014245321944,-3.56297875331957
404.209583979631,-3.63270134562971
401.424249049932,-3.53059327743774
398.658107358044,-3.09890689014928
395.911026646846,-2.17923804945813
393.182875570577,-0.859260283993886
390.473523688556,0.240424697775656
387.782841458946,0.489366137708193
385.110700232557,0.0218144310055566
382.4569722467,-0.545685941499481
379.821530619074,-0.433889066490319
377.2042493417,1.20060500841534
374.605003274899,4.01307779478599
372.023668141307,5.89758590419301
371.167050249512,6.09589791441228
366.914237840249,4.76890059216625
364.385898376355,3.474913805806
361.874981241128,3.4687253815619
359.381366380463,4.70287256694015
356.904934567523,5.37614965881632
354.445567397043,4.29375383860601
352.003147279668,1.35217064402123
349.577557436327,-1.91670134233142
347.168681892656,-3.52410613710831
344.776405473446,-3.44904029647692
342.400613797142,-2.73346299176297
340.041193270371,-2.00789746782963
337.698031082509,-1.39008745381626
335.371015200293,-0.805897557986508
333.333333333333,-0.322735844254917
333.060034362459,-0.264964915351594
330.764978074424,0.0720897371146707
328.485736603004,-0.0301732031146953
326.222200971167,-0.62178508182681
323.97426295282,-1.22526842249224
321.741815067637,-1.29812865527632
319.524750575921,-0.827599285399553
317.322963473498,-0.18528914900737
315.136348486648,0.0180769460215986
312.964801067075,-0.609333793702102
310.808217386907,-1.67768634183316
308.666494333727,-2.59056724803285
306.539529505653,-3.07203925366944
304.42722120643,-3.0297104592385
302.329468440578,-2.46546968201805
300.246170908555,-1.55527445230806
298.177229001967,-0.775654795609323
296.122543798804,-0.664860876962176
294.082017058706,-1.21310519127463
292.055551218275,-2.01488670900103
290.043049386399,-2.78184869651981
288.04441533963,-3.36145659055161
286.059553517574,-3.59736322430315
284.08836901833,-3.35231032136859
282.130767593947,-2.7913393167491
280.18665564592,-2.37972727400973
278.255940220713,-2.34816248815859
276.338529005317,-2.60748872704302
274.434330322837,-2.96803272944033
272.543253128103,-3.292646023658
270.665207003324,-3.52109644275067
268.800102153761,-3.6328915518482
266.947849403432,-3.66091987730148
265.108360190854,-3.66313724314692
263.281546564802,-3.65948967365152
261.467321180109,-3.5972828159699
259.665597293487,-3.36952488359993
257.87628875938,-2.97974107447812
256.099310025846,-2.60565702204898
254.334576130465,-2.36505072832146
252.582002696278,-2.36931159158565
250.841505927754,-2.47099468222346
250,-2.48103747613178
249.113002606779,-2.48186320710941
247.396410088681,-2.66863498180983
245.691646298279,-3.14383724908277
243.998629725955,-3.22229029329993
242.31727942376,-2.65472789926305
240.647515001542,-1.93200465783057
238.989256623105,-1.86485546509628
237.342425002387,-2.07755166381498
235.706941399673,-2.19160480337895
234.082727617829,-2.2095586762412
232.469705998565,-2.23938895871479
230.867799418717,-2.52315207509148
229.276931286565,-3.18727511399519
227.697025538168,-3.64027873908442
226.128006633728,-3.33411962164119
224.569799553977,-2.33091648319198
223.022329796594,-0.929823861314456
221.485523372636,0.88900100114292
219.959306803008,2.55184603189621
218.443607114943,2.24874524651326
216.938351838519,-0.243855826584318
215.443469003188,-2.5247678217327
213.958887134342,-3.24403081726144
212.484535249888,-2.52555639273053
211.02034285686,-1.266746194823
209.566239948043,-0.68738592895185
208.122156998634,-0.712027760538159
206.688024962908,-0.984501367413126
205.263775270925,-1.33859508166808
203.849339825246,-1.410559259635
202.44465099768,-1.39275569788232
201.04964162605,-1.75787282675231
200,-2.34934209843858
199.664245010979,-2.58229633656624
198.288394912707,-3.4297834269086
196.922025547917,-3.31629114244289
195.565071586595,-2.49053137155284
194.217468148903,-1.60081263480246
192.879150802078,-1.48333414426242
191.550055557353,-2.55747420194079
190.230118866895,-2.85853529235568
188.919277620767,-2.24201176442828
187.617469143912,-2.57758230010541
186.324631193156,-2.84002573806567
185.04070195423,-2.88768968171412
183.765620038817,-1.98420107193958
182.499324481615,1.21234576118981
181.241754737424,2.37042701539186
179.992850678248,0.0683578849581084
178.752552590424,-2.59117670721319
177.520801171764,-3.41102270125649
176.297537528721,-1.75560480857636
175.082703173572,0.0623270813198546
173.876240021625,0.654706338908643
172.678090388436,-0.911995870018766
171.488196987054,-2.82242506610713
170.306502925284,-3.30179209518924
169.132951702965,-2.73765970250285
167.967487209265,-1.76374743612497
166.810053720006,-1.31420898036167
166.666666666667,-1.2874364436975
165.660595894991,-0.999478756199589
164.519058775366,-0.644645394767774
163.385387780986,-0.947637019246922
162.259528707809,-2.10434316152746
161.141427725302,-3.17628696902143
160.03103137387,-3.07411338654073
158.928286562298,-2.20355071833621
157.833140565212,-1.92537296004222
156.745541020559,-2.11973334726984
155.665435927106,-2.78611482033171
154.592773641948,-3.44113476833963
153.527502878042,-3.62163872712564
152.469572701757,-3.62499069103013
151.418932530435,-3.62116538321704
150.375532129974,-3.63078433208717
149.339321612425,-3.65428265144079
148.310251433611,-3.6612164144097
147.28827239075,-3.63526486333445
146.273335620113,-3.54850929679226
145.265392594678,-3.09300070385457
144.264395121816,-1.98643110204288
143.270295340983,-1.54735976718105
142.857142857143,-1.64318297358299
142.283045721435,-1.93186107196525
141.302599059953,-2.84613920431446
140.328908478587,-3.6423548442285
139.361927422414,-1.73870496031843
138.401609657313,1.01329356984777
137.447909267754,4.25888657534741
136.500780654601,2.83064154030329
135.560178532937,-2.58570759197637
134.626057929891,-2.93315964867711
133.698374182495,0.660365205271394
132.777082935543,3.66065197396386
131.862140139475,-0.115830104023199
130.953502048267,-1.54057094615758
130.051125217341,-2.97781308613004
129.154966501488,-3.37781758874426
128.264983052806,-3.22670819295437
127.381132318648,-2.41742768889521
126.50337203959,-1.68365022360673
125.631660247412,-1.64282066749576
125,-0.573513515348945
124.765955263087,-0.0832308160834812
123.906215694792,-1.11734115000162
123.052400435926,-2.95546767976004
122.204468663149,-3.19378212274155
121.362379834424,0.020943969077952
120.526093687084,1.14813258417631
119.695570235904,-1.24888023670816
118.87076977119,-2.33536157226693
118.051652856881,-2.38470121767177
117.23818032866,-3.11874475737455
116.430313292088,-3.52861669484333
115.628013120738,-2.69618843474164
114.831241454351,-1.58766998619647
114.039960197003,-0.760459161158546
113.254131515281,-2.063969910869
112.473717836475,-2.79056446700549
111.698681846782,-2.17087135555407
111.111111111111,-1.75749823405728
110.928986489522,-1.6397936054508
110.164594963366,-2.04894935596475
109.405470720574,-2.63497156150241
108.651577465254,-3.20373740405078
107.902879151618,-3.62760159336254
107.159339982267,-3.04260860982798
106.420924406472,-1.71529334636305
105.68759711848,1.14015098769015
104.959323055823,-0.493226083405413
104.23606739764,-3.41462995314383
103.517795563018,-0.666615408495356
102.804473209331,4.30735811058695
102.096066230605,1.42558033848197
101.392540755882,-3.1413954428895
100.693863147603,-2.79053162660359
100,-1.6433813121729
100,-1.64338131217282
99.310918137498,-1.25662964545865
98.6265846131283,-1.6097042781207
97.946966706954,-2.04241549867602
97.2720319245054,-2.62068577060507
96.6017479952265,-3.19091104373264
95.9360828709315,-3.62853233019167
95.2750047242729,-2.73035082189396
94.61848194722,-1.77513010052807
93.966483149547,-1.04465250650567
93.3189771573324,-1.76724535913318
92.6759330114688,-3.44877001343719
92.0373199661823,-3.35355789923365
91.4031074875623,-2.05563671647182
90.9090909090909,-0.530841559767576
90.7732652521023,-0.0567292032922451
90.1477631452492,-0.989271497339597
89.526571259964,-3.44206949157505
88.9096598952916,0.190880885916774
88.2969995549409,-0.945505494284258
87.6885609458743,-3.33134228733989
87.0843149769073,0.231721770035212
86.4842327573172,-0.697969596522408
85.8882855954625,-3.59083473089576
85.2964449974102,-2.29248541480315
84.7086826655741,-3.3162876976359
84.1249704973612,-3.6449342263569
83.5452805838287,-3.46247682054651
83.3333333333333,-3.35107578361642
82.9695852083491,-3.37804923791368
82.3978568452852,-2.27903891574344
81.8300681586739,-0.879735872265722
81.2661920009194,-3.20075864037677
80.706201411495,-1.33243678799566
80.150069615654,2.57772368978293
79.5977700231498,-2.22730285383367
79.0492762269642,-3.18446553538196
78.5045620020451,-1.28022203847574
77.9636013040523,-0.547317787739682
77.4263682681127,-2.49245484936234
76.9230769230769,-3.37868114166242
76.8928372075831,-3.27822027217347
76.3629826128224,-2.9551845032564
75.8367791499719,-3.61260137668627
75.3142016597437,-2.81933636579943
74.7952251562182,-1.91809150031183
74.2798248256491,-1.4376565790644
73.7679760252773,-3.11015263479895
73.2596542821523,-1.94344805963631
72.7548352919623,-3.16994491849236
72.2534949178722,-3.32961178099854
71.7556091893693,-1.43895211875282
71.4285714285714,2.43092150781483
71.2611543011175,0.67324346841112
70.7701066118189,-3.53669560115936
70.2824426430835,4.32517688924925
69.7981390783066,-1.05889992848507
69.3171727615541,-3.59252390883175
68.839520696455,-2.82134244017835
68.3651600451024,-1.32107280965816
67.8940681269611,-1.89252178496387
67.4262224177834,-3.61732624243704
66.9616005485322,-2.476552078511
66.6666666666667,-2.45989106745538
66.5001803043112,-2.25177860342454
66.0419396233031,-0.297672393757163
65.5868565957143,-3.3861783557631
65.134909462728,-3.17438383883363
64.6860766154633,-2.60536737364627
64.2403365939419,-2.15814534394972
63.7976680860628,-3.55387770941651
63.3580499265825,-1.89144926176216
62.9214610961034,-2.87661688398377
62.5,-0.682338034741671
62.4878807200689,-0.576036708167588
62.057288067765,-2.0510577552174
61.6296625513294,-3.40777238182882
61.204983724767,-3.47284276956229
60.7832312829723,-2.74868662789758
60.3643850607587,-1.97505045226539
59.9484250318941,-3.50586236465504
59.5353313081437,-2.56593558927041
59.1250841383188,-1.90865650448394
58.8235294117647,-2.18194907028073
58.7176639073326,-2.3412105814687
58.3130511352622,-3.42171548744609
57.9112264764176,-1.87212094115484
57.5121707184161,-2.31112430790589
57.1158647812643,-3.58053507142445
56.7222897164454,-3.31632543605194
56.3314267060136,-2.98337999540383
55.9432570616938,-3.17856838324378
55.5577622239888,-3.58713182521789
55.5555555555556,-3.5879001126856
55.1749237612912,-3.54992397284605
54.7947233690029,-3.45998538910451
54.4171428686589,-3.36016661596669
54.0421642070592,-3.41257069796599
53.6697694554048,-3.34164234468862
53.2999408084409,-1.23907812361234
52.9326605836056,-2.3709156908168
52.6315789473684,-3.32574753872147
52.5679112201842,-3.03524335623014
52.2056752784698,-2.07639195793537
51.8459354389291,-2.46206399986225
51.488674501375,-3.47585890267596
51.1338753841433,0.543345638586136
50.7815211232767,-1.95206917311641
50.4315948717136,-1.90263982758004
50.0840798984821,-3.06133561451476
50,-2.98249701659598
49.7389595879007,-3.45700541409466
49.3962174387832,-2.67677812778215
49.0558370636505,-2.6923992962203
48.7178021879463,-2.37149174327696
48.3820966492596,-3.63052614363665
48.0487043965513,-3.07004854497437
47.7176094893875,-2.21054310151679
47.6190476190476,-1.79880609875225
47.3887960971765,-2.01508044546652
47.0622484984128,-3.58472659300493
46.7379510799246,4.29459386138722
46.4158883361278,-3.34852088374965
46.0960448682843,-2.27658199549416
45.7784053837662,-3.32470214893318
45.462954695324,-3.50356891809202
45.4545454545455,-3.50523628719399
45.149677720361,-0.913303715579484
44.8385594802119,-2.04943722521478
44.5295850994266,-3.21594709997204
44.222739805059,-1.8054552338571
43.9180089259609,-1.92234307869209
43.6153778920801,-3.39930593181263
43.4782608695652,-3.58705714181299
43.314832233764,-3.07912527565618
43.016357581068,-2.19799981368352
42.7199396630678,-3.29667980017423
42.4255643071778,-3.61132212380182
42.1332174384729,-3.13043105271897
41.8428850790158,-0.324883454648822
41.6666666666667,-3.40087360589815
41.5545533471888,-1.35443749459686
41.2682084570295,-2.82746149736657
40.9838367175726,0.14293597134601
40.7014245321944,-3.64957152982832
40.4209583979631,-3.44831024121633
40.1424249049932,-1.3151298083445
40,-3.45035729472284
39.8658107358044,-2.75608882012919
39.5911026646846,-3.45119851543724
39.3182875570577,-3.54648704175302
39.0473523688556,-1.54662270941618
38.7782841458946,-1.67343483704554
38.5110700232557,-2.2716992334838
38.4615384615385,-2.86099580937597
38.24569722467,-3.12858302406964
37.9821530619073,-1.20701648854183
37.72042493417,-3.58987766552714
37.4605003274899,1.32201772531476
37.2023668141307,-1.4337647669184
37.037037037037,-2.65296888274507
36.946012051993,-3.50304726251964
36.6914237840249,-3.65694405701476
36.4385898376355,-2.94442248892527
36.1874981241128,-1.71559725522907
35.9381366380463,-2.29447128449648
35.7142857142857,-2.56271744128044
35.6904934567523,-2.47872767426504
35.4445567397043,-2.78575262130918
35.2003147279668,-2.10757787409859
34.9577557436328,-3.22004901917627
34.7168681892656,-3.60376113304461
34.4827586206897,-3.45589548494355
34.4776405473446,-3.43710948461539
34.2400613797142,-3.54580660891416
34.0041193270371,-1.51003385348126
33.7698031082509,-2.8187153546372
33.5371015200293,-1.56471109551039
33.3333333333333,-3.58003144195588
33.3060034362459,-3.15438195610657
33.0764978074424,-1.86875334849473
32.8485736603004,-3.62426106584557
32.6222200971167,-2.95517252476715
32.397426295282,-1.91035627311247
32.258064516129,-2.6880271328079
32.1741815067637,-0.088767368989731
31.9524750575921,-0.186323886891539
31.7322963473498,-3.18877840631147
31.5136348486648,-2.92168719692362
31.2964801067075,-3.15078696919233
31.25,-2.0666736160242
31.0808217386906,-2.61174557274746
30.8666494333727,-2.98034569977134
30.6539529505653,-1.94747782038918
30.442722120643,1.47165395842474
30.3030303030303,-2.62147856164175
30.2329468440578,0.393911168566849
30.0246170908555,-3.56733454868596
29.8177229001967,-1.93762458047565
29.6122543798804,-2.88439956412612
29.4117647058824,-2.56468806356907
29.4082017058706,-2.52274490123433
29.2055551218275,-0.940489740084682
29.0043049386399,-3.2808539328153
28.804441533963,-3.06162404378231
28.6059553517574,-3.29523263437322
28.5714285714286,-3.45359578322164
28.408836901833,-3.64030115576601
28.2130767593947,-3.12414094826628
28.018665564592,-3.37194670730245
27.8255940220712,-2.63892897408378
27.7777777777778,-3.29295645022215
27.6338529005317,-2.06455966473647
27.4434330322836,-3.40917254719973
27.2543253128103,-1.94607907156337
27.0665207003324,-1.44294837147792
27.027027027027,1.50770163021678
26.8800102153761,-2.4183960817832
26.6947849403432,-3.19971273224824
26.5108360190854,-2.5557652660435
26.3281546564802,-3.33404545933
26.3157894736842,-3.03633551037371
26.1467321180109,-2.79179544110623
25.9665597293487,-1.80212132382307
25.787628875938,1.77332301976283
25.6410256410256,-1.56103716882229
25.6099310025846,-0.0275385726722943
25.4334576130465,-2.42005170600636
25.2582002696278,0.607681680854331
25.0841505927754,-0.283977055440128
25,1.14698914357168
24.9113002606779,-2.42559853554608
24.7396410088681,-3.629677128657
24.5691646298279,-3.02055342145989
24.3998629725955,-2.82154947402064
24.390243902439,-3.26196510852487
24.231727942376,-2.13244224895488
24.0647515001542,-0.0247665483216322
23.8989256623105,-2.85015347778535
23.8095238095238,-3.4779374475302
23.7342425002387,-1.05705052076091
23.5706941399673,-3.14517120358873
23.4082727617829,-1.31005627305127
23.2558139534884,-1.8032677568914
23.2469705998565,-2.16392815209575
23.0867799418717,-2.21767094237334
22.9276931286565,-0.367100629701649
22.7697025538168,-1.60795295967621
22.7272727272727,-0.215000011447084
22.6128006633728,-2.99877193923542
22.4569799553977,-1.04591684436765
22.3022329796594,-1.36639095167292
22.2222222222222,-2.74732951844065
22.1485523372636,0.105147606335767
21.9959306803007,-2.65917953582054
21.8443607114943,-3.05617110534883
21.7391304347826,-3.13775435799952
21.6938351838518,-3.34269814256835
21.5443469003188,-2.87778542317293
21.3958887134342,-1.38572204170488
21.2765957446809,-2.48996897624165
21.2484535249888,-3.41634472022035
21.102034285686,-3.02292986768604
20.9566239948043,-3.00585817319192
20.8333333333333,-3.17436577217093
20.8122156998634,-1.61473120199745
20.6688024962908,-3.34465219469639
20.5263775270925,-2.966538763894
20.4081632653061,-2.58225218258117
20.3849339825246,-2.49174123405127
20.244465099768,-0.773549370796569
20.104964162605,-1.06901973172934
20,-3.32408214478174
19.9664245010979,-2.76870118379544
19.8288394912707,-3.00578992778916
19.6922025547917,-1.30106603743117
19.6078431372549,-3.32398773286318
19.5565071586595,-1.08430560610635
19.4217468148903,-0.401159661743331
19.2879150802078,-3.44693345263262
19.2307692307692,-2.95252917020862
19.1550055557353,-2.52735482848733
19.0230118866894,-2.85608461685872
18.8919277620767,-1.90927783840571
18.8679245283019,-2.44924036979061
18.7617469143912,-3.25562050148609
18.6324631193156,-3.50083785401896
18.5185185185185,-2.88144572404557
18.504070195423,-3.12528754926769
18.3765620038817,-3.246287831634
18.2499324481615,-3.12405997625437
18.1818181818182,-3.12614145187338
18.1241754737424,-0.986764897273399
17.9992850678248,-3.46954856102122
17.8752552590424,-2.91214511534578
17.8571428571429,-1.29520971732928
17.7520801171764,-3.02147774167205
17.6297537528721,-2.74252812205689
17.5438596491228,-2.02777982609224
17.5082703173572,-3.36607945786433
17.3876240021625,-3.25589076092187
17.2678090388436,-3.59203180651853
17.2413793103448,-2.06498549913415
17.1488196987054,-3.26829357159705
17.0306502925284,-1.96955895960145
16.9491525423729,-2.32572419086459
16.9132951702965,-3.14215262644633
16.7967487209265,-3.30244008295547
16.6810053720006,-2.50857964054274
16.6666666666667,-2.56563030375316
16.5660595894991,-1.42429050209891
16.4519058775366,-2.96729357529081
16.3934426229508,-3.32839450310795
16.3385387780986,-3.58741931836978
16.2259528707809,-3.45970417035464
16.1290322580645,-3.51118082334711
16.1141427725302,-1.48277040105956
16.003103137387,-3.59214896016219
15.8928286562298,-2.72172435452186
15.8730158730159,-2.06158286674868
15.7833140565212,-3.11319540897018
15.674554102056,-3.05621228414541
15.625,-1.64307153308762
15.5665435927106,-2.06268246152738
15.4592773641948,-3.15607506635815
15.3846153846154,-2.96599570130321
15.3527502878042,-2.22603419106242
15.2469572701757,-2.53791078331381
15.1515151515152,1.08538379945121
15.1418932530435,-1.96932177803235
15.0375532129974,-0.903885709333944
14.9339321612425,-0.0488675859450991
14.9253731343284,-0.331397906431628
14.831025143361,-2.1437569179951
14.728827239075,-2.96465961473809
14.7058823529412,-3.3725523346648
14.6273335620113,-3.11999316148659
14.5265392594678,-2.27951972153049
14.4927536231884,-3.65497793648508
14.4264395121816,-2.59256987220958
14.3270295340983,-2.10678794299256
14.2857142857143,0.0273229399924348
14.2283045721435,-1.68808624579897
14.1302599059953,-3.3667390214422
14.0845070422535,-0.792053468074566
14.0328908478587,1.05241001040087
13.9361927422414,-3.46624000198512
13.8888888888889,-1.33787734686684
13.8401609657313,-2.14401836059023
13.7447909267754,-0.917197609148029
13.6986301369863,-1.18839192422892
13.6500780654601,-3.65910344862787
13.5560178532937,-0.919440783207885
13.5135135135135,-2.7524011590611
13.4626057929891,-3.2233299491309
13.3698374182495,-2.92012500378807
13.3333333333333,-0.952566339504368
13.2777082935543,-3.13744587612752
13.1862140139475,-3.30265026539721
13.1578947368421,-2.81155887310949
13.0953502048267,-1.43405808630099
13.0051125217341,-3.1168173713808
12.987012987013,-3.57103294773305
12.9154966501488,-2.87042130194858
12.8264983052806,-1.37537406038556
12.8205128205128,-2.07715542700823
12.7381132318648,-2.67437401925197
12.6582278481013,-3.48942142836246
12.650337203959,-2.37294964368008
12.5631660247412,-2.9668697039027
12.5,-2.58077055032389
12.4765955263087,-3.10333899992257
12.3906215694792,-2.80994809672647
12.3456790123457,-3.59392080286885
12.3052400435926,-3.57158522870041
12.2204468663149,-2.04986246490464
12.1951219512195,-2.63524726939222
12.1362379834424,-2.10065058836919
12.0526093687084,-2.94238800656198
12.0481927710843,-3.16701432510133
11.9695570235904,0.415782516575992
11.9047619047619,-2.62237813157678
11.887076977119,-1.96172659531187
11.8051652856881,-2.26830678991957
11.7647058823529,-2.03072813840633
11.723818032866,0.915647129601145
11.6430313292088,-0.886137738631201
11.6279069767442,-3.56908585189474
11.5628013120738,-3.20251995209365
11.4942528735632,-1.64380975348179
11.4831241454351,-1.85268355781174
11.4039960197003,-3.59555855358051
11.3636363636364,-3.10861089785849
11.3254131515281,-3.4306566703902
11.2473717836475,-2.68787005798516
11.2359550561798,-2.74837235043348
11.1698681846782,-2.76044425164052
11.1111111111111,-2.47045509358055
11.0928986489522,-3.30642419260455
11.0164594963366,-2.17376799967901
10.989010989011,-3.39246943548492
10.9405470720574,-2.4003535884939
10.8695652173913,-2.73557554210843
10.8651577465254,-2.91794441048533
10.7902879151618,-2.70932187609319
10.752688172043,-1.87665884903266
10.7159339982267,-0.675872764612971
10.6420924406472,-1.00999730432953
10.6382978723404,-0.582511833468241
10.568759711848,-3.57354968440843
10.5263157894737,-3.39845437438738
10.4959323055823,-2.27704287340306
10.423606739764,-1.75925948941751
10.4166666666667,1.21259046492547
10.3517795563018,-3.21435306887336
10.3092783505155,-2.88676357443317
10.2804473209331,-3.09433694609158
10.2096066230605,-2.42879755882431
10.2040816326531,-2.49549353121538
10.1392540755882,-2.16858921160316
10.1010101010101,-2.84871988066036
10.0693863147603,-2.07857717868923
10,-2.54304561171666
10,-2.54304561171657
9.9310918137498,-2.84121498241553
9.9009900990099,-1.33652977911531
9.86265846131282,-2.73068458428134
9.80392156862745,-1.98906024535629
9.79469667069539,3.89760583901914
9.72720319245054,-3.09469085377789
9.70873786407767,-2.83500978959885
9.66017479952265,0.933855393119463
9.61538461538461,-2.40544782418952
9.59360828709314,-2.6088350040636
9.52750047242729,-3.10937270011332
9.52380952380952,-2.85723469074322
9.461848194722,-2.64855500677963
9.43396226415094,-3.56301530748795
9.39664831495469,-2.29604100089058
9.34579439252336,-3.40290932944394
9.33189771573324,-2.54687863041506
9.26759330114688,-3.28501544008095
9.25925925925926,-2.90685307112706
9.20373199661822,-3.39720809440201
9.1743119266055,-2.3993761779423
9.14031074875623,-3.5215802631116
9.09090909090909,-1.18330545873685
9.07732652521023,-3.27683780315938
9.01477631452492,-3.41174752624321
9.00900900900901,-2.27154926587364
8.9526571259964,-3.08208443021634
8.92857142857143,-3.35815496544013
8.89096598952916,-2.97238169868687
8.84955752212389,1.67623990999805
8.82969995549409,-3.19237552555314
8.7719298245614,-3.41384177229967
8.76885609458743,-3.59138422603869
8.70843149769072,-2.29812109707394
8.69565217391304,-3.54591672047344
8.64842327573172,-0.140585707621038
8.62068965517241,-1.83375788922559
8.58882855954625,-1.02442644820187
8.54700854700855,-3.05703693313712
8.52964449974102,-1.81333504228275
8.47457627118644,-2.57299799391488
8.47086826655741,-3.43014836447223
8.41249704973612,-3.08479464875834
8.40336134453781,-2.46982089773278
8.35452805838287,-1.71645500108904
8.33333333333333,-1.77153114273689
8.29695852083491,-2.51075714380964
8.26446280991736,-1.84391131802407
8.23978568452852,-3.65546447159356
8.19672131147541,-3.17312814999537
8.18300681586739,-3.60259526593073
8.13008130081301,-2.52338508123379
8.12661920009195,-1.5630450222897
8.0706201411495,-1.39431110813809
8.06451612903226,-2.43586209780893
8.01500696156541,-3.51538263890124
8,-2.07847336247409
7.95977700231498,-3.52979376309865
7.93650793650794,-2.20197386048521
7.90492762269642,-2.67349381289211
7.8740157480315,-2.29629581649022
7.85045620020451,-2.26136999134824
7.8125,-3.58327983787005
7.79636013040523,-2.92002536316543
7.75193798449612,-2.61885470683198
7.74263682681127,-3.04962934648106
7.69230769230769,-2.8089975295763
7.68928372075831,-3.38145194999192
7.63629826128224,-1.90754046252332
7.63358778625954,-1.87738177966581
7.58367791499719,-1.9585645284968
7.57575757575758,-3.59995627308119
7.53142016597437,-3.33125466111066
7.5187969924812,-2.31812988906226
7.47952251562182,-2.77091138530461
7.46268656716418,-2.87308770679415
7.42798248256492,-2.83926124992497
7.40740740740741,-2.39171055312381
7.37679760252773,-3.08695045206879
7.35294117647059,-1.50881905504773
7.32596542821523,-3.44671726196217
7.2992700729927,-3.58039995085759
7.27548352919623,-1.29659099934097
7.2463768115942,-3.22872327327574
7.22534949178722,-1.64030246670468
7.19424460431655,-3.20454999627081
7.17556091893693,-2.77070907562871
7.14285714285714,-2.55128790638237
7.12611543011175,-2.18424286571119
7.09219858156028,-2.83153065119999
7.07701066118189,-2.44205396274004
7.04225352112676,-2.03931597112567
7.02824426430835,-2.43017773015979
6.99300699300699,-1.23151893073814
6.97981390783066,-3.58201876773269
6.94444444444444,-0.256164200537152
6.93171727615541,-1.47997256080323
6.89655172413793,-3.26420356815991
6.8839520696455,-2.90912459367449
6.84931506849315,-3.0927612265835
6.83651600451024,-1.43054035128982
6.80272108843537,-1.2873088417901
6.78940681269611,-2.44371310465329
6.75675675675676,-2.41149180491451
6.74262224177834,-3.47155930908844
6.71140939597315,-2.26428133444052
6.69616005485322,-3.22681534130602
6.66666666666667,-2.92030379050193
6.65001803043112,-2.36531993178566
6.62251655629139,-3.27203119571241
6.6041939623303,-3.27595006853302
6.57894736842105,-2.05692887927948
6.55868565957143,-0.363617994774141
6.5359477124183,-3.05318170528012
6.5134909462728,-3.15898138068489
6.49350649350649,-1.87936177740287
6.46860766154633,-2.08018323147315
6.45161290322581,-3.09516502965276
6.42403365939419,-3.61294269685971
6.41025641025641,-3.55030742166708
6.37976680860628,-3.11918911403744
6.36942675159236,-0.226786710687757
6.33580499265825,-2.28543016235848
6.32911392405063,-2.04078669827286
6.29214610961034,-3.06009228527936
6.28930817610063,-2.30804479599386
6.25,-3.55411285321996
6.24878807200689,-3.64819198182185
6.2111801242236,-0.104437219984344
6.2057288067765,-1.41497590811029
6.17283950617284,-2.12806807729934
6.16296625513294,-3.11711680711592
6.13496932515337,-3.28157065559359
6.1204983724767,-3.05463573549157
6.09756097560976,-3.10300118451648
6.07832312829723,-1.06881164308676
6.06060606060606,-3.57343790124831
6.03643850607587,-3.10523453249739
6.02409638554217,-1.34668508773107
5.99484250318941,-2.71306052857785
5.98802395209581,-3.14131507137388
5.95353313081437,-3.1772853151818
5.95238095238095,-2.89051559100541
5.91715976331361,-1.51964674629728
5.91250841383188,-2.41495854520063
5.88235294117647,-2.84853105923456
5.87176639073326,-2.10813474307023
5.84795321637427,-2.91103980429916
5.83130511352622,-2.07098706902412
5.81395348837209,-3.63149934633885
5.79112264764176,-1.84381247215314
5.78034682080925,-3.35612326969594
5.75121707184161,-2.12425661716612
5.74712643678161,2.22457562095098
5.71428571428571,-3.21723515063685
5.71158647812643,-2.51259689923968
5.68181818181818,-3.27015975501295
5.67222897164454,-2.2160397293308
5.64971751412429,-2.56102327231671
5.63314267060136,-3.11260687214387
5.61797752808989,-3.64053256053482
5.59432570616938,-3.16487604492668
5.58659217877095,-3.41759059627933
5.55577622239888,-1.81614519946138
5.55555555555556,-1.74233458781149
5.52486187845304,-2.91654213367947
5.51749237612913,-3.53951437696837
5.49450549450549,-3.59410910783846
5.47947233690029,-3.30700038696254
5.46448087431694,-1.83612205025046
5.44171428686589,-2.50658046135249
5.43478260869565,-2.83583400885488
5.40540540540541,-3.49080134849278
5.40421642070592,-3.63051109336755
5.37634408602151,-2.57466980754479
5.36697694554048,0.677969684103847
5.3475935828877,-3.34193493584645
5.32999408084409,-3.60977267423034
5.31914893617021,-3.04118860790818
5.29326605836056,-3.41923883213094
5.29100529100529,-1.76030171966665
5.26315789473684,-3.56987619763857
5.25679112201842,-3.2869018579742
5.23560209424084,-3.02500918356345
5.22056752784698,-3.0195355419169
5.20833333333333,-2.60365957561801
5.18459354389291,-3.58330411122854
5.18134715025907,-3.49011442825421
5.15463917525773,-2.91161839500846
5.14886745013749,-3.11325067966764
5.12820512820513,-2.94779530637892
5.11338753841433,-3.33241873209159
5.10204081632653,-2.91555291630045
5.07815211232767,-2.21389626187563
5.0761421319797,0.296736646599517
5.05050505050505,-3.624020357578
5.04315948717136,-3.08666563349764
5.0251256281407,-3.02436172144264
5.00840798984821,-2.5783038657032
5,-3.30742380943239
4.97512437810945,-3.17312847844171
4.97389595879006,-1.17573794874293
4.95049504950495,-3.06323197297764
4.93962174387832,-3.15169596437031
4.92610837438424,-1.14218602262126
4.90558370636505,-2.55759599079185
4.90196078431372,-1.91683347070444
4.8780487804878,-3.39855469942106
4.87178021879463,-3.3025051781298
4.85436893203883,0.668499465009337
4.83820966492596,-0.54430274817805
4.83091787439613,-3.02883741113986
4.80769230769231,-3.48178868767753
4.80487043965513,-2.89338025384348
4.78468899521531,-2.14526104973977
4.77176094893875,-2.11575527910282
4.76190476190476,-3.4635748334238
4.739336492891,-3.5534262448768
4.73887960971765,-3.59883000391106
4.71698113207547,-2.90159771712232
4.70622484984128,-2.81212328779518
4.69483568075117,-3.17162248524779
4.67379510799246,-1.66483613587526
4.67289719626168,-1.848833199307
4.65116279069767,-1.36983978685607
4.64158883361278,-3.6412880116933
4.62962962962963,-3.38410433621375
4.60960448682843,-3.65032264450367
4.60829493087558,-2.81325877240446
4.58715596330275,-0.154452877150088
4.57784053837662,-2.86928892349813
4.5662100456621,-3.16029549420046
4.5462954695324,-3.0796076050946
4.54545454545455,-2.54595573884647
4.52488687782805,-3.42084384128593
4.5149677720361,-2.7455821464034
4.5045045045045,1.49913990760983
4.48430493273543,-2.12801902904475
4.48385594802119,-2.54731780921973
4.46428571428571,-2.45007886564174
4.45295850994265,-2.48979095216283
4.44444444444444,-2.05382380636486
4.42477876106195,-3.05535850146493
4.4222739805059,-3.26129963512416
4.40528634361233,-2.95051164803972
4.39180089259609,-3.56949807456668
4.3859649122807,-3.50172891145457
4.36681222707424,-3.25107254596999
4.361537789208,-3.35980204445455
4.34782608695652,-3.43542261690628
4.3314832233764,1.23346046856525
4.32900432900433,-2.6873466208229
4.31034482758621,-2.50411690560532
4.30163575810679,-2.7814973869588
4.29184549356223,-2.90876468712114
4.27350427350427,-2.85662731704611
4.27199396630678,-3.14103879450762
4.25531914893617,-1.60527470221201
4.24255643071778,-1.54246901812867
4.23728813559322,-3.3081771719453
4.21940928270042,-3.47582929863627
4.21332174384729,-3.1591930135125
4.20168067226891,-0.954538082786352
4.18428850790158,-1.30761063674437
4.18410041841004,-1.00546364955876
4.16666666666667,-3.46844640482835
4.15545533471888,-2.95697931401476
4.149377593361,-3.19619880532569
4.13223140495868,-3.32386273795957
4.12682084570295,-2.65622895158243
4.11522633744856,-2.80603831001947
4.09838367175726,-3.16697153979286
4.0983606557377,-3.1715811843437
4.08163265306122,-2.45528565229678
4.07014245321944,-3.49918152474053
4.0650406504065,-3.49049334669895
4.04858299595142,-3.53667692975277
4.04209583979631,-3.61442880741951
4.03225806451613,-2.15722574917761
4.01606425702811,-2.94292934024643
4.01424249049932,-2.7976644771475
4,-2.86403648053588
3.98658107358044,-3.03670884653932
3.98406374501992,-2.4489618569231
3.96825396825397,-2.5115850806393
3.95911026646846,-3.48925339019122
3.95256916996047,-3.49982104179163
3.93700787401575,-2.76061401862635
3.93182875570577,-2.97275793702836
3.92156862745098,-1.83973921119807
3.90625,-3.11325805377289
3.90473523688556,-2.47985848546007
3.89105058365759,-3.31148389678539
3.87782841458946,-2.20434922533557
3.87596899224806,-2.54679774593613
3.86100386100386,-3.31479425652879
3.85110700232557,-3.6051204395929
3.84615384615385,-2.99961265987805
3.83141762452107,-1.96511181494049
3.824569722467,-3.27448573372727
3.81679389312977,-0.316173868884913
3.80228136882129,-2.90864320442331
3.79821530619074,-2.08300346240572
3.78787878787879,-3.55187487096155
3.77358490566038,-2.50153965313917
3.772042493417,1.60869534574927
3.7593984962406,-3.41255309839
3.74605003274899,-1.45460031543719
3.74531835205992,-2.20321933130181
3.73134328358209,-3.36381529759883
3.72023668141307,-0.275936730644655
3.71747211895911,-2.8602477035081
3.7037037037037,-2.8298767917707
3.6946012051993,-2.82499121166925
3.690036900369,-2.46017904817678
3.67647058823529,-3.16217868609494
3.66914237840249,-3.62914795192942
3.66300366300366,-1.05427195551736
3.64963503649635,-3.52796261884644
3.64385898376355,-0.914439946679646
3.63636363636364,-2.46228573572294
3.6231884057971,-3.10309232753483
3.61874981241128,-2.72118403312892
3.6101083032491,-2.10066772522715
3.59712230215827,-2.51907924486432
3.59381366380463,-3.5025498744656
3.584229390681,-1.74552175712993
3.57142857142857,-2.58140332915589
3.56904934567523,-1.93126736589273
3.55871886120996,-2.63655616000549
3.54609929078014,-2.89401746225071
3.54445567397043,-1.08913347044936
3.53356890459364,-3.23403895857394
3.52112676056338,-1.26153150856062
3.52003147279668,-3.23563645094181
3.50877192982456,-3.61698049961923
3.4965034965035,-2.53686505178022
3.49577557436328,-3.62808982022726
3.48432055749129,-3.07695099384041
3.47222222222222,-3.45439980477233
3.47168681892656,-3.01331201578649
3.46020761245675,-3.49441243922795
3.44827586206897,-2.97797324376709
3.44776405473446,-2.75127711140693
3.43642611683849,-3.12243921867921
3.42465753424658,-3.00208763218508
3.42400613797142,-1.05153875395048
3.41296928327645,-3.41265725073093
3.40136054421769,-3.40896512610332
3.40041193270371,-2.19463153725625
3.38983050847458,-2.8407328201592
3.37837837837838,-0.267900258416954
3.37698031082509,-2.88031100047892
3.36700336700337,-2.87998604732281
3.35570469798658,-2.40163989033307
3.35371015200293,-2.69829699850315
3.34448160535117,0.0541287508795181
3.33333333333333,-2.85287951412307
3.33060034362459,-3.21382944567217
3.32225913621262,-2.7829219113198
3.3112582781457,-0.67252162846692
3.30764978074424,-3.555253658907
3.3003300330033,-3.21273539663214
3.28947368421053,-3.37280955300848
3.28485736603004,-2.86239692516984
3.27868852459016,-3.50071199589454
3.26797385620915,-3.4580431541302
3.26222200971167,-3.21633919969802
3.25732899022801,-2.24350547775075
3.24675324675325,-3.59243136511038
3.2397426295282,-3.66218190179007
3.23624595469256,-3.40802578600484
3.2258064516129,-1.9225882912312
3.21741815067637,-3.03564407918231
3.21543408360129,-3.0514188027037
3.20512820512821,-0.851329719064533
3.19524750575921,-1.84262810542433
3.19488817891374,-1.94160630052844
3.18471337579618,-1.9184383536721
3.17460317460317,-3.66115266465193
3.17322963473498,-2.47211570768253
3.16455696202532,-1.92607462758148
3.15457413249211,-1.99847591157383
3.15136348486648,-3.05514074181228
3.14465408805031,-2.9057037308669
3.13479623824451,-0.614613925823856
3.12964801067075,-1.5588409343269
3.125,-3.65669622882693
3.11526479750779,-3.60025653844037
3.10808217386906,-3.57838589957886
3.1055900621118,-3.03620773530592
3.09597523219814,-2.68736767805357
3.08666494333727,-3.18528576589515
3.08641975308642,-3.4318946172991
3.07692307692308,-2.69991960887374
3.06748466257669,-1.35408434877898
3.06539529505653,-3.35842053707456
3.05810397553517,-2.96736344979915
3.04878048780488,-3.58793848667052
3.0442722120643,-3.6202146643909
3.03951367781155,-3.00459639127508
3.03030303030303,-3.31757945258594
3.02329468440578,-3.13793011836237
3.02114803625378,-2.25725837373882
3.01204819277108,-2.30833666824328
3.003003003003,-3.1589317473696
3.00246170908555,-2.52777895111295
2.9940119760479,-3.32855853326815
2.98507462686567,-3.33827946636948
2.98177229001967,-3.40200194431996
2.97619047619048,-2.15654666386463
2.9673590504451,-3.51049112418404
2.96122543798803,-2.65207749181929
2.9585798816568,-3.62815438604711
2.94985250737463,-2.46111307558983
2.94117647058824,-1.17067675346801
2.94082017058706,-1.94114590129054
2.93255131964809,-3.31109459495549
2.92397660818713,-2.94892525923184
2.92055551218275,-2.90779750215141
2.91545189504373,1.95234664654648
2.90697674418605,-3.52883463365633
2.90043049386399,-3.40797650166455
2.89855072463768,-3.2513855459626
2.89017341040462,-2.93863795671536
2.88184438040346,-3.5174623440895
2.8804441533963,-3.42878276069858
2.8735632183908,-2.52746379687404
2.86532951289398,-2.4690346232014
2.86059553517574,-2.89523960799847
2.85714285714286,-3.27096505531501
2.84900284900285,-3.16523463563088
2.84090909090909,-3.06521983751484
2.8408836901833,-3.10634286361126
2.8328611898017,-3.47591364221317
2.82485875706215,-3.41810737529409
2.82130767593947,-2.99537572084811
2.8169014084507,0.428751506900928
2.80898876404494,-3.43799636515045
2.8018665564592,-2.68219131938975
2.80112044817927,-2.67714727250047
2.79329608938547,-1.44741999082769
2.78551532033426,-3.62106193432997
2.78255940220712,-3.5155816879815
2.77777777777778,-2.75061699817833
2.77008310249307,-2.77372617502383
2.76338529005317,-3.46822653211189
2.76243093922652,-2.82442041511352
2.75482093663912,-1.64197653395201
2.74725274725275,-3.49893552487996
2.74434330322836,-3.37896914639871
2.73972602739726,-3.11718580644385
2.73224043715847,-1.18883158427247
2.72543253128103,-2.95777027096117
2.72479564032698,-1.48610430323462
2.71739130434783,-3.54264498954283
2.710027100271,-2.72158425665814
2.70665207003324,-3.61460036264166
2.7027027027027,-3.07874163923067
2.69541778975741,-3.11032399706654
2.68817204301075,-0.388018239333443
2.68800102153761,0.53363969688967
2.68096514745308,-2.96101836520033
2.67379679144385,-2.66493285161043
2.66947849403432,-2.02721150813538
2.66666666666667,1.90215001599875
2.65957446808511,-2.58850623332968
2.6525198938992,-3.24085556557658
2.65108360190854,-2.9666851915952
2.64550264550265,-2.64790861729819
2.63852242744063,-2.67285566277895
2.63281546564802,-0.79446032599706
2.63157894736842,-1.45734999791493
2.6246719160105,-3.43215899199454
2.61780104712042,-3.57278049718569
2.61467321180109,-3.20853083314422
2.61096605744125,-3.41540695833286
2.60416666666667,-1.93861904977974
2.5974025974026,-3.32907581027178
2.59665597293487,-2.39432675591383
2.59067357512953,-3.47557075546275
2.58397932816537,-3.44693588575312
2.5787628875938,-3.64583870564645
2.57731958762887,-3.32288720083879
2.5706940874036,-3.35717036085596
2.56410256410256,-0.909638195196304
2.56099310025846,-3.57838371569407
2.55754475703325,-2.62380878395616
2.55102040816327,-0.477839652938921
2.54452926208651,-3.00289075103891
2.54334576130465,-2.82570163146577
2.53807106598985,-2.89063752831639
2.53164556962025,-2.99725701162965
2.52582002696278,-3.36926878943619
2.52525252525253,-3.58175607378628
2.51889168765743,-3.20963089083353
2.51256281407035,-3.3839008463173
2.50841505927754,-1.27705565198819
2.5062656641604,-3.34428191990879
2.5,-3.14502780807289
2.49376558603491,-2.52391583926298
2.49113002606779,0.339518113780049
2.48756218905473,-2.79143400827872
2.48138957816377,-2.31126488759473
2.47524752475248,-2.91810061390164
2.47396410088681,-3.04047402486834
2.46913580246914,-3.1514891776675
2.46305418719212,-3.52274139217159
2.45700245700246,-1.25176194125897
2.45691646298279,-0.983201554465846
2.45098039215686,-3.51353992432235
2.44498777506112,-3.63894799478377
2.43998629725955,-3.59323617064275
2.4390243902439,-3.26830548330882
2.4330900243309,-2.65820553624509
2.42718446601942,-3.12664747964198
2.4231727942376,-3.39278059274549
2.42130750605327,-3.53961234646205
2.41545893719807,-2.21107484377857
2.40963855421687,-3.09968150386767
2.40647515001542,-0.106259453124902
2.40384615384615,-1.59253937450994
2.39808153477218,-3.24024101916229
2.39234449760766,-3.20348793560275
2.38989256623105,-2.95780021202325
2.38663484486874,-2.50651046449048
2.38095238095238,-1.15370036013767
2.37529691211401,-3.32031103004102
2.37342425002387,-3.43075212030983
2.3696682464455,-3.34509872802762
2.36406619385343,-3.20848907824863
2.35849056603774,-2.56798297343179
2.35706941399673,-3.45742452099371
2.35294117647059,-3.42737668380154
2.34741784037559,-3.44313225456527
2.34192037470726,-2.26762209926992
2.34082727617829,-2.96688555224461
2.33644859813084,-0.132107352863936
2.33100233100233,-1.30976137599553
2.32558139534884,-3.33518772386044
2.32469705998565,-3.28899231581796
2.32018561484919,-2.4945004098101
2.31481481481481,-3.39506348446649
2.3094688221709,-2.15284736593788
2.30867799418717,-1.93350735859856
2.30414746543779,-3.02107690637861
2.29885057471264,-2.26699150540632
2.29357798165138,-1.95262256395774
2.29276931286565,-3.09214931883958
2.2883295194508,-2.28230760778159
2.28310502283105,-2.90206200198984
2.27790432801822,-3.10018561055845
2.27697025538168,-2.93793703700727
2.27272727272727,-3.60254466690257
2.26757369614512,-3.53517566786372
2.26244343891403,-3.16471997519677
2.26128006633728,-2.59279727718687
2.25733634311512,-2.16530889064496
2.25225225225225,-2.54600245297182
2.24719101123596,-2.77300124147804
2.24569799553977,-3.34196299161773
2.24215246636771,-3.11995519952101
2.23713646532438,-2.98947807515902
2.23214285714286,-3.2233092217727
2.23022329796594,-3.56574081126133
2.2271714922049,-1.19007226282236
2.22222222222222,-3.21658699188658
2.21729490022173,-2.5201665559462
2.21485523372636,-2.48475720521308
2.21238938053097,-2.9168279591086
2.2075055187638,-2.94812248558794
2.20264317180617,-2.18916933179052
2.19959306803007,-2.7109314052894
2.1978021978022,-2.94477447583624
2.19298245614035,-2.07334626108455
2.18818380743982,-3.62527607968804
2.18443607114943,-1.09093886964861
2.18340611353712,-2.81942181785292
2.17864923747277,-2.5111054852331
2.17391304347826,-1.36131292218719
2.16938351838518,-3.62645779341038
2.16919739696312,-3.59249230425716
2.16450216450216,-2.92637527088787
2.15982721382289,-2.99989258593289
2.1551724137931,-3.3891246713887
2.15443469003188,-2.44338961046402
2.1505376344086,-2.95138368318352
2.14592274678112,-3.52626344072665
2.14132762312634,-3.34724546470177
2.13958887134342,-3.12285083234924
2.13675213675214,-0.43111036330681
2.13219616204691,-3.52786993857664
2.12765957446809,-2.4917483014248
2.12484535249888,-3.56610336945804
2.12314225053079,-2.26731216502069
2.11864406779661,-3.37522440595465
2.11416490486258,-2.29927641995156
2.1102034285686,-3.35736366398872
2.10970464135021,-3.49569489963109
2.10526315789474,-3.45226565320409
2.10084033613445,-3.08067058303056
2.09643605870021,-1.26457594199153
2.09566239948043,-2.32875062839379
2.09205020920502,-3.35766293071704
2.08768267223382,-1.00289956128644
2.08333333333333,-3.2689322195318
2.08122156998634,-1.52335117180227
2.07900207900208,-3.18170169652255
2.0746887966805,-3.57901213815809
2.0703933747412,-3.55817086759329
2.06688024962908,-2.67128546563209
2.06611570247934,-2.64949305255923
2.06185567010309,-1.2596799369157
2.05761316872428,-3.54825969499155
2.05338809034908,-2.30844029637931
2.05263775270925,-2.93183489927984
2.04918032786885,-2.7808633646262
2.04498977505112,-2.99977520338872
2.04081632653061,-3.46791670523664
2.03849339825246,-3.4051100235409
2.03665987780041,-3.62106919915847
2.03252032520325,-2.06577495845944
2.02839756592292,-3.40602171578079
2.0244465099768,-1.61244146889767
2.02429149797571,-1.31477853477689
2.02020202020202,-2.85556866262031
2.01612903225806,-3.09222971442973
2.01207243460765,-3.29731917189316
2.0104964162605,-2.43261355342336
2.00803212851406,-2.03802781491829
2.00400801603206,-3.33497424350791
2,-3.422602009675
1.99664245010979,-3.229859699306
1.99600798403194,-2.72207676808675
1.99203187250996,-2.74966281547584
1.98807157057654,-3.64944382326392
1.98412698412698,-2.70580847160933
1.98288394912707,-3.2591715656403
1.98019801980198,-3.51879897779421
1.97628458498024,-3.37492311543677
1.9723865877712,-2.55149807270963
1.96922025547917,-3.50853988077931
1.96850393700787,-2.92006038934768
1.96463654223969,-2.85798212397314
1.96078431372549,-3.57725656136865
1.95694716242661,-3.31003845958908
1.95565071586595,-2.96737604013553
1.953125,-3.2556697282241
1.94931773879142,-2.16648675723384
1.94552529182879,-3.55573902040738
1.94217468148903,-2.83929098713782
1.94174757281553,-0.620581217751559
1.93798449612403,-3.59293936335483
1.93423597678917,-3.36776836395621
1.93050193050193,-3.04717820476186
1.92879150802078,-3.46805984269455
1.92678227360308,-3.3340473787609
1.92307692307692,-3.17425238438887
1.91938579654511,-1.09059625799481
1.91570881226054,-3.23157824547415
1.91550055557353,-3.64620551525227
1.91204588910134,-2.83826341007493
1.90839694656489,-1.80897546725968
1.9047619047619,-3.6420366545641
1.90230118866894,-2.92090605281764
1.90114068441065,-3.55382532541405
1.89753320683112,-2.28668992107078
1.89393939393939,-3.61360493748516
1.89035916824197,-3.11859132757912
1.88919277620767,-3.63548740971329
1.88679245283019,-1.33407312796886
1.88323917137476,-3.49644453471769
1.8796992481203,1.05138834362267
1.87617469143912,-2.62254164658783
1.87617260787992,-2.63014564098706
1.87265917602996,-3.37048012964292
1.86915887850467,-3.62350133601647
1.86567164179104,-3.63063188708839
1.86324631193156,-3.12642306123912
1.86219739292365,-2.56897742711497
1.85873605947955,-2.33674481300694
1.85528756957328,-3.13017866811607
1.85185185185185,-2.67094252394291
1.8504070195423,-3.28724471134056
1.84842883548983,-1.87236534957942
1.8450184501845,-2.75162492537073
1.84162062615101,-3.55733972368172
1.83823529411765,-0.99928636514819
1.83765620038817,-3.53780518959727
1.8348623853211,-3.20090389557718
1.83150183150183,-3.60380866160623
1.82815356489945,-1.46207997069355
1.82499324481615,-2.92135669089098
1.82481751824817,-3.26889457314267
1.82149362477231,-2.10709304734662
1.81818181818182,-3.20366562794514
1.81488203266788,-2.86786495139436
1.81241754737424,-3.19278553549843
1.81159420289855,-3.625817400053
1.80831826401447,-3.0712524480062
1.80505415162455,-3.48053543871616
1.8018018018018,-2.87092335575614
1.79992850678248,-1.1388370378513
1.79856115107914,-2.78084329083021
1.79533213644524,-2.65960755912279
1.7921146953405,-2.91480856375322
1.78890876565295,-3.44999044686609
1.78752552590424,-2.35713184188473
1.78571428571429,-3.5103955259368
1.7825311942959,-3.01420428399747
1.77935943060498,-3.10562326766309
1.77619893428064,-3.41673241296028
1.77520801171763,-3.35108987186454
1.77304964539007,-2.86455454521539
1.76991150442478,-3.44225587312807
1.76678445229682,-2.96334989140386
1.7636684303351,-1.73135246048785
1.76297537528721,-3.66043855657527
1.76056338028169,-3.30254190389199
1.75746924428822,-2.65182773118904
1.75438596491228,-3.08485886002422
1.75131348511384,-2.55863775552249
1.75082703173572,-3.21346701787949
1.74825174825175,-0.176426043504629
1.74520069808028,-1.63748546086638
1.74216027874564,-2.72667158834018
1.73913043478261,-3.50209642077892
1.73876240021625,-3.26732830678473
1.73611111111111,-1.93721471998809
1.73310225303293,-3.33864607765376
1.73010380622837,-1.46356919937552
1.72711571675302,-2.94114055111738
1.72678090388436,-3.53472267064692
1.72413793103448,-1.97082308072238
1.72117039586919,-3.50513492485954
1.71821305841924,-2.96545812584348
1.71526586620926,-3.5914484373914
1.71488196987054,-2.44423280143668
1.71232876712329,-3.0229178330015
1.70940170940171,-0.895282587016037
1.70648464163823,-3.46343175214245
1.70357751277683,-3.52355975049398
1.70306502925284,-3.3324767175152
1.70068027210884,-3.63161270970836
1.69779286926995,-0.684951311527452
1.69491525423729,-2.55359803312096
1.69204737732657,-3.57554570828254
1.69132951702965,-2.7856420274392
1.68918918918919,-3.44653072060394
1.68634064080944,-2.88581468324999
1.68350168350168,-3.47311336607204
1.68067226890756,-0.363783875881107
1.67967487209265,-3.17107633400822
1.67785234899329,-1.56997991352371
1.6750418760469,-0.197380410888779
1.67224080267559,-2.54005932934943
1.669449081803,-2.13039630735791
1.66810053720006,-1.74745426374904
1.66666666666667,-3.01216884835567
1.66389351081531,-3.07979778614075
1.66112956810631,-0.532007384698754
1.65837479270315,-2.91029914969941
1.65660595894991,-3.32745968743962
1.65562913907285,-2.7065822528812
1.65289256198347,-3.36274831877433
1.65016501650165,-2.99144945999022
1.64744645799012,-2.82172412049878
1.64519058775366,-3.11926894439672
1.64473684210526,-0.868666635114475
1.64203612479475,-3.45933371355262
1.63934426229508,-2.18320474109428
1.6366612111293,-3.11035568763505
1.63398692810458,-3.47906955157803
1.63385387780986,-2.0276175296065
1.63132137030995,-3.40658398566735
1.62866449511401,-2.68012132926146
1.6260162601626,-3.44157082858409
1.62337662337662,-3.20688546187419
1.62259528707809,-3.61945715737501
1.62074554294976,-3.40114766881255
1.61812297734628,-2.97175110673764
1.61550888529887,-3.35686762495213
1.61290322580645,-2.16350037899509
1.61141427725302,-0.540584637277457
1.61030595813205,-3.1066169973461
1.60771704180064,-3.59489387779775
1.60513643659711,-2.3989656637912
1.6025641025641,-2.67804226946485
1.6003103137387,-3.08485699574031
1.6,2.46259985545551
1.59744408945687,-2.18379452180768
1.59489633173844,-1.28357862079273
1.59235668789809,-0.688456139382491
1.58982511923688,-3.45720143779733
1.58928286562298,-2.66650082726575
1.58730158730159,-2.63431042554439
1.58478605388273,-2.4168923129839
1.58227848101266,-3.20874120776964
1.57977883096367,-2.99486553703503
1.57833140565212,-2.33987657523316
1.57728706624606,-0.609140363033315
1.5748031496063,-2.36949729813225
1.57232704402516,-3.0687171315367
1.56985871271586,-1.28141241925614
1.5674554102056,-3.54971687439483
1.56739811912226,-3.26398376403652
1.56494522691706,-2.77456510942137
1.5625,-3.1036609254743
1.5600624024961,-3.66114687526236
1.55763239875389,-2.98230777215467
1.55665435927106,-2.43922169368137
1.5552099533437,-2.32730419122104
1.5527950310559,-3.32544441566436
1.55038759689922,-2.76149964683573
1.54798761609907,-1.81326680477216
1.54592773641948,-2.79429712434337
1.54559505409583,-2.71596906842926
1.54320987654321,-3.3271291401917
1.54083204930663,-2.98278791650152
1.53846153846154,-2.48458768096277
1.53609831029186,-2.4508465988349
1.53527502878042,-1.52431110316929
1.53374233128834,-2.6671183316178
1.53139356814701,-3.55050141345766
1.52905198776758,-2.5325633063003
1.52671755725191,-2.60591902036311
1.52469572701757,-2.61838327125606
1.52439024390244,-3.48511175108446
1.5220700152207,-1.83340151360666
1.51975683890577,-2.17750238560758
1.51745068285281,-2.25948006115463
1.51515151515152,-0.323111005552543
1.51418932530435,-2.3776743767636
1.51285930408472,-1.0595388141812
1.51057401812689,-3.07717424591503
1.50829562594268,-2.27854438534934
1.50602409638554,-2.97061872127163
1.50375939849624,-3.02972160517576
1.50375532129974,-3.05656623088138
1.5015015015015,-2.40925475979507
1.49925037481259,-1.32360138825352
1.49700598802395,-3.59553184500562
1.49476831091181,-3.26587771861933
1.49339321612425,-1.93101949598515
1.49253731343284,-3.25564421792749
1.4903129657228,-3.57471583248271
1.48809523809524,-3.45448747965413
1.48588410104012,-2.33221803244408
1.48367952522255,-2.21560780590336
1.4831025143361,-2.26272178447258
1.48148148148148,-3.39343151376745
1.4792899408284,-3.13379994549062
1.47710487444609,-1.92243088401842
1.47492625368732,-3.04739830711194
1.4728827239075,-2.94138736874488
1.47275405007364,-3.2141890326328
1.47058823529412,-3.56604822939807
1.46842878120411,-1.36741703396366
1.46627565982405,-1.47694242363535
1.46412884333821,-0.939394674785556
1.46273335620113,-2.11210022350765
1.46198830409357,1.99092014904266
1.45985401459854,-3.00855020442271
1.45772594752187,-2.7358997520828
1.45560407569141,-1.80843385543396
1.45348837209302,0.32298723968727
1.45265392594678,-2.89881342063192
1.45137880986938,-1.88535807129137
1.44927536231884,0.133538811048159
1.44717800289436,-3.54361550074055
1.44508670520231,-3.63075477125305
1.44300144300144,-2.28447287179186
1.44264395121816,-1.34004612653446
1.44092219020173,-3.59791666303125
1.43884892086331,-2.38907451559283
1.4367816091954,-3.39686941322078
1.43472022955524,-3.60014468405837
1.43270295340983,-2.81482469188326
1.43266475644699,-2.92434993310134
1.43061516452074,-2.63454532817887
1.42857142857143,-0.193331066770621
1.4265335235378,0.55285429114078
1.42450142450142,-1.38921519851233
1.42283045721435,-0.963258382093964
1.42247510668563,-3.54263701510099
1.42045454545455,-0.980033630413554
1.41843971631206,-1.49598727962579
1.41643059490085,-3.0828694208951
1.41442715700141,-1.02296361309028
1.41302599059953,-1.66899563655091
1.41242937853107,-2.21458522542694
1.41043723554302,-3.31610690875142
1.40845070422535,-2.86093836957847
1.40646976090014,-3.35969939901887
1.40449438202247,-3.02922703166886
1.40328908478587,-2.13385308947512
1.40252454417952,-3.12264266115018
1.40056022408964,-3.09813690439217
1.3986013986014,-3.47174174511072
1.39664804469274,-2.02924045809361
1.39470013947001,-2.89764270619493
1.39361927422414,-1.56922104749115
1.39275766016713,-3.18706326996438
1.39082058414465,-1.42448030010517
1.38888888888889,-3.59185428598526
1.3869625520111,-2.81750170188969
1.38504155124654,-3.49311694051975
1.38401609657313,-1.38724222536565
1.38312586445367,-1.87795624694372
1.38121546961326,-3.19887445279174
1.37931034482759,-3.13834266391005
1.37741046831956,-3.65645572730586
1.37551581843191,-1.17692163552108
1.37447909267754,-2.89369059656122
1.37362637362637,-3.03824725330004
1.37174211248285,-3.46035913131986
1.36986301369863,-1.73361803162156
1.36798905608755,-3.46603452310758
1.36612021857923,-3.5506352162737
1.36500780654601,-0.0110908715656519
1.36425648021828,-2.99551311573812
1.36239782016349,-3.40319116788934
1.36054421768707,-1.17551494268839
1.35869565217391,-3.63044118577791
1.35685210312076,-3.33107858119181
1.35560178532937,0.953452774035488
1.3550135501355,0.987112622358315
1.3531799729364,-3.3159035885687
1.35135135135135,-3.00351584839803
1.34952766531714,-3.10092395502751
1.34770889487871,-2.15955316007402
1.34626057929891,-3.10442549933363
1.34589502018843,-2.43325646103009
1.34408602150538,-2.27154689064131
1.34228187919463,-1.11466195695727
1.34048257372654,-3.60128992494763
1.33868808567604,-2.37631547810416
1.33698374182495,-2.53449764632493
1.33689839572193,-2.95640733713519
1.33511348464619,-3.1979748460465
1.33333333333333,-3.27578658891305
1.33155792276964,-2.8462165582638
1.32978723404255,-3.5704303422156
1.32802124833997,-2.73204991270195
1.32777082935543,-2.29399626717314
1.3262599469496,-2.35806327113162
1.32450331125828,-1.6716769084153
1.32275132275132,-3.45232313470553
1.32100396301189,-3.02509121046965
1.31926121372032,-3.42516287360406
1.31862140139475,-2.95881445395467
1.31752305665349,-3.58328411190935
1.31578947368421,-3.33153895541288
1.31406044678055,-0.514555945300496
1.31233595800525,0.167822821066228
1.31061598951507,-3.04162063355919
1.30953502048267,-0.985137920484457
1.30890052356021,0.745633869263789
1.30718954248366,-0.631679244071999
1.30548302872063,-2.72045278695112
1.30378096479791,-1.81915383808971
1.30208333333333,-2.07592667368688
1.30051125217341,-1.40701598488622
1.30039011703511,-3.21774367823827
1.2987012987013,-2.25712884038763
1.2970168612192,-2.21193065095657
1.29533678756477,-3.54997584847517
1.29366106080207,-2.44820968349499
1.29198966408269,-3.05649194814689
1.29154966501488,-2.91736714430929
1.29032258064516,-3.50221621008957
1.28865979381443,-2.22726732130537
1.28700128700129,-2.84429609338828
1.2853470437018,2.01441895490557
1.28369704749679,-3.08398149885427
1.28264983052806,-3.46373357055649
1.28205128205128,-2.16830441266931
1.28040973111396,-3.50752225145034
1.27877237851662,-2.15308351931751
1.27713920817369,-2.68613197367686
1.27551020408163,-3.13548162577031
1.27388535031847,-0.359499787818303
1.27381132318648,-1.64935882837566
1.27226463104326,-2.68865800209418
1.27064803049555,-1.95873460888277
1.26903553299492,-2.9535154365072
1.26742712294043,-3.60847556469322
1.26582278481013,-3.1765852220014
1.2650337203959,-3.50637720789571
1.26422250316056,0.228133508552578
1.26262626262626,-3.178360140114
1.26103404791929,-2.03406795207227
1.25944584382872,-1.79891694129882
1.25786163522013,-3.23689703656292
1.25631660247412,-1.41657267433485
1.25628140703518,-0.987667430514942
1.25470514429109,0.612210525012121
1.2531328320802,-2.79641141655709
1.25156445556946,-2.50460719422825
1.25,-3.0894156382002
1.24843945068664,-3.32620189812455
1.24765955263087,-1.02458641832204
1.24688279301746,-3.20437879363019
1.2453300124533,-0.0242481743050105
1.24378109452736,-1.84890016278312
1.24223602484472,-3.58671029747127
1.24069478908189,-2.95590356976016
1.23915737298637,-3.46763251303077
1.23906215694792,-3.34614584663658
1.23762376237624,-2.11559917999066
1.23609394313968,-3.58655649817116
1.23456790123457,-3.53968954262522
1.23304562268804,-2.25852794866246
1.23152709359606,-2.44811864049832
1.23052400435926,-3.10035525126981
1.230012300123,-3.33004282001213
1.22850122850123,-2.46796697372052
1.22699386503067,-3.15426583232481
1.22549019607843,-2.60777834943753
1.22399020807834,-3.59890286194651
1.22249388753056,-3.58048173809463
1.22204468663149,-3.20214708368293
1.22100122100122,-2.54816085600275
1.21951219512195,-2.34729477060655
1.21802679658952,-3.47408916031606
1.21654501216545,-3.02134350890615
1.21506682867558,-2.80355240100836
1.21362379834424,-3.64035905222105
1.21359223300971,-3.61278358140963
1.21212121212121,-2.24169183141923
1.21065375302663,0.0610123582753674
1.20918984280532,-3.1126631052753
1.20772946859903,-3.15732834062585
1.20627261761158,-1.78588545162979
1.20526093687084,-2.67070576613188
1.20481927710843,-3.17132395580004
1.20336943441637,0.221099382624506
1.20192307692308,-2.93446115892102
1.20048019207683,-2.55411242400934
1.19904076738609,-2.49820776317911
1.19760479041916,-3.52174341263439
1.19695570235904,-0.892489306317951
1.19617224880383,-3.53857594253851
1.194743130227,-2.12722828249563
1.19331742243437,-2.62657624261949
1.19189511323004,-1.63794378696941
1.19047619047619,-2.98722691336981
1.18906064209275,-2.43469269099314
1.1887076977119,-1.01313071730142
1.18764845605701,-1.40519290226244
1.18623962040332,-0.779831744290344
1.18483412322275,-3.62054453390318
1.18343195266272,-2.13858201093854
1.18203309692671,-2.02272414035552
1.18063754427391,-3.3154919535856
1.18051652856881,-3.50847412772297
1.17924528301887,1.1095223343008
1.17785630153121,-3.441098836009
1.17647058823529,-2.69189038762634
1.17508813160987,-3.56746715118875
1.17370892018779,-1.89549716819824
1.1723818032866,-1.91159553632807
1.17233294255569,-1.46359112572811
1.17096018735363,-2.45559808350431
1.16959064327485,-2.11289670092035
1.16822429906542,-0.30691297123668
1.16686114352392,0.28459443005146
1.16550116550117,-3.02574163612278
1.16430313292088,-2.97994072767828
1.16414435389988,-1.15675576975958
1.16279069767442,-1.76105230080328
1.16144018583043,-3.22533974220097
1.16009280742459,-3.41694902809653
1.15874855156431,-3.14979423467322
1.15740740740741,-2.07812443153862
1.15628013120738,-1.5796076472978
1.15606936416185,-0.832131185520192
1.15473441108545,-3.54943500865782
1.15340253748558,-1.07085249007035
1.15207373271889,-3.59261964399276
1.15074798619102,-2.89970913941085
1.14942528735632,-3.42251045717212
1.14831241454351,-2.62452013506087
1.14810562571757,-2.70592284983091
1.14678899082569,-1.67222400340578
1.1454753722795,-3.05116538629722
1.1441647597254,-2.72066066420369
1.14285714285714,-2.86307027043041
1.14155251141553,-3.3024642991
1.14039960197003,-1.56605368072764
1.14025085518814,-1.74234260410195
1.13895216400911,-3.44380210460796
1.13765642775882,-2.60602947731412
1.13636363636364,-1.89310812819032
1.13507377979569,-3.42389176507815
1.13378684807256,-2.59892475270599
1.13254131515281,-1.38132149727754
1.13250283125708,-1.55717322032741
1.13122171945701,-2.2419389765596
1.12994350282486,-3.51622411664853
1.12866817155756,-3.61588270723187
1.12739571589628,-1.56823618321981
1.12612612612613,-3.0313103371801
1.12485939257593,-3.03744716492848
1.12473717836475,-3.5480624475205
1.12359550561798,0.943901420359272
1.12233445566779,-3.21583048052251
1.12107623318386,-3.18805407375474
1.11982082866741,-3.50243359998511
1.11856823266219,-3.57183298528902
1.11731843575419,-1.79005535623191
1.11698681846782,-3.30370929450909
1.11607142857143,-2.90971838904521
1.11482720178372,-3.41288028243111
1.11358574610245,-3.53697875176614
1.11234705228031,-2.74080004910992
1.11111111111111,-2.65587778406693
1.10987791342952,-2.65957477116124
1.10928986489522,-1.21574452871088
1.10864745011086,-1.98402760467293
1.10741971207087,-3.16642954346541
1.10619469026549,-0.947195335444699
1.10497237569061,-3.0211497163166
1.1037527593819,-0.220520853826893
1.10253583241455,1.88538364330821
1.10164594963366,-2.48920454047173
1.10132158590308,-3.44964291105812
1.1001100110011,-2.77554642217019
1.0989010989011,-3.60321590999673
1.09769484083425,-2.97742152879526
1.09649122807018,-3.39300204970824
1.09529025191676,-0.695413890588706
1.09409190371991,-3.3743473788151
1.09405470720574,-3.33586761386799
1.09289617486339,-2.22551915519999
1.09170305676856,-0.648062521370671
1.09051254089422,-3.27354221317138
1.08932461873638,-2.1546322143035
1.08813928182807,-2.77052600771115
1.08695652173913,-0.758765259894953
1.08651577465254,-1.67292216775162
1.085776330076,-3.39294118180664
1.08459869848156,-3.37113110669203
1.08342361863489,-3.60676853083656
1.08225108225108,-2.64917485518985
1.08108108108108,-2.53299745053273
1.07991360691145,-2.69335512668739
1.07902879151618,-3.61891718149651
1.07874865156419,-3.2935118845498
1.07758620689655,-1.55812549473454
1.07642626480086,-2.47876595830176
1.0752688172043,-0.845331945268877
1.07411385606874,-3.64752808218484
1.07296137339056,-3.48322508753993
1.07181136120043,1.06998220141815
1.07159339982267,-3.19630478533757
1.07066381156317,-0.78077195832851
1.06951871657754,-2.98226020095656
1.06837606837607,0.682636909460077
1.06723585912487,-1.63383720987367
1.06609808102345,-3.48590829320552
1.06496272630458,-3.19174627125745
1.06420924406472,-2.30562125783761
1.06382978723404,-3.03941659943159
1.06269925611052,-1.78206194664717
1.06157112526539,-3.30918720080818
1.06044538706257,-1.02944538409379
1.0593220338983,-1.22323407207507
1.05820105820106,-3.20037691262341
1.05708245243129,-3.60131174271013
1.0568759711848,-3.55050518345326
1.05596620908131,-2.84546414414062
1.05485232067511,-2.70103887240007
1.05374077976818,-2.64764982904863
1.05263157894737,-3.04850359147469
1.0515247108307,-3.28411008713233
1.05042016806723,-3.13333630935206
1.04959323055823,-3.49243458248069
1.04931794333683,-1.04463967864192
1.0482180293501,-3.52915276195894
1.04712041884817,-2.72732068615486
1.04602510460251,-0.989371145819301
1.04493207941484,-3.41130866043666
1.04384133611691,-3.65788144945575
1.04275286757039,-2.4524850503078
1.0423606739764,-2.79713522398823
1.04166666666667,1.52122625990343
1.04058272632674,-1.19724869070982
1.03950103950104,-3.24396477454332
1.03842159916926,-1.21154970112301
1.03734439834025,-2.43336989917257
1.03626943005181,-2.49238359695614
1.0351966873706,-3.26287237428745
1.03517795563018,-2.61094080561802
1.03412616339193,-3.11079769970045
1.03305785123967,-2.21351107124239
1.03199174406605,-3.40226498775881
1.03092783505155,-3.38285028390059
1.02986611740474,-3.16377304078893
1.02880658436214,-3.18744512108124
1.02804473209331,-3.55819711177058
1.02774922918808,-1.72771705456337
1.02669404517454,-2.92536631056232
1.02564102564103,-3.37069604831334
1.02459016393443,-2.98302002943278
1.02354145342886,-2.75300960662063
1.02249488752556,-2.79312743084933
1.02145045965271,-2.79321730836183
1.02096066230605,-3.09228009547224
1.02040816326531,-3.29227741385587
1.01936799184506,-3.59550405145223
1.0183299389002,-3.44974121667938
1.01729399796541,-3.566673994948
1.01626016260163,-2.70698561917446
1.01522842639594,-1.69837814822388
1.01419878296146,-3.07895833571937
1.01392540755882,-3.60298660979016
1.01317122593718,-3.36931434795694
1.01214574898785,-2.97965486040861
1.01112234580384,-2.12900137115367
1.01010101010101,-2.43253829819197
1.00908173562059,-2.23212436564703
1.00806451612903,-2.18531000857025
1.00704934541793,0.648718671365505
1.00693863147603,-3.4444307289895
1.00603621730382,-0.953659176285082
1.00502512562814,-3.53927594441215
1.00401606425703,-2.66228551550302
1.00300902708124,0.722970712798646
1.00200400801603,-2.44859184539068
1.001001001001,-3.10200054086961
1,1.84629571405502
