"bfp_output.P","bfp_output.logBF"
1000,-0.715223962500953
993.109181374979,-0.575383387206823
986.265846131283,-0.490546048712342
979.46966706954,-0.460177496804117
972.720319245055,-0.479245295861896
966.017479952265,-0.540870226842297
959.360828709315,-0.639198645996866
952.75004724273,-0.771281902270526
946.184819472201,-0.937373923624061
939.66483149547,-1.1396692900734
933.189771573324,-1.37989436119393
926.759330114689,-1.65647182146186
920.373199661823,-1.96228029857879
914.031074875623,-2.28407525669139
907.732652521023,-2.60406300566397
901.477631452492,-2.90302053256117
895.26571259964,-3.16348510670859
889.096598952916,-3.37163448301915
882.969995549409,-3.51743960693754
876.885609458743,-3.5937383951542
870.843149769073,-3.5954729366865
864.842327573172,-3.52037275345894
858.882855954625,-3.37181995652461
852.964449974103,-3.16311481497443
847.086826655741,-2.91995789141121
841.249704973612,-2.67691238380329
835.452805838287,-2.46731669772439
829.695852083491,-2.31269764990035
823.978568452852,-2.21898129553834
818.300681586739,-2.18048021764458
812.661920009195,-2.18692502868704
807.06201411495,-2.22900777598174
801.500696156541,-2.30080573959729
795.977700231499,-2.39906461866995
790.492762269642,-2.51959706065686
785.045620020451,-2.6525781463071
779.636013040523,-2.78197756620265
774.263682681127,-2.89270641482552
768.928372075831,-2.97872129028594
763.629826128224,-3.0431644547683
758.367791499719,-3.09269198935403
753.142016597437,-3.13256911895139
747.952251562182,-3.16427827988583
742.798248256492,-3.18405993395903
737.679760252773,-3.18130495438312
732.596542821523,-3.13893987941749
727.548352919623,-3.04393434451778
722.534949178721,-2.91239513416523
717.556091893692,-2.7970079610218
712.611543011175,-2.74374697246806
707.701066118189,-2.75829612923114
702.824426430835,-2.8235730470016
697.981390783066,-2.92289837074919
693.17172761554,-3.04508636259963
688.39520696455,-3.1796916769437
683.651600451024,-3.31014662924154
678.940681269611,-3.40957899680888
674.262224177835,-3.44562652070361
669.616005485322,-3.39629006854797
665.001803043112,-3.2640192555627
660.419396233031,-3.07215697258446
655.868565957143,-2.84939058623255
651.349094627281,-2.61968369529471
646.860766154633,-2.40269077621023
642.40336593942,-2.21791534813026
637.976680860628,-2.08551111697879
633.580499265825,-2.02169456374279
629.214610961035,-2.0328791191883
624.878807200689,-2.11463721465868
620.57288067765,-2.2561077516121
616.296625513294,-2.4443518064718
612.04983724767,-2.66433138995832
607.832312829723,-2.89602642993971
603.643850607587,-3.11348959278048
599.484250318941,-3.28776618914865
595.353313081437,-3.39029533519125
591.250841383188,-3.39335388644191
587.176639073326,-3.27056754147939
583.130511352622,-3.0069074829705
579.112264764176,-2.62417230844091
575.121707184161,-2.20249976894625
571.158647812643,-1.85342364257802
567.222897164454,-1.65042161890978
563.314267060136,-1.5970602493535
559.432570616938,-1.65861469081865
555.577622239888,-1.80259356452516
551.749237612913,-2.0121726040907
547.947233690029,-2.27627605625922
544.171428686589,-2.57322098873861
540.421642070592,-2.86418900073319
536.697694554048,-3.09820239748445
532.999408084409,-3.21817010591887
529.326605836056,-3.16950823792551
525.679112201842,-2.92629727736191
522.056752784698,-2.52796481949467
518.459354389291,-2.07717335231926
514.886745013749,-1.67858103941715
511.338753841433,-1.38500258899939
507.815211232767,-1.20207621463153
504.315948717136,-1.12308174920819
500.840798984821,-1.15203994752455
500,-1.17674872396288
497.389595879006,-1.30019362544023
493.962174387832,-1.5689666735313
490.558370636505,-1.94466540934765
487.178021879463,-2.40228149337811
483.820966492595,-2.89485821203662
480.487043965513,-3.33233548155864
477.176094893875,-3.59449335334055
473.887960971765,-3.60534016900062
470.622484984128,-3.39186974194443
467.379510799247,-3.04641169450862
464.158883361278,-2.65680060551862
460.960448682844,-2.28338222390637
457.784053837662,-1.96893521504405
454.62954695324,-1.74337727801265
451.49677720361,-1.62007598051265
448.385594802119,-1.60302342834397
445.295850994266,-1.70157695839937
442.22739805059,-1.92757069365397
439.180089259609,-2.26503991063724
436.153778920801,-2.64557304117398
433.14832233764,-2.98027571170864
430.16357581068,-3.22143617657461
427.199396630678,-3.3762446124201
424.255643071778,-3.47468416533745
421.332174384729,-3.54115111444157
418.428850790158,-3.58786714436335
415.545533471888,-3.62011863173488
412.682084570296,-3.64104419206954
409.838367175726,-3.65226246748658
407.014245321944,-3.65234749272069
404.209583979631,-3.63562784892404
401.424249049932,-3.58932979700155
398.658107358044,-3.48783110864296
395.911026646846,-3.29790088817499
393.182875570577,-3.02224206161388
390.473523688556,-2.75165717475972
387.782841458946,-2.58782242793886
385.110700232557,-2.51452040798885
382.4569722467,-2.40419608594636
379.821530619074,-2.04878514940018
377.2042493417,-1.29167097607931
374.605003274899,-0.496479397572538
372.023668141307,-0.302304005941106
369.46012051993,-0.726026053883355
366.914237840249,-1.41527863454955
364.385898376355,-1.70106563693907
361.874981241128,-0.664206223896637
359.381366380463,1.10818071292578
356.904934567523,2.04121035772768
354.445567397043,1.57717904291677
352.003147279668,-0.101731455464896
349.577557436327,-1.95737849008652
347.168681892656,-2.78382542692055
344.776405473446,-2.75304545106335
342.400613797142,-2.60973781347983
340.041193270371,-2.48217407985832
337.698031082509,-1.91230443659894
335.371015200293,-0.490488462669258
333.333333333333,1.3503618296242
333.060034362459,1.61592992920133
330.764978074424,3.65352362261782
328.485736603004,4.39361151108195
326.222200971167,2.8732464441796
323.97426295282,0.177476638465852
321.741815067637,-1.76508186267047
319.524750575921,-2.36479398556743
317.322963473498,-1.74184597809276
315.136348486648,-0.241222430956195
312.964801067075,1.25202395781391
310.808217386907,1.83863800197652
308.666494333727,1.4916986572694
306.539529505653,0.650043873762788
304.42722120643,-0.120254138196183
302.329468440578,-0.105862188398798
300.246170908555,1.16494554223091
298.177229001967,3.13668543517331
296.122543798804,4.00461418146854
294.082017058706,3.05659848432875
292.055551218275,1.66871663372242
290.043049386399,0.678440928859534
288.04441533963,-0.21258997235041
286.059553517574,-0.837117439762419
284.08836901833,-0.191782539912661
282.130767593947,1.86244486718987
280.18665564592,3.43306559925775
278.255940220713,2.89871207171344
276.338529005317,0.757141601585535
274.434330322837,-1.54366117259526
272.543253128103,-2.67123051898131
270.665207003324,-1.55227482043422
268.800102153761,1.95000848187191
266.947849403432,6.24871686194642
265.108360190854,8.8351404120859
263.281546564802,8.01938579197345
261.467321180109,3.8764231118674
259.665597293487,-1.20733358794895
257.87628875938,-3.5684739544137
256.099310025846,-2.53983803952486
254.334576130465,-0.0172832237451344
252.582002696278,2.64867944286364
250.841505927754,4.74766135718723
250,5.21526859039686
249.113002606779,4.91068542985356
247.396410088681,1.20910452625178
245.691646298279,-2.75237785451405
243.998629725955,-3.27326637241917
242.31727942376,-2.40692209913551
240.647515001542,-1.50317314150983
238.989256623105,-0.997652024691301
237.342425002387,-1.37801827675484
235.706941399673,-2.19875402007817
234.082727617829,-1.52653987002655
232.469705998565,0.112549501655072
230.867799418717,0.819348355320831
229.276931286565,-0.542430258191028
227.697025538168,-2.65048602368834
226.128006633728,-3.17862804032803
224.569799553977,-1.17866467606883
223.022329796594,2.71788319630433
221.485523372636,7.07695760565877
219.959306803008,8.62131653783657
218.443607114943,4.2674336008799
216.938351838519,-1.28105928921378
215.443469003188,-3.27815207569661
213.958887134342,-1.92547223378288
212.484535249888,0.990273863277328
211.02034285686,2.73543277949135
209.566239948043,1.67620064832919
208.122156998634,-0.497312005435457
206.688024962908,-2.28027720736007
205.263775270925,-2.82139750215007
203.849339825246,-2.43571652787254
202.44465099768,-2.36971959993194
201.04964162605,-3.01653426903651
200,-3.44662796151023
199.664245010979,-3.52976222034065
198.288394912707,-3.58533302508372
196.922025547917,-3.37154608190427
195.565071586595,-3.3396599318503
194.217468148903,-3.36705027529028
192.879150802078,-3.22217281525364
191.550055557353,-3.23534636360231
190.230118866895,-3.19874741721675
188.919277620767,-3.3034831525159
187.617469143912,-3.56643071500288
186.324631193156,-3.16895219403635
185.04070195423,-2.81718944567923
183.765620038817,-2.26482483648611
182.499324481615,-1.62532731894093
181.241754737424,-2.01323803993095
179.992850678248,-2.19476401299105
178.752552590424,-2.31631418159754
177.520801171764,-3.10323253861936
176.297537528721,-2.97301540253882
175.082703173572,-1.90275929981503
173.876240021625,-0.0057937933856449
172.678090388436,0.995242977363081
171.488196987054,-0.7465523146851
170.306502925284,-2.36838523713218
169.132951702965,-3.01201191350897
167.967487209265,-2.3986849187914
166.810053720006,-1.09633745712723
166.666666666667,-0.945051710213003
165.660595894991,0.309367016524324
164.519058775366,2.54559046034546
163.385387780986,4.56505602065916
162.259528707809,1.40807892023141
161.141427725302,-3.17992020377657
160.03103137387,-1.24591960867148
158.928286562298,4.20898263795586
157.833140565212,7.68081747761953
156.745541020559,3.3415658491342
155.665435927106,-2.92839200045584
154.592773641948,-2.17855376898681
153.527502878042,1.60493560969421
152.469572701757,2.46071079429219
151.418932530435,-0.679288600126038
150.375532129974,-3.33972044755928
149.339321612425,-1.65942777859866
148.310251433611,-0.769080744097191
147.28827239075,-1.87411688127785
146.273335620113,-3.23423875086594
145.265392594678,-2.2228874723179
144.264395121816,-1.87106683930183
143.270295340983,-1.66460519385985
142.857142857143,-1.65564967317216
142.283045721435,-1.422349645946
141.302599059953,-0.616582113863426
140.328908478587,-2.22737005389571
139.361927422414,-1.44786215640378
138.401609657313,3.23780815146889
137.447909267754,6.94997733971143
136.500780654601,2.15088341675027
135.560178532937,-3.19722305671062
134.626057929891,-0.83724970499578
133.698374182495,4.05983452969052
132.777082935543,1.63525971086036
131.862140139475,-2.31192067304478
130.953502048267,-3.46736538579723
130.051125217341,-3.55444018102979
129.154966501488,-3.22622511449871
128.264983052806,-2.96499941198779
127.381132318648,-3.32314017594639
126.50337203959,-2.82082829867322
125.631660247412,-1.32055877789345
125,-0.642207184326263
124.765955263087,-0.951664197901418
123.906215694792,-3.30412454137571
123.052400435926,-3.34780610319798
122.204468663149,-1.84854667087564
121.362379834424,-1.42546168151248
120.526093687084,-2.58724135690435
119.695570235904,-3.3405628639061
118.87076977119,-3.24006016198534
118.051652856881,-3.09521381415608
117.23818032866,-3.0563110837463
116.430313292088,-3.41560973112909
115.628013120738,-3.65763400813044
114.831241454351,-3.11131437860659
114.039960197003,-2.46431928564764
113.254131515281,-2.58668778591244
112.473717836475,-3.56398111247303
111.698681846782,-2.92197538793452
111.111111111111,-1.44585083223414
110.928986489522,-1.03887026503757
110.164594963366,-0.947912018791992
109.405470720574,-3.05717191677037
108.651577465254,-3.18105580269183
107.902879151618,-1.80872142366472
107.159339982267,-1.49466677907149
106.420924406472,-2.7927250956513
105.68759711848,-1.62269262212184
104.959323055823,-0.717408589568104
104.23606739764,-3.24846658222212
103.517795563018,-2.54098211514569
102.804473209331,1.8336072789377
102.096066230605,0.392432012704025
101.392540755882,-2.49976323741522
100.693863147603,-0.769073060621689
100,-0.490006522704173
100,-0.49000652270423
99.310918137498,-1.269018308279
98.6265846131283,-2.31885010302745
97.946966706954,-2.61099751774104
97.2720319245054,-2.56267063079595
96.6017479952265,-3.5878603028605
95.9360828709315,-2.81001589078904
95.2750047242729,-2.6233983692022
94.61848194722,-3.54837236944895
93.966483149547,0.687221539102997
93.3189771573324,0.0677956427879467
92.6759330114688,-3.45649782951072
92.0373199661823,-1.38182896969341
91.4031074875623,-0.686633374424257
90.9090909090909,-1.72685373624086
90.7732652521023,-1.65762602208109
90.1477631452492,-2.61092716055658
89.526571259964,-2.95475576124114
88.9096598952916,0.870819408211635
88.2969995549409,-0.525694703268509
87.6885609458743,-3.41786060018772
87.0843149769073,-0.523563046612462
86.4842327573172,-1.49736644564099
85.8882855954625,-2.93894087273595
85.2964449974102,-2.00827396319299
84.7086826655741,-3.12637999404309
84.1249704973612,-2.36234463720209
83.5452805838287,-3.58294303613134
83.3333333333333,-3.03351666297679
82.9695852083491,-1.98912252463519
82.3978568452852,-3.31884375119706
81.8300681586739,2.39028899585118
81.2661920009194,-0.748453063119153
80.706201411495,-0.472778465214655
80.2028719106221,9.81840077157092
79.5977700231498,-1.42036032032696
79.0492762269642,-0.955758745587228
78.5045620020451,-0.120733496707071
77.9636013040523,1.1186080209189
77.4263682681127,-3.64983750775779
76.9230769230769,1.35420486625127
76.8928372075831,1.6787598757128
76.3629826128224,-3.27221928534315
75.8367791499719,-1.53428608927468
75.3142016597437,-2.97549916522076
74.7952251562182,-2.06376462610684
74.2798248256491,-2.51115725256111
73.7679760252773,-2.94083788443062
73.2596542821523,-2.19824069981861
72.7548352919623,-3.2684977572526
72.2534949178722,-3.53849230453236
71.7556091893693,-2.29812889419311
71.4285714285714,-0.802569181105024
71.2611543011175,-1.61562369698499
70.7701066118189,-3.0622552346404
70.2824426430835,-0.6637529664366
69.7981390783066,-2.28713298676818
69.3171727615541,-3.28134306312237
68.839520696455,-3.50314634324165
68.3651600451024,-1.33799476970226
67.8940681269611,-2.62541826073881
67.4262224177834,-2.35263123178036
66.9616005485322,-2.93645020776772
66.6666666666667,0.800127086422994
66.5001803043112,0.642788042033705
66.0419396233031,-1.29314107740769
65.5868565957143,-0.843830595398383
65.134909462728,-1.45809364990542
64.6860766154633,-2.3002160722272
64.2403365939419,-2.03287654870204
63.7976680860628,-3.10716453225758
63.3580499265825,-0.248032607366478
62.9214610961034,-2.45025785226242
62.5,-2.31447222734401
62.4878807200689,-2.37225449896509
62.057288067765,-2.90694420440588
61.6296625513294,-2.87557190719552
61.204983724767,-3.44371006992564
60.7832312829723,-1.64557847288948
60.3643850607587,-3.43046596552027
59.9484250318941,-2.80686643274235
59.5353313081437,-3.65437493395781
59.1250841383188,-3.661750681907
58.8235294117647,-2.91704504529271
58.7176639073326,-1.85967870942981
58.3130511352622,-2.78495203317133
57.9112264764176,-2.52675694943353
57.5121707184161,-2.14659921308405
57.1158647812643,-3.6587982691348
56.7222897164454,-2.98489209259814
56.3314267060136,-2.96388636341431
55.9432570616938,-2.86741604628944
55.5577622239888,-2.65848248776019
55.5555555555556,-2.63757970545155
55.1749237612912,-2.13252560630293
54.7947233690029,-2.91337331945659
54.4171428686589,-3.01245494920961
54.0421642070592,-3.08025027529997
53.6697694554048,-3.24664937653416
53.2999408084409,-3.60599444951329
52.9326605836056,-2.05555666199994
52.6315789473684,-3.08401310951951
52.5679112201842,-3.27496164630575
52.2056752784698,-1.00625580664792
51.8459354389291,-3.47482945868621
51.488674501375,-3.55240272127163
51.1338753841433,-2.82212271900029
50.7815211232767,-2.35731261504598
50.4315948717136,-0.592931163379528
50.0840798984821,-3.26205310704334
50,-2.74356101831647
49.7389595879007,-3.15970923599228
49.3962174387832,-2.28122324660653
49.0558370636505,-2.6793609531587
48.7178021879463,-3.36136464433228
48.3820966492596,-3.20627984777168
48.0487043965513,-0.487143136123545
47.7176094893875,-2.95449920164672
47.6190476190476,-1.85595277711404
47.3887960971765,-2.17601191500462
47.0622484984128,-3.43416500447854
46.7379510799246,2.19620783584323
46.4158883361278,-2.30813691304318
46.0960448682843,-1.71538734375904
45.7784053837662,-2.87477894480063
45.462954695324,-3.07968381816873
45.4545454545455,-3.06805998266629
45.149677720361,-2.74381297202724
44.8385594802119,-2.29894757203236
44.5295850994266,-2.57049931255123
44.222739805059,8.23523115167972
43.9180089259609,-0.088201589166327
43.6153778920801,-0.825138739006642
43.4782608695652,-1.87336608381916
43.314832233764,-2.18742702331339
43.016357581068,-3.43608858901573
42.7199396630678,-1.43811706456595
42.4255643071778,-2.29421240437137
42.1332174384729,-0.956626403983118
41.8428850790158,-0.325128940601654
41.6666666666667,-3.12469708259719
41.5545533471888,-1.30712111846595
41.2682084570295,-3.3196161005131
40.9838367175726,-0.982462769111218
40.7014245321944,-3.04976570251302
40.4209583979631,-3.42989692942241
40.1424249049932,0.011542174626233
40,-3.17899060664014
39.8658107358044,-1.72656332480154
39.5911026646846,-3.10527798948298
39.3182875570577,-2.59570742727207
39.0473523688556,-0.584743608466264
38.7782841458946,-2.91465107722997
38.5110700232557,-3.09281863685946
38.4615384615385,-3.59795250595543
38.24569722467,-1.7139735548538
37.9821530619073,-1.84744240286347
37.72042493417,-3.46456505565124
37.4605003274899,-1.70000974401266
37.2023668141307,-3.03614808587879
37.037037037037,-3.57564449196711
36.946012051993,-3.28281185325978
36.6914237840249,-2.20756375073163
36.4385898376355,-2.74015463406014
36.1874981241128,-2.50114473619852
35.9381366380463,-3.2694604031396
35.7142857142857,-2.42387557917841
35.6904934567523,-2.71965370901323
35.4445567397043,-0.791110520466115
35.2003147279668,-1.81096660644182
34.9577557436328,-3.0855879340949
34.7168681892656,-3.58624804967378
34.4827586206897,-3.54610884550955
34.4776405473446,-3.49272221929182
34.2400613797142,-3.10200756831763
34.0041193270371,-1.18927495672288
33.7698031082509,-3.45693913772639
33.5371015200293,-1.23785227994368
33.3333333333333,-2.21640706671287
33.3060034362459,-0.375517179015342
33.0764978074424,-3.02871077916619
32.8485736603004,-3.36253727120457
32.6222200971167,-2.74764741557031
32.397426295282,0.562900752650411
32.258064516129,-2.7360076765798
32.1741815067637,0.166868851811576
31.9524750575921,-3.0750245480995
31.7322963473498,-3.65029809877246
31.5136348486648,-3.24644092019387
31.2964801067075,-2.80200721534858
31.25,-3.41519582929247
31.0808217386906,-3.05687827137474
30.8666494333727,-3.45962483567835
30.6539529505653,-2.97555090204245
30.442722120643,-0.616236399638818
30.3030303030303,-3.63389542001193
30.2329468440578,-2.52337909669803
30.0246170908555,-3.32664384546352
29.8177229001967,-3.00640054515444
29.6122543798804,-3.2854342845364
29.4117647058824,-3.05576428969398
29.4082017058706,-2.99803289861837
29.2055551218275,-3.06742513561097
29.0043049386399,-2.86677163536823
28.804441533963,-2.01848327329729
28.6059553517574,-3.09261946811282
28.5714285714286,-3.62958448936946
28.408836901833,-3.57748796326221
28.2130767593947,-2.87678874181988
28.018665564592,-3.46004580870401
27.8255940220712,-2.85635246503731
27.7777777777778,-3.62662524554237
27.6338529005317,-1.44819999082615
27.4434330322836,-1.42652822569202
27.2543253128103,-1.72792825317769
27.0665207003324,0.498960557028529
27.027027027027,-0.988244735182557
26.8800102153761,1.63144198268721
26.6947849403432,1.17128086355563
26.5108360190854,-3.21429610616367
26.3281546564802,-1.9778479163409
26.3157894736842,-0.68458300354241
26.1467321180109,-1.67247627160757
25.9665597293487,-3.08446288003391
25.787628875938,-1.00162942366246
25.6410256410256,-2.02228782887984
25.6099310025846,-2.28629259031937
25.4334576130465,-2.33594080475832
25.2582002696278,1.75716884305554
25.0841505927754,0.652113019689541
25,7.62012459087278
24.9113002606779,3.76409023886585
24.7396410088681,1.89493062480908
24.5691646298279,-2.58445555932699
24.3998629725955,-1.55123224435449
24.390243902439,-2.15799924033122
24.231727942376,-2.44529384430374
24.0647515001542,-1.89041912567977
23.8989256623105,-3.27957757730327
23.8095238095238,-3.41157528840894
23.7342425002387,-1.73428244547146
23.5706941399673,-1.73813831631865
23.4082727617829,-0.464043272037354
23.2558139534884,-2.9959454218898
23.2469705998565,-3.49007726279951
23.0867799418717,-3.15169696183868
22.9276931286565,-1.99149010084833
22.7697025538168,-2.12819554775224
22.7272727272727,-3.25482943198834
22.6128006633728,-2.46378580996822
22.4569799553977,-1.28630622164074
22.3022329796594,-2.90792000269173
22.2222222222222,-3.33144327475487
22.1485523372636,-0.391717411098948
21.9959306803007,-2.27471698236904
21.8443607114943,-3.00187667074617
21.7391304347826,-3.35911686081125
21.6938351838518,0.0180733825701411
21.5443469003188,-2.76214740665246
21.3958887134342,-3.11545985712292
21.2765957446809,-0.413289972571287
21.2484535249888,-0.927485469584165
21.102034285686,-3.27543368038665
20.9566239948043,-2.79110291662324
20.8333333333333,-2.71738355179188
20.8122156998634,-3.16159566215635
20.6688024962908,-3.28659272254707
20.5263775270925,-1.66385443120323
20.4081632653061,-2.31775797987317
20.3849339825246,0.267909526582021
20.244465099768,-1.74571296391336
20.104964162605,-0.180446816374665
20,-2.38484807534344
19.9664245010979,-3.36249341612206
19.8288394912707,-3.13061115252001
19.6922025547917,-3.55799184574517
19.6078431372549,-3.48308773658895
19.5565071586595,-2.55735982523127
19.4217468148903,-3.02747813430174
19.2879150802078,-3.11751663115894
19.2307692307692,-2.64713033536172
19.1550055557353,-2.75552481424658
19.0230118866894,-3.63433652439722
18.8919277620767,-2.51429823038792
18.8679245283019,-0.9410876782437
18.7617469143912,-3.54675992445571
18.6324631193156,-1.17706801687573
18.5185185185185,-3.56503025260777
18.504070195423,-2.91989859504927
18.3765620038817,-1.48160675162803
18.2499324481615,-3.20211254767814
18.1818181818182,-3.56347161345117
18.1241754737424,-2.47831784478135
17.9992850678248,-3.22084745816947
17.8752552590424,-3.44574207166114
17.8571428571429,-2.85541136408768
17.7520801171764,-3.40265788545762
17.6297537528721,-3.31906299805594
17.5438596491228,0.06390238209939
17.5082703173572,-2.21348787995712
17.3876240021625,-2.1794078849967
17.2678090388436,-2.93808747220218
17.2413793103448,-2.25342790845265
17.1488196987054,-3.22333963478594
17.0306502925284,-0.750231680048198
16.9491525423729,2.26799678085989
16.9132951702965,-2.58797347776491
16.7967487209265,-3.58046094172955
16.6810053720006,0.129989766814067
16.6666666666667,-1.87353073446767
16.5660595894991,-3.15913637924133
16.4519058775366,-2.67186668120972
16.3934426229508,-3.0619515281629
16.3385387780986,-3.47731824699523
16.2259528707809,-3.57154970020171
16.1290322580645,-1.38006365048069
16.1141427725302,-0.472169748988402
16.003103137387,-3.5806222287869
15.8928286562298,-3.45684014178051
15.8730158730159,-0.370272636192463
15.7833140565212,-1.9009943295082
15.674554102056,-2.27700091893159
15.625,-1.14580814718429
15.5665435927106,-1.01896698261306
15.4592773641948,-3.10659230963453
15.3846153846154,-0.513893687620548
15.3527502878042,-3.39922235466416
15.2469572701757,-2.47364387865498
15.1515151515152,0.777156694769322
15.1418932530435,-0.961020315166972
15.0375532129974,-2.59112668724803
14.9339321612425,-0.118124649767092
14.9253731343284,0.00398598558384311
14.831025143361,-3.10791202361046
14.728827239075,-2.52310967834908
14.7058823529412,-2.68198154893626
14.6273335620113,-3.65570857164986
14.5265392594678,-1.41214442009264
14.4927536231884,-3.43475635931336
14.4264395121816,-3.60437844632899
14.3270295340983,-1.1426504064736
14.2857142857143,-0.440298562647579
14.2283045721435,-0.532710131175331
14.1302599059953,-1.77993713735499
14.0845070422535,-0.647247197780767
14.0328908478587,0.806737107122946
13.9361927422414,-1.79407366417289
13.8888888888889,-2.92336469609342
13.8401609657313,-0.80958117072755
13.7447909267754,-3.22245307648692
13.6986301369863,-3.48819928108763
13.6500780654601,-1.76979100932676
13.5560178532937,-0.819219905645563
13.5135135135135,-0.951371606453402
13.4626057929891,-1.84230410677732
13.3698374182495,-1.78089205513613
13.3333333333333,3.73558638746313
13.2777082935543,-1.8112408282811
13.1862140139475,-2.10101548738971
13.1578947368421,-1.25463115402153
13.0953502048267,1.63253785707578
13.0051125217341,-3.40869732317561
12.987012987013,-2.24264033875049
12.9154966501488,-3.33966973020686
12.8264983052806,0.88677875320666
12.8205128205128,1.29657764806676
12.7381132318648,-2.55177542779155
12.6582278481013,-2.55911371538506
12.650337203959,-1.26251878869005
12.5631660247412,-3.11100029261247
12.5,-2.01675705864211
12.4765955263087,-2.95309569975272
12.3906215694792,-3.46369053627425
12.3456790123457,-2.93258956082313
12.3052400435926,-3.33139887747616
12.2204468663149,-0.610218668588412
12.1951219512195,-1.69163875552213
12.1362379834424,-0.957176041697987
12.0526093687084,-1.37271244312474
12.0481927710843,-1.70698001494362
11.9695570235904,4.93255535493667
11.9047619047619,-3.55152286487968
11.887076977119,-1.55051574307147
11.8051652856881,-2.32337685314159
11.7647058823529,-3.30253055828784
11.723818032866,-1.95266261098554
11.6430313292088,0.465234204584864
11.6279069767442,-3.24878940087494
11.5628013120738,-2.55787373192576
11.4942528735632,-1.30416197728472
11.4831241454351,-0.688237801042997
11.4039960197003,-3.65239860956323
11.3636363636364,-3.65616248909795
11.3254131515281,-3.3104892228669
11.2473717836475,-3.17427826575819
11.2359550561798,-3.31064067413039
11.1698681846782,-3.21755085495017
11.1111111111111,-1.90344378873253
11.0928986489522,-3.35946334484602
11.0164594963366,-2.27776627687499
10.989010989011,-0.559770711663201
10.9405470720574,-2.36682666768054
10.8695652173913,-0.967745924821865
10.8651577465254,-1.40356136496107
10.7902879151618,-2.8128936968912
10.752688172043,-2.993358146022
10.7159339982267,-2.47878984261446
10.6420924406472,-2.72231405458428
10.6382978723404,-2.39007737269149
10.568759711848,-3.11478536184877
10.5263157894737,-3.52544013488368
10.4959323055823,-2.8231773603921
10.423606739764,-1.67566092639457
10.4166666666667,-2.14274460168367
10.3517795563018,-2.08724986305482
10.3092783505155,-3.09874208086809
10.2804473209331,-2.405157137345
10.2096066230605,-2.79740583234938
10.2040816326531,-2.70013870113255
10.1392540755882,-0.145354453199427
10.1010101010101,-3.64564892280283
10.0693863147603,-3.44705629031067
10,-1.51499738693026
10,-1.51499738693009
9.9310918137498,-2.95068964894009
9.9009900990099,1.15675974006924
9.86265846131282,0.496914865116044
9.80392156862745,-3.38401549479972
9.79469667069539,0.993214007913697
9.72720319245054,-2.76416796075547
9.70873786407767,-3.22515513384867
9.66017479952265,-1.432333243683
9.61538461538461,-3.02623455225817
9.59360828709314,-2.82627584947563
9.52750047242729,-2.13112207988747
9.52380952380952,-2.54115872077936
9.461848194722,-2.00717923130083
9.43396226415094,-3.36899423045115
9.39664831495469,-3.36726687363859
9.34579439252336,-2.83495886296832
9.33189771573324,-2.97997637940999
9.26759330114688,-1.77210813369383
9.25925925925926,-0.901561085611102
9.20373199661822,-2.55061692489961
9.1743119266055,-3.45699591378856
9.14031074875623,-3.43704005910957
9.09090909090909,-1.06766409295583
9.07732652521023,-3.11034539271442
9.01477631452492,-3.36214603382019
9.00900900900901,-3.60738900907365
8.9526571259964,-1.97413663541605
8.92857142857143,-3.251824444331
8.89096598952916,-2.81891944879454
8.84955752212389,0.663458406234374
8.82969995549409,-1.81505687056765
8.7719298245614,-2.41483310488665
8.76885609458743,-3.36808697138884
8.70843149769072,-3.44336322140715
8.69565217391304,-3.63008396881936
8.64842327573172,0.616047256563452
8.62068965517241,-1.73567726344175
8.58882855954625,-0.874490829310541
8.54700854700855,0.809388036879302
8.52964449974102,-0.284350302912155
8.47457627118644,-2.01177464230566
8.47086826655741,-3.60044114572211
8.41249704973612,-3.53514578559439
8.40336134453781,-1.88861831483022
8.35452805838287,1.78357025660835
8.33333333333333,1.47802726257108
8.29695852083491,-3.16459187763142
8.26446280991736,-2.39372120774344
8.23978568452852,-3.40003970278981
8.19672131147541,-3.42077391019533
8.18300681586739,-3.46024194309812
8.13008130081301,-3.10493905985778
8.12661920009195,-2.87773996442119
8.0706201411495,-2.66117823324366
8.06451612903226,-1.97706084427984
8.01500696156541,-3.61273264787347
8,-3.59697317448477
7.95977700231498,-3.03262718593082
7.93650793650794,-2.26682952297657
7.90492762269642,-3.25847603469581
7.8740157480315,0.595421113871841
7.85045620020451,-3.17786326810876
7.8125,-3.55845254213115
7.79636013040523,-3.16702569837205
7.75193798449612,-2.63363613413535
7.74263682681127,-2.897634629752
7.69230769230769,-3.57255068210956
7.68928372075831,-3.0546999089672
7.63629826128224,-2.68848945468191
7.63358778625954,-2.60913290493879
7.58367791499719,-3.34137373429338
7.57575757575758,-3.34809790959222
7.53142016597437,-2.88039432034092
7.5187969924812,-2.69261344664515
7.47952251562182,-2.46430422188323
7.46268656716418,-3.52936244944196
7.42798248256492,-3.11712739155238
7.40740740740741,-2.52772786508187
7.37679760252773,-3.204806704326
7.35294117647059,1.67365946216917
7.32596542821523,-3.45362019853176
7.2992700729927,-3.38076284699822
7.27548352919623,-3.03351971319865
7.2463768115942,-2.83930679605914
7.22534949178722,-1.62255856081425
7.19424460431655,-0.273165583674692
7.17556091893693,-2.22829395535156
7.14285714285714,-2.94484885530603
7.12611543011175,-2.43029638394905
7.09219858156028,-2.53858259743053
7.07701066118189,-2.33926859436469
7.04225352112676,-1.07802809396533
7.02824426430835,-2.62501715545131
6.99300699300699,0.525009755215156
6.97981390783066,-2.96613044790275
6.94444444444444,-1.3842689207069
6.93171727615541,-3.46114728558374
6.89655172413793,-3.02089878972672
6.8839520696455,-2.91592219560236
6.84931506849315,-2.41487874655949
6.83651600451024,-1.25483334027772
6.80272108843537,-2.79261048594106
6.78940681269611,-1.84019864370755
6.75675675675676,-0.577945282508391
6.74262224177834,-3.18608132362852
6.71140939597315,-2.62937503467118
6.69616005485322,-3.06193612857116
6.66666666666667,-3.02764445844134
6.65001803043112,-2.06794050694198
6.62251655629139,-2.76959808091866
6.6041939623303,-3.65152611020998
6.57894736842105,-2.666755893921
6.55868565957143,-0.401215370825621
6.5359477124183,-2.12956207615359
6.5134909462728,-2.63410688366779
6.49350649350649,-1.20995959713506
6.46860766154633,-1.11109604021702
6.45161290322581,-1.34668354030351
6.42403365939419,-3.54839444095044
6.41025641025641,-2.9617914502413
6.37976680860628,-2.92701434298219
6.36942675159236,-2.5193946876207
6.33580499265825,-0.429640981711439
6.32911392405063,-2.28908418417624
6.29214610961034,-3.35998978927581
6.28930817610063,-2.6887921758081
6.25,-3.34573253381221
6.24878807200689,-3.19991863257378
6.2111801242236,-1.17759365343162
6.2057288067765,-2.17555416042155
6.17283950617284,-2.43720110227779
6.16296625513294,-3.36167769099252
6.13496932515337,-3.16995595192536
6.1204983724767,-1.81395168351532
6.09756097560976,-3.50568852545824
6.07832312829723,-1.86875935453265
6.06060606060606,-3.46362375265088
6.03643850607587,-3.36654023841624
6.02409638554217,-2.35021305350174
5.99484250318941,-2.51867965986345
5.98802395209581,-3.13383686270192
5.95353313081437,-3.11697052263973
5.95238095238095,-3.29372694461518
5.91715976331361,-2.60965435482164
5.91250841383188,-3.29086674121852
5.88235294117647,-3.15418937852656
5.87176639073326,-3.09540382474843
5.84795321637427,-2.51840547547219
5.83130511352622,-1.67079438259433
5.81395348837209,-3.46849816928856
5.79112264764176,-3.36335890696933
5.78034682080925,-3.5761030737804
5.75121707184161,-3.57979140972058
5.74712643678161,-0.603753799371087
5.71428571428571,-3.01507146645097
5.71158647812643,-2.59024931677156
5.68181818181818,-2.65072193333593
5.67222897164454,-3.34526787545324
5.64971751412429,0.331625849277789
5.63314267060136,-2.83019553016278
5.61797752808989,-2.28837840519814
5.59432570616938,-3.29443898173475
5.58659217877095,-2.1163896887384
5.55577622239888,0.0838496042987247
5.55555555555556,-0.39949525960652
5.52486187845304,-2.57431903574713
5.51749237612913,-3.46980486120357
5.49450549450549,-3.04168246765063
5.47947233690029,-2.00470660209488
5.46448087431694,-3.55718562283912
5.44171428686589,-2.39684317840406
5.43478260869565,-3.29992422836203
5.40540540540541,-3.2358540917725
5.40421642070592,-3.20836941642151
5.37634408602151,-3.64060377120237
5.36697694554048,-2.25339702567002
5.3475935828877,-2.75458362704164
5.32999408084409,-3.35746643453696
5.31914893617021,-3.51012132962232
5.29326605836056,-3.60949694851775
5.29100529100529,-2.67236930898728
5.26315789473684,-3.4741389725011
5.25679112201842,-3.17789161085134
5.23560209424084,-2.14634904165915
5.22056752784698,-2.05370278052053
5.20833333333333,-1.89217406316082
5.18459354389291,-3.58227910064287
5.18134715025907,-3.60974272049502
5.15463917525773,-2.15295599120095
5.14886745013749,-1.92117992492178
5.12820512820513,-2.10658530064897
5.11338753841433,-3.32935241571935
5.10204081632653,-3.02718111654802
5.07815211232767,-3.28325765220422
5.0761421319797,-0.862310021240044
5.05050505050505,-3.26916792799075
5.04315948717136,-3.46017197310619
5.0251256281407,-3.19823831468666
5.00840798984821,-3.35854584918401
5,-3.37777064609944
4.97512437810945,-3.50582962896574
4.97389595879006,-2.54387873882693
4.95049504950495,-3.53762920141592
4.93962174387832,-3.1243264769363
4.92610837438424,-2.67186740995164
4.90558370636505,-2.87656603545322
4.90196078431372,-2.86146597226671
4.8780487804878,-0.993979682852522
4.87178021879463,-3.50188177923529
4.85436893203883,0.627414084726998
4.83820966492596,-1.28059181059855
4.83091787439613,-3.22905614421479
4.80769230769231,-3.64887171404892
4.80487043965513,-2.76088701751986
4.78468899521531,-2.24527437722495
4.77176094893875,-3.32123376978229
4.76190476190476,-3.23433453810783
4.739336492891,-3.1768502860872
4.73887960971765,-3.10787489907848
4.71698113207547,-3.60902055462032
4.70622484984128,-3.48444381682939
4.69483568075117,-3.62193441142299
4.67379510799246,-3.43418039371188
4.67289719626168,-1.73821040338229
4.65116279069767,-2.38412499820766
4.64158883361278,-3.11096441174409
4.62962962962963,-2.6513424221048
4.60960448682843,-2.56440237230775
4.60829493087558,-1.4807324984399
4.58715596330275,-0.990389503069092
4.57784053837662,-2.38327853513813
4.5662100456621,-3.49066887765734
4.5462954695324,-3.38848510112647
4.54545454545455,-3.19537710771338
4.52488687782805,-2.16421786958399
4.5149677720361,-0.708128157395389
4.5045045045045,0.218847242307295
4.48430493273543,-1.27799121986133
4.48385594802119,-1.36817482573268
4.46428571428571,-1.58411582173958
4.45295850994265,-2.23861769822433
4.44444444444444,-2.96372517175659
4.42477876106195,-3.09786033883075
4.4222739805059,-3.62531665900003
4.40528634361233,-3.20079482632142
4.39180089259609,-3.53187665050107
4.3859649122807,-2.7639020003193
4.36681222707424,-3.65237746688363
4.361537789208,-3.27665779790523
4.34782608695652,-3.12186644261827
4.3314832233764,-1.02507377456602
4.32900432900433,-3.62362684330783
4.31034482758621,-2.86168077464908
4.30163575810679,-1.12629599762372
4.29184549356223,-3.4103763556664
4.27350427350427,-3.19622271137201
4.27199396630678,-3.16737240644549
4.25531914893617,-1.19560048806546
4.24255643071778,-3.46325369013375
4.23728813559322,-3.57376674127415
4.21940928270042,-3.16725763464087
4.21332174384729,-3.65707674590252
4.20168067226891,-1.08473706394734
4.18428850790158,-2.65397246419279
4.18410041841004,-2.2835182042828
4.16666666666667,-1.80979336122369
4.15545533471888,-2.85680103136213
4.149377593361,-1.4726600666212
4.13223140495868,-3.14181546223711
4.12682084570295,-2.50974306900168
4.11522633744856,-3.47758370000319
4.09838367175726,-3.62962140335177
4.0983606557377,-3.62394708755367
4.08163265306122,-3.38038104872858
4.07014245321944,-3.61066324187432
4.0650406504065,-3.64157258117241
4.04858299595142,-3.24478732554506
4.04209583979631,-3.32061715260933
4.03225806451613,-3.62521894818947
4.01606425702811,-2.88413547182806
4.01424249049932,-3.28339183194769
4,-2.50031125356842
3.98658107358044,-2.76208091270773
3.98406374501992,-3.23522250771601
3.96825396825397,-2.84500263617927
3.95911026646846,-1.66488072069516
3.95256916996047,-2.35454935522319
3.93700787401575,-3.32519348135299
3.93182875570577,-3.26818803463579
3.92156862745098,-2.86074522770088
3.90625,-1.50959742465882
3.90473523688556,-2.58784348757525
3.89105058365759,-3.23126280516258
3.87782841458946,-2.20554610948961
3.87596899224806,0.375947283560085
3.86100386100386,-3.153204945701
3.85110700232557,-3.6565276530468
3.84615384615385,-3.48492836913781
3.83141762452107,-2.38162870711771
3.824569722467,-3.11298703422322
3.81679389312977,-1.64867169463734
3.80228136882129,-3.3787739292597
3.79821530619074,-2.21794488270008
3.78787878787879,-3.50526238515841
3.77358490566038,-3.65419754220472
3.772042493417,-2.04682914514491
3.7593984962406,-3.48601470413491
3.74605003274899,-2.39093233042648
3.74531835205992,-1.33049265547164
3.73134328358209,-2.78252838302115
3.72023668141307,-2.13892769049023
3.71747211895911,-3.11136865833636
3.7037037037037,-1.52393962870296
3.6946012051993,-3.27674428000507
3.690036900369,-3.63781785068481
3.67647058823529,-3.60555807631958
3.66914237840249,-3.24564935244934
3.66300366300366,-3.5001435406039
3.64963503649635,-3.6122893597131
3.64385898376355,1.37597659602593
3.63636363636364,-2.0606087142571
3.6231884057971,-3.11607922500259
3.61874981241128,-3.56027069534805
3.6101083032491,-1.8137457989625
3.59712230215827,-2.7223372093142
3.59381366380463,-3.33315456131974
3.584229390681,-1.74327264528146
3.57142857142857,-1.98777574499503
3.56904934567523,-2.15263702453749
3.55871886120996,-3.18707086220895
3.54609929078014,-3.23755927645795
3.54445567397043,-2.78659840575501
3.53356890459364,-3.41892775656195
3.52112676056338,-0.512881197095463
3.52003147279668,-3.25882550212081
3.50877192982456,-2.96324041881602
3.4965034965035,-3.48075215630576
3.49577557436328,-3.59278597331423
3.48432055749129,-1.93993362310955
3.47222222222222,-3.55566053579049
3.47168681892656,-2.71487575819897
3.46020761245675,-3.21629826089152
3.44827586206897,-3.4998624892237
3.44776405473446,-2.52597159815543
3.43642611683849,-3.2646168800954
3.42465753424658,-3.1080924391603
3.42400613797142,-2.61167545018226
3.41296928327645,-1.93488693724235
3.40136054421769,-1.88828242249228
3.40041193270371,-2.88756639152215
3.38983050847458,-2.28533193443003
3.37837837837838,1.68869780958155
3.37698031082509,-2.87223967744488
3.36700336700337,-2.59723221514111
3.35570469798658,-3.34750015843953
3.35371015200293,-3.5596943185982
3.34448160535117,-0.374699770916076
3.33333333333333,-1.71616892462576
3.33060034362459,-1.93049805375172
3.32225913621262,-2.40037161592901
3.3112582781457,-1.32339458739419
3.30764978074424,-3.19700266856743
3.3003300330033,-2.07070326523701
3.28947368421053,-3.53686744524641
3.28485736603004,-2.81112860330536
3.27868852459016,-3.26393347065551
3.26797385620915,-3.47340840961361
3.26222200971167,-3.41454659890483
3.25732899022801,-2.51885949736181
3.24675324675325,-2.70897507704599
3.2397426295282,-2.03349156252527
3.23624595469256,-3.30812290900159
3.2258064516129,-3.11968147122367
3.21741815067637,-1.89277674768824
3.21543408360129,0.271162290528555
3.20512820512821,-0.703246895312115
3.19524750575921,-3.23797124064022
3.19488817891374,-2.88175231096282
3.18471337579618,-1.99488168741147
3.17460317460317,-3.05703081880817
3.17322963473498,-3.14288347196394
3.16455696202532,-2.71017591477782
3.15457413249211,-3.09171913488192
3.15136348486648,-3.22015639762993
3.14465408805031,-1.88291805386343
3.13479623824451,1.21854615550773
3.12964801067075,-0.861097236071156
3.125,-3.60594506695552
3.11526479750779,-3.16906475689576
3.10808217386906,-1.87284656679044
3.1055900621118,-3.28510862197258
3.09597523219814,-2.29103978889593
3.08666494333727,-2.79626651884778
3.08641975308642,-2.62376424899657
3.07692307692308,-3.60800612552257
3.06748466257669,-3.50119927463062
3.06539529505653,-3.26341512764641
3.05810397553517,-3.5404379878167
3.04878048780488,-2.08471064871606
3.0442722120643,-3.61002000730603
3.03951367781155,-3.48561617539412
3.03030303030303,-2.32902283704602
3.02329468440578,-1.90829396871997
3.02114803625378,-1.60774138193626
3.01204819277108,-3.59926565908175
3.003003003003,-3.63303331541034
3.00246170908555,-3.13413231880234
2.9940119760479,-3.36085668474278
2.98507462686567,-3.41087667042207
2.98177229001967,-2.52379873471353
2.97619047619048,-2.59023865770375
2.9673590504451,-2.96172400832652
2.96122543798803,-3.36132425041323
2.9585798816568,-3.50423965319488
2.94985250737463,-3.58365967669801
2.94117647058824,-1.81484538599532
2.94082017058706,-3.13396746006004
2.93255131964809,-3.1408954523781
2.92397660818713,-3.59268241989308
2.92055551218275,-3.05493618494124
2.91545189504373,-1.97695331736046
2.90697674418605,-3.16274210072244
2.90043049386399,-3.45373553995044
2.89855072463768,-2.80789973212229
2.89017341040462,-2.61410254578076
2.88184438040346,-3.30461925989901
2.8804441533963,-3.21734203647109
2.8735632183908,-3.46448719170332
2.86532951289398,-3.32235990508574
2.86059553517574,-2.2891050029667
2.85714285714286,-3.41884818777553
2.84900284900285,-3.59335869974775
2.84090909090909,-2.8235310182299
2.8408836901833,-2.92101459755907
2.8328611898017,-3.65625342135042
2.82485875706215,-2.58209752959167
2.82130767593947,-2.58516519561509
2.8169014084507,-0.557784074234898
2.80898876404494,-2.30798536273106
2.8018665564592,-2.07107836695315
2.80112044817927,-1.73791032765468
2.79329608938547,-1.97309928308517
2.78551532033426,-2.91629253897484
2.78255940220712,-3.20045133510534
2.77777777777778,-2.55382691716768
2.77008310249307,-3.09692234041837
2.76338529005317,-2.87224086625182
2.76243093922652,-1.9370952592515
2.75482093663912,-1.63563942140142
2.74725274725275,-3.40970470131061
2.74434330322836,-3.65549234970158
2.73972602739726,-3.61549611646528
2.73224043715847,-2.57183461941726
2.72543253128103,-3.46288593401966
2.72479564032698,-2.74450622058766
2.71739130434783,-1.95601273159864
2.710027100271,-3.38761631229407
2.70665207003324,-3.52475682985935
2.7027027027027,-3.63480637946436
2.69541778975741,-3.37255535113131
2.68817204301075,-0.698605730913395
2.68800102153761,-0.870075868039161
2.68096514745308,-0.557876118130745
2.67379679144385,-1.71165595416171
2.66947849403432,-3.39188957095883
2.66666666666667,1.77714971071164
2.65957446808511,-2.23621699819075
2.6525198938992,-3.27302067862648
2.65108360190854,-3.11521360770736
2.64550264550265,-1.90636747561002
2.63852242744063,-0.949968170276104
2.63281546564802,-2.99544465088725
2.63157894736842,-1.62703678320546
2.6246719160105,-1.82484503483318
2.61780104712042,-3.24268922123356
2.61467321180109,-1.93791171469051
2.61096605744125,-3.63868727673782
2.60416666666667,-3.3233046879679
2.5974025974026,-2.8538278091763
2.59665597293487,-3.05551102929227
2.59067357512953,-3.35929817952323
2.58397932816537,-2.4258421492252
2.5787628875938,-3.24497385341457
2.57731958762887,-3.12244804019106
2.5706940874036,-2.93240077322742
2.56410256410256,-0.788637595701355
2.56099310025846,-3.20873309504513
2.55754475703325,-1.28403045065313
2.55102040816327,-1.1731792086815
2.54452926208651,-2.10015899066276
2.54334576130465,-3.30323487123264
2.53807106598985,-3.6442487199129
2.53164556962025,-2.39318050402913
2.52582002696278,-3.52607738190538
2.52525252525253,-3.09449746834239
2.51889168765743,-3.61754509025847
2.51256281407035,-2.66164638406168
2.50841505927754,-2.26091988030422
2.5062656641604,-3.43666348323974
2.5,-3.28488710041558
2.49376558603491,-3.08771026451908
2.49113002606779,-2.96715660687978
2.48756218905473,-3.02813267726018
2.48138957816377,-3.6219022333427
2.47524752475248,-2.02008326727612
2.47396410088681,-2.96873988902335
2.46913580246914,-3.33208441351762
2.46305418719212,-3.55444105901808
2.45700245700246,0.60360615168769
2.45691646298279,1.2549283746002
2.45098039215686,-3.29572824859555
2.44498777506112,-3.21382669445183
2.43998629725955,-2.8328476368553
2.4390243902439,-3.08894466567538
2.4330900243309,-2.81026162808076
2.42718446601942,-3.62639976112357
2.4231727942376,-3.15681303700257
2.42130750605327,-3.62944638194814
2.41545893719807,-3.02258685898034
2.40963855421687,-3.27739935700309
2.40647515001542,-2.58349068519713
2.40384615384615,-1.96641150122714
2.39808153477218,-2.96816444463011
2.39234449760766,-2.57054838171235
2.38989256623105,-2.76338179342276
2.38663484486874,-1.40149083655138
2.38095238095238,-3.51988116267027
2.37529691211401,-3.57398491076197
2.37342425002387,-3.44756344286757
2.3696682464455,-3.46473763622795
2.36406619385343,-2.06394606795764
2.35849056603774,-2.77172091387852
2.35706941399673,-3.20116777630376
2.35294117647059,-3.145265791607
2.34741784037559,-3.45244301449081
2.34192037470726,-2.64299224659232
2.34082727617829,-3.60631895160908
2.33644859813084,-1.92734419794423
2.33100233100233,-2.01453380338087
2.32558139534884,-3.55131340249663
2.32469705998565,-3.59219125588769
2.32018561484919,-1.92410333613544
2.31481481481481,-3.28265124003702
2.3094688221709,-2.8439782066426
2.30867799418717,-2.88556082728943
2.30414746543779,-3.16841186159514
2.29885057471264,-2.49250105932141
2.29357798165138,0.488558133020509
2.29276931286565,-1.61790384723728
2.2883295194508,-3.49657818824742
2.28310502283105,-3.56168085875485
2.27790432801822,-1.34180207704106
2.27697025538168,-2.6381120937349
2.27272727272727,-2.97579662049513
2.26757369614512,-3.50313143696401
2.26244343891403,-2.34055310195326
2.26128006633728,-3.12282096154784
2.25733634311512,-3.57638654104665
2.25225225225225,-2.60125423181433
2.24719101123596,-3.02988345875748
2.24569799553977,-3.32706031028031
2.24215246636771,-3.61551337073392
2.23713646532438,-3.14659402862987
2.23214285714286,-2.38297416029159
2.23022329796594,-3.09199083177786
2.2271714922049,-3.5656822107767
2.22222222222222,-2.8312095151593
2.21729490022173,-0.373639743936944
2.21485523372636,-3.39220692738457
2.21238938053097,-3.38622930119656
2.2075055187638,-2.71668245915687
2.20264317180617,-2.22839731281037
2.19959306803007,-2.0953457707583
2.1978021978022,-3.5104981569337
2.19298245614035,-3.16257238627444
2.18818380743982,-3.63158091093889
2.18443607114943,-1.30275793939806
2.18340611353712,-2.69445605032054
2.17864923747277,-3.17970698722221
2.17391304347826,-3.04797310592998
2.16938351838518,-3.38042323133662
2.16919739696312,-3.5141321375179
2.16450216450216,-3.35957813880627
2.15982721382289,-1.68793388489145
2.1551724137931,-3.28547993459851
2.15443469003188,-2.95370222182852
2.1505376344086,-3.30848053255412
2.14592274678112,-3.4380078012649
2.14132762312634,-3.06987047895195
2.13958887134342,-3.54459485951893
2.13675213675214,-0.471233151360717
2.13219616204691,-3.34256918315703
2.12765957446809,-1.89616067708347
2.12484535249888,-3.38950283718814
2.12314225053079,-2.0896440029757
2.11864406779661,-3.31129010441877
2.11416490486258,-3.50721950180876
2.1102034285686,-2.77627922205881
2.10970464135021,-3.42393186828583
2.10526315789474,-3.33571282351276
2.10084033613445,-3.28763169480022
2.09643605870021,-3.16455777862621
2.09566239948043,-3.40607124687123
2.09205020920502,-3.23170672621417
2.08768267223382,-2.12091528560596
2.08333333333333,-1.7958395344056
2.08122156998634,-2.57695629118212
2.07900207900208,-3.34016848178215
2.0746887966805,-3.15883558516451
2.0703933747412,-3.50657548186326
2.06688024962908,-3.53914535379168
2.06611570247934,-3.24867365784173
2.06185567010309,-2.80392237899538
2.05761316872428,-2.68648538918348
2.05338809034908,-3.28056485020208
2.05263775270925,-1.86591151074434
2.04918032786885,-3.52754295421304
2.04498977505112,-2.67429584807796
2.04081632653061,-3.55753623640593
2.03849339825246,-3.46337000826828
2.03665987780041,-3.60831415540711
2.03252032520325,-2.73297154720576
2.02839756592292,-3.35526671834362
2.0244465099768,-3.15203429320293
2.02429149797571,-2.93770980738416
2.02020202020202,-3.04252086483684
2.01612903225806,-3.34658825174408
2.01207243460765,-1.70692886924668
2.0104964162605,-2.16425314968198
2.00803212851406,-3.06549214081361
2.00400801603206,-3.59836467722387
2,-3.60179107575096
1.99664245010979,-3.58867242868014
1.99600798403194,-3.44006636528435
1.99203187250996,-3.65378090693447
1.98807157057654,-3.34896664941639
1.98412698412698,-3.59307423749267
1.98288394912707,-3.50204177086693
1.98019801980198,-3.26661023383449
1.97628458498024,-2.37579011667129
1.9723865877712,-2.98569025957833
1.96922025547917,-3.23414692514485
1.96850393700787,-3.29044139872756
1.96463654223969,-3.46427451045794
1.96078431372549,-3.34854399054903
1.95694716242661,-3.1915496642848
1.95565071586595,-2.5360338008126
1.953125,-3.35766385568707
1.94931773879142,-2.55047761202784
1.94552529182879,-3.4166450739231
1.94217468148903,-3.28604382811055
1.94174757281553,-2.75444304410531
1.93798449612403,-3.51154176519953
1.93423597678917,-3.43586761238047
1.93050193050193,-3.38677541883286
1.92879150802078,-3.17473804479432
1.92678227360308,-3.30989884310413
1.92307692307692,-2.451274718903
1.91938579654511,-2.07131924637219
1.91570881226054,-3.09067354105884
1.91550055557353,-3.5196194530997
1.91204588910134,-3.0483209116753
1.90839694656489,-1.97239063183813
1.9047619047619,-3.53015218658181
1.90230118866894,-3.58605895960111
1.90114068441065,-3.56464545669909
1.89753320683112,-3.3410611810941
1.89393939393939,-3.42332372965351
1.89035916824197,-2.69327448458652
1.88919277620767,-3.27903886735514
1.88679245283019,-2.36612503818291
1.88323917137476,-3.33834896220115
1.8796992481203,0.569481644976624
1.87617469143912,-2.77317480724654
1.87617260787992,-2.78290826816395
1.87265917602996,-3.35639567715414
1.86915887850467,-3.39953190776448
1.86567164179104,-3.57775510973876
1.86324631193156,-3.55128832688892
1.86219739292365,-3.32785836943558
1.85873605947955,-3.43890706772303
1.85528756957328,-3.15142825839534
1.85185185185185,-3.33452006820918
1.8504070195423,-3.50447863928722
1.84842883548983,-1.81291372670592
1.8450184501845,-2.22633865358908
1.84162062615101,-3.4984573197927
1.83823529411765,-2.58981411294023
1.83765620038817,-3.56330817317127
1.8348623853211,-3.42892724528526
1.83150183150183,-3.64015100364618
1.82815356489945,-1.87051450373677
1.82499324481615,-2.81256435051248
1.82481751824817,-3.27088619924687
1.82149362477231,-1.8612365230645
1.81818181818182,-2.47251105538411
1.81488203266788,-3.61691423421943
1.81241754737424,-1.58320718431578
1.81159420289855,-2.91516162286153
1.80831826401447,-3.5529203158572
1.80505415162455,-3.62014214431683
1.8018018018018,-2.59120919635758
1.79992850678248,-1.76083334664842
1.79856115107914,-2.91078551540324
1.79533213644524,-3.59496384614492
1.7921146953405,-3.58874456453121
1.78890876565295,-3.25553925960674
1.78752552590424,-2.96713120751648
1.78571428571429,-3.54736439703243
1.7825311942959,-2.57413966620693
1.77935943060498,-3.36714436198273
1.77619893428064,-3.46521970267163
1.77520801171763,-2.77370432908962
1.77304964539007,-0.175846460393966
1.76991150442478,-3.5308671189535
1.76678445229682,-2.59531977903897
1.7636684303351,-1.48822119706257
1.76297537528721,-3.58044237626522
1.76056338028169,-2.93289890759662
1.75746924428822,-3.55984006565229
1.75438596491228,-3.58332061785797
1.75131348511384,-2.26077169494026
1.75082703173572,-2.37236115831926
1.74825174825175,-2.59100647960401
1.74520069808028,-2.56148594174852
1.74216027874564,-2.40792213768376
1.73913043478261,-3.61654669515239
1.73876240021625,-3.63788646014005
1.73611111111111,-2.26516649004666
1.73310225303293,-2.10424900058443
1.73010380622837,-3.24594349335804
1.72711571675302,-3.23080675983202
1.72678090388436,-3.13242169997006
1.72413793103448,-2.76862788509554
1.72117039586919,-3.38334953174459
1.71821305841924,-2.39750803086293
1.71526586620926,-1.74781049759273
1.71488196987054,-3.20536953100467
1.71232876712329,-2.73417509215072
1.70940170940171,-0.996505406428621
1.70648464163823,-3.64208598737609
1.70357751277683,-3.64310688734418
1.70306502925284,-3.48328660561473
1.70068027210884,-3.28094205912877
1.69779286926995,-2.73951980593328
1.69491525423729,-2.89418895656972
1.69204737732657,-3.60456991070289
1.69132951702965,-3.57816503608454
1.68918918918919,-3.06792215576162
1.68634064080944,-2.44857938360768
1.68350168350168,-3.24341716757042
1.68067226890756,-0.936703120529425
1.67967487209265,-3.54998725479991
1.67785234899329,-2.38709577093978
1.6750418760469,-3.04606988822673
1.67224080267559,-3.40650462399766
1.669449081803,-2.41862454138005
1.66810053720006,-3.07841258836539
1.66666666666667,-3.506957630514
1.66389351081531,-3.56947383871174
1.66112956810631,-1.73256526224578
1.65837479270315,-3.627320862843
1.65660595894991,-3.39881667261623
1.65562913907285,-1.60075170125627
1.65289256198347,-2.62182436745494
1.65016501650165,-3.6114274379138
1.64744645799012,-2.9334848716662
1.64519058775366,-2.95419091673615
1.64473684210526,-1.30803184776608
1.64203612479475,-3.28616102597366
1.63934426229508,-2.82121335365728
1.6366612111293,-0.62973649611943
1.63398692810458,-2.67967110810177
1.63385387780986,-3.45539133642655
1.63132137030995,-3.01541429175758
1.62866449511401,-2.67201217578819
1.6260162601626,-3.31540184563986
1.62337662337662,-3.44043575857777
1.62259528707809,-3.44007776212363
1.62074554294976,-3.45645320002621
1.61812297734628,-3.64716032888385
1.61550888529887,-3.37593672382173
1.61290322580645,-2.26730848425917
1.61141427725302,-3.08454494830026
1.61030595813205,-2.09455805459767
1.60771704180064,-3.29287633987102
1.60513643659711,-1.55326830020031
1.6025641025641,-1.96342580093009
1.6003103137387,-2.37244586895415
1.6,-0.0916071841705941
1.59744408945687,-1.95951947029216
1.59489633173844,1.07484468871785
1.59235668789809,-0.261103344725266
1.58982511923688,-3.14392288121204
1.58928286562298,-1.80877346749183
1.58730158730159,-2.51460696557775
1.58478605388273,-2.7880501791687
1.58227848101266,-1.4097567601802
1.57977883096367,-3.47787792035292
1.57833140565212,-3.61465001516511
1.57728706624606,-0.476116804958091
1.5748031496063,-3.23691426094059
1.57232704402516,-3.35034695820839
1.56985871271586,-2.02688646965695
1.5674554102056,-2.45446088774677
1.56739811912226,-1.95828560523646
1.56494522691706,-1.73490084752204
1.5625,-2.21109485665205
1.5600624024961,-3.51717864337355
1.55763239875389,-3.53802190808666
1.55665435927106,-3.20143693675855
1.5552099533437,-1.57136339150623
1.5527950310559,-1.95976668662866
1.55038759689922,-1.13208396766479
1.54798761609907,-0.043622908683953
1.54592773641948,-2.97085089583352
1.54559505409583,-3.11842923131989
1.54320987654321,-2.82434627396445
1.54083204930663,-3.28590368115989
1.53846153846154,-3.47963198760889
1.53609831029186,-1.77100119327455
1.53527502878042,-0.877038373685092
1.53374233128834,-3.38972484255806
1.53139356814701,-3.59717107810978
1.52905198776758,-3.55700095672629
1.52671755725191,-2.3117763657154
1.52469572701757,-3.57848660662189
1.52439024390244,-2.53605318643325
1.5220700152207,-3.53809148121341
1.51975683890577,-2.52540516704006
1.51745068285281,-2.44306333014559
1.51515151515152,-1.52301945182198
1.51418932530435,-3.56205859909447
1.51285930408472,-3.42983184443359
1.51057401812689,-2.70366766869095
1.50829562594268,-1.60153178243537
1.50602409638554,-3.49752622024617
1.50375939849624,-3.11482021837561
1.50375532129974,-3.16093149647277
1.5015015015015,-3.29981574777131
1.49925037481259,-2.83962348194582
1.49700598802395,-3.40477638896946
1.49476831091181,-2.60777111928113
1.49339321612425,-1.30275784083419
1.49253731343284,-3.54593640466639
1.4903129657228,-3.21259083083724
1.48809523809524,-1.54385188297094
1.48588410104012,-3.3944537918697
1.48367952522255,-3.45762163283136
1.4831025143361,-3.2590613525529
1.48148148148148,-3.33514940842592
1.4792899408284,-3.32089600642758
1.47710487444609,-3.18202716385003
1.47492625368732,-3.37587260475182
1.4728827239075,-3.29425830119656
1.47275405007364,-3.63778997294532
1.47058823529412,-3.58997478757847
1.46842878120411,0.663119456522925
1.46627565982405,-2.06212093663266
1.46412884333821,-1.79193593083182
1.46273335620113,-2.03409801789017
1.46198830409357,-0.785647799477469
1.45985401459854,-3.09851232636189
1.45772594752187,-3.65225433939527
1.45560407569141,-2.33130495115723
1.45348837209302,0.1970049651239
1.45265392594678,-3.29444365660263
1.45137880986938,-0.587865161083282
1.44927536231884,-2.87367691886596
1.44717800289436,-1.81240206059617
1.44508670520231,-1.83352542123806
1.44300144300144,-2.42840198271714
1.44264395121816,-3.16640439274344
1.44092219020173,-3.37400091936213
1.43884892086331,-1.01720161495286
1.4367816091954,-3.51688332314061
1.43472022955524,-2.82200700463398
1.43270295340983,-3.16324885669639
1.43266475644699,-3.13022564218964
1.43061516452074,-1.76260403039775
1.42857142857143,2.59501719054457
1.4265335235378,0.093704128851944
1.42450142450142,-1.90696936101746
1.42283045721435,-1.1693030199561
1.42247510668563,-2.73645017348447
1.42045454545455,-0.729074453843945
1.41843971631206,-3.01413702905013
1.41643059490085,-0.747692781628255
1.41442715700141,0.00689179598514489
1.41302599059953,-0.635596075924393
1.41242937853107,-2.0085646489591
1.41043723554302,-2.99498247546385
1.40845070422535,-3.48304443193465
1.40646976090014,-3.14828869754912
1.40449438202247,-2.79705541940013
1.40328908478587,-1.19629336282967
1.40252454417952,-3.58549356806695
1.40056022408964,-3.54169510909035
1.3986013986014,-3.36936439926871
1.39664804469274,-1.57568711279914
1.39470013947001,-2.16885536192715
1.39361927422414,-0.00796134011336402
1.39275766016713,-3.23245064473313
1.39082058414465,-1.55553286933654
1.38888888888889,-2.72889186119
1.3869625520111,-2.90895823559326
1.38504155124654,-2.46690375101967
1.38401609657313,-1.38990503822647
1.38312586445367,-1.22022924345525
1.38121546961326,-2.80745068733112
1.37931034482759,-2.70423232286388
1.37741046831956,-3.63668273007284
1.37551581843191,-3.35735901918174
1.37447909267754,-2.31254134608356
1.37362637362637,-3.6403881130699
1.37174211248285,-3.1625144982659
1.36986301369863,-2.39793322502326
1.36798905608755,-3.58793757121291
1.36612021857923,-2.98674258589368
1.36500780654601,-2.20130981128106
1.36425648021828,-1.92361420784861
1.36239782016349,-3.192968483975
1.36054421768707,-2.93861556133772
1.35869565217391,-3.51955998830375
1.35685210312076,-3.49559668275831
1.35560178532937,-2.5660523257297
1.3550135501355,-1.72830320578428
1.3531799729364,-3.3939132465865
1.35135135135135,-3.22259918900188
1.34952766531714,-3.41104851588774
1.34770889487871,-1.23906435798097
1.34626057929891,-2.47360954116719
1.34589502018843,-2.84191901717368
1.34408602150538,-1.75917298952099
1.34228187919463,-3.11698193085392
1.34048257372654,-3.48733947540473
1.33868808567604,-3.34762274662993
1.33698374182495,-2.91507178776866
1.33689839572193,-3.37443257265611
1.33511348464619,-3.29427999327971
1.33333333333333,-2.24692091133611
1.33155792276964,-2.26997649277045
1.32978723404255,-3.37103701093467
1.32802124833997,-3.17661203424303
1.32777082935543,-3.4052540077118
1.3262599469496,-3.48912677317893
1.32450331125828,-1.92998841742918
1.32275132275132,-2.69591131636399
1.32100396301189,-3.28420863109325
1.31926121372032,-3.02132687042386
1.31862140139475,-3.53411718185778
1.31752305665349,-2.80804024200314
1.31578947368421,-2.67069169862018
1.31406044678055,-0.624752567642797
1.31233595800525,0.656849411581125
1.31061598951507,-1.75396602036731
1.30953502048267,-2.66860107313728
1.30890052356021,-2.75504341067251
1.30718954248366,-1.07684253179211
1.30548302872063,-1.84141335137094
1.30378096479791,-3.60642235736709
1.30208333333333,-2.10098033584587
1.30051125217341,-2.11185822709525
1.30039011703511,-2.8541808989416
1.2987012987013,-3.53256947854525
1.2970168612192,-3.66231313248927
1.29533678756477,-2.90293485193699
1.29366106080207,-2.48457764665691
1.29198966408269,-3.58085604839554
1.29154966501488,-2.64232257500155
1.29032258064516,-3.39392491628392
1.28865979381443,-3.16014835050195
1.28700128700129,-2.5159366411846
1.2853470437018,2.24793264477116
1.28369704749679,-2.37043868358692
1.28264983052806,-3.56116528625231
1.28205128205128,-2.58342678930763
1.28040973111396,-0.466006281349148
1.27877237851662,-2.1103478922062
1.27713920817369,-2.1357950229014
1.27551020408163,-2.14417734022306
1.27388535031847,-1.08354485521029
1.27381132318648,-1.70858636475956
1.27226463104326,-2.62192900622669
1.27064803049555,-3.44887211863952
1.26903553299492,-3.49018112265243
1.26742712294043,-3.16537493945573
1.26582278481013,-2.15953426160767
1.2650337203959,-3.55807837430073
1.26422250316056,-1.25701892263224
1.26262626262626,-3.20552953891346
1.26103404791929,-3.07456291686942
1.25944584382872,-1.19380358631214
1.25786163522013,-1.87702088298696
1.25631660247412,-2.39409352447164
1.25628140703518,-1.96095979289184
1.25470514429109,-0.672008001170933
1.2531328320802,-3.32777489061281
1.25156445556946,-2.87801757626748
1.25,-3.33776249083437
1.24843945068664,-2.83304889320849
1.24765955263087,-2.8928555014077
1.24688279301746,-3.4909409278329
1.2453300124533,-2.30999316993525
1.24378109452736,-2.5041156824832
1.24223602484472,-3.25151217820807
1.24069478908189,-2.77267064925446
1.23915737298637,-3.26455337099066
1.23906215694792,-3.25608152424654
1.23762376237624,-2.29579235720048
1.23609394313968,-3.15300526486312
1.23456790123457,-3.2684486854488
1.23304562268804,-1.42178197295838
1.23152709359606,-3.20287831611391
1.23052400435926,-2.67390700665443
1.230012300123,-1.8590598306488
1.22850122850123,-3.57947099751693
1.22699386503067,-3.28454891959002
1.22549019607843,-2.46944457327684
1.22399020807834,-3.34951488233603
1.22249388753056,-2.81821408927187
1.22204468663149,-3.47227280682621
1.22100122100122,-2.14533925055126
1.21951219512195,-2.40180034588299
1.21802679658952,-2.51429656178139
1.21654501216545,-1.06055618508774
1.21506682867558,0.131753363674894
1.21362379834424,-2.91120582247343
1.21359223300971,-3.50254249802527
1.21212121212121,-2.54313071645749
1.21065375302663,-0.340958329425216
1.20918984280532,-2.85064358801945
1.20772946859903,-3.17526982811732
1.20627261761158,-2.9320467912771
1.20526093687084,-3.53177793211794
1.20481927710843,-3.62115387634186
1.20336943441637,-2.86767899710589
1.20192307692308,-2.94590974134912
1.20048019207683,-3.19590290411299
1.19904076738609,-1.17327057455897
1.19760479041916,-3.60949195276681
1.19695570235904,-2.90397492174919
1.19617224880383,-3.64005578968634
1.194743130227,-2.75661810754734
1.19331742243437,-2.91372291515541
1.19189511323004,-0.334043281193185
1.19047619047619,-3.17330108713962
1.18906064209275,-2.47098905100507
1.1887076977119,-3.20779438407676
1.18764845605701,-1.47109338875004
1.18623962040332,-2.36165799625523
1.18483412322275,-3.06056707493716
1.18343195266272,-1.49808855845621
1.18203309692671,-1.11288288129291
1.18063754427391,-1.51876418796182
1.18051652856881,-3.39637350093629
1.17924528301887,-0.922942532494811
1.17785630153121,-2.93732596988094
1.17647058823529,-3.06953958648104
1.17508813160987,-3.02932849486028
1.17370892018779,-1.60666507313921
1.1723818032866,-2.09727046309028
1.17233294255569,-1.03149840548637
1.17096018735363,-2.98760240484072
1.16959064327485,-3.21872226185398
1.16822429906542,-1.99110449924531
1.16686114352392,1.83058202293247
1.16550116550117,-2.06657856161258
1.16430313292088,-3.39136609205179
1.16414435389988,-2.49282084001249
1.16279069767442,-0.81342645870627
1.16144018583043,-2.5258595254623
1.16009280742459,-3.44626973850036
1.15874855156431,-2.94261735149599
1.15740740740741,-0.577660222657594
1.15628013120738,-3.43407370522875
1.15606936416185,-2.13345726289394
1.15473441108545,-3.28592961405864
1.15340253748558,-2.11503917145218
1.15207373271889,-3.4135045979291
1.15074798619102,-2.31476594173686
1.14942528735632,-3.50139480629228
1.14831241454351,-3.24533934258884
1.14810562571757,-3.34095331845075
1.14678899082569,-2.36253102765418
1.1454753722795,-3.19480585949394
1.1441647597254,-2.41241511773047
1.14285714285714,-3.58596104120614
1.14155251141553,-2.00127748468206
1.14039960197003,-1.06379943623234
1.14025085518814,-3.11636524427355
1.13895216400911,-3.26048171954711
1.13765642775882,-2.3924264341167
1.13636363636364,-1.36620851587535
1.13507377979569,-3.24863783320712
1.13378684807256,-0.532477511270637
1.13254131515281,4.21357892364133
1.13250283125708,3.10990659129765
1.13122171945701,-3.07168906272336
1.12994350282486,-3.38702945710595
1.12866817155756,-2.54676722928336
1.12739571589628,-1.13724600884829
1.12612612612613,-2.83979079097342
1.12485939257593,-3.09092369054384
1.12473717836475,-3.21605038323845
1.12359550561798,-1.99274420898451
1.12233445566779,-3.55361510605833
1.12107623318386,-1.98463337523135
1.11982082866741,-3.60630076138217
1.11856823266219,-3.30065715355591
1.11731843575419,-1.15179516168383
1.11698681846782,-3.50656112958473
1.11607142857143,-3.55474688624185
1.11482720178372,-3.46296627947008
1.11358574610245,-2.97469542627645
1.11234705228031,-0.173232210953937
1.11111111111111,-1.33677558487785
1.10987791342952,-2.94340260334506
1.10928986489522,-2.41702678752155
1.10864745011086,-1.27503107692622
1.10741971207087,-3.63640624898404
1.10619469026549,-2.34495783035707
1.10497237569061,-3.17752028100521
1.1037527593819,-3.45488570365621
1.10253583241455,-2.65221175829809
1.10164594963366,-3.36026025831692
1.10132158590308,-2.9433337572059
1.1001100110011,0.175948097134655
1.0989010989011,-3.34101078750346
1.09769484083425,-2.63078801271417
1.09649122807018,-3.60227643565853
1.09529025191676,-2.2674363076794
1.09409190371991,-3.42975823005595
1.09405470720574,-3.43509899522275
1.09289617486339,-3.05093204398501
1.09170305676856,-3.28458649621823
1.09051254089422,-3.09495041221011
1.08932461873638,-1.33576361067103
1.08813928182807,-3.14453918156435
1.08695652173913,-1.33310821673704
1.08651577465254,-0.52440720750847
1.085776330076,-1.36339184583114
1.08459869848156,-3.56902441616533
1.08342361863489,-2.86971349061222
1.08225108225108,-2.28744017926662
1.08108108108108,-0.744958471150322
1.07991360691145,-0.836767360991341
1.07902879151618,-1.2881334402313
1.07874865156419,-2.97901532888987
1.07758620689655,-1.76341158924746
1.07642626480086,-2.34133523117152
1.0752688172043,-2.62044090288371
1.07411385606874,-3.03359427459987
1.07296137339056,-2.41607938008796
1.07181136120043,-1.09688064913537
1.07159339982267,-2.53367016159309
1.07066381156317,-2.62393408055031
1.06951871657754,-0.839148051396914
1.06837606837607,-1.03003402051543
1.06723585912487,-1.11425948619712
1.06609808102345,-1.11506194732156
1.06496272630458,-3.4002444413219
1.06420924406472,-2.21902283117383
1.06382978723404,-2.66229616315429
1.06269925611052,-0.443095218400468
1.06157112526539,-3.33675923711037
1.06044538706257,-0.743855293788708
1.0593220338983,-1.31817065257259
1.05820105820106,-2.35284570250375
1.05708245243129,-3.15827170381972
1.0568759711848,-3.47987175916249
1.05596620908131,-3.30357394924918
1.05485232067511,-3.16333027721036
1.05374077976818,-3.21245504905682
1.05263157894737,-2.79879119805703
1.0515247108307,-3.076957301994
1.05042016806723,-2.74616105192008
1.04959323055823,-3.09186958632467
1.04931794333683,-1.52802306865307
1.0482180293501,-2.717712920088
1.04712041884817,-2.87404278743621
1.04602510460251,-3.02231107369173
1.04493207941484,-3.0247601864434
1.04384133611691,-3.48185873311705
1.04275286757039,-2.7662506536992
1.0423606739764,-1.82115492974672
1.04166666666667,3.1194052852968
1.04058272632674,-0.761702111958225
1.03950103950104,0.108126816289531
1.03842159916926,1.62158672326421
1.03734439834025,-2.83932261236874
1.03626943005181,-3.64349552484448
1.0351966873706,-2.38246938615849
1.03517795563018,-1.84683608458969
1.03412616339193,-3.57547621812692
1.03305785123967,-2.39048310338826
1.03199174406605,-3.39445738764341
1.03092783505155,-3.29311701353502
1.02986611740474,-3.51353381000116
1.02880658436214,-2.55302564498062
1.02804473209331,-0.534055256965966
1.02774922918808,-3.41320979510921
1.02669404517454,-3.600524222651
1.02564102564103,-3.23219037436682
1.02459016393443,-3.18665927022202
1.02354145342886,-3.07254555254907
1.02249488752556,-3.50292078962154
1.02145045965271,-2.12905754648714
1.02096066230605,-3.60694245351338
1.02040816326531,-2.80392071356637
1.01936799184506,-3.34459236806442
1.0183299389002,-2.65589408985205
1.01729399796541,-3.47315536364804
1.01626016260163,-3.23937241652042
1.01522842639594,-3.00435148496193
1.01419878296146,-3.22513842248137
1.01392540755882,-3.18706232653811
1.01317122593718,-0.652574103978576
1.01214574898785,-3.06655074189699
1.01112234580384,-1.82832900163482
1.01010101010101,-1.44873228890729
1.00908173562059,-2.55647494941406
1.00806451612903,0.087762536629687
1.00704934541793,-1.45287023755467
1.00693863147603,-3.53279718865233
1.00603621730382,-3.10701757247001
1.00502512562814,-3.3147196161447
1.00401606425703,1.49860889430132
1.00300902708124,-0.728289026654418
1.00200400801603,-0.320949804932336
1.001001001001,2.03708100536982
1,-1.35357295674545
