"bfp_output.P","bfp_output.logBF"
1000,-2.55026627925742
993.109181374979,-2.41241131442548
986.265846131283,-2.30200312076492
979.46966706954,-2.23618368255985
972.720319245055,-2.22573085119979
966.017479952265,-2.2729729900672
959.360828709315,-2.37217847341055
952.75004724273,-2.51164991963911
946.184819472201,-2.67631494822053
939.66483149547,-2.85001497444257
933.189771573324,-3.01734519651027
926.759330114689,-3.16526216607435
920.373199661823,-3.28459435944783
914.031074875623,-3.37122980749593
907.732652521023,-3.42646741741306
901.477631452492,-3.45613504931908
895.26571259964,-3.46859691708509
889.096598952916,-3.47229263545016
882.969995549409,-3.4735533761716
876.885609458743,-3.47513610767443
870.843149769073,-3.47557047171473
864.842327573172,-3.46937548725257
858.882855954625,-3.44844004204411
852.964449974103,-3.4049378026326
847.086826655741,-3.33534427512141
841.249704973612,-3.24355279332191
835.452805838287,-3.14056296871383
829.695852083491,-3.04054447457438
823.978568452852,-2.95619053970934
818.300681586739,-2.89638802488214
812.661920009195,-2.86666886134871
807.06201411495,-2.87089519802289
801.500696156541,-2.91225113295981
795.977700231499,-2.99186319317517
790.492762269642,-3.10424751421804
785.045620020451,-3.23241541290103
779.636013040523,-3.35057353494583
774.263682681127,-3.43749556920398
768.928372075831,-3.48789016741905
763.629826128224,-3.5100702750196
758.367791499719,-3.5164373506531
753.142016597437,-3.51720331404352
747.952251562182,-3.5190715336305
742.798248256492,-3.52615584113583
737.679760252773,-3.54097847299631
732.596542821523,-3.56436967940119
727.548352919623,-3.59372230844915
722.534949178721,-3.62174958193112
717.556091893692,-3.64100187489013
712.611543011175,-3.65073753661182
707.701066118189,-3.65535384921274
702.824426430835,-3.65857309723197
697.981390783066,-3.66148310693709
693.17172761554,-3.66337242454109
688.39520696455,-3.66287813738129
683.651600451024,-3.65899577222246
678.940681269611,-3.65201816243889
674.262224177835,-3.64381930132272
669.616005485322,-3.63648196033376
665.001803043112,-3.62981636049026
660.419396233031,-3.62033184120205
655.868565957143,-3.60284887672263
651.349094627281,-3.57329082115678
646.860766154633,-3.53118151035833
642.40336593942,-3.48112755813447
637.976680860628,-3.43199774208078
633.580499265825,-3.39249820944452
629.214610961035,-3.36457017396959
624.878807200689,-3.33932149749303
620.57288067765,-3.29929325936701
616.296625513294,-3.22660635014027
612.04983724767,-3.11362290855548
607.832312829723,-2.97121606845699
603.643850607587,-2.82874231178009
599.484250318941,-2.72359435566649
595.353313081437,-2.68660215972651
591.250841383188,-2.73186345609504
587.176639073326,-2.85207254854238
583.130511352622,-3.01530246216232
579.112264764176,-3.16664458925951
575.121707184161,-3.24852551436366
571.158647812643,-3.2373960003744
567.222897164454,-3.15934818618065
563.314267060136,-3.0653135394124
559.432570616938,-2.9977767275197
555.577622239888,-2.97486931474257
551.749237612913,-2.98706559230375
547.947233690029,-3.00121139015529
544.171428686589,-2.97646470703487
540.421642070592,-2.88763056463408
536.697694554048,-2.73862290537614
532.999408084409,-2.56081257990378
529.326605836056,-2.40461034803577
525.679112201842,-2.32224231612734
522.056752784698,-2.3357688279121
518.459354389291,-2.41545859602139
514.886745013749,-2.50196167129574
511.338753841433,-2.54922374693951
507.815211232767,-2.54646774101421
504.315948717136,-2.51781972486999
500.840798984821,-2.50821408953756
500,-2.51343457275992
497.389595879006,-2.55265334835597
493.962174387832,-2.6476241723959
490.558370636505,-2.75987850456208
487.178021879463,-2.8607593672052
483.820966492595,-2.94714846900704
480.487043965513,-3.03720320985355
477.176094893875,-3.14288052352948
473.887960971765,-3.23545818423939
470.622484984128,-3.24492037810496
467.379510799247,-3.09727597191154
464.158883361278,-2.75158490753834
460.960448682844,-2.23270669425785
457.784053837662,-1.65902189385671
454.62954695324,-1.20849386875103
451.49677720361,-1.00328406388355
448.385594802119,-1.0343038043497
445.295850994266,-1.20774067380095
442.22739805059,-1.42916161575904
439.180089259609,-1.6454712211965
436.153778920801,-1.8421673065058
433.14832233764,-2.01612652068597
430.16357581068,-2.15593121678598
427.199396630678,-2.25171704296387
424.255643071778,-2.31524968796291
421.332174384729,-2.37940654817377
418.428850790158,-2.47554979750727
415.545533471888,-2.61549726701405
412.682084570296,-2.7956678574685
409.838367175726,-3.01404734497704
407.014245321944,-3.26957545073155
404.209583979631,-3.5180471104578
401.424249049932,-3.64036574758291
398.658107358044,-3.45293848031475
395.911026646846,-2.74139498869639
393.182875570577,-1.47807895670409
390.473523688556,-0.186796265187534
387.782841458946,0.395496247255797
385.110700232557,0.189014974121666
382.4569722467,-0.285445475592023
379.821530619074,-0.255556174416891
377.2042493417,1.14073569432269
374.605003274899,3.66521668672748
371.108016766958,5.54848693952336
369.46012051993,5.33412713538052
366.914237840249,4.11003662120534
364.385898376355,2.81349351781698
361.874981241128,2.97292036296874
359.381366380463,4.42190731160246
356.904934567523,5.11855108051613
354.445567397043,3.87186676543788
352.003147279668,0.82662187148721
349.577557436327,-2.2799069495163
347.168681892656,-3.5694566377865
344.776405473446,-3.24241859005154
342.400613797142,-2.42781337005682
340.041193270371,-1.69820449946804
337.698031082509,-1.0500686288869
335.371015200293,-0.363449744779028
333.333333333333,0.191237415265864
333.060034362459,0.250777686582912
330.764978074424,0.475528062434553
328.485736603004,0.00870763816276554
326.222200971167,-1.049424048831
323.97426295282,-1.95247745550285
321.741815067637,-2.09132857277332
319.524750575921,-1.51334116680193
317.322963473498,-0.56095553095373
315.136348486648,0.177248345528672
312.964801067075,0.0564010916561886
310.808217386907,-0.854878812988669
308.666494333727,-1.95508769301552
306.539529505653,-2.80220814125353
304.42722120643,-3.16954600921648
302.329468440578,-2.98347095026134
300.246170908555,-2.34715252772643
298.177229001967,-1.60964749304857
296.122543798804,-1.26042148755651
294.082017058706,-1.46176999370514
292.055551218275,-1.98974817296984
290.043049386399,-2.60668744486817
288.04441533963,-3.16712438830008
286.059553517574,-3.52780934186505
284.08836901833,-3.52355710739051
282.130767593947,-3.19119987300204
280.18665564592,-2.87429235869466
278.255940220713,-2.80138135070454
276.338529005317,-2.91840572881467
274.434330322837,-3.09489981399964
272.543253128103,-3.28355315314597
270.665207003324,-3.47001248816165
268.800102153761,-3.60001324375265
266.947849403432,-3.65235939554084
265.108360190854,-3.66353332128873
263.281546564802,-3.65523951333061
261.467321180109,-3.62016663575697
259.665597293487,-3.52212075708909
257.87628875938,-3.31532895911799
256.099310025846,-3.04562362613744
254.334576130465,-2.84974917665185
252.582002696278,-2.87965269506266
250.841505927754,-2.92097846846989
250,-2.85879873221635
249.113002606779,-2.74714119424977
247.396410088681,-2.6159386263907
245.691646298279,-2.89555990132554
243.998629725955,-3.09084113356185
242.31727942376,-2.86535996445066
240.647515001542,-2.55926871009386
238.989256623105,-2.60992571217939
237.342425002387,-2.75599699165378
235.706941399673,-2.81856635580906
234.082727617829,-2.80423490114863
232.469705998565,-2.72730101090799
230.867799418717,-2.76183044239535
229.276931286565,-3.14952901198087
227.697025538168,-3.55203999900469
226.128006633728,-3.45214494298319
224.569799553977,-2.83639327964796
223.022329796594,-1.90038958874158
221.485523372636,-0.518691002303068
219.959306803008,0.92715790128408
218.443607114943,0.998838489556893
216.938351838519,-0.694643529009748
215.443469003188,-2.46341678637041
213.958887134342,-3.09237164525812
212.484535249888,-2.5116624183576
211.02034285686,-1.54422154430024
209.566239948043,-1.28900057432129
208.122156998634,-1.43563025422496
206.688024962908,-1.37882256355406
205.263775270925,-1.12012718284187
203.849339825246,-0.69190720602209
202.44465099768,-0.435094891701037
201.04964162605,-0.814411769009022
200,-1.64730423886477
199.664245010979,-2.00142377593861
198.288394912707,-3.36762454223172
196.922025547917,-3.35966733807417
195.565071586595,-2.24096101059957
194.217468148903,-0.91309779823997
192.879150802078,-0.620138132552351
191.550055557353,-2.115268465302
190.230118866895,-2.77928178262227
188.919277620767,-2.14764272695451
187.617469143912,-2.47026770160188
186.324631193156,-2.68563630589945
185.04070195423,-2.76905627000685
183.765620038817,-1.68653866829647
182.499324481615,2.25112947389197
181.241754737424,3.6137636557633
179.992850678248,0.841959695585548
178.752552590424,-2.34450268201557
177.520801171764,-3.50664650043764
176.297537528721,-1.51948514191441
175.082703173572,0.929681706735313
173.876240021625,1.94995094360336
172.678090388436,0.111002299291205
171.488196987054,-2.46402475466906
170.306502925284,-3.33256712127096
169.132951702965,-2.83087679006199
167.967487209265,-1.71876239322641
166.810053720006,-1.11492903235715
166.666666666667,-1.07830768797426
165.660595894991,-0.799382508467015
164.519058775366,-0.586977030918187
163.385387780986,-1.02762904855644
162.259528707809,-2.16692133481178
161.141427725302,-3.14601672190333
160.03103137387,-3.02106248655944
158.928286562298,-2.22806286478216
157.833140565212,-2.02224647745175
156.745541020559,-2.15514886319
155.665435927106,-2.75419065536466
154.592773641948,-3.41230270064376
153.527502878042,-3.62202384538706
152.469572701757,-3.64470792544527
151.418932530435,-3.64261939106107
150.375532129974,-3.65067447649245
149.339321612425,-3.6437201287306
148.310251433611,-3.62197107700653
147.28827239075,-3.6123937276515
146.273335620113,-3.61525237938492
145.265392594678,-3.31620034182704
144.264395121816,-2.36935889604349
143.270295340983,-1.76847980042582
142.857142857143,-1.78264925676619
142.283045721435,-1.97779311742341
141.302599059953,-2.77693619035743
140.328908478587,-3.6565163219701
139.361927422414,-1.84283087398633
138.401609657313,1.24339392888884
137.447909267754,4.89089497159664
136.500780654601,2.58724595379237
135.560178532937,-2.74657858212195
134.626057929891,-2.33700235865372
133.698374182495,2.25616008075089
132.777082935543,4.92828963023816
131.862140139475,-0.359693228375856
130.953502048267,-1.3670031294839
130.051125217341,-2.42047575633456
129.154966501488,-2.95040496858855
128.264983052806,-3.20957046288721
127.381132318648,-2.37886337194514
126.50337203959,-1.67182390824574
125.631660247412,-2.01829058637001
125,-0.931058715541734
124.765955263087,-0.305652943943055
123.906215694792,-0.790197984156445
123.052400435926,-2.77230359632683
122.204468663149,-3.31303669817818
121.362379834424,0.229662242383587
120.526093687084,1.54940930294469
119.695570235904,-0.877867955423834
118.87076977119,-2.3774611614658
118.051652856881,-2.04579372747021
117.23818032866,-2.48568401331424
116.430313292088,-3.22932803282715
115.628013120738,-3.0963470157947
114.831241454351,-1.60844502660059
114.039960197003,-0.277422028572356
113.254131515281,-1.8473323262642
112.473717836475,-3.08330442419274
111.698681846782,-2.10379989283329
111.111111111111,-1.48526133759658
110.928986489522,-1.41432886872887
110.164594963366,-2.29092118388591
109.405470720574,-3.08527995430908
108.651577465254,-3.43123675656956
107.902879151618,-3.63656541008008
107.159339982267,-3.3254285468967
106.420924406472,-2.24902525390699
105.68759711848,0.270100148781741
104.959323055823,-0.502489609261185
104.23606739764,-3.32837473550897
103.517795563018,-1.13735655705296
102.804473209331,3.72719620570867
102.096066230605,1.11970672014572
101.392540755882,-3.21158997066631
100.693863147603,-2.4945949400823
100,-0.654759632227164
100,-0.654759632227107
99.310918137498,-1.19296232003326
98.6265846131283,-1.91957060611549
97.946966706954,-1.1257775676688
97.2720319245054,-1.56140822396993
96.6017479952265,-2.80972327328619
95.9360828709315,-3.57320682018344
95.2750047242729,-2.38878257138613
94.61848194722,-1.57918291232483
93.966483149547,-1.667661111973
93.3189771573324,-1.99496806731669
92.6759330114688,-3.38115664822605
92.0373199661823,-3.4434264705256
91.4031074875623,-2.57352209342788
90.9090909090909,-0.864559628081717
90.7732652521023,-0.172497158681618
90.1477631452492,0.0859942267899969
89.526571259964,-3.61228159834324
88.9096598952916,0.109190524702105
88.2969995549409,0.116501052718282
87.6885609458743,-3.53075257101231
87.0843149769073,0.323855182558522
86.4842327573172,-0.264055626102542
85.8882855954625,-3.53333390585133
85.2964449974102,-1.84187199842087
84.7086826655741,-3.27992431602872
84.1249704973612,-3.63768407801707
83.5452805838287,-3.3750347874474
83.3333333333333,-3.23390641862955
82.9695852083491,-3.31626467801875
82.3978568452852,-2.52587014840757
81.8300681586739,-1.07644921748256
81.2661920009194,-3.21692640385514
80.706201411495,-1.4590604297913
80.150069615654,2.56528909750846
79.5977700231498,-2.11284296561352
79.0492762269642,-3.30482604331273
78.5045620020451,-0.997791588560157
77.9636013040523,-0.597238318445288
77.4263682681127,-2.36742873593813
76.9230769230769,-3.29492213586287
76.8928372075831,-3.17917802846001
76.3629826128224,-2.49381443199446
75.8367791499719,-3.56679012138688
75.3142016597437,-2.60050765855437
74.7952251562182,-2.01395436890258
74.2798248256491,-1.46072647419039
73.7679760252773,-3.17573722719332
73.2596542821523,-2.04797011117439
72.7548352919623,-3.46328613617988
72.2534949178722,-3.1198591097587
71.7556091893693,-2.12725217138323
71.4285714285714,1.67498165942864
71.2611543011175,0.386106679191291
70.7701066118189,-3.56334422508892
70.2824426430835,4.19412443400099
69.7981390783066,-1.5270565104377
69.3171727615541,-3.46939373932561
68.839520696455,-2.88886682230931
68.3651600451024,-2.00325868054609
67.8940681269611,-2.27103319395494
67.4262224177834,-3.61351616145727
66.9616005485322,-2.92061886860729
66.6666666666667,-2.70139612485071
66.5001803043112,-2.3926695793843
66.0419396233031,-0.615792328259412
65.5868565957143,-3.40639106405954
65.134909462728,-3.37587774610322
64.6860766154633,-2.89863491218163
64.2403365939419,-1.64005513828841
63.7976680860628,-3.46004649359936
63.3580499265825,-1.21067420380664
62.9214610961034,-2.93188990369922
62.5,0.216477080263606
62.4878807200689,0.323178807676716
62.057288067765,-2.63428640338854
61.6296625513294,-3.20172416105243
61.204983724767,-3.57120236242919
60.7832312829723,-3.09064442952286
60.3643850607587,-2.23034233730631
59.9484250318941,-3.41093782404219
59.5353313081437,-2.78181929943401
59.1250841383188,-1.42819594943925
58.8235294117647,-1.81550860957419
58.7176639073326,-2.06648595256872
58.3130511352622,-3.35401900001677
57.9112264764176,-1.58240747412621
57.5121707184161,-2.46964168795473
57.1158647812643,-3.51459044407535
56.7222897164454,-3.36535009927116
56.3314267060136,-3.21318241113714
55.9432570616938,-2.95684611575727
55.5577622239888,-3.53814962511522
55.5555555555556,-3.54100856107795
55.1749237612912,-3.08001964827882
54.7947233690029,-3.41985642108907
54.4171428686589,-2.97219756604162
54.0421642070592,-3.19338736769707
53.6697694554048,-3.04155465695144
53.2999408084409,-0.0401042122337101
52.9326605836056,-2.83574269199978
52.6315789473684,-2.98703457565734
52.5679112201842,-2.48539354118641
52.2056752784698,-2.61973828652013
51.8459354389291,-3.13140484323777
51.488674501375,-3.22946654659826
51.1338753841433,-0.0671486049177288
50.7815211232767,-1.82412539805419
50.4315948717136,-1.32129281596574
50.0840798984821,-3.09052878175971
50,-2.72216661861419
49.7389595879007,-3.36687685584881
49.3962174387832,-2.46182655342873
49.0558370636505,-2.56584204587635
48.7178021879463,-2.15338858823953
48.3820966492596,-3.55860316224236
48.0487043965513,-3.36477957097996
47.7176094893875,-2.8488191855521
47.6190476190476,-2.35587889413808
47.3887960971765,-1.91584418826882
47.0622484984128,-3.65158515507435
46.7379510799246,4.80632076229411
46.4158883361278,-2.97261271751709
46.0960448682843,-2.52417232252294
45.7784053837662,-3.27921214879141
45.462954695324,-3.42535845060002
45.4545454545455,-3.44800620274953
45.149677720361,-0.727859322002852
44.8385594802119,-1.32801526645805
44.5295850994266,-3.31799568360422
44.222739805059,-1.16376587170704
43.9180089259609,-1.49770136874643
43.6153778920801,-3.48306729377806
43.4782608695652,-3.49869948909029
43.314832233764,-3.06178968798293
43.016357581068,-2.35228042102015
42.7199396630678,-3.40187736588485
42.4255643071778,-3.36782167598487
42.1332174384729,-3.10687303256899
41.8428850790158,0.583510895289966
41.6666666666667,-3.48673043266337
41.5545533471888,-0.727716580373492
41.2682084570295,-3.20291357551117
40.9838367175726,-0.237019070105968
40.7014245321944,-3.63670331465316
40.4209583979631,-3.5956358720161
40.1424249049932,-0.691127096071095
40,-3.54998463722491
39.8658107358044,-1.91863931384675
39.5911026646846,-3.6106504868252
39.3182875570577,-3.38047933247666
39.0473523688556,-1.51363035607461
38.7782841458946,-1.13176515078801
38.5110700232557,-2.82443342761747
38.4615384615385,-3.05876798514994
38.24569722467,-3.61088487983487
37.9821530619073,-0.655545826777266
37.72042493417,-3.58391241893154
37.4605003274899,0.910803516602575
37.2023668141307,-0.946802429895807
37.037037037037,-3.11887334116109
36.946012051993,-3.65434917361018
36.6914237840249,-3.61006868034583
36.4385898376355,-3.21739893783289
36.1874981241128,-1.98062636743169
35.9381366380463,-2.20186680120015
35.7142857142857,-2.75145097745173
35.6904934567523,-2.54149507614396
35.4445567397043,-2.962516063026
35.2003147279668,-2.04851284596576
34.9577557436328,-3.01257586953936
34.7168681892656,-3.63935299350212
34.4827586206897,-3.19111508884886
34.4776405473446,-3.1831015064357
34.2400613797142,-3.5953044007921
34.0041193270371,-1.54411978895628
33.7698031082509,-2.97393921708315
33.5371015200293,-1.06545159280044
33.3333333333333,-3.38890897444063
33.3060034362459,-2.84891874812258
33.0764978074424,-2.12019156270896
32.8485736603004,-3.57413563100497
32.6222200971167,-3.1070821752
32.397426295282,-1.878475507292
32.258064516129,-2.44798407969479
32.1741815067637,0.107552813536036
31.9524750575921,0.10927328689245
31.7322963473498,-2.72159316999567
31.5136348486648,-3.36528115837906
31.2964801067075,-3.44869961545352
31.25,-2.5868762194584
31.0808217386906,-2.45892869448438
30.8666494333727,-3.14850296278932
30.6539529505653,-2.18690763840565
30.442722120643,0.699632385335907
30.3030303030303,-2.35427478964224
30.2329468440578,-0.330714895254213
30.0246170908555,-3.54979997538545
29.8177229001967,-2.3537873969915
29.6122543798804,-3.21412807698301
29.4117647058824,-2.25863825235048
29.4082017058706,-2.19071900674156
29.2055551218275,-0.544002027191634
29.0043049386399,-3.30954883226344
28.804441533963,-3.16222252155624
28.6059553517574,-3.33628179052006
28.5714285714286,-3.33227648952545
28.408836901833,-3.63609790563795
28.2130767593947,-3.2296781287181
28.018665564592,-3.38838809844985
27.8255940220712,-2.86468928181288
27.7777777777778,-3.05207729185734
27.6338529005317,-2.28235515130468
27.4434330322836,-3.3922934178196
27.2543253128103,-1.96547446960191
27.0665207003324,-1.86997247298033
27.027027027027,0.942110694121301
26.8800102153761,-2.6006273005229
26.6947849403432,-3.10018860144232
26.5108360190854,-2.68525860072826
26.3281546564802,-3.36745151530878
26.3157894736842,-3.18676264306647
26.1467321180109,-2.9035259107252
25.9665597293487,-2.09062521912655
25.787628875938,2.00966827249416
25.6410256410256,-1.2479011636128
25.6099310025846,0.641344956650149
25.4334576130465,-1.99187843044249
25.2582002696278,1.09915992364673
25.0841505927754,-0.767865096968346
25,0.989196423659242
24.9113002606779,-2.91546978920403
24.7396410088681,-3.53963808986169
24.5691646298279,-3.05516255321789
24.3998629725955,-3.17936404149038
24.390243902439,-3.51414671688668
24.231727942376,-2.41249547934852
24.0647515001542,0.26731885569068
23.8989256623105,-2.47977622933073
23.8095238095238,-3.45342564824311
23.7342425002387,-0.398519928707723
23.5706941399673,-2.73874828007895
23.4082727617829,-1.74318872643318
23.2558139534884,-2.50203525238448
23.2469705998565,-2.73853072351782
23.0867799418717,-2.36584047428549
22.9276931286565,-0.268042418620818
22.7697025538168,-0.928381750639555
22.7272727272727,-1.03794423256404
22.6128006633728,-2.66919957882451
22.4569799553977,-1.81098164107932
22.3022329796594,-2.1873460497935
22.2222222222222,-2.26745859418717
22.1485523372636,-0.11470194747444
21.9959306803007,-2.83777154959939
21.8443607114943,-3.12604797542103
21.7391304347826,-2.93838510294254
21.6938351838518,-3.22750694063002
21.5443469003188,-2.77372853583695
21.3958887134342,-0.777877701965688
21.2765957446809,-1.86329226392491
21.2484535249888,-3.47790564879191
21.102034285686,-2.75213818444375
20.9566239948043,-3.07058730142874
20.8333333333333,-2.8770322401874
20.8122156998634,-1.51274450431618
20.6688024962908,-3.33422845171024
20.5263775270925,-2.55518548441291
20.4081632653061,-3.05771509436978
20.3849339825246,-3.13342647537994
20.244465099768,-1.08962354160424
20.104964162605,-0.716794723969467
20,-3.42607562566466
19.9664245010979,-2.45961464522561
19.8288394912707,-3.33670531153758
19.6922025547917,-1.45005645176711
19.6078431372549,-3.43312967963127
19.5565071586595,-1.14575578661514
19.4217468148903,-0.756089602132799
19.2879150802078,-3.18464263492875
19.2307692307692,-2.50013319763873
19.1550055557353,-2.11019703464502
19.0230118866894,-2.0908428132417
18.8919277620767,-0.785363664983161
18.8679245283019,-2.45326772450924
18.7617469143912,-3.27509777034823
18.6324631193156,-3.0448368311077
18.5185185185185,-3.0411837021782
18.504070195423,-3.2005836449393
18.3765620038817,-2.96897600379263
18.2499324481615,-3.29944601219874
18.1818181818182,-3.05385751747952
18.1241754737424,-1.63272082999226
17.9992850678248,-3.48311067287154
17.8752552590424,-3.21856010743438
17.8571428571429,-1.51523562533084
17.7520801171764,-3.23384378980013
17.6297537528721,-2.79032555656276
17.5438596491228,-2.39551311695039
17.5082703173572,-3.34124829812778
17.3876240021625,-3.03207115245881
17.2678090388436,-3.40433476663021
17.2413793103448,-1.4246375307395
17.1488196987054,-3.32431322656761
17.0306502925284,-1.30535593049351
16.9491525423729,-1.95215876071135
16.9132951702965,-3.2524260664211
16.7967487209265,-3.46477338548039
16.6810053720006,-2.46219141898772
16.6666666666667,-3.03199831859841
16.5660595894991,-1.88564468068257
16.4519058775366,-2.75910152060497
16.3934426229508,-3.55557246042469
16.3385387780986,-3.4187058145472
16.2259528707809,-3.52879671865174
16.1290322580645,-3.42025826622982
16.1141427725302,-1.81058675268651
16.003103137387,-3.40698790794367
15.8928286562298,-2.68074190986904
15.8730158730159,-2.10000744985633
15.7833140565212,-2.88948135751182
15.674554102056,-3.11839766710325
15.625,-1.34049619589201
15.5665435927106,-2.12458364255023
15.4592773641948,-3.20492574841874
15.3846153846154,-2.54337702290168
15.3527502878042,-1.88012146992501
15.2469572701757,-2.88642935494856
15.1515151515152,0.763388496177062
15.1418932530435,-2.12263926934319
15.0375532129974,-1.40910434493348
14.9339321612425,0.0468761526339465
14.9253731343284,-0.843294936878162
14.831025143361,-2.62341081484028
14.728827239075,-2.90707300039271
14.7058823529412,-3.37634240105852
14.6273335620113,-2.72299625743242
14.5265392594678,-2.57746379831424
14.4927536231884,-3.6525809140772
14.4264395121816,-2.78710924109056
14.3270295340983,-2.31688084753115
14.2857142857143,-0.343308336917384
14.2283045721435,-2.43711680986346
14.1302599059953,-2.86489270768912
14.0845070422535,-0.470477490330391
14.0328908478587,0.881761747836483
13.9361927422414,-3.41493870033271
13.8888888888889,-1.91834911118989
13.8401609657313,-2.32767834344782
13.7447909267754,-0.932739750088028
13.6986301369863,-1.40110469724702
13.6500780654601,-3.55326405703563
13.5560178532937,-1.32241403991987
13.5135135135135,-2.97856188162641
13.4626057929891,-2.99077904713722
13.3698374182495,-3.07213377972767
13.3333333333333,-1.14047560655437
13.2777082935543,-3.36127334146367
13.1862140139475,-3.50670824006367
13.1578947368421,-2.66344407434918
13.0953502048267,-1.49705737055062
13.0051125217341,-3.35199460796126
12.987012987013,-3.60922854418338
12.9154966501488,-2.7622096604358
12.8264983052806,-1.72013864560084
12.8205128205128,-2.28666236074433
12.7381132318648,-3.01318093865414
12.6582278481013,-3.48753160285137
12.650337203959,-2.43153993726947
12.5631660247412,-3.13417499714883
12.5,-2.93075677927412
12.4765955263087,-2.91735923450961
12.3906215694792,-2.94337675603212
12.3456790123457,-3.38869441529622
12.3052400435926,-3.32667908821942
12.2204468663149,-1.42443637184443
12.1951219512195,-2.80451808395311
12.1362379834424,-1.90056913413293
12.0526093687084,-3.17058418002209
12.0481927710843,-3.34950959277379
11.9695570235904,0.818552006245416
11.9047619047619,-2.67444926746388
11.887076977119,-1.91331610469735
11.8051652856881,-2.75891360099662
11.7647058823529,-2.37940351232542
11.723818032866,0.151941116310714
11.6430313292088,-0.598633659384897
11.6279069767442,-3.5540507122845
11.5628013120738,-2.83925547664166
11.4942528735632,-1.25572625927348
11.4831241454351,-1.54810051559268
11.4039960197003,-3.54473731723599
11.3636363636364,-2.80139248801613
11.3254131515281,-3.39935328110236
11.2473717836475,-2.60428876845226
11.2359550561798,-3.06151448818236
11.1698681846782,-2.09848966372676
11.1111111111111,-2.54989623846417
11.0928986489522,-3.40502487678325
11.0164594963366,-2.92283999486095
10.989010989011,-3.43008806436368
10.9405470720574,-2.67064738685563
10.8695652173913,-2.93587630028467
10.8651577465254,-2.86908954497052
10.7902879151618,-2.4220429951403
10.752688172043,-1.78037835519832
10.7159339982267,-0.676870821219079
10.6420924406472,-0.970412399988741
10.6382978723404,-0.459498649880184
10.568759711848,-3.5739127983228
10.5263157894737,-3.51631962764174
10.4959323055823,-2.11222003757377
10.423606739764,-1.64811991339563
10.4166666666667,0.541640089600368
10.3517795563018,-3.09813560849674
10.3092783505155,-2.55298216354303
10.2804473209331,-2.60841562635137
10.2096066230605,-2.04408781430062
10.2040816326531,-1.79202625009263
10.1392540755882,-2.51119231338877
10.1010101010101,-2.87450816782312
10.0693863147603,-2.34505420892314
10,-1.8560575029344
10,-1.85605749256275
9.9310918137498,-2.70142154121755
9.9009900990099,-1.10087656491923
9.86265846131282,-2.98764717080696
9.80392156862745,-2.01714921479224
9.79469667069539,3.47461675935235
9.72720319245054,-3.18799549472858
9.70873786407767,-2.73647612286787
9.66017479952265,1.03034890588375
9.61538461538461,-2.9911337973274
9.59360828709314,-3.16102045545837
9.52750047242729,-3.31038595187875
9.52380952380952,-2.57233162231308
9.461848194722,-2.65904470093819
9.43396226415094,-3.54809331291708
9.39664831495469,-2.55300110880675
9.34579439252336,-3.63473984153678
9.33189771573324,-2.94160780226
9.26759330114688,-3.13640413119607
9.25925925925926,-2.9859353627226
9.20373199661822,-3.35562546928058
9.1743119266055,-2.29113664189303
9.14031074875623,-3.64770867405293
9.09090909090909,-1.7786058941274
9.07732652521023,-3.16130875565805
9.01477631452492,-3.21474080909108
9.00900900900901,-2.35586809549066
8.9526571259964,-2.78931056914
8.92857142857143,-3.44838510818293
8.89096598952916,-3.29257032419447
8.84955752212389,0.719259492849507
8.82969995549409,-3.2908644680897
8.7719298245614,-3.18278061282161
8.76885609458743,-3.44685333991047
8.70843149769072,-2.88444056580395
8.69565217391304,-3.50819770592546
8.64842327573172,-0.692395753002908
8.62068965517241,-2.17490584837843
8.58882855954625,-1.64627552177064
8.54700854700855,-3.02279538425533
8.52964449974102,-0.960823439905975
8.47457627118644,-2.33630496846875
8.47086826655741,-3.31438488261265
8.41249704973612,-3.29610643101203
8.40336134453781,-2.74944222185156
8.35452805838287,-2.05268631572919
8.33333333333333,-1.07376089223917
8.29695852083491,-2.88907149016553
8.26446280991736,-2.29358434471559
8.23978568452852,-3.65780502745134
8.19672131147541,-2.62049563697424
8.18300681586739,-3.55697350448024
8.13008130081301,-2.54850788991517
8.12661920009195,-1.58350418227065
8.0706201411495,-1.36929213575915
8.06451612903226,-2.53549152094159
8.01500696156541,-3.33707684170131
8,-2.5900930361867
7.95977700231498,-3.22282616380373
7.93650793650794,-2.0981388729992
7.90492762269642,-2.83009621559678
7.8740157480315,-1.91113483577693
7.85045620020451,-2.52595863180694
7.8125,-3.60864332483022
7.79636013040523,-2.83959075405603
7.75193798449612,-2.7030913348763
7.74263682681127,-2.97209462927487
7.69230769230769,-3.00610583827936
7.68928372075831,-3.3813176399082
7.63629826128224,-1.53511724926433
7.63358778625954,-1.68719661027431
7.58367791499719,-1.60482574979103
7.57575757575758,-3.4360241551969
7.53142016597437,-3.46164449259127
7.5187969924812,-2.46312735828247
7.47952251562182,-2.34497081177512
7.46268656716418,-2.87765496466788
7.42798248256492,-2.24284090282655
7.40740740740741,-2.33020742225143
7.37679760252773,-3.04272812353399
7.35294117647059,-1.26834832348755
7.32596542821523,-3.54187289941934
7.2992700729927,-3.50519550048527
7.27548352919623,-1.51636486368168
7.2463768115942,-3.48879564530911
7.22534949178722,-2.16054844225188
7.19424460431655,-3.1810453082294
7.17556091893693,-2.86196682359941
7.14285714285714,-2.52153418836213
7.12611543011175,-2.3762876703284
7.09219858156028,-2.85634959150805
7.07701066118189,-2.38202954714607
7.04225352112676,-2.49623972465265
7.02824426430835,-2.90505410971259
6.99300699300699,-0.644626975213593
6.97981390783066,-3.5226988048892
6.94444444444444,-0.432194355272439
6.93171727615541,-1.79887090662832
6.89655172413793,-3.3929139050352
6.8839520696455,-2.67420661248546
6.84931506849315,-3.2261154429578
6.83651600451024,-1.70384335261628
6.80272108843537,-1.51531363588885
6.78940681269611,-2.08990045664627
6.75675675675676,-2.12461891350413
6.74262224177834,-3.46510535451666
6.71140939597315,-2.55400389889887
6.69616005485322,-3.10284191903672
6.66666666666667,-2.73055610472225
6.65001803043112,-2.36237740823482
6.62251655629139,-3.44370124924886
6.6041939623303,-3.2647943334225
6.57894736842105,-2.36358507617451
6.55868565957143,-0.21531570240712
6.5359477124183,-3.2430549172423
6.5134909462728,-2.95247048426138
6.49350649350649,-1.98169477292547
6.46860766154633,-2.61611104400954
6.45161290322581,-3.21086622255016
6.42403365939419,-3.6619493959153
6.41025641025641,-3.58746538815408
6.37976680860628,-2.84079959122998
6.36942675159236,-0.038242767006305
6.33580499265825,-2.31922533347726
6.32911392405063,-2.22177372081701
6.29214610961034,-3.03413799996853
6.28930817610063,-2.21473843465027
6.25,-3.64517559682205
6.24878807200689,-3.64042922622029
6.2111801242236,-0.0462317201088451
6.2057288067765,-1.23769103506417
6.17283950617284,-1.04319105253831
6.16296625513294,-2.94004766526192
6.13496932515337,-3.49832178978688
6.1204983724767,-3.04249866735766
6.09756097560976,-3.19981589757974
6.07832312829723,-0.229654151270817
6.06060606060606,-3.50463973250641
6.03643850607587,-3.05975853525934
6.02409638554217,-0.917827708642061
5.99484250318941,-2.90140593899046
5.98802395209581,-3.15088905609486
5.95353313081437,-3.07235724301925
5.95238095238095,-2.74332216506304
5.91715976331361,-1.70276217901989
5.91250841383188,-2.65123368692071
5.88235294117647,-2.83472959294611
5.87176639073326,-2.46055934313047
5.84795321637427,-2.5745998206054
5.83130511352622,-2.21378539833527
5.81395348837209,-3.61809332213458
5.79112264764176,-1.61003610664433
5.78034682080925,-3.17823576452799
5.75121707184161,-2.40983496730037
5.74712643678161,0.800293583817582
5.71428571428571,-3.21783268344138
5.71158647812643,-2.58190925078191
5.68181818181818,-3.40993704756407
5.67222897164454,-1.69353577837692
5.64971751412429,-2.86323904019722
5.63314267060136,-3.1132108246115
5.61797752808989,-3.51200479186111
5.59432570616938,-3.44654941471576
5.58659217877095,-3.22259137119566
5.55577622239888,-2.18509928049995
5.55555555555556,-2.12277286838467
5.52486187845304,-3.16110207711209
5.51749237612913,-3.5401859086135
5.49450549450549,-3.57502560343122
5.47947233690029,-3.36734166992711
5.46448087431694,-1.67417780112863
5.44171428686589,-3.03355867472693
5.43478260869565,-3.15782540294863
5.40540540540541,-3.6496764118885
5.40421642070592,-3.62796059886649
5.37634408602151,-2.89682394077557
5.36697694554048,0.142586814677363
5.3475935828877,-3.50975532109042
5.32999408084409,-3.55699473670991
5.31914893617021,-3.07504404947222
5.29326605836056,-3.52343228132416
5.29100529100529,-2.42051342212256
5.26315789473684,-3.6096152432773
5.25679112201842,-3.51608356230262
5.23560209424084,-3.39218683223653
5.22056752784698,-3.32375575960817
5.20833333333333,-2.40274308569637
5.18459354389291,-3.62476146725266
5.18134715025907,-3.53246703613588
5.15463917525773,-2.93006504651823
5.14886745013749,-3.13170169961925
5.12820512820513,-2.83624232735441
5.11338753841433,-3.52558108785105
5.10204081632653,-2.53075437422013
5.07815211232767,-2.59155213562623
5.0761421319797,-0.27736762216163
5.05050505050505,-3.41215510233531
5.04315948717136,-3.33720184341486
5.0251256281407,-2.76778531047453
5.00840798984821,-2.31693870693744
5,-3.23626861986476
4.97512437810945,-3.17906566332551
4.97389595879006,-1.31090958955705
4.95049504950495,-3.26449325901096
4.93962174387832,-2.77585496809193
4.92610837438424,-1.67738954953016
4.90558370636505,-2.19953814694174
4.90196078431372,-1.83055974073057
4.8780487804878,-3.27168231201282
4.87178021879463,-3.19400151796402
4.85436893203883,0.413287866071518
4.83820966492596,1.13590960480237
4.83091787439613,-3.19931109899179
4.80769230769231,-3.47940580259476
4.80487043965513,-2.8834953521658
4.78468899521531,-2.27894319428271
4.77176094893875,-2.21840171266787
4.76190476190476,-3.50835372212908
4.739336492891,-3.5166480377665
4.73887960971765,-3.60765802191924
4.71698113207547,-2.87983771599577
4.70622484984128,-3.25331566298244
4.69483568075117,-2.65416970393967
4.67379510799246,-1.99456109751317
4.67289719626168,-1.88845907680239
4.65116279069767,-0.990023991672284
4.64158883361278,-3.53927688188368
4.62962962962963,-3.31971652002126
4.60960448682843,-3.64247922513665
4.60829493087558,-2.64721800727547
4.58715596330275,0.146590722220499
4.57784053837662,-2.85791392608119
4.5662100456621,-3.08256775743247
4.5462954695324,-3.48657745616226
4.54545454545455,-3.09129332531175
4.52488687782805,-3.22841087696413
4.5149677720361,-3.01201597488066
4.5045045045045,0.918846855409744
4.48430493273543,-2.06971759988421
4.48385594802119,-2.53677460866087
4.46428571428571,-2.31129437521714
4.45295850994265,-2.77333075218997
4.44444444444444,-1.75470760194186
4.42477876106195,-3.28395402130753
4.4222739805059,-3.54414163966883
4.40528634361233,-3.1136963559481
4.39180089259609,-3.58791684999782
4.3859649122807,-3.34346463053056
4.36681222707424,-3.29841987551209
4.361537789208,-3.27223429228872
4.34782608695652,-3.39706242023872
4.3314832233764,0.461544220138582
4.32900432900433,-2.73422142096201
4.31034482758621,-2.5866325142942
4.30163575810679,-2.27317198666382
4.29184549356223,-3.05484435123158
4.27350427350427,-2.56228737323901
4.27199396630678,-3.15516382110932
4.25531914893617,-1.15592849665701
4.24255643071778,-0.980789628448217
4.23728813559322,-3.24851445486929
4.21940928270042,-3.61163276533876
4.21332174384729,-3.40252096829364
4.20168067226891,-1.05413435539581
4.18428850790158,-1.39184897539554
4.18410041841004,-1.08177500669303
4.16666666666667,-3.29481580697445
4.15545533471888,-2.89945910946157
4.149377593361,-2.98655526435329
4.13223140495868,-3.19744785964753
4.12682084570295,-1.92043158594189
4.11522633744856,-2.69762122470523
4.09838367175726,-3.55772676645936
4.0983606557377,-3.55895352823593
4.08163265306122,-2.56395811036175
4.07014245321944,-3.43443247511571
4.0650406504065,-3.53399906040034
4.04858299595142,-3.54294534019864
4.04209583979631,-3.58628795966011
4.03225806451613,-2.43141223622062
4.01606425702811,-2.22508571558957
4.01424249049932,-2.46099044241036
4,-3.07331053870281
3.98658107358044,-3.02130385733404
3.98406374501992,-1.63887701324314
3.96825396825397,-2.34018412636747
3.95911026646846,-3.50096608726472
3.95256916996047,-3.3203342273229
3.93700787401575,-2.558734555061
3.93182875570577,-2.86141052349616
3.92156862745098,-2.01144978763953
3.90625,-2.88607317161698
3.90473523688556,-2.5961971846189
3.89105058365759,-3.2481270206632
3.87782841458946,-2.36457011199097
3.87596899224806,-2.76547311746556
3.86100386100386,-3.31394220266709
3.85110700232557,-3.54988064354718
3.84615384615385,-3.0791571213878
3.83141762452107,-2.45844280375054
3.824569722467,-2.96292047982525
3.81679389312977,-0.35641790335067
3.80228136882129,-2.81136700583373
3.79821530619074,-2.28902739312853
3.78787878787879,-3.43099055896227
3.77358490566038,-2.24599075954951
3.772042493417,2.06446121947868
3.7593984962406,-3.32417451838624
3.74605003274899,-1.61304060553935
3.74531835205992,-2.256986074022
3.73134328358209,-3.18276619991989
3.72023668141307,-0.175431036549962
3.71747211895911,-2.80661373110179
3.7037037037037,-2.87424905491853
3.6946012051993,-2.20194794123109
3.690036900369,-2.02136040936899
3.67647058823529,-3.18155578303203
3.66914237840249,-3.52989059629727
3.66300366300366,-1.07999183744489
3.64963503649635,-3.614884523208
3.64385898376355,-0.646445774161076
3.63636363636364,-2.33713624900436
3.6231884057971,-2.83303402849971
3.61874981241128,-2.66007646399985
3.6101083032491,-2.01083032810983
3.59712230215827,-2.48557306415155
3.59381366380463,-3.53768364082698
3.584229390681,-2.1550133568344
3.57142857142857,-2.31538515934609
3.56904934567523,-2.41549967481391
3.55871886120996,-2.77741252646167
3.54609929078014,-2.91475615989558
3.54445567397043,-0.896978640643691
3.53356890459364,-3.34660632729422
3.52112676056338,-1.71951384444541
3.52003147279668,-3.37993989097857
3.50877192982456,-3.62752725435815
3.4965034965035,-2.82862594718385
3.49577557436328,-3.64651714344505
3.48432055749129,-3.26091872028827
3.47222222222222,-3.22229407376666
3.47168681892656,-2.5394237309096
3.46020761245675,-3.5695795596669
3.44827586206897,-3.39232044500219
3.44776405473446,-3.25954696705746
3.43642611683849,-3.29111940302273
3.42465753424658,-3.08993976657883
3.42400613797142,-1.5092260153538
3.41296928327645,-3.28251900838343
3.40136054421769,-3.47301858245226
3.40041193270371,-2.20565721581657
3.38983050847458,-2.90850202481659
3.37837837837838,0.239867330636391
3.37698031082509,-2.47033349208221
3.36700336700337,-3.09170131389869
3.35570469798658,-2.78825706437542
3.35371015200293,-2.38154120107402
3.34448160535117,0.81737383170658
3.33333333333333,-3.07429634473329
3.33060034362459,-3.22080498362866
3.32225913621262,-2.96363502620361
3.3112582781457,-1.21991460662748
3.30764978074424,-3.43119358666278
3.3003300330033,-3.30477510593196
3.28947368421053,-3.28687724791966
3.28485736603004,-2.76588570049487
3.27868852459016,-3.44800999480945
3.26797385620915,-3.1031597442806
3.26222200971167,-3.20441892604309
3.25732899022801,-2.41570652615523
3.24675324675325,-3.61499598218905
3.2397426295282,-3.57050339754208
3.23624595469256,-3.35928211105662
3.2258064516129,-1.59063750100266
3.21741815067637,-3.00104728820288
3.21543408360129,-3.22515880491961
3.20512820512821,-0.306959620869587
3.19524750575921,-1.65098205949927
3.19488817891374,-1.49346387491267
3.18471337579618,-2.39354941018284
3.17460317460317,-3.52851286209706
3.17322963473498,-2.23707880880833
3.16455696202532,-1.98042963223015
3.15457413249211,-1.88249089833978
3.15136348486648,-2.60717268723952
3.14465408805031,-2.57868338494562
3.13479623824451,-0.628967422707869
3.12964801067075,-2.10000452533036
3.125,-3.6503384496864
3.11526479750779,-3.63786099020582
3.10808217386906,-3.29072497986685
3.1055900621118,-2.87370275105801
3.09597523219814,-2.23801978344077
3.08666494333727,-3.20322939231711
3.08641975308642,-3.36508221101532
3.07692307692308,-2.30476604193056
3.06748466257669,-1.37691644423772
3.06539529505653,-3.48238320832051
3.05810397553517,-2.95469189623908
3.04878048780488,-3.3648432392528
3.0442722120643,-3.59394601540374
3.03951367781155,-2.86139056999776
3.03030303030303,-2.77765617842233
3.02329468440578,-3.25478670011027
3.02114803625378,-2.73790072639677
3.01204819277108,-2.10717182843954
3.003003003003,-3.23364716422166
3.00246170908555,-2.45969705417938
2.9940119760479,-3.34004452010803
2.98507462686567,-3.19526087398882
2.98177229001967,-3.14707339672092
2.97619047619048,-1.75795628516273
2.9673590504451,-3.5444022498083
2.96122543798803,-2.58522999214251
2.9585798816568,-3.57360134224303
2.94985250737463,-2.46924996196538
2.94117647058824,-1.10541082127782
2.94082017058706,-1.84249236843059
2.93255131964809,-3.26300247885957
2.92397660818713,-2.89003913926772
2.92055551218275,-3.00964844977774
2.91545189504373,1.45909456462771
2.90697674418605,-3.39353673590191
2.90043049386399,-3.49110577916131
2.89855072463768,-3.03549199936127
2.89017341040462,-2.65000599124
2.88184438040346,-3.4638261344637
2.8804441533963,-3.33142742221569
2.8735632183908,-2.44939601536695
2.86532951289398,-2.29303949569624
2.86059553517574,-2.94551166136763
2.85714285714286,-3.38884152475817
2.84900284900285,-2.86697210890959
2.84090909090909,-2.87403128370972
2.8408836901833,-2.92356198603879
2.8328611898017,-3.42084395663191
2.82485875706215,-3.27102785536048
2.82130767593947,-3.26117560943659
2.8169014084507,0.197280062234502
2.80898876404494,-3.50271829931564
2.8018665564592,-2.40615156451654
2.80112044817927,-2.90818677387387
2.79329608938547,-1.39634015218838
2.78551532033426,-3.64358696587432
2.78255940220712,-3.41015909908993
2.77777777777778,-3.06300350192172
2.77008310249307,-2.75561014537889
2.76338529005317,-3.56696265985918
2.76243093922652,-2.96062178772503
2.75482093663912,-1.5089442826913
2.74725274725275,-3.53556231279681
2.74434330322836,-3.20279094132872
2.73972602739726,-3.15969155925371
2.73224043715847,-0.283685052543897
2.72543253128103,-3.181579055233
2.72479564032698,-1.39909279445869
2.71739130434783,-3.21265529166696
2.710027100271,-2.95140760833776
2.70665207003324,-3.61032647255071
2.7027027027027,-3.1170839684796
2.69541778975741,-3.15755679478043
2.68817204301075,-0.763239826085605
2.68800102153761,0.172719979838139
2.68096514745308,-2.74718303545559
2.67379679144385,-2.568197874738
2.66947849403432,-2.10849888801188
2.66666666666667,1.53210158620623
2.65957446808511,-2.90866570170304
2.6525198938992,-2.94394465733002
2.65108360190854,-2.75287178335573
2.64550264550265,-3.00414382765275
2.63852242744063,-2.85653059240532
2.63281546564802,-0.755091144001947
2.63157894736842,-0.923207443518304
2.6246719160105,-3.30759024077148
2.61780104712042,-3.57786799490013
2.61467321180109,-2.98235348599352
2.61096605744125,-3.43590144215049
2.60416666666667,-2.50185182460764
2.5974025974026,-3.4957417254056
2.59665597293487,-2.46657698393453
2.59067357512953,-3.41482211085208
2.58397932816537,-3.46961674310541
2.5787628875938,-3.65621190421536
2.57731958762887,-3.15849385901925
2.5706940874036,-3.30688617707541
2.56410256410256,-1.74151103871737
2.56099310025846,-3.53968917194863
2.55754475703325,-2.5078158755832
2.55102040816327,-0.239233071966889
2.54452926208651,-2.72064149995331
2.54334576130465,-2.56030697281191
2.53807106598985,-2.62630779819703
2.53164556962025,-2.97877329705998
2.52582002696278,-3.35034124842995
2.52525252525253,-3.64737322856181
2.51889168765743,-3.34806098783737
2.51256281407035,-3.56330418689036
2.50841505927754,-1.05989737727107
2.5062656641604,-3.37226296379968
2.5,-3.04507365335224
2.49376558603491,-2.76863179926404
2.49113002606779,0.0858206046435628
2.48756218905473,-2.60393058312571
2.48138957816377,-2.03271120341459
2.47524752475248,-3.16653641052089
2.47396410088681,-3.39251795577412
2.46913580246914,-3.25913306807187
2.46305418719212,-3.472273422137
2.45700245700246,-1.85298826113917
2.45691646298279,-1.61537384020208
2.45098039215686,-3.34193826739336
2.44498777506112,-3.64459332730096
2.43998629725955,-3.53935137333378
2.4390243902439,-3.17618299317085
2.4330900243309,-2.82741036228428
2.42718446601942,-3.20703920162468
2.4231727942376,-3.43903660752793
2.42130750605327,-3.5765293687984
2.41545893719807,-2.46291518873592
2.40963855421687,-3.40607883737065
2.40647515001542,-0.686239939096036
2.40384615384615,-1.1029535961395
2.39808153477218,-3.0873172170465
2.39234449760766,-2.73873442094976
2.38989256623105,-2.87595733268044
2.38663484486874,-2.87377725372614
2.38095238095238,-1.17068703847765
2.37529691211401,-3.2460258143909
2.37342425002387,-3.20920821356467
2.3696682464455,-3.20698473616191
2.36406619385343,-2.86428906843319
2.35849056603774,-2.47440810396754
2.35706941399673,-3.51018411185121
2.35294117647059,-3.43414295885425
2.34741784037559,-3.59105763078402
2.34192037470726,-2.41882804728952
2.34082727617829,-2.83803518087854
2.33644859813084,-0.364328894984804
2.33100233100233,-0.986798733122821
2.32558139534884,-3.29261341190702
2.32469705998565,-3.12058206440089
2.32018561484919,-2.54947409625963
2.31481481481481,-3.11525626231356
2.3094688221709,-2.07599922248378
2.30867799418717,-1.88000679876599
2.30414746543779,-2.7940664106773
2.29885057471264,-2.03966511867672
2.29357798165138,-1.73047724472168
2.29276931286565,-2.60437395945409
2.2883295194508,-2.33002120117269
2.28310502283105,-3.02298419359253
2.27790432801822,-3.25467572110498
2.27697025538168,-2.55102723317945
2.27272727272727,-3.56956764097837
2.26757369614512,-3.39854849451798
2.26244343891403,-3.2382753088401
2.26128006633728,-2.42102535836041
2.25733634311512,-2.86487670914412
2.25225225225225,-2.62405140382127
2.24719101123596,-2.87866871495707
2.24569799553977,-3.11911589056704
2.24215246636771,-2.99084462882693
2.23713646532438,-2.54667955863898
2.23214285714286,-3.44483189767815
2.23022329796594,-3.46266034222979
2.2271714922049,-0.679046490867516
2.22222222222222,-3.20361643491928
2.21729490022173,-2.66181371126394
2.21485523372636,-2.58714915298436
2.21238938053097,-2.63667223698313
2.2075055187638,-2.95224358277748
2.20264317180617,-2.61948365652052
2.19959306803007,-2.51612417269966
2.1978021978022,-2.74645349666421
2.19298245614035,-2.31900752870824
2.18818380743982,-3.65123229256273
2.18443607114943,-0.274069829220461
2.18340611353712,-2.44355988970888
2.17864923747277,-2.36526527260691
2.17391304347826,-1.59006903258996
2.16938351838518,-3.64633436901608
2.16919739696312,-3.48542364581088
2.16450216450216,-3.05760367465673
2.15982721382289,-2.73715855247972
2.1551724137931,-3.33674612226322
2.15443469003188,-2.16432577826206
2.1505376344086,-2.93706783527049
2.14592274678112,-3.4938985922168
2.14132762312634,-3.22561690699568
2.13958887134342,-3.05751089109146
2.13675213675214,-1.00401104040908
2.13219616204691,-3.48483265328316
2.12765957446809,-2.32044657944506
2.12484535249888,-3.50136190958734
2.12314225053079,-2.54843975223973
2.11864406779661,-3.52876978652811
2.11416490486258,-2.18541283850687
2.1102034285686,-3.32625170099162
2.10970464135021,-3.37832150907955
2.10526315789474,-3.50401964180319
2.10084033613445,-2.63563574241119
2.09643605870021,-1.34584350050862
2.09566239948043,-2.52017307498884
2.09205020920502,-3.44381352452198
2.08768267223382,-1.34998753945028
2.08333333333333,-3.3225982721055
2.08122156998634,-1.8038997912166
2.07900207900208,-2.83327542506201
2.0746887966805,-3.60907363931819
2.0703933747412,-3.25727124517281
2.06688024962908,-3.0718530106519
2.06611570247934,-2.69451047135758
2.06185567010309,-1.74666252402776
2.05761316872428,-3.43248553317486
2.05338809034908,-2.21855844751199
2.05263775270925,-2.82434354922473
2.04918032786885,-2.84676471951532
2.04498977505112,-3.12895190401836
2.04081632653061,-3.59199743160486
2.03849339825246,-3.46273351898922
2.03665987780041,-3.63370189242793
2.03252032520325,-2.3799986393369
2.02839756592292,-3.46544021702676
2.0244465099768,-1.70168890933969
2.02429149797571,-1.41526546152128
2.02020202020202,-2.59204970166082
2.01612903225806,-3.18584439686687
2.01207243460765,-3.32426786259854
2.0104964162605,-2.27448461439065
2.00803212851406,-2.1635888328475
2.00400801603206,-3.34777892134648
2,-3.56961251653056
1.99664245010979,-3.37783429926351
1.99600798403194,-3.06288892381719
1.99203187250996,-2.940419165952
1.98807157057654,-3.65340948809445
1.98412698412698,-3.03738760529425
1.98288394912707,-3.41605733618418
1.98019801980198,-3.34700909314098
1.97628458498024,-3.20155048882809
1.9723865877712,-2.9318545575074
1.96922025547917,-3.35013282093869
1.96850393700787,-2.97579908026473
1.96463654223969,-3.05702135596224
1.96078431372549,-3.49303388242968
1.95694716242661,-3.38003569374554
1.95565071586595,-2.95973100575993
1.953125,-3.21270592904018
1.94931773879142,-2.16573724951082
1.94552529182879,-3.413353688756
1.94217468148903,-2.87975734284576
1.94174757281553,-1.24231948825759
1.93798449612403,-3.56688315331838
1.93423597678917,-3.29071032848959
1.93050193050193,-3.12227669485899
1.92879150802078,-3.5606234008605
1.92678227360308,-3.04893909382643
1.92307692307692,-3.11130960412977
1.91938579654511,-1.15288868948719
1.91570881226054,-3.37554668291012
1.91550055557353,-3.63205495642147
1.91204588910134,-2.8671385667895
1.90839694656489,-1.91793764417811
1.9047619047619,-3.52348934927646
1.90230118866894,-3.05918713798185
1.90114068441065,-3.47670045898017
1.89753320683112,-2.27252518727029
1.89393939393939,-3.56641284034491
1.89035916824197,-2.8939884165252
1.88919277620767,-3.56231169017046
1.88679245283019,-1.37685577879774
1.88323917137476,-3.30176895952625
1.8796992481203,0.408506160953256
1.87617469143912,-2.29829137401439
1.87617260787992,-2.30758363857621
1.87265917602996,-3.28752695274586
1.86915887850467,-3.65102289568319
1.86567164179104,-3.54937831996487
1.86324631193156,-3.18641090513359
1.86219739292365,-2.66107582903556
1.85873605947955,-2.77001679883123
1.85528756957328,-2.95604161600435
1.85185185185185,-2.3963623742993
1.8504070195423,-3.16065325436075
1.84842883548983,-1.56272635176732
1.8450184501845,-2.52295615628226
1.84162062615101,-3.61200137310724
1.83823529411765,-1.42732076750265
1.83765620038817,-3.27416509405738
1.8348623853211,-2.89177831314482
1.83150183150183,-3.63105089170419
1.82815356489945,-1.95096764798866
1.82499324481615,-2.63659213246704
1.82481751824817,-3.0250450795521
1.82149362477231,-2.48464428494519
1.81818181818182,-3.19301391075696
1.81488203266788,-2.70127604434692
1.81241754737424,-3.0719264195042
1.81159420289855,-3.65062732010231
1.80831826401447,-3.07019949108179
1.80505415162455,-3.2140390068679
1.8018018018018,-2.71530592783973
1.79992850678248,-1.02956521313647
1.79856115107914,-2.81809582425042
1.79533213644524,-2.85469199058964
1.7921146953405,-2.72172217975246
1.78890876565295,-3.4018247462027
1.78752552590424,-2.60986819530644
1.78571428571429,-3.64094079045362
1.7825311942959,-3.46314007306564
1.77935943060498,-3.08575517787572
1.77619893428064,-3.39546542138897
1.77520801171763,-3.05131694054246
1.77304964539007,-2.84480357124105
1.76991150442478,-3.41176095384794
1.76678445229682,-2.95133778223943
1.7636684303351,-1.76023754353765
1.76297537528721,-3.65844549805685
1.76056338028169,-3.46431854568707
1.75746924428822,-1.82937368266878
1.75438596491228,-3.00095306669045
1.75131348511384,-1.7649901542165
1.75082703173572,-3.32195118605984
1.74825174825175,-0.612288832379941
1.74520069808028,-2.11819345196629
1.74216027874564,-2.84442610465806
1.73913043478261,-3.53652595993263
1.73876240021625,-3.31432444253791
1.73611111111111,-1.15951416020912
1.73310225303293,-3.32465349737727
1.73010380622837,-1.05271173968687
1.72711571675302,-3.0987532356266
1.72678090388436,-3.49957927231322
1.72413793103448,-1.88735115328906
1.72117039586919,-3.32537819829742
1.71821305841924,-2.69628459532948
1.71526586620926,-3.56098361312756
1.71488196987054,-2.9973120248858
1.71232876712329,-2.76064895774099
1.70940170940171,-1.85465793174562
1.70648464163823,-3.33871057191824
1.70357751277683,-3.51800086068131
1.70306502925284,-3.35459790205003
1.70068027210884,-3.50841850247995
1.69779286926995,-0.845142972834377
1.69491525423729,-2.69870503655202
1.69204737732657,-3.644716681209
1.69132951702965,-2.67388396418535
1.68918918918919,-3.30231373884687
1.68634064080944,-2.73784506457421
1.68350168350168,-3.48552753815472
1.68067226890756,-0.195134518307195
1.67967487209265,-3.16259335463441
1.67785234899329,-2.17323632582243
1.6750418760469,-0.0708483885691278
1.67224080267559,-2.17454820944662
1.669449081803,-2.25190517628944
1.66810053720006,-1.48897927816737
1.66666666666667,-2.48351104967279
1.66389351081531,-3.11778570759905
1.66112956810631,-1.16629547725396
1.65837479270315,-3.09641557490833
1.65660595894991,-3.36752809567327
1.65562913907285,-2.52854837544124
1.65289256198347,-3.38662863935307
1.65016501650165,-2.9666940910145
1.64744645799012,-3.12183318736127
1.64519058775366,-3.1488995790868
1.64473684210526,-1.48900540046956
1.64203612479475,-3.31970018570483
1.63934426229508,-2.21096396517647
1.6366612111293,-2.99001532677355
1.63398692810458,-3.46193552086485
1.63385387780986,-1.76638968419119
1.63132137030995,-3.41677984265972
1.62866449511401,-3.11462979163083
1.6260162601626,-3.41000314102602
1.62337662337662,-3.3199333214856
1.62259528707809,-3.58216712312615
1.62074554294976,-3.50310394777072
1.61812297734628,-3.11739817543711
1.61550888529887,-3.46080134004377
1.61290322580645,-2.10592088601963
1.61141427725302,-0.659606522314998
1.61030595813205,-3.30055865142507
1.60771704180064,-3.56992086061306
1.60513643659711,-1.92839339804767
1.6025641025641,-2.99870656178076
1.6003103137387,-3.12238670861408
1.6,1.67249544054421
1.59744408945687,-1.90062092915333
1.59489633173844,-0.988175569553884
1.59235668789809,-0.975561703594034
1.58982511923688,-3.42209720246238
1.58928286562298,-2.68699221690529
1.58730158730159,-2.75750697659374
1.58478605388273,-3.00360521987563
1.58227848101266,-3.14227938542534
1.57977883096367,-2.6780249649379
1.57833140565212,-2.09302599591789
1.57728706624606,-0.203394450805926
1.5748031496063,-2.06767258041371
1.57232704402516,-3.2211051214583
1.56985871271586,-1.18167762412575
1.5674554102056,-3.61909981679166
1.56739811912226,-3.43644560268815
1.56494522691706,-2.47756209682062
1.5625,-3.08299342101825
1.5600624024961,-3.65586809285129
1.55763239875389,-3.22591612238765
1.55665435927106,-2.67494976914999
1.5552099533437,-2.65470100790035
1.5527950310559,-3.14739686804232
1.55038759689922,-2.80134499257646
1.54798761609907,-1.13351013448404
1.54592773641948,-2.50422657244995
1.54559505409583,-3.14301195376391
1.54320987654321,-3.50153859167623
1.54083204930663,-3.08596361724208
1.53846153846154,-2.19588541189291
1.53609831029186,-2.17140660910398
1.53527502878042,-0.67068383110843
1.53374233128834,-2.44065478764163
1.53139356814701,-3.53785200905333
1.52905198776758,-2.57207072713505
1.52671755725191,-2.8095584391912
1.52469572701757,-2.117934045609
1.52439024390244,-3.36881220115712
1.5220700152207,-1.9756971843059
1.51975683890577,-2.01674397066425
1.51745068285281,-2.32925974973544
1.51515151515152,-0.618920882797862
1.51418932530435,-2.48705450076566
1.51285930408472,-1.57617143013162
1.51057401812689,-2.72752156305161
1.50829562594268,-2.03055496510175
1.50602409638554,-2.4384942626432
1.50375939849624,-2.9719677094839
1.50375532129974,-2.99513119961228
1.5015015015015,-2.62917026848315
1.49925037481259,-1.17611656079201
1.49700598802395,-3.64139428387919
1.49476831091181,-3.44527430901523
1.49339321612425,-1.41271035303857
1.49253731343284,-3.19338366034931
1.4903129657228,-3.64891742688298
1.48809523809524,-3.57219686552183
1.48588410104012,-2.30233586315525
1.48367952522255,-2.07902124735177
1.4831025143361,-2.56057870516544
1.48148148148148,-3.30578108465915
1.4792899408284,-3.26280592233651
1.47710487444609,-2.0605463559393
1.47492625368732,-3.16118133400353
1.4728827239075,-3.2840201746816
1.47275405007364,-3.1778597682195
1.47058823529412,-3.59766288489019
1.46842878120411,-0.62513594749377
1.46627565982405,-0.881515436566143
1.46412884333821,-0.961322394036766
1.46273335620113,-2.71071118526948
1.46198830409357,1.74788927453078
1.45985401459854,-3.13936629215162
1.45772594752187,-2.47542088856919
1.45560407569141,-1.52174970800966
1.45348837209302,1.23962679091973
1.45265392594678,-2.49094966265359
1.45137880986938,-2.54835254923857
1.44927536231884,0.3573310670749
1.44717800289436,-3.45238955560516
1.44508670520231,-3.6498389984995
1.44300144300144,-1.96990539634647
1.44264395121816,-1.13958504969043
1.44092219020173,-3.4784263838237
1.43884892086331,-2.52886496472946
1.4367816091954,-3.42459616510619
1.43472022955524,-3.57620813649914
1.43270295340983,-3.14812702375768
1.43266475644699,-3.22682225455709
1.43061516452074,-2.45263992143672
1.42857142857143,-0.925744579321484
1.4265335235378,1.15698190410031
1.42450142450142,-2.12989954526789
1.42283045721435,-1.64049728261115
1.42247510668563,-3.34806733580127
1.42045454545455,-0.306428551577123
1.41843971631206,-1.37362987854892
1.41643059490085,-3.17399706113853
1.41442715700141,-0.264722691825777
1.41302599059953,-1.64720448985529
1.41242937853107,-1.92007279957719
1.41043723554302,-3.53243583706266
1.40845070422535,-2.87137236479448
1.40646976090014,-3.44397878218929
1.40449438202247,-3.11443079900173
1.40328908478587,-2.00512641436937
1.40252454417952,-3.41843739405713
1.40056022408964,-3.15039088923769
1.3986013986014,-3.38448463156869
1.39664804469274,-2.23730624556667
1.39470013947001,-3.22501678740262
1.39361927422414,-1.69507425585327
1.39275766016713,-3.34371875842678
1.39082058414465,-1.81703044987564
1.38888888888889,-3.59018386078229
1.3869625520111,-2.99667443124955
1.38504155124654,-3.40345534298241
1.38401609657313,-1.50319607039053
1.38312586445367,-1.60756726547596
1.38121546961326,-3.0815621468066
1.37931034482759,-3.25793213352896
1.37741046831956,-3.59864324671893
1.37551581843191,-1.10835150530117
1.37447909267754,-2.9835912627566
1.37362637362637,-2.9452543485538
1.37174211248285,-3.32123572799425
1.36986301369863,-1.52112914042454
1.36798905608755,-3.60264653687458
1.36612021857923,-3.55491723171154
1.36500780654601,-0.0588921314651243
1.36425648021828,-3.2444438723801
1.36239782016349,-3.41671387415802
1.36054421768707,-1.3184029049725
1.35869565217391,-3.54595250058081
1.35685210312076,-3.0727195267559
1.35560178532937,1.39304021653276
1.3550135501355,0.473606174496145
1.3531799729364,-3.40634757643978
1.35135135135135,-3.08542802584783
1.34952766531714,-2.73624678063031
1.34770889487871,-2.53911433998634
1.34626057929891,-3.22405215801511
1.34589502018843,-1.81542812343174
1.34408602150538,-2.22744486072379
1.34228187919463,-0.839003096022775
1.34048257372654,-3.61814828839244
1.33868808567604,-2.22693275911295
1.33698374182495,-2.62243978446106
1.33689839572193,-3.20808474709348
1.33511348464619,-2.52172915663969
1.33333333333333,-3.29969335054723
1.33155792276964,-2.47732789373235
1.32978723404255,-3.53013225384548
1.32802124833997,-2.8912263474446
1.32777082935543,-2.49299967765621
1.3262599469496,-2.45502293491453
1.32450331125828,-2.13474314399918
1.32275132275132,-3.12698331455867
1.32100396301189,-3.11065477312003
1.31926121372032,-3.42175069015051
1.31862140139475,-3.02921273765913
1.31752305665349,-3.54365331880301
1.31578947368421,-3.24229576982084
1.31406044678055,-0.763753534734614
1.31233595800525,0.633952312622218
1.31061598951507,-2.97684701892539
1.30953502048267,-0.941502322860383
1.30890052356021,0.624474385844072
1.30718954248366,-0.443501397998953
1.30548302872063,-2.58358088558883
1.30378096479791,-1.74403938096772
1.30208333333333,-2.2150963629016
1.30051125217341,-0.716128174317173
1.30039011703511,-3.02650328736238
1.2987012987013,-2.35550053237842
1.2970168612192,-2.23956058519642
1.29533678756477,-3.48697984761024
1.29366106080207,-2.76516032840992
1.29198966408269,-3.05328662960813
1.29154966501488,-2.70863153955001
1.29032258064516,-3.45540965698201
1.28865979381443,-2.31839451912431
1.28700128700129,-2.66042580805132
1.2853470437018,1.46632312028193
1.28369704749679,-2.65362869624449
1.28264983052806,-3.58510338649317
1.28205128205128,-2.58677826082372
1.28040973111396,-3.53485643346967
1.27877237851662,-2.10758048198194
1.27713920817369,-2.75723074949949
1.27551020408163,-3.30643474909904
1.27388535031847,-0.00838384608523324
1.27381132318648,-1.26163610181556
1.27226463104326,-2.76231632744269
1.27064803049555,-1.71566715248305
1.26903553299492,-2.82173680378777
1.26742712294043,-3.60550239332543
1.26582278481013,-3.41553237698325
1.2650337203959,-3.595481216707
1.26422250316056,0.449448573729161
1.26262626262626,-2.98335789333096
1.26103404791929,-2.41191925337129
1.25944584382872,-1.71384277098415
1.25786163522013,-3.40359000408913
1.25631660247412,-1.34361226487
1.25628140703518,-0.571383435126886
1.25470514429109,-0.0594123504341821
1.2531328320802,-2.60774057702376
1.25156445556946,-2.26872229313356
1.25,-2.90331429745568
1.24843945068664,-3.24341750162496
1.24765955263087,-0.881998102309562
1.24688279301746,-3.51859933346624
1.2453300124533,-0.180368521373548
1.24378109452736,-1.16671865435195
1.24223602484472,-3.61418690862721
1.24069478908189,-2.91479081549705
1.23915737298637,-3.5568002331499
1.23906215694792,-3.28976499010418
1.23762376237624,-2.109282816178
1.23609394313968,-3.65577524187547
1.23456790123457,-3.6038882841476
1.23304562268804,-2.10013445507461
1.23152709359606,-2.76218773216668
1.23052400435926,-2.95476481975531
1.230012300123,-3.34492595723624
1.22850122850123,-2.96131927761415
1.22699386503067,-3.43655137120136
1.22549019607843,-2.86486625010663
1.22399020807834,-3.61181350924114
1.22249388753056,-3.42933727220715
1.22204468663149,-3.31485860467599
1.22100122100122,-3.01352218766616
1.21951219512195,-2.356914141003
1.21802679658952,-3.39025923273986
1.21654501216545,-2.85904794349794
1.21506682867558,-2.77509156596387
1.21362379834424,-3.64278031064502
1.21359223300971,-3.62428276176946
1.21212121212121,-2.29709849145605
1.21065375302663,-1.16167513902657
1.20918984280532,-3.06357392586456
1.20772946859903,-3.1355252176652
1.20627261761158,-1.92897793712286
1.20526093687084,-2.71025362972999
1.20481927710843,-3.07995219296189
1.20336943441637,-0.515922196337622
1.20192307692308,-2.99064088796656
1.20048019207683,-2.38148654675113
1.19904076738609,-1.93611744268845
1.19760479041916,-3.45759757166236
1.19695570235904,-0.859129976459807
1.19617224880383,-3.56920922975972
1.194743130227,-2.38978343578749
1.19331742243437,-2.12363592715921
1.19189511323004,-1.30689253019998
1.19047619047619,-2.75116863760227
1.18906064209275,-1.92123540913932
1.1887076977119,-1.76155608971892
1.18764845605701,-1.94798943679866
1.18623962040332,-1.34965866796146
1.18483412322275,-3.66301771312619
1.18343195266272,-2.40209524306176
1.18203309692671,-1.81583338419217
1.18063754427391,-3.26885340632047
1.18051652856881,-3.23168980031836
1.17924528301887,0.395231100227979
1.17785630153121,-3.54718669362237
1.17647058823529,-2.84462238443914
1.17508813160987,-3.57933683808106
1.17370892018779,-1.75240814912363
1.1723818032866,-2.10546231115789
1.17233294255569,-1.57675910884241
1.17096018735363,-3.11717951049651
1.16959064327485,-2.47055424500571
1.16822429906542,-0.447496647504219
1.16686114352392,0.593827303647562
1.16550116550117,-3.04781206713987
1.16430313292088,-3.14648394110899
1.16414435389988,-1.03204775961241
1.16279069767442,-1.37648550859101
1.16144018583043,-3.47480248352663
1.16009280742459,-3.57406290013428
1.15874855156431,-3.01625662302588
1.15740740740741,-1.65086005874671
1.15628013120738,-2.14813632830213
1.15606936416185,-1.37507429009876
1.15473441108545,-3.66137313451197
1.15340253748558,-1.14923377350557
1.15207373271889,-3.42422930517081
1.15074798619102,-2.43642329932423
1.14942528735632,-3.53276546173249
1.14831241454351,-2.42807123679382
1.14810562571757,-2.96381712031306
1.14678899082569,-1.79505752148178
1.1454753722795,-3.1047149371778
1.1441647597254,-2.74625673119608
1.14285714285714,-3.30797946468102
1.14155251141553,-3.13081710956966
1.14039960197003,-2.02667315727693
1.14025085518814,-2.07409457098798
1.13895216400911,-3.45487409157142
1.13765642775882,-2.98709366314834
1.13636363636364,-1.64464785588971
1.13507377979569,-3.39299805246274
1.13378684807256,-2.42936043083052
1.13254131515281,-1.57608396404027
1.13250283125708,-1.90717491997357
1.13122171945701,-2.46241828123471
1.12994350282486,-3.62981478222506
1.12866817155756,-3.54943632356396
1.12739571589628,-1.60293332205002
1.12612612612613,-3.29145962520787
1.12485939257593,-2.8273713379457
1.12473717836475,-3.61092384395307
1.12359550561798,-0.125752905322609
1.12233445566779,-3.0293742914077
1.12107623318386,-3.09662178069969
1.11982082866741,-3.33140301324074
1.11856823266219,-3.50649818409222
1.11731843575419,-2.1621470591012
1.11698681846782,-3.57725916213915
1.11607142857143,-3.12442223778593
1.11482720178372,-3.18191714633157
1.11358574610245,-3.40497325046224
1.11234705228031,-2.82986445703257
1.11111111111111,-2.55422235868293
1.10987791342952,-2.99647417288504
1.10928986489522,-1.18531585571049
1.10864745011086,-1.10968370128894
1.10741971207087,-2.93628857672429
1.10619469026549,-0.813336436253119
1.10497237569061,-3.29769928297561
1.1037527593819,-0.00617778559400062
1.10253583241455,1.31613794573615
1.10164594963366,-2.90344710494143
1.10132158590308,-3.49549736336594
1.1001100110011,-2.43826115074286
1.0989010989011,-3.5496170312319
1.09769484083425,-2.82470067806322
1.09649122807018,-3.60485661154758
1.09529025191676,-0.236637498133955
1.09409190371991,-3.11775748498438
1.09405470720574,-3.16793388645659
1.09289617486339,-2.17711434095268
1.09170305676856,-0.238643219791082
1.09051254089422,-3.02747117472584
1.08932461873638,-2.71637514457306
1.08813928182807,-2.69129773406633
1.08695652173913,-1.20781889650369
1.08651577465254,-1.94880469226596
1.085776330076,-3.40397969706542
1.08459869848156,-3.3524321571959
1.08342361863489,-3.62500405855284
1.08225108225108,-2.74792398030784
1.08108108108108,-2.65498959825656
1.07991360691145,-2.87695938539725
1.07902879151618,-3.53065850227518
1.07874865156419,-3.1654391555585
1.07758620689655,-1.73072759489936
1.07642626480086,-2.3431959144615
1.0752688172043,-0.899812652283582
1.07411385606874,-3.66066699377064
1.07296137339056,-3.08273509093116
1.07181136120043,1.13707858524235
1.07159339982267,-3.30139646034417
1.07066381156317,-0.925590446285677
1.06951871657754,-3.25340111518907
1.06837606837607,0.431854786030347
1.06723585912487,-1.15628972874235
1.06609808102345,-3.39647078532117
1.06496272630458,-2.91075644671643
1.06420924406472,-2.50427413901557
1.06382978723404,-2.8988934274749
1.06269925611052,-1.89892039289684
1.06157112526539,-2.84187709971085
1.06044538706257,-1.54522384379937
1.0593220338983,-1.00930436571228
1.05820105820106,-3.07609294659066
1.05708245243129,-3.54916781827851
1.0568759711848,-3.5391152808276
1.05596620908131,-2.94252696988077
1.05485232067511,-2.68064830119858
1.05374077976818,-2.74099348106896
1.05263157894737,-3.04736507682041
1.0515247108307,-3.35873646966142
1.05042016806723,-2.96036071333564
1.04959323055823,-3.421509597916
1.04931794333683,-0.437019022041805
1.0482180293501,-3.22951662907517
1.04712041884817,-2.59561023907814
1.04602510460251,-0.967509872953154
1.04493207941484,-3.52734782887536
1.04384133611691,-3.64799325055018
1.04275286757039,-2.85669134131517
1.0423606739764,-2.69481891925862
1.04166666666667,0.983355884605307
1.04058272632674,-1.27505141794445
1.03950103950104,-3.28441886917475
1.03842159916926,-1.51026957604271
1.03734439834025,-2.4258373579661
1.03626943005181,-2.59959942920376
1.0351966873706,-3.48193507740076
1.03517795563018,-2.9197850157417
1.03412616339193,-2.74319017047385
1.03305785123967,-2.58462208910144
1.03199174406605,-3.32457037621919
1.03092783505155,-3.15240447240678
1.02986611740474,-3.25201023180714
1.02880658436214,-3.23655229604445
1.02804473209331,-3.28538956866013
1.02774922918808,-1.97281377614085
1.02669404517454,-2.43444422508626
1.02564102564103,-3.37594445533905
1.02459016393443,-3.2957352866528
1.02354145342886,-2.56002079902184
1.02249488752556,-3.23583202482406
1.02145045965271,-3.15093649725319
1.02096066230605,-3.13872185638838
1.02040816326531,-3.23387689080546
1.01936799184506,-3.38521731242717
1.0183299389002,-3.61966556036809
1.01729399796541,-3.48849403954214
1.01626016260163,-2.15613604943995
1.01522842639594,-2.34766490483339
1.01419878296146,-3.15412231512378
1.01392540755882,-3.5133991591053
1.01317122593718,-3.12009966103418
1.01214574898785,-3.01872918968631
1.01112234580384,-2.64676983197411
1.01010101010101,-2.2335894261253
1.00908173562059,-2.00842813030645
1.00806451612903,-2.45814919781467
1.00704934541793,0.3292969463614
1.00693863147603,-3.48304818351611
1.00603621730382,-0.875765912897417
1.00502512562814,-3.19983628241054
1.00401606425703,-3.08568350710434
1.00300902708124,1.65805934757227
1.00200400801603,-2.61980757311057
1.001001001001,-3.13650277143075
1,1.86912913392296
