"bfp_output.P","bfp_output.logBF"
1000,0.303333812137244
993.109181374979,0.622340861727584
986.265846131283,0.812930624436423
979.46966706954,0.879957322719879
972.720319245055,0.848114473444061
966.017479952265,0.752392073846484
959.360828709315,0.626672230608752
952.75004724273,0.495070990825003
946.184819472201,0.36783416571824
939.66483149547,0.241348787416759
933.189771573324,0.101261262459748
926.759330114689,-0.0720456194285743
920.373199661823,-0.296485876474928
914.031074875623,-0.581552362114631
907.732652521023,-0.924324041183222
901.477631452492,-1.30994699949347
895.26571259964,-1.7160777936785
889.096598952916,-2.11873041693026
882.969995549409,-2.49680660821179
876.885609458743,-2.83407769054126
870.843149769073,-3.11905379409371
864.842327573172,-3.34404675525785
858.882855954625,-3.50476059471857
852.964449974103,-3.60110639735184
847.086826655741,-3.63867315557477
841.249704973612,-3.62898773077854
835.452805838287,-3.58698290913811
829.695852083491,-3.52655283346042
823.978568452852,-3.45704309851491
818.300681586739,-3.38259398884461
812.661920009195,-3.30395271178345
807.06201411495,-3.22151895111615
801.500696156541,-3.13893456442041
795.977700231499,-3.06664058828938
790.492762269642,-3.02291356779998
785.045620020451,-3.02728272938348
779.636013040523,-3.08586852737703
774.263682681127,-3.18264172119622
768.928372075831,-3.28964904365092
763.629826128224,-3.38437930312095
758.367791499719,-3.45664569668652
753.142016597437,-3.50538504492162
747.952251562182,-3.53355128673068
742.798248256492,-3.54495572568363
737.679760252773,-3.54307474006937
732.596542821523,-3.53103019446045
727.548352919623,-3.51204618861596
722.534949178721,-3.48932714775067
717.556091893692,-3.46463262688276
712.611543011175,-3.43764883291187
707.701066118189,-3.40777058735845
702.824426430835,-3.37577459739297
697.981390783066,-3.34423084502579
693.17172761554,-3.3176836950892
688.39520696455,-3.30284419653197
683.651600451024,-3.30780000947164
678.940681269611,-3.33869129075166
674.262224177835,-3.39401237081388
669.616005485322,-3.4615267589741
665.001803043112,-3.52369540368637
660.419396233031,-3.56780359450921
655.868565957143,-3.59078499796599
651.349094627281,-3.59683514441796
646.860766154633,-3.59302188224275
642.40336593942,-3.58622598460228
637.976680860628,-3.58145510942186
633.580499265825,-3.58100891742366
629.214610961035,-3.58458440425256
624.878807200689,-3.59032671561981
620.57288067765,-3.59610928604674
616.296625513294,-3.60023293388523
612.04983724767,-3.60146232669104
607.832312829723,-3.59887893942918
603.643850607587,-3.59190313909998
599.484250318941,-3.5803492854768
595.353313081437,-3.56415346283991
591.250841383188,-3.54269932002965
587.176639073326,-3.5141337212792
583.130511352622,-3.47556616163747
579.112264764176,-3.42536791603178
575.121707184161,-3.36732577606584
571.158647812643,-3.31246788952059
567.222897164454,-3.27497073164981
563.314267060136,-3.26632541281493
559.432570616938,-3.29249964148907
555.577622239888,-3.35158784170222
551.749237612913,-3.42933232466982
547.947233690029,-3.49763972224987
544.171428686589,-3.52451819200642
540.421642070592,-3.49186740382434
536.697694554048,-3.40521660646838
532.999408084409,-3.28983325719862
529.326605836056,-3.18056250173604
525.679112201842,-3.10687255813233
522.056752784698,-3.07240072890108
518.459354389291,-3.04611139746812
514.886745013749,-2.98132664569659
511.338753841433,-2.84440158926104
507.815211232767,-2.6319327596408
504.315948717136,-2.38081043077021
500.840798984821,-2.1678461763076
500,-2.13178352669415
497.389595879006,-2.07368082692077
493.962174387832,-2.12394802355841
490.558370636505,-2.27880217904437
487.178021879463,-2.48001869033289
483.820966492595,-2.68992716454376
480.487043965513,-2.89529577125772
477.176094893875,-3.09331682435016
473.887960971765,-3.27839450276313
470.622484984128,-3.43943845570213
467.379510799247,-3.56271593924297
464.158883361278,-3.63106860476385
460.960448682844,-3.62403468378904
457.784053837662,-3.52882136290914
454.62954695324,-3.3566961194105
451.49677720361,-3.14209821634547
448.385594802119,-2.92061577050533
445.295850994266,-2.71248749004546
442.22739805059,-2.52502475672047
439.180089259609,-2.3623996725142
436.153778920801,-2.23154805003098
433.14832233764,-2.14477000264678
430.16357581068,-2.12303271980705
427.199396630678,-2.19308474445834
424.255643071778,-2.37030945700563
421.332174384729,-2.6412934003158
418.428850790158,-2.96767705257197
415.545533471888,-3.29989244307149
412.682084570296,-3.56766506090711
409.838367175726,-3.6556304575629
407.014245321944,-3.46505387283222
404.209583979631,-3.07278139119334
401.424249049932,-2.66682684879175
398.658107358044,-2.33373810747436
395.911026646846,-2.0547145113292
393.182875570577,-1.78779357002464
390.473523688556,-1.49737370378305
387.782841458946,-1.13212104894329
385.110700232557,-0.596422974361796
382.4569722467,0.250557099661099
379.821530619074,1.49113690228042
377.2042493417,2.68579142794765
374.605003274899,2.75024903093594
372.023668141307,1.69666432932361
369.46012051993,0.411705302125331
366.914237840249,-0.794183717622938
364.385898376355,-1.69087623487804
361.874981241128,-1.51309717631603
359.381366380463,-0.191543998020118
356.904934567523,1.17196929909016
354.445567397043,1.71892030822047
352.003147279668,0.918500386210771
349.577557436327,-0.788197690359719
347.168681892656,-1.83273351241008
344.776405473446,-1.73053037892692
342.400613797142,-1.27889623400743
340.041193270371,-1.22040731581982
337.698031082509,-1.59780795620848
335.371015200293,-1.8459882476183
333.333333333333,-1.60509310659351
333.060034362459,-1.54008098141544
330.764978074424,-0.852729369794797
328.485736603004,-0.441631639535085
326.222200971167,-0.942532402871943
323.97426295282,-2.00367644576913
321.741815067637,-2.6421093441278
319.524750575921,-2.43711377239218
317.322963473498,-1.36358206779688
315.136348486648,0.344305411986558
312.964801067075,1.78885071911178
310.808217386907,1.94780976824176
308.666494333727,0.804071904515742
306.539529505653,-0.919243505438696
304.42722120643,-2.38988718875963
302.329468440578,-2.98097212461014
300.246170908555,-2.39408471421641
298.177229001967,-0.79202571723071
296.122543798804,0.958362211563231
294.082017058706,1.91463863355061
292.055551218275,1.91630341523159
290.043049386399,1.08083108395544
288.04441533963,-0.455689123351003
286.059553517574,-2.02280653778588
284.08836901833,-2.47049421152736
282.130767593947,-1.21260220562216
280.18665564592,0.770760125222599
278.255940220713,2.03002097112061
276.338529005317,1.92071319069716
274.434330322837,0.535353822944946
272.543253128103,-1.43850439830571
270.665207003324,-2.85654119602067
268.800102153761,-2.83832065845511
266.947849403432,-1.52299784386194
265.108360190854,0.223731207683689
263.281546564802,1.37221626957096
261.467321180109,1.06671973879084
259.665597293487,-0.81514862875964
257.87628875938,-2.74732513094055
256.099310025846,-3.44648323055217
254.334576130465,-3.2812643014593
252.582002696278,-2.44034114215351
250.841505927754,-1.10994940504996
250,-0.528932442054081
249.113002606779,-0.111736832588984
247.396410088681,-0.398761541705038
245.691646298279,-1.7296645901837
243.998629725955,-2.32907371780002
242.31727942376,-2.50633026047516
240.647515001542,-2.97783756089229
238.989256623105,-3.40377654229361
237.342425002387,-3.42387436521555
235.706941399673,-3.06019058937327
234.082727617829,-2.87313510844775
232.469705998565,-3.17002605609114
230.867799418717,-3.54022696575582
229.276931286565,-3.62774344860575
227.697025538168,-2.79825303133837
226.128006633728,-0.586746644107914
224.569799553977,1.68527502350593
223.022329796594,1.99563443711445
221.485523372636,0.965945660959638
219.959306803008,-0.805406941889724
218.443607114943,-2.95288507824308
216.938351838519,-3.47941411364983
215.443469003188,-2.09782476176123
213.958887134342,-0.71178214778531
212.484535249888,-0.124855258361019
211.02034285686,-0.592494335041958
209.566239948043,-1.87900905045425
208.122156998634,-2.94308888281541
206.688024962908,-3.36591490031089
205.263775270925,-3.32371616191413
203.849339825246,-3.2640159101938
202.44465099768,-3.45098782789487
201.04964162605,-3.59591739566251
200,-3.6088941343426
199.664245010979,-3.60880380449948
198.288394912707,-3.58220534059744
196.922025547917,-3.52632240499529
195.565071586595,-3.51751277234073
194.217468148903,-3.35273845822153
192.879150802078,-3.25283739983312
191.550055557353,-3.46687764192411
190.230118866895,-3.64512555851978
188.919277620767,-3.54111881706431
187.617469143912,-2.67324603977824
186.324631193156,-1.65034520180906
185.04070195423,-2.13978813912443
183.765620038817,-2.8161847913867
182.499324481615,-3.27969422065832
181.241754737424,-3.51638399104702
179.992850678248,-3.14127037186564
178.752552590424,-2.64930653803195
177.520801171764,-2.8408513552513
176.297537528721,-3.4405015180405
175.082703173572,-3.61257576885786
173.876240021625,-2.93781250504649
172.678090388436,-2.02661210743541
171.488196987054,-2.34227175919305
170.306502925284,-3.254241663731
169.132951702965,-3.65587198903399
167.967487209265,-2.87075874929532
166.810053720006,-1.45115202638753
166.666666666667,-1.34978643379768
165.660595894991,-1.32041281160054
164.519058775366,-1.85922641986734
163.385387780986,-1.55590849133061
162.259528707809,-0.884095458385143
161.141427725302,-2.24854584040595
160.03103137387,-3.57823348032197
158.928286562298,-2.84338503833247
157.833140565212,-1.01686612243933
156.745541020559,-0.152769011920905
155.665435927106,-2.07206321909215
154.592773641948,-3.50581023952891
153.527502878042,-2.86995274753501
152.469572701757,-2.12981614957139
151.418932530435,-2.78917590503571
150.375532129974,-3.45199245729976
149.339321612425,-2.91720810961
148.310251433611,-2.92963348315832
147.28827239075,-3.46380626039324
146.273335620113,-3.56238229306681
145.265392594678,-3.19870377596321
144.264395121816,-3.20088235656491
143.270295340983,-2.65522252017
142.857142857143,-2.04080534170334
142.283045721435,-0.979137328357221
141.302599059953,-0.71754532735009
140.328908478587,-2.95945486597973
139.361927422414,-1.63989428570327
138.401609657313,2.87965563879313
137.447909267754,5.73086123994701
136.500780654601,0.21574738408258
135.560178532937,-3.49324469054987
134.626057929891,0.243969730295636
133.698374182495,5.31124896088666
132.777082935543,1.64608002865463
131.862140139475,-2.0266658736168
130.953502048267,-2.5093395526096
130.051125217341,-3.42818240622291
129.154966501488,-3.53050299004222
128.264983052806,-2.34340483707607
127.381132318648,-1.44443047759047
126.50337203959,-1.38950335181563
125.631660247412,-2.41224792576208
125,-2.84375200126378
124.765955263087,-3.06637785414601
123.906215694792,-3.5156366301165
123.052400435926,-3.13562981486087
122.204468663149,-3.13063737594599
121.362379834424,-3.12698105256613
120.526093687084,-2.74870432643318
119.695570235904,-2.87059065814615
118.87076977119,-3.62270528252425
118.051652856881,-3.52887429436749
117.23818032866,-3.53695050773667
116.430313292088,-3.36171624983781
115.628013120738,-2.63414885050066
114.831241454351,-2.6630318226541
114.039960197003,-2.62760581428169
113.254131515281,-2.51441466390853
112.473717836475,-3.34598147137226
111.698681846782,-3.32554196723917
111.111111111111,-2.64659852576774
110.928986489522,-2.58636732861738
110.164594963366,-3.17976030710927
109.405470720574,-3.5623993530222
108.651577465254,-3.26130405920831
107.902879151618,-1.33858777099321
107.159339982267,-0.77661165187349
106.420924406472,-2.3248628773429
105.68759711848,-2.90118597746185
104.959323055823,-0.0798333283684469
104.23606739764,0.931684523688365
103.517795563018,-2.17545326173107
102.804473209331,-3.47112782686063
102.096066230605,-0.695162117616444
101.392540755882,0.986163285493395
100.693863147603,-2.07695483702478
100,-1.73084066051221
100,-1.73084062597293
99.310918137498,-1.66220677431358
98.6265846131283,-2.68940075790673
97.946966706954,-1.88232215183406
97.2720319245054,-2.17667009825181
96.6017479952265,-2.84837691102491
95.9360828709315,-3.30726101634475
95.2750047242729,-3.65435899117299
94.61848194722,-3.40443525113853
93.966483149547,-2.93143716202315
93.3189771573324,-2.85352043142414
92.6759330114688,-3.61897096999011
92.0373199661823,-2.47083281093027
91.4031074875623,-2.24517084220075
90.9090909090909,-3.42625379591079
90.7732652521023,-3.42769209323363
90.1477631452492,-3.18449143630805
89.526571259964,-3.41136764778134
88.9096598952916,-1.06836372391531
88.2969995549409,-0.542268911460904
87.6885609458743,-2.60942788121262
87.0843149769073,-0.925116481442795
86.4842327573172,-1.155591539484
85.8882855954625,-3.46889420748546
85.2964449974102,-1.54323113238236
84.7086826655741,-3.13634231312745
84.1249704973612,-2.54299081423543
83.5452805838287,-2.81340153311761
83.3333333333333,-3.24256943469133
82.9695852083491,-2.10654228973241
82.3978568452852,0.183765038381002
81.8300681586739,-2.75511556777236
81.2661920009194,-1.61583183559871
80.706201411495,-1.99165226302137
80.150069615654,-3.6577951312649
79.5977700231498,-3.66057926733783
79.0492762269642,-3.43858597774264
78.5045620020451,-3.66043000611399
77.9636013040523,-2.98213016959631
77.4263682681127,-2.85072798377829
76.9230769230769,-2.17016624498252
76.8928372075831,-2.04687153489173
76.3629826128224,-3.16811879953731
75.8367791499719,-3.52191531437218
75.3142016597437,-3.32142093055911
74.7952251562182,-3.10501396825081
74.2798248256491,-2.69106314758242
73.7679760252773,-3.61579992853937
73.2596542821523,-1.49975785736212
72.7548352919623,-2.96200501514208
72.2534949178722,-3.34014394299428
71.7556091893693,-3.25845156483994
71.4285714285714,0.530599117286148
71.2611543011175,1.39494693647383
70.7701066118189,-0.281422259071983
70.2824426430835,-1.22381586097803
69.7981390783066,-1.6247612533108
69.3171727615541,-3.43388915985569
68.839520696455,-3.34410546763997
68.3651600451024,-3.19447647821262
67.8940681269611,-2.62418412114006
67.4262224177834,-2.81817507691768
66.9616005485322,-2.18444669475736
66.6666666666667,-0.804895098725733
66.5001803043112,-0.82430999848729
66.0419396233031,-0.64827533755756
65.5868565957143,-3.52228372855749
65.134909462728,0.226880644798475
64.6860766154633,-2.5856267816769
64.2403365939419,-2.11851640396922
63.7976680860628,-2.81450160285221
63.3580499265825,1.17438538233715
62.9214610961034,-3.63576450360658
62.5,-1.50602664374518
62.4878807200689,-1.51019238797424
62.057288067765,-3.17686730848889
61.6296625513294,-3.46549987698593
61.204983724767,-2.26044625718414
60.7832312829723,-3.51306648919775
60.3643850607587,-3.16675206294239
59.9484250318941,-3.45726244935419
59.5353313081437,-3.13346756767695
59.1250841383188,-2.28789491602474
58.8235294117647,-3.47809369045386
58.7176639073326,-3.29652953870881
58.3130511352622,-3.54164170214976
57.9112264764176,-3.09866445298676
57.5121707184161,-3.64213272512684
57.1158647812643,-1.86229364600176
56.7222897164454,-3.05008812115873
56.3314267060136,-1.20705323014642
55.9432570616938,-1.00413767080728
55.5577622239888,-2.00067921928878
55.5555555555556,-1.99942366671122
55.1749237612912,-1.01260550208239
54.7947233690029,-1.92713782156927
54.4171428686589,-1.52293341743394
54.0421642070592,-2.18341226406896
53.6697694554048,-3.59159501741102
53.2999408084409,-3.02780798911531
52.9326605836056,-2.41879618131572
52.6315789473684,-2.20657205842026
52.5679112201842,-2.29777020276118
52.2056752784698,-2.16015605409963
51.8459354389291,-3.44693471488211
51.488674501375,-3.4655105887633
51.1338753841433,-2.16326046938523
50.7815211232767,-1.97127436546024
50.4315948717136,1.37334994197339
50.0840798984821,-2.98654325619564
50,-1.73727359371746
49.7389595879007,-3.13396240834639
49.3962174387832,-1.2655233845537
49.0558370636505,-1.81734932563652
48.7178021879463,-1.87531483451023
48.3820966492596,-3.56195401443865
48.0487043965513,1.22157430436564
47.7176094893875,-3.4568517300779
47.6190476190476,-2.38610082495303
47.3887960971765,-1.63896192677656
47.0622484984128,-3.60731104107289
46.7379510799246,-3.46234229062157
46.4158883361278,-1.87148080479364
46.0960448682843,-1.75475666354539
45.7784053837662,-2.77854561978107
45.462954695324,-3.37398013991277
45.4545454545455,-3.44396121967152
45.149677720361,-0.0184292350620678
44.8385594802119,-3.31657058768702
44.5295850994266,-3.06382379910466
44.222739805059,5.20258559253744
43.9180089259609,-1.88339138416593
43.6153778920801,-2.3122341407268
43.4782608695652,-1.804044757884
43.314832233764,-3.5610532718869
43.016357581068,-3.40810444958533
42.7199396630678,-3.44167436913453
42.4255643071778,-2.13045472503161
42.1332174384729,-2.91136318345282
41.8428850790158,0.408736135477445
41.6666666666667,-2.54056901862766
41.5545533471888,-1.14556678349832
41.2682084570295,-1.95697823951211
40.9838367175726,-3.04268087883521
40.7014245321944,-1.23327573514917
40.4209583979631,-3.58748011635891
40.1424249049932,-2.7730108533358
40,-3.49696606293143
39.8658107358044,-3.30492762264147
39.5911026646846,-3.61401051877904
39.3182875570577,-2.82877299058752
39.0473523688556,-2.91427504465617
38.7782841458946,-3.45514173877752
38.5110700232557,-1.72372949209999
38.4615384615385,-0.569317384658073
38.24569722467,-3.18845564580907
37.9821530619073,0.460633072519859
37.72042493417,-3.40239923635131
37.4605003274899,2.78335028262434
37.2023668141307,-2.27443871407182
37.037037037037,-2.77642930566925
36.946012051993,-3.3473984682666
36.6914237840249,-3.21171364859965
36.4385898376355,-2.65603501702362
36.1874981241128,-3.35597976506368
35.9381366380463,-2.85294577014822
35.7142857142857,-3.09478302872715
35.6904934567523,-2.97367662478929
35.4445567397043,-2.6130455371328
35.2003147279668,-3.24803338491061
34.9577557436328,-3.51813967447604
34.7168681892656,-3.27688027366203
34.4827586206897,-3.27750308270059
34.4776405473446,-3.26978706972487
34.2400613797142,-0.749301141067586
34.0041193270371,-0.278778397010494
33.7698031082509,-0.988729702472521
33.5371015200293,-1.20948645017794
33.3333333333333,-0.875875549480763
33.3060034362459,0.088470132255499
33.0764978074424,0.286737440936709
32.8485736603004,-1.80233420647213
32.6222200971167,-1.42979859041118
32.397426295282,-0.185895222312392
32.258064516129,-3.02039668830657
32.1741815067637,-1.08222089504663
31.9524750575921,-3.22849901838417
31.7322963473498,-2.77187433316449
31.5136348486648,-3.58262228113953
31.2964801067075,-3.52789765877243
31.25,-3.51038276248415
31.0808217386906,-3.29274730166027
30.8666494333727,-2.94720409001327
30.6539529505653,-3.04214415868399
30.442722120643,-0.614550767390237
30.3030303030303,-1.39322388902617
30.2329468440578,-0.421892263997488
30.0246170908555,-3.30333697995207
29.8177229001967,-1.64211434945444
29.6122543798804,-3.56773161551173
29.4117647058824,-3.54647883242144
29.4082017058706,-3.53190753160676
29.2055551218275,-2.87595124052752
29.0043049386399,-0.373771454061806
28.804441533963,-2.31916673702183
28.6059553517574,-2.54832571156795
28.5714285714286,-3.64212687098135
28.408836901833,-3.6251167755317
28.2130767593947,-3.14869576481415
28.018665564592,-3.27049663681749
27.8255940220712,-2.34124103049136
27.7777777777778,-3.1938612549341
27.6338529005317,-3.29604314307668
27.4434330322836,-2.03473898855425
27.2543253128103,-2.5326821756728
27.0665207003324,-0.741796319239181
27.027027027027,-1.52029373143393
26.8800102153761,-2.74961406769334
26.6947849403432,-1.08633005049533
26.5108360190854,-1.06865725822142
26.3281546564802,-3.26267989085899
26.3157894736842,-3.14417828238923
26.1467321180109,-3.64716872208528
25.9665597293487,-2.62311281970413
25.787628875938,-3.05940131063194
25.6410256410256,-2.94130957635299
25.6099310025846,-2.79944315884797
25.4334576130465,-2.67735573725123
25.2582002696278,-2.87478389742857
25.0841505927754,0.378509371662791
25,-0.545569243397646
24.9113002606779,-2.32413569625076
24.7396410088681,-2.98939597354562
24.5691646298279,-3.22061638535136
24.3998629725955,-2.51193426045217
24.390243902439,-3.00404987611968
24.231727942376,-3.25502157223486
24.0647515001542,-2.15800808010537
23.8989256623105,-3.28746879547857
23.8095238095238,-2.41508889069989
23.7342425002387,-3.5811330651929
23.5706941399673,-3.59028013289993
23.4082727617829,-2.02789415862641
23.2558139534884,-3.5344265163347
23.2469705998565,-3.57080690672027
23.0867799418717,-3.41127367067248
22.9276931286565,-3.51878802257995
22.7697025538168,-1.41839837972163
22.7272727272727,-2.21331649808125
22.6128006633728,-2.12985608061769
22.4569799553977,-2.21034718379989
22.3022329796594,-2.25976138168157
22.2222222222222,-3.07920588806653
22.1485523372636,0.0539337189708435
21.9959306803007,-0.91840362438442
21.8443607114943,-1.44477484467758
21.7391304347826,-2.68074079557651
21.6938351838518,-3.14386454850601
21.5443469003188,-3.22026519253397
21.3958887134342,-1.90222781246588
21.2765957446809,-0.298423116051576
21.2484535249888,-2.68972878659825
21.102034285686,-3.59382954573949
20.9566239948043,-2.29832223905238
20.8333333333333,2.68185946878301
20.8122156998634,-2.85475656773103
20.6688024962908,-2.32834377909019
20.5263775270925,-3.12365128676874
20.4081632653061,-2.43581917721049
20.3849339825246,-1.98195120386772
20.244465099768,-3.11874718617092
20.104964162605,-0.176896064938556
20,-3.1512461256715
19.9664245010979,-2.7778586624904
19.8288394912707,-3.28504715817463
19.6922025547917,-2.98103456160258
19.6078431372549,-3.48156956958671
19.5565071586595,-2.90104334476483
19.4217468148903,-3.36440622978987
19.2879150802078,-1.54603134532551
19.2307692307692,-0.565215195080621
19.1550055557353,0.499740295808768
19.0230118866894,-3.60006207804006
18.8919277620767,-3.52602618037819
18.8679245283019,-2.80628462356246
18.7617469143912,-3.15960050708561
18.6324631193156,-1.18110605595585
18.5185185185185,-3.50275981031087
18.504070195423,-3.20444139693212
18.3765620038817,-1.27335058903428
18.2499324481615,-3.55734845168378
18.1818181818182,-1.47565863987786
18.1241754737424,-3.05353020094104
17.9992850678248,-3.45210056256654
17.8752552590424,-3.6155673596538
17.8571428571429,-1.81172839490493
17.7520801171764,-3.53958357544353
17.6297537528721,2.00451121039207
17.5438596491228,-1.87545308114631
17.5082703173572,-2.4252345569324
17.3876240021625,-3.42340195166899
17.2678090388436,-3.31624654952808
17.2413793103448,-2.91169473856764
17.1488196987054,-3.16685238785389
17.0306502925284,-2.69827410708886
16.9491525423729,-2.28780550987583
16.9132951702965,-3.54493077277389
16.7967487209265,-3.42733094229142
16.6810053720006,-0.530831451476824
16.6666666666667,-3.29814202780797
16.5660595894991,-2.40538662056702
16.4519058775366,-3.10863376318296
16.3934426229508,-2.1461732288978
16.3385387780986,-2.99633875569433
16.2259528707809,-0.997047809224152
16.1290322580645,-0.699401324014768
16.1141427725302,-1.7902996845285
16.003103137387,-2.97826609316122
15.8928286562298,-1.18559540195862
15.8730158730159,-1.23740915374328
15.7833140565212,-3.05054902641352
15.674554102056,-2.4712063221096
15.625,-2.15334343317742
15.5665435927106,-2.54223533749053
15.4592773641948,-3.00680559699553
15.3846153846154,-0.290705850669734
15.3527502878042,-3.30362260284174
15.2469572701757,-3.50515714337613
15.1515151515152,-2.84980555955918
15.1418932530435,-2.85186159583368
15.0375532129974,-3.16800427987281
14.9339321612425,-1.99164729716666
14.9253731343284,-1.9778860502527
14.831025143361,-1.89769052125903
14.728827239075,-3.5317786253622
14.7058823529412,-3.4185732115885
14.6273335620113,-1.26987470328164
14.5265392594678,-3.28221994481928
14.4927536231884,-1.14915889581048
14.4264395121816,-2.6816915628563
14.3270295340983,-1.735983612703
14.2857142857143,-3.3019188040311
14.2283045721435,-2.94021701037995
14.1302599059953,-1.2673154401054
14.0845070422535,-1.36377469186508
14.0328908478587,0.277904940075179
13.9361927422414,-2.50197298780985
13.8888888888889,-3.09916552191244
13.8401609657313,-2.01824722640786
13.7447909267754,-2.86979382960031
13.6986301369863,-3.58888498294997
13.6500780654601,-0.658512442890593
13.5560178532937,-2.37031570726823
13.5135135135135,-3.10198712389522
13.4626057929891,-3.27946260203488
13.3698374182495,-3.08595559811779
13.3333333333333,0.687408069650549
13.2777082935543,-0.876221655837678
13.1862140139475,-2.45793112560669
13.1578947368421,-2.42992286668736
13.0953502048267,-2.92733761209849
13.0051125217341,-2.61168582972912
12.987012987013,-3.53619118473086
12.9154966501488,-3.49330131450169
12.8264983052806,-1.57656430432147
12.8205128205128,0.0168039929554782
12.7381132318648,-2.73390786229306
12.6582278481013,-2.81917439574006
12.650337203959,-0.885278442674017
12.5631660247412,-3.09292241882253
12.5,-1.54277811302209
12.4765955263087,-2.54227335268767
12.3906215694792,-2.40327637980438
12.3456790123457,-3.27692264923099
12.3052400435926,-3.65078050470681
12.2204468663149,1.56339254568777
12.1951219512195,0.899336200725362
12.1362379834424,-2.27933796587497
12.0526093687084,-3.04718259723507
12.0481927710843,-3.43413734337009
11.9695570235904,1.29600682917861
11.9047619047619,-2.58631163687572
11.887076977119,-1.05299616481097
11.8051652856881,-3.10011218955632
11.7647058823529,-3.27059201351373
11.723818032866,-2.17435996054651
11.6430313292088,-0.182923930538645
11.6279069767442,-3.4112742638775
11.5628013120738,-2.98914043793105
11.4942528735632,-3.00885447577358
11.4831241454351,-2.92660142330039
11.4039960197003,-3.30865954311239
11.3636363636364,-2.54529401445766
11.3254131515281,-2.59483068527352
11.2473717836475,-2.14470591685234
11.2359550561798,-3.54140606665846
11.1698681846782,-3.45771227880528
11.1111111111111,-0.35936266118902
11.0928986489522,-2.66991499528462
11.0164594963366,-2.42294919866502
10.989010989011,-1.70889523596362
10.9405470720574,-2.99708047601306
10.8695652173913,-0.83249378194544
10.8651577465254,0.181230048806204
10.7902879151618,-2.61518491038101
10.752688172043,-3.07959784415167
10.7159339982267,-2.70259059896524
10.6420924406472,0.257004766402521
10.6382978723404,0.341428527442265
10.568759711848,-2.17748392911779
10.5263157894737,-3.62244310604795
10.4959323055823,-2.87439658153665
10.423606739764,-3.17837592609545
10.4166666666667,-3.54708498090396
10.3517795563018,-2.46962446908555
10.3092783505155,-3.51288654898742
10.2804473209331,-3.42548646861816
10.2096066230605,-2.94641279435178
10.2040816326531,-3.38477485976112
10.1392540755882,-0.244078770894286
10.1010101010101,-2.53498261695223
10.0693863147603,-3.06258853500993
10,-3.26192135713451
10,-3.26192135713471
9.9310918137498,-2.67344108842014
9.9009900990099,-1.52522919822435
9.86265846131282,-0.993516336916524
9.80392156862745,-3.62324074118903
9.79469667069539,-0.619415951912894
9.72720319245054,-3.34776752457197
9.70873786407767,-3.4918326116353
9.66017479952265,-3.00423706986542
9.61538461538461,-1.49633171371461
9.59360828709314,-1.4607586677251
9.52750047242729,-2.56596339857337
9.52380952380952,-2.60287254734628
9.461848194722,-3.17739364181851
9.43396226415094,-2.43418966527376
9.39664831495469,-2.8672110000917
9.34579439252336,-2.59827461372459
9.33189771573324,-1.79630820516031
9.26759330114688,-1.85771338615437
9.25925925925926,-2.16019453550355
9.20373199661822,-3.6141864211175
9.1743119266055,-3.18527265060929
9.14031074875623,-3.61063616326207
9.09090909090909,-3.28335991623968
9.07732652521023,-2.914754932977
9.01477631452492,-2.87396192347598
9.00900900900901,-2.89196827532946
8.9526571259964,-1.16891277030366
8.92857142857143,-1.94692122537814
8.89096598952916,-2.2305795773871
8.84955752212389,0.244035851169675
8.82969995549409,-3.41133901948914
8.7719298245614,-2.96846078870952
8.76885609458743,-2.85249864125076
8.70843149769072,-3.39355144535532
8.69565217391304,-2.87885120251023
8.64842327573172,2.16347673123507
8.62068965517241,0.567204503672618
8.58882855954625,-3.10415540428881
8.54700854700855,-1.40140002850601
8.52964449974102,-2.78156207506354
8.47457627118644,-1.51047156046466
8.47086826655741,-1.33516522783388
8.41249704973612,-3.34569649276782
8.40336134453781,-1.96476764645153
8.35452805838287,-2.16657759386863
8.33333333333333,-2.02568045300496
8.29695852083491,-3.20330666313405
8.26446280991736,-1.20619561685397
8.23978568452852,-2.49398179299477
8.19672131147541,-3.37007821426364
8.18300681586739,-2.94886726637365
8.13008130081301,-2.48833152126631
8.12661920009195,-2.66337784731545
8.0706201411495,-0.698342385044877
8.06451612903226,-2.78369147635255
8.01500696156541,-3.20949439250533
8,-3.41303434325816
7.95977700231498,-3.60559549968861
7.93650793650794,-1.55503894136539
7.90492762269642,-0.871264867653177
7.8740157480315,-2.95119718364371
7.85045620020451,-3.39207766673926
7.8125,-3.50762803662011
7.79636013040523,-2.01327393818043
7.75193798449612,-3.62178316066463
7.74263682681127,-3.50786626489049
7.69230769230769,-3.52521849032054
7.68928372075831,-3.63762412041545
7.63629826128224,-2.90465964074563
7.63358778625954,-2.70543129262431
7.58367791499719,-3.58456898384987
7.57575757575758,-3.5800993911066
7.53142016597437,-1.84662538235407
7.5187969924812,-1.9550319553705
7.47952251562182,-3.34028517973355
7.46268656716418,-2.24501344811464
7.42798248256492,-2.31677312935299
7.40740740740741,-1.58709200724091
7.37679760252773,-3.53265162793631
7.35294117647059,-0.615170173692188
7.32596542821523,-3.29528922134993
7.2992700729927,-2.51832072283785
7.27548352919623,-2.64210152005053
7.2463768115942,-3.11148362276368
7.22534949178722,-3.61215549184019
7.19424460431655,-0.447998381110334
7.17556091893693,-3.3156212128943
7.14285714285714,-3.62792949920118
7.12611543011175,-2.77014329231782
7.09219858156028,-2.07608929824182
7.07701066118189,-3.12969370045677
7.04225352112676,-0.640420164964648
7.02824426430835,-3.15202398053925
6.99300699300699,0.63519737738675
6.97981390783066,-3.45414721580952
6.94444444444444,-1.7931076016214
6.93171727615541,-3.65859094778032
6.89655172413793,-1.7374006766778
6.8839520696455,-3.15010240346906
6.84931506849315,-1.55072579500758
6.83651600451024,-1.45507615283905
6.80272108843537,-3.46000886505173
6.78940681269611,-2.49113320911335
6.75675675675676,-3.44463484926235
6.74262224177834,-2.31222642107518
6.71140939597315,-2.75730419690806
6.69616005485322,-3.11897604092642
6.66666666666667,-3.57015095387829
6.65001803043112,-3.30298731662925
6.62251655629139,-3.51638310227899
6.6041939623303,-2.99937054466771
6.57894736842105,-3.4798533145116
6.55868565957143,-1.24569309149329
6.5359477124183,-3.31370215897926
6.5134909462728,-3.47478438780281
6.49350649350649,-0.909508281057565
6.46860766154633,-2.23261021197903
6.45161290322581,-3.19932324405665
6.42403365939419,-3.22143141844141
6.41025641025641,-2.40119847854013
6.37976680860628,-1.72598517099582
6.36942675159236,-2.91474489608715
6.33580499265825,-2.0153143524396
6.32911392405063,-2.5102172731102
6.29214610961034,-3.30128047163974
6.28930817610063,-3.62964000117078
6.25,-3.18883366180845
6.24878807200689,-3.31490823349882
6.2111801242236,-1.374818016351
6.2057288067765,-3.19127987135122
6.17283950617284,-2.74649989445599
6.16296625513294,-2.00528204096518
6.13496932515337,-2.10826234321218
6.1204983724767,1.38553540059029
6.09756097560976,-2.8387601480373
6.07832312829723,-1.22769993153558
6.06060606060606,-1.84708477224539
6.03643850607587,-3.40195863940446
6.02409638554217,-3.08234834046901
5.99484250318941,-2.61982811757015
5.98802395209581,-1.16882545009129
5.95353313081437,-2.30180105969974
5.95238095238095,-2.17409959164301
5.91715976331361,-2.32002078282512
5.91250841383188,-2.53414568532475
5.88235294117647,-3.32013461198285
5.87176639073326,-3.52851801175948
5.84795321637427,-1.65825439366229
5.83130511352622,-1.02018666173783
5.81395348837209,-3.61156835488479
5.79112264764176,-3.59671101885102
5.78034682080925,-3.38087070797253
5.75121707184161,-3.47227549003405
5.74712643678161,-0.254456686262794
5.71428571428571,-3.32269309793063
5.71158647812643,-0.47379661084896
5.68181818181818,-3.32088343251835
5.67222897164454,-3.30387296703612
5.64971751412429,-2.33302176271159
5.63314267060136,-1.48806054630902
5.61797752808989,-3.20652368216302
5.59432570616938,-2.90332919265749
5.58659217877095,-2.18753570643384
5.55577622239888,-1.71560307443861
5.55555555555556,-1.92591343956455
5.52486187845304,-2.5010988853114
5.51749237612913,-3.03806610528523
5.49450549450549,-3.23875330623563
5.47947233690029,-2.24945606648562
5.46448087431694,-2.62151333794371
5.44171428686589,-2.04660937447324
5.43478260869565,-3.37649978455702
5.40540540540541,-2.7925159478883
5.40421642070592,-2.77796324372467
5.37634408602151,-3.06077109307794
5.36697694554048,-2.21529631874999
5.3475935828877,-2.10611422036085
5.32999408084409,-3.05589673745363
5.31914893617021,-3.27865341604562
5.29326605836056,-3.05819379970928
5.29100529100529,-2.89333915064095
5.26315789473684,-3.40589763635112
5.25679112201842,0.112330678990436
5.23560209424084,-3.43350318239559
5.22056752784698,-0.18266717411178
5.20833333333333,-2.10019966858389
5.18459354389291,-2.94797178357096
5.18134715025907,-3.34040366529383
5.15463917525773,-2.03135728654378
5.14886745013749,-2.71225758720528
5.12820512820513,-3.65729046989325
5.11338753841433,-3.15775105777414
5.10204081632653,-3.24412526629639
5.07815211232767,-3.2723732388912
5.0761421319797,-0.320952836509075
5.05050505050505,-3.65980726818263
5.04315948717136,-0.756725803503609
5.0251256281407,-2.00516649941197
5.00840798984821,-3.59135313147705
5,-3.01771761191697
4.97512437810945,-3.3322224283881
4.97389595879006,-2.25425829473611
4.95049504950495,-3.55861028460022
4.93962174387832,-3.54969335167588
4.92610837438424,-1.96394103051078
4.90558370636505,-3.41707488974422
4.90196078431372,-2.44104863621579
4.8780487804878,-2.54174599927195
4.87178021879463,-2.64973830983255
4.85436893203883,-2.23522715084591
4.83820966492596,-2.76771176195462
4.83091787439613,-3.60804257155838
4.80769230769231,-3.38098484841366
4.80487043965513,-3.12188912496152
4.78468899521531,-0.406649937021892
4.77176094893875,-3.38071622416457
4.76190476190476,-1.59422212231844
4.739336492891,-3.4509247705174
4.73887960971765,-3.35182754574744
4.71698113207547,-3.46618056760861
4.70622484984128,-3.27978243515376
4.69483568075117,-2.61816954884606
4.67379510799246,-3.59480596882447
4.67289719626168,-3.38979317858697
4.65116279069767,-3.46656090044005
4.64158883361278,-2.5579535323648
4.62962962962963,-0.948601990910571
4.60960448682843,-2.70555163116266
4.60829493087558,-3.03064435696448
4.58715596330275,0.118142242738448
4.57784053837662,-2.94488429581353
4.5662100456621,-3.49730074106462
4.5462954695324,-3.45070819306404
4.54545454545455,-3.25920531220815
4.52488687782805,-3.07821936707874
4.5149677720361,-2.90032492180436
4.5045045045045,-0.493964609902558
4.48430493273543,-3.36011124608388
4.48385594802119,-3.05547665490816
4.46428571428571,-2.88383878010672
4.45295850994265,-0.891726419745349
4.44444444444444,-3.59801427086286
4.42477876106195,-3.45354433070478
4.4222739805059,-3.12528851712521
4.40528634361233,-3.64541200417731
4.39180089259609,-1.54914315734252
4.3859649122807,-2.92102464815432
4.36681222707424,-3.29959582823174
4.361537789208,-3.53374026207005
4.34782608695652,-3.098962241839
4.3314832233764,-3.19282591950919
4.32900432900433,-3.49004897770727
4.31034482758621,-0.607346496978532
4.30163575810679,-1.75172912288728
4.29184549356223,-2.82565555273119
4.27350427350427,-3.55693108190961
4.27199396630678,-3.43241319027033
4.25531914893617,2.66263357765097
4.24255643071778,-3.62440165687324
4.23728813559322,-3.63825639186693
4.21940928270042,-3.08442112506018
4.21332174384729,-3.5632307573792
4.20168067226891,-1.60589445668118
4.18428850790158,-0.645677299543915
4.18410041841004,0.0174641590942217
4.16666666666667,-3.26160032622233
4.15545533471888,-3.30673022748861
4.149377593361,-2.3055914351115
4.13223140495868,-2.35182214701357
4.12682084570295,-2.97964200283551
4.11522633744856,-2.50013744809727
4.09838367175726,-3.28993887159354
4.0983606557377,-3.30922280237287
4.08163265306122,-3.13387717417914
4.07014245321944,-3.49033592395495
4.0650406504065,-3.44841378853651
4.04858299595142,-3.39764021125195
4.04209583979631,-3.06736427199142
4.03225806451613,-3.62941000708788
4.01606425702811,-2.83655447690931
4.01424249049932,-2.99769495525255
4,-2.63980897720701
3.98658107358044,-3.11577394723677
3.98406374501992,-3.00200979346577
3.96825396825397,-2.41755291556383
3.95911026646846,-1.97053024201365
3.95256916996047,-2.95727222411319
3.93700787401575,-2.72339578124096
3.93182875570577,-1.59748634609449
3.92156862745098,-3.02218272007478
3.90625,-2.87873643449567
3.90473523688556,-2.93197083252299
3.89105058365759,-2.72805869013457
3.87782841458946,-2.82612566541963
3.87596899224806,-2.2851097291017
3.86100386100386,-2.74340377047947
3.85110700232557,-2.79038969428465
3.84615384615385,-3.31551568050848
3.83141762452107,-1.42608185899378
3.824569722467,-3.64117385075486
3.81679389312977,-1.09972974067609
3.80228136882129,-3.3653150125498
3.79821530619074,-3.61376807158494
3.78787878787879,-2.7242846833797
3.77358490566038,-2.5082547802619
3.772042493417,-2.38565161550407
3.7593984962406,-3.40480920576565
3.74605003274899,-3.04799279088443
3.74531835205992,-2.90745534130881
3.73134328358209,-3.32237288356985
3.72023668141307,-1.81236484947997
3.71747211895911,-3.32556217810714
3.7037037037037,-1.25370468012131
3.6946012051993,-3.53290598355705
3.690036900369,-3.5255300356324
3.67647058823529,-2.83580507607534
3.66914237840249,-2.82509423962424
3.66300366300366,-1.90469386850584
3.64963503649635,-1.26503859333531
3.64385898376355,-0.663441764422468
3.63636363636364,-3.25814685839763
3.6231884057971,-3.38420095456793
3.61874981241128,-2.0427154696316
3.6101083032491,-1.96636856935454
3.59712230215827,-3.14804035550643
3.59381366380463,-3.44871892233656
3.584229390681,-2.23889833596528
3.57142857142857,-2.9162696475082
3.56904934567523,-0.17905008846797
3.55871886120996,-3.57627544844332
3.54609929078014,-2.44226718427886
3.54445567397043,-2.85647629961052
3.53356890459364,-3.60012148843439
3.52112676056338,-2.04888394608711
3.52003147279668,-2.95555872132042
3.50877192982456,-1.83854207629495
3.4965034965035,-2.74769451208111
3.49577557436328,-2.37946009571747
3.48432055749129,-2.36256972621494
3.47222222222222,-3.48225211138434
3.47168681892656,-3.12528577367869
3.46020761245675,-1.85730960226631
3.44827586206897,-3.64078764542001
3.44776405473446,-3.24448825679699
3.43642611683849,-2.70192467275931
3.42465753424658,-3.65422595561564
3.42400613797142,-2.85548625522777
3.41296928327645,-3.04432758132144
3.40136054421769,-1.83302323692531
3.40041193270371,-3.64883898699217
3.38983050847458,-2.99088629715991
3.37837837837838,3.10946367903263
3.37698031082509,-2.88083150345657
3.36700336700337,-2.82510199443565
3.35570469798658,-2.84252189402407
3.35371015200293,-3.34620705917142
3.34448160535117,-0.729626144002803
3.33333333333333,-1.36465768868028
3.33060034362459,-1.68872846732453
3.32225913621262,-3.43518788021135
3.3112582781457,-1.13213869508165
3.30764978074424,-3.10473635404595
3.3003300330033,-0.310311304952545
3.28947368421053,-3.49602040530858
3.28485736603004,-1.79958315847973
3.27868852459016,-3.28993748923143
3.26797385620915,-3.59533618230402
3.26222200971167,-3.43222520134985
3.25732899022801,-1.46768871135331
3.24675324675325,-3.62332524197599
3.2397426295282,-3.01856356674916
3.23624595469256,-3.61828804527358
3.2258064516129,-3.63618696859121
3.21741815067637,-3.15161995342019
3.21543408360129,-0.671854377065539
3.20512820512821,-2.58329217254309
3.19524750575921,-3.00352730463153
3.19488817891374,-2.78836905731911
3.18471337579618,-0.600251424890227
3.17460317460317,-3.46503069810653
3.17322963473498,-2.43863669504808
3.16455696202532,-1.37118680885713
3.15457413249211,-2.23421615832226
3.15136348486648,-2.41103202022993
3.14465408805031,-3.27874040878849
3.13479623824451,-2.78338559229412
3.12964801067075,0.661835130590522
3.125,-2.74531869140751
3.11526479750779,-3.23974812740642
3.10808217386906,-3.53590698852461
3.1055900621118,-3.12549177078203
3.09597523219814,-2.2844121554334
3.08666494333727,-2.47413385063346
3.08641975308642,-1.94237757271592
3.07692307692308,-2.41864962435802
3.06748466257669,-3.12471530965605
3.06539529505653,-3.36930186763878
3.05810397553517,-1.71133789577866
3.04878048780488,-2.77149730718348
3.0442722120643,-3.40572875336984
3.03951367781155,-3.31688763031014
3.03030303030303,-2.32304072718339
3.02329468440578,-1.41392623574005
3.02114803625378,-1.47426556662851
3.01204819277108,-3.5363670271392
3.003003003003,-3.06943661491739
3.00246170908555,-2.29731509125322
2.9940119760479,-3.51556793545243
2.98507462686567,-2.84779235962786
2.98177229001967,-3.2005982341909
2.97619047619048,-2.44078287051264
2.9673590504451,-2.62529328805239
2.96122543798803,0.211639489610453
2.9585798816568,-3.27397102868793
2.94985250737463,-3.62887324385114
2.94117647058824,-0.250437813354647
2.94082017058706,-1.55528766626169
2.93255131964809,-3.42930725036613
2.92397660818713,-3.63245576131383
2.92055551218275,-3.5449972565609
2.91545189504373,-3.25684619930341
2.90697674418605,-2.97281393547244
2.90043049386399,-3.28385096997514
2.89855072463768,-3.46276337786683
2.89017341040462,-1.73505653796085
2.88184438040346,-3.26988940555422
2.8804441533963,-3.63293953077668
2.8735632183908,-3.41980308173727
2.86532951289398,0.134831816682625
2.86059553517574,-2.5992995045979
2.85714285714286,-1.22835524375214
2.84900284900285,-3.15875784799699
2.84090909090909,-2.80461651174466
2.8408836901833,-2.84042346237761
2.8328611898017,-3.15452399042725
2.82485875706215,-2.37051251094699
2.82130767593947,-0.638674612026231
2.8169014084507,-2.99495275764404
2.80898876404494,-3.48319183083488
2.8018665564592,-2.14611041551073
2.80112044817927,-0.709822044568237
2.79329608938547,-3.23509243861575
2.78551532033426,-3.19496865067266
2.78255940220712,-3.65319243532461
2.77777777777778,-2.72172384027864
2.77008310249307,-3.11256074935714
2.76338529005317,-2.58073292506351
2.76243093922652,-3.51238313885487
2.75482093663912,-0.290322361637616
2.74725274725275,-2.96878229113828
2.74434330322836,-3.47978431554064
2.73972602739726,-3.58780609606314
2.73224043715847,-2.51386789881748
2.72543253128103,-3.56886761583631
2.72479564032698,-1.18692766356686
2.71739130434783,-2.71035062807423
2.710027100271,-3.39463767006806
2.70665207003324,-3.62947785316676
2.7027027027027,-3.46356827435649
2.69541778975741,-1.63360192971352
2.68817204301075,-0.867075970238186
2.68800102153761,-0.829954547906577
2.68096514745308,-0.628042886147266
2.67379679144385,-3.27359986332662
2.66947849403432,-3.09304227293826
2.66666666666667,-0.128123901974713
2.65957446808511,-3.37428013231219
2.6525198938992,-3.25672645127853
2.65108360190854,-3.13862256843908
2.64550264550265,-2.14862395416433
2.63852242744063,-1.47245862495826
2.63281546564802,-1.35306321770333
2.63157894736842,-1.71711182990021
2.6246719160105,-3.57711996612157
2.61780104712042,-3.62487838107166
2.61467321180109,-1.43969807853186
2.61096605744125,-3.31197579890489
2.60416666666667,-3.31748898535484
2.5974025974026,-2.51007431508513
2.59665597293487,-2.89866039040994
2.59067357512953,-2.98580919991327
2.58397932816537,-3.3046244858087
2.5787628875938,-3.32023144658664
2.57731958762887,-3.605014708652
2.5706940874036,-2.89974914801747
2.56410256410256,-1.87342213258982
2.56099310025846,-3.55649383722875
2.55754475703325,-2.6511534071481
2.55102040816327,-0.726908759843904
2.54452926208651,-3.53863352706143
2.54334576130465,-3.3354579686901
2.53807106598985,-3.19387711855573
2.53164556962025,-3.661154435103
2.52582002696278,-3.34523108785926
2.52525252525253,-3.17210888499097
2.51889168765743,-3.53728481640335
2.51256281407035,-1.91896670752935
2.50841505927754,-2.93588651987992
2.5062656641604,-3.58018362260081
2.5,-2.17559326567136
2.49376558603491,-2.03364103940906
2.49113002606779,-1.36323910798061
2.48756218905473,-1.92350372068703
2.48138957816377,-3.14964047285441
2.47524752475248,-1.93835435054388
2.47396410088681,-2.42383296663116
2.46913580246914,-3.44344416756017
2.46305418719212,-3.42287975948563
2.45700245700246,-1.03006520183423
2.45691646298279,-0.588665902275419
2.45098039215686,-3.44609953838194
2.44498777506112,-3.31254653077111
2.43998629725955,-3.63778335321966
2.4390243902439,-2.57793646562923
2.4330900243309,-3.65734884434679
2.42718446601942,-3.56357884562187
2.4231727942376,-2.47659339229592
2.42130750605327,-3.3518553044001
2.41545893719807,-2.35522960373272
2.40963855421687,-2.7619191665408
2.40647515001542,-1.92497650224429
2.40384615384615,-2.15380906645968
2.39808153477218,-3.57562527674734
2.39234449760766,-1.95457142638089
2.38989256623105,-2.01006009141063
2.38663484486874,-0.71657913572552
2.38095238095238,-2.95839457386351
2.37529691211401,-2.83407333829721
2.37342425002387,-2.98280805724807
2.3696682464455,-1.92299939610582
2.36406619385343,-3.63839456412533
2.35849056603774,-3.2529863949283
2.35706941399673,-2.61743249412298
2.35294117647059,-1.10579146025598
2.34741784037559,-3.6333162405172
2.34192037470726,-2.1115619720763
2.34082727617829,-2.95108411458558
2.33644859813084,-2.43283785311003
2.33100233100233,-3.20423256004507
2.32558139534884,-3.4053624304821
2.32469705998565,-3.36514594721471
2.32018561484919,-2.39385685166773
2.31481481481481,-3.44135606663398
2.3094688221709,-1.51039302732316
2.30867799418717,-2.78633077766495
2.30414746543779,-3.11155921120128
2.29885057471264,-2.78360422277047
2.29357798165138,-1.45908923505645
2.29276931286565,-3.09952218937054
2.2883295194508,-3.53885187349523
2.28310502283105,-3.47656033203851
2.27790432801822,-2.22823602370338
2.27697025538168,-2.54208568365884
2.27272727272727,-3.28713946804062
2.26757369614512,-2.61554339231126
2.26244343891403,-2.06326728842243
2.26128006633728,-3.44735484071536
2.25733634311512,-3.03942656145334
2.25225225225225,-0.713125109603747
2.24719101123596,-2.56450096118278
2.24569799553977,-3.03859573055403
2.24215246636771,-3.24058822933783
2.23713646532438,-1.23266198633224
2.23214285714286,-3.53757138396763
2.23022329796594,-3.27611503750655
2.2271714922049,-3.49988521934311
2.22222222222222,-3.57328480756491
2.21729490022173,-1.98483656142651
2.21485523372636,-3.49692189402073
2.21238938053097,-3.5645793921479
2.2075055187638,-3.33500247175204
2.20264317180617,-1.97493150323036
2.19959306803007,-0.622381683637523
2.1978021978022,-2.82936700342592
2.19298245614035,-3.53701245769836
2.18818380743982,-3.64889628227878
2.18443607114943,-2.72568460702923
2.18340611353712,-3.17685520376592
2.17864923747277,-2.88939849140366
2.17391304347826,-3.49840823608356
2.16938351838518,-3.25294823884273
2.16919739696312,-3.55050800420944
2.16450216450216,-3.0537895704093
2.15982721382289,-2.9004728092929
2.1551724137931,-2.90125346476729
2.15443469003188,-2.92942439403835
2.1505376344086,-3.27814418877785
2.14592274678112,-3.04810169930071
2.14132762312634,-2.86059044828714
2.13958887134342,-3.31186750191533
2.13675213675214,3.4420596290433
2.13219616204691,-3.09538900905836
2.12765957446809,-3.46110618910377
2.12484535249888,-1.03274470488283
2.12314225053079,-0.907550708220621
2.11864406779661,-3.41339385003395
2.11416490486258,-3.18149368196985
2.1102034285686,-3.21931141170215
2.10970464135021,-3.58137146729701
2.10526315789474,-2.82148067655545
2.10084033613445,-3.59297731350041
2.09643605870021,-1.80406992348777
2.09566239948043,-3.27460280345407
2.09205020920502,-3.51635984481386
2.08768267223382,-3.37602043182003
2.08333333333333,-1.6350095161214
2.08122156998634,-3.42844367982878
2.07900207900208,-3.46548140889315
2.0746887966805,-2.71080913863535
2.0703933747412,-3.32281243281504
2.06688024962908,-2.98478753428251
2.06611570247934,-2.61119208486341
2.06185567010309,-3.3429795557523
2.05761316872428,-2.7976803561098
2.05338809034908,-3.17326441315815
2.05263775270925,-2.50019038007546
2.04918032786885,-3.51076398535924
2.04498977505112,-2.64355888278304
2.04081632653061,-2.70093692599435
2.03849339825246,-2.87061209327554
2.03665987780041,-3.01641547836102
2.03252032520325,-3.53741531752443
2.02839756592292,-2.66302798053239
2.0244465099768,-3.09584663931654
2.02429149797571,-2.46523982362769
2.02020202020202,-1.68911164011332
2.01612903225806,-3.32993936108626
2.01207243460765,1.86129251352795
2.0104964162605,-0.817080830771697
2.00803212851406,-2.23683842888122
2.00400801603206,-2.93547841324532
2,-3.53687701517405
1.99664245010979,0.014540710433967
1.99600798403194,-3.48137280298199
1.99203187250996,-3.38629813276757
1.98807157057654,-2.16821403291028
1.98412698412698,-3.63083652594771
1.98288394912707,-3.3325136959922
1.98019801980198,-3.15647119472178
1.97628458498024,-2.46281391637568
1.9723865877712,-3.05663606732282
1.96922025547917,-2.70444762982806
1.96850393700787,-3.66113113922533
1.96463654223969,-2.75711709047762
1.96078431372549,-3.46276062902588
1.95694716242661,-3.14488098073049
1.95565071586595,-3.50318085032425
1.953125,-3.15123008653354
1.94931773879142,-3.41351711339233
1.94552529182879,-2.66139830127237
1.94217468148903,-2.29624115382678
1.94174757281553,-2.75086873759839
1.93798449612403,-3.39089366585817
1.93423597678917,-2.5481175708834
1.93050193050193,-2.35825427713176
1.92879150802078,-2.85983094754156
1.92678227360308,-2.04000201984253
1.92307692307692,-0.646059888867351
1.91938579654511,-2.91561082658343
1.91570881226054,-3.34973429274977
1.91550055557353,-3.32313402115779
1.91204588910134,-2.05657038585393
1.90839694656489,-2.90382014877523
1.9047619047619,-3.49839621888544
1.90230118866894,-3.59540786964977
1.90114068441065,-3.62893260851201
1.89753320683112,-3.45502557077311
1.89393939393939,-3.48269026797758
1.89035916824197,-1.03203819049447
1.88919277620767,-1.16742242819982
1.88679245283019,-3.35842405032924
1.88323917137476,-3.36564163504049
1.8796992481203,0.872985639747459
1.87617469143912,-2.603229536346
1.87617260787992,-2.58594874478903
1.87265917602996,-2.9279301827225
1.86915887850467,-3.24842817601667
1.86567164179104,-2.36245408690435
1.86324631193156,-3.62849805759408
1.86219739292365,-3.52374809277792
1.85873605947955,-2.94018393687854
1.85528756957328,-2.61934550629361
1.85185185185185,-2.86541316976313
1.8504070195423,-3.42644242934146
1.84842883548983,-3.66137887239655
1.8450184501845,-1.27537082021318
1.84162062615101,-3.02869730039974
1.83823529411765,-2.50963888170291
1.83765620038817,-3.55308308548127
1.8348623853211,-2.54058407330255
1.83150183150183,-3.64276409440655
1.82815356489945,-1.83550820530287
1.82499324481615,-3.45665475116256
1.82481751824817,-3.22410022718496
1.82149362477231,-1.0342550258798
1.81818181818182,-3.46020677964362
1.81488203266788,-3.32572846567042
1.81241754737424,-2.50717545561578
1.81159420289855,-3.4886644607174
1.80831826401447,-2.73636294173358
1.80505415162455,-3.42383420921537
1.8018018018018,-1.38408566472902
1.79992850678248,1.39142756092678
1.79856115107914,-2.48805869911423
1.79533213644524,-3.64587258579568
1.7921146953405,-2.54759301176297
1.78890876565295,-2.68144710426757
1.78752552590424,-1.40688435422932
1.78571428571429,-2.88671599641604
1.7825311942959,-2.02848264898536
1.77935943060498,-2.05734926441003
1.77619893428064,-3.25205119123383
1.77520801171763,-2.09795581306731
1.77304964539007,-2.90242624306206
1.76991150442478,-3.62635486053677
1.76678445229682,-0.552146226150948
1.7636684303351,-1.89575082788037
1.76297537528721,-2.22692907130216
1.76056338028169,-3.39031826668384
1.75746924428822,-3.18986837094293
1.75438596491228,-3.03778953556836
1.75131348511384,-3.57385947681173
1.75082703173572,-2.90814921618134
1.74825174825175,-1.76260886780004
1.74520069808028,-1.73546589638904
1.74216027874564,-3.43100288630988
1.73913043478261,-2.9082790831393
1.73876240021625,-3.39049868000098
1.73611111111111,-3.04847595286112
1.73310225303293,-3.4785406185707
1.73010380622837,-2.03444447662737
1.72711571675302,-3.62780829617032
1.72678090388436,-1.14178646487006
1.72413793103448,-2.35844374408112
1.72117039586919,-3.2121750535655
1.71821305841924,-1.34103653619145
1.71526586620926,-3.30060303281122
1.71488196987054,-3.43605909679801
1.71232876712329,-1.61067028842687
1.70940170940171,-0.367564272049928
1.70648464163823,-3.35906514093422
1.70357751277683,-3.61025517552239
1.70306502925284,-2.22972416499796
1.70068027210884,-2.68976654113699
1.69779286926995,-3.41898960159717
1.69491525423729,-1.92021636579762
1.69204737732657,-3.45228660098563
1.69132951702965,-3.27126067507681
1.68918918918919,-3.03748843502107
1.68634064080944,-3.25982892877287
1.68350168350168,-3.51729502266191
1.68067226890756,0.706194572680961
1.67967487209265,-3.62723017717228
1.67785234899329,-1.99289638966628
1.6750418760469,-1.93079571451407
1.67224080267559,-3.6176588516685
1.669449081803,-2.11441755599021
1.66810053720006,-2.09114577076529
1.66666666666667,-3.2408246139024
1.66389351081531,-3.61274118854423
1.66112956810631,-3.00824200039549
1.65837479270315,-3.59689764326709
1.65660595894991,-2.72100671118114
1.65562913907285,-1.31791522035696
1.65289256198347,-3.34819318099472
1.65016501650165,-3.47020235628714
1.64744645799012,-2.11002901264906
1.64519058775366,-2.25443325963515
1.64473684210526,-0.700852933139866
1.64203612479475,-2.4703226850173
1.63934426229508,-2.88226973369869
1.6366612111293,-2.60295580992347
1.63398692810458,-2.34281607978739
1.63385387780986,-1.44993261771851
1.63132137030995,-3.04448222588014
1.62866449511401,-2.43320174734749
1.6260162601626,-1.89478387122228
1.62337662337662,-2.77376834382097
1.62259528707809,-3.38930919450147
1.62074554294976,-3.4341358706177
1.61812297734628,-3.43567823003719
1.61550888529887,-3.65117434875436
1.61290322580645,-3.19801395508442
1.61141427725302,-3.1056899149366
1.61030595813205,-2.90166323912002
1.60771704180064,-3.62821033767896
1.60513643659711,-2.56630925724574
1.6025641025641,-3.43608821112745
1.6003103137387,-3.39937726667524
1.6,-1.2707629032097
1.59744408945687,-1.23945369625452
1.59489633173844,0.653586448008089
1.59235668789809,-1.07636742274051
1.58982511923688,-3.12911424447038
1.58928286562298,-3.00802163045303
1.58730158730159,-2.73527785342186
1.58478605388273,-2.22115607726733
1.58227848101266,-3.25680497714033
1.57977883096367,-2.42577776111774
1.57833140565212,-2.93026339836909
1.57728706624606,-1.43719147759888
1.5748031496063,-3.47937133264825
1.57232704402516,-1.86220020735335
1.56985871271586,0.353803572009515
1.5674554102056,-3.43232771693821
1.56739811912226,-2.85414240203452
1.56494522691706,-3.02709660275017
1.5625,-1.56065335438312
1.5600624024961,-2.91329685500583
1.55763239875389,-3.45486424626302
1.55665435927106,-2.31430951975845
1.5552099533437,-1.20669406772377
1.5527950310559,-2.97570125897989
1.55038759689922,-2.93202949400769
1.54798761609907,-1.89958391919238
1.54592773641948,-3.51411502794086
1.54559505409583,-3.4381082466828
1.54320987654321,-2.61496846378641
1.54083204930663,-3.33561058210402
1.53846153846154,-0.707387351680789
1.53609831029186,-2.74899963086339
1.53527502878042,-0.121710638411836
1.53374233128834,-3.55403988519562
1.53139356814701,-2.93862404754084
1.52905198776758,-3.43638732886604
1.52671755725191,-2.8311743342996
1.52469572701757,-3.33387658237695
1.52439024390244,-1.56981447047995
1.5220700152207,-3.40618923239303
1.51975683890577,-3.63801027719058
1.51745068285281,0.0799317841896725
1.51515151515152,-1.27291963911419
1.51418932530435,-3.36568032846715
1.51285930408472,-3.46324438640742
1.51057401812689,-3.53258221903335
1.50829562594268,-1.77590404339009
1.50602409638554,-3.14771211873291
1.50375939849624,-1.499371666533
1.50375532129974,-1.51126441907722
1.5015015015015,-1.91060385659231
1.49925037481259,-2.82985971530526
1.49700598802395,-3.52790976100278
1.49476831091181,-2.55965057762854
1.49339321612425,-1.21464786361922
1.49253731343284,-3.29332983901842
1.4903129657228,-2.93541335535293
1.48809523809524,-1.78414424995814
1.48588410104012,-1.95155918157824
1.48367952522255,-3.55679021416519
1.4831025143361,-2.67667349758924
1.48148148148148,-2.28243607481859
1.4792899408284,-3.26010052318848
1.47710487444609,-1.38737460743082
1.47492625368732,-3.13438697626746
1.4728827239075,-2.85296033945961
1.47275405007364,-2.93770246661146
1.47058823529412,-2.81906955779236
1.46842878120411,-2.862683696246
1.46627565982405,-3.41952140314502
1.46412884333821,-1.56238670329322
1.46273335620113,-1.48499687097221
1.46198830409357,-3.21149561977922
1.45985401459854,-3.47201033076702
1.45772594752187,-3.12745129216649
1.45560407569141,-3.32840877854762
1.45348837209302,-0.747531438090372
1.45265392594678,-3.52771679973393
1.45137880986938,-1.3044953329075
1.44927536231884,-1.90311360681842
1.44717800289436,-3.45912684304572
1.44508670520231,-2.96869401844826
1.44300144300144,-2.28875352935766
1.44264395121816,-1.38832530417026
1.44092219020173,-3.52850395646378
1.43884892086331,-2.1458642654221
1.4367816091954,-2.86630038745433
1.43472022955524,-1.53925084693149
1.43270295340983,-2.54543118301036
1.43266475644699,-2.90371229620906
1.43061516452074,-3.16190265160592
1.42857142857143,1.75347427893617
1.4265335235378,-0.429097947529736
1.42450142450142,-0.217560184522124
1.42283045721435,-3.16589301432559
1.42247510668563,-3.63984973392159
1.42045454545455,2.72745851145588
1.41843971631206,-3.18181884480803
1.41643059490085,-1.4078732560845
1.41442715700141,-1.84737006658603
1.41302599059953,-2.63852696138302
1.41242937853107,-3.24066550569206
1.41043723554302,-3.44157819036426
1.40845070422535,-3.37621802659764
1.40646976090014,-3.17430998871627
1.40449438202247,-2.80849004441385
1.40328908478587,-1.78137956790656
1.40252454417952,-3.33250084034996
1.40056022408964,-3.14181634383997
1.3986013986014,-3.58694855052506
1.39664804469274,-3.43764357301843
1.39470013947001,-1.62230313502824
1.39361927422414,-2.64996582346891
1.39275766016713,-3.19149396112986
1.39082058414465,-3.24686743755116
1.38888888888889,-3.02146708846693
1.3869625520111,-2.52374093528492
1.38504155124654,-3.32402344979563
1.38401609657313,-1.25223560558562
1.38312586445367,2.76690703347767
1.38121546961326,-1.23729389902068
1.37931034482759,-3.09702448829544
1.37741046831956,-0.499919677072323
1.37551581843191,-1.68691639904896
1.37447909267754,-2.30781070279634
1.37362637362637,-2.53899440065312
1.37174211248285,-2.30491530973508
1.36986301369863,-1.0335200177564
1.36798905608755,-2.37708367239703
1.36612021857923,-3.2611412770026
1.36500780654601,-1.149039424446
1.36425648021828,-2.11507188930089
1.36239782016349,-3.15794281696641
1.36054421768707,-1.49919506128723
1.35869565217391,-3.36044042719687
1.35685210312076,-3.24959380809686
1.35560178532937,-2.65457158943179
1.3550135501355,-2.65073444288238
1.3531799729364,-3.45725540135519
1.35135135135135,-3.53927271886688
1.34952766531714,-3.59056086050948
1.34770889487871,-2.87896435670388
1.34626057929891,-3.27482313351392
1.34589502018843,-2.36610211479073
1.34408602150538,-3.40489214547763
1.34228187919463,-1.87847863811627
1.34048257372654,-3.62008271997892
1.33868808567604,-3.51558665067203
1.33698374182495,-1.9410613289251
1.33689839572193,-2.08723280882584
1.33511348464619,-2.44825584139131
1.33333333333333,-3.29300795115132
1.33155792276964,-2.39179871171687
1.32978723404255,-1.63067092133262
1.32802124833997,-1.45240041306634
1.32777082935543,-2.92767937734952
1.3262599469496,-2.49298757872772
1.32450331125828,-2.47180259335054
1.32275132275132,-1.49600631497678
1.32100396301189,-2.38719560555789
1.31926121372032,-3.21794639063951
1.31862140139475,-3.34467785305945
1.31752305665349,-3.24733506391758
1.31578947368421,-2.62243066541198
1.31406044678055,-0.151798888866106
1.31233595800525,-2.70351053846381
1.31061598951507,-2.46757659645295
1.30953502048267,-2.97088238127592
1.30890052356021,-2.1271196161188
1.30718954248366,-0.573113440182463
1.30548302872063,-3.20628448802502
1.30378096479791,-3.04215402806274
1.30208333333333,-0.851931039858623
1.30051125217341,-2.93502573339854
1.30039011703511,-3.47845071062643
1.2987012987013,-3.05873333550759
1.2970168612192,-3.65370965270496
1.29533678756477,-2.51453637287407
1.29366106080207,-3.51521477289843
1.29198966408269,-2.91725757791321
1.29154966501488,-3.07845171873169
1.29032258064516,-3.19742037784173
1.28865979381443,-2.63585959565652
1.28700128700129,-3.55428563462162
1.2853470437018,4.82111138656156
1.28369704749679,-3.63276654862737
1.28264983052806,-2.7587455715748
1.28205128205128,-3.16389593330022
1.28040973111396,-2.29609871594463
1.27877237851662,-2.74823213176846
1.27713920817369,-2.9173313332818
1.27551020408163,-2.06438878738912
1.27388535031847,0.54843893035896
1.27381132318648,0.383646137889959
1.27226463104326,-3.57933001826471
1.27064803049555,-2.47750982173853
1.26903553299492,-3.44481423012247
1.26742712294043,-3.61463957256135
1.26582278481013,-2.2719079095746
1.2650337203959,-2.57483908760239
1.26422250316056,-0.175944499593679
1.26262626262626,-3.14238691637926
1.26103404791929,-3.22721472499706
1.25944584382872,-1.33784781418747
1.25786163522013,-1.54530710464943
1.25631660247412,-2.69539967609382
1.25628140703518,-2.63576106677955
1.25470514429109,-0.839127420774711
1.2531328320802,-2.48515829398051
1.25156445556946,-3.26823112197875
1.25,-3.64185382420821
1.24843945068664,-1.85813286132027
1.24765955263087,-1.01721969341225
1.24688279301746,-3.60359462165261
1.2453300124533,-2.32498636315163
1.24378109452736,-1.84750950489898
1.24223602484472,-2.78727378404964
1.24069478908189,-2.81006569148083
1.23915737298637,-2.12266937126933
1.23906215694792,-3.1456839832448
1.23762376237624,-2.32788442286774
1.23609394313968,-3.55889275980008
1.23456790123457,-3.62621651523652
1.23304562268804,-3.59741055279927
1.23152709359606,-3.5853373743122
1.23052400435926,-2.67340162561397
1.230012300123,-1.49657592532737
1.22850122850123,-2.86263024572296
1.22699386503067,-3.41727396224415
1.22549019607843,-2.97548327781827
1.22399020807834,-2.64831340081612
1.22249388753056,-3.19717661745828
1.22204468663149,-3.66323580485887
1.22100122100122,-2.1575680162601
1.21951219512195,-2.32221388915077
1.21802679658952,-0.845968117468924
1.21654501216545,-2.72748767440204
1.21506682867558,-1.03712175151734
1.21362379834424,-2.94237238114989
1.21359223300971,-2.40622410196392
1.21212121212121,-2.86380985962718
1.21065375302663,-2.46271750415623
1.20918984280532,-2.73741713309472
1.20772946859903,-2.91614899916764
1.20627261761158,-2.97002217001765
1.20526093687084,-3.4428217583124
1.20481927710843,-2.94777146485834
1.20336943441637,-2.68214851192151
1.20192307692308,-2.25325765774472
1.20048019207683,-1.76038881561486
1.19904076738609,-2.50656848589314
1.19760479041916,-3.45629223315874
1.19695570235904,-1.96811908676663
1.19617224880383,-3.40998563467955
1.194743130227,-3.35016293712088
1.19331742243437,-3.01508341523403
1.19189511323004,-0.97423966128711
1.19047619047619,-1.95608413777246
1.18906064209275,-3.63193624418819
1.1887076977119,-2.46418961143483
1.18764845605701,-0.43882320764224
1.18623962040332,-2.04699537179659
1.18483412322275,-3.27637202535861
1.18343195266272,-2.07441272156963
1.18203309692671,0.44916854700934
1.18063754427391,-2.73915737707541
1.18051652856881,-3.42347138178074
1.17924528301887,-3.04937226625027
1.17785630153121,-2.57835053806233
1.17647058823529,-2.84946385927015
1.17508813160987,-3.32096295127233
1.17370892018779,-3.57684253086468
1.1723818032866,-2.85404975429845
1.17233294255569,-2.74189271643324
1.17096018735363,-1.87161117658628
1.16959064327485,-1.8964867469519
1.16822429906542,-3.18197247484126
1.16686114352392,-1.08343038205326
1.16550116550117,-3.15260373771825
1.16430313292088,-3.58004687013941
1.16414435389988,-0.884973468503016
1.16279069767442,-2.96066501126124
1.16144018583043,-2.6778817712037
1.16009280742459,-3.14347496045486
1.15874855156431,-2.86471838387863
1.15740740740741,-2.38866124622266
1.15628013120738,-2.52878931080358
1.15606936416185,-0.92367306736774
1.15473441108545,-2.4240425265488
1.15340253748558,-3.04901381950641
1.15207373271889,-3.18178943083707
1.15074798619102,-3.4910340243269
1.14942528735632,-2.12027365027331
1.14831241454351,-3.65591660252398
1.14810562571757,-3.30595285754766
1.14678899082569,-0.875437748236844
1.1454753722795,-2.88140350238488
1.1441647597254,-1.83030729634667
1.14285714285714,-3.61493802387538
1.14155251141553,-1.49774778439349
1.14039960197003,-2.35231997945375
1.14025085518814,-1.83009224371888
1.13895216400911,-3.62685995666548
1.13765642775882,-3.58010224555779
1.13636363636364,-3.2876242849626
1.13507377979569,-3.40675262644892
1.13378684807256,-2.53341337365868
1.13254131515281,0.273485458662596
1.13250283125708,-0.605128401663459
1.13122171945701,-0.199077455874526
1.12994350282486,-3.18484615758303
1.12866817155756,-3.53775398979662
1.12739571589628,-1.51089684681933
1.12612612612613,-2.56393108602715
1.12485939257593,-2.96276635073876
1.12473717836475,-3.58371667478853
1.12359550561798,-3.22841537312974
1.12233445566779,-2.67599915176732
1.12107623318386,-0.152606788925946
1.11982082866741,-3.65936455651792
1.11856823266219,-2.88805654602045
1.11731843575419,-0.081866676105828
1.11698681846782,-1.851701205026
1.11607142857143,-2.48740419666627
1.11482720178372,-3.65643499846451
1.11358574610245,-3.30422472862197
1.11234705228031,-1.52833465403769
1.11111111111111,-2.44266799850551
1.10987791342952,-3.10076347147794
1.10928986489522,-1.33872776369888
1.10864745011086,-1.83343766156092
1.10741971207087,-3.55969122671011
1.10619469026549,-3.66042077293632
1.10497237569061,-3.33286852171131
1.1037527593819,0.330245947753032
1.10253583241455,-2.87455076377163
1.10164594963366,-3.12229388251837
1.10132158590308,-1.69066474168947
1.1001100110011,-1.94935468814107
1.0989010989011,-2.31646126039181
1.09769484083425,-3.17669996367563
1.09649122807018,-2.54537288261271
1.09529025191676,-1.94801509722056
1.09409190371991,-2.13170187383657
1.09405470720574,-2.04451126803446
1.09289617486339,-3.58914230160577
1.09170305676856,-2.83089393654005
1.09051254089422,-3.46035212074109
1.08932461873638,-1.91307686106959
1.08813928182807,-3.53594279347261
1.08695652173913,-2.11028720471422
1.08651577465254,-2.13332000477565
1.085776330076,-0.43325653897072
1.08459869848156,-3.51618218210335
1.08342361863489,-3.55307491033663
1.08225108225108,-1.18488502452582
1.08108108108108,-0.987234300528665
1.07991360691145,-3.10974286508722
1.07902879151618,-1.01472033295844
1.07874865156419,-3.65416475185217
1.07758620689655,-3.39006301672596
1.07642626480086,-2.9268412669718
1.0752688172043,-2.82922674883424
1.07411385606874,-1.0828602471587
1.07296137339056,-2.89827753636807
1.07181136120043,-2.41800228906497
1.07159339982267,-3.57941069408532
1.07066381156317,-3.21228681891683
1.06951871657754,-0.40706396127221
1.06837606837607,-2.25581614540196
1.06723585912487,-2.05174213976609
1.06609808102345,1.83860390899897
1.06496272630458,-3.34065755977341
1.06420924406472,-1.59366459271844
1.06382978723404,-2.47529905005059
1.06269925611052,-2.77461262864564
1.06157112526539,-3.02139347190758
1.06044538706257,-3.08447164242873
1.0593220338983,-2.36535982419856
1.05820105820106,-2.06080567229607
1.05708245243129,-2.11897604447604
1.0568759711848,-2.86548109521398
1.05596620908131,-3.47250233661678
1.05485232067511,-1.96141405182366
1.05374077976818,-2.38563313888887
1.05263157894737,-3.46670699120871
1.0515247108307,-2.04995103023129
1.05042016806723,-0.375456700752191
1.04959323055823,-3.6515389591792
1.04931794333683,-0.806498857661675
1.0482180293501,-3.08140668013761
1.04712041884817,-2.39692190450666
1.04602510460251,-2.07165578544801
1.04493207941484,-3.10863097166752
1.04384133611691,-3.13393395401784
1.04275286757039,-0.197650824398674
1.0423606739764,-2.63001735882589
1.04166666666667,-0.0214277454457585
1.04058272632674,-2.32578885791657
1.03950103950104,-2.81188598532081
1.03842159916926,-1.57717402109149
1.03734439834025,-3.41989764411083
1.03626943005181,-2.81584045446182
1.0351966873706,-3.33923481369471
1.03517795563018,-3.15033888604558
1.03412616339193,-3.00006444451749
1.03305785123967,-2.41375137516929
1.03199174406605,-3.17792026424145
1.03092783505155,-1.81186993934976
1.02986611740474,-3.66162983840133
1.02880658436214,-3.33190421019695
1.02804473209331,-1.13219485339674
1.02774922918808,-2.94186193654739
1.02669404517454,-2.78030795400557
1.02564102564103,-2.77683940465932
1.02459016393443,-2.28961265319712
1.02354145342886,-3.15343843730219
1.02249488752556,-3.60209945965179
1.02145045965271,-3.13522704365694
1.02096066230605,-3.50103528978537
1.02040816326531,-2.92432326059808
1.01936799184506,-1.48491274757263
1.0183299389002,-1.06080583942393
1.01729399796541,-3.30643139279659
1.01626016260163,-2.47739630097807
1.01522842639594,-1.80151186641249
1.01419878296146,-3.30671969891319
1.01392540755882,-3.20068787588398
1.01317122593718,0.395024039598515
1.01214574898785,-3.27895395935233
1.01112234580384,-2.220350747836
1.01010101010101,-3.36260872784792
1.00908173562059,-2.05108588467526
1.00806451612903,-2.81811709586658
1.00704934541793,-2.72318324543884
1.00693863147603,-2.50854464463891
1.00603621730382,-3.36451500057846
1.00502512562814,-3.36121988225836
1.00401606425703,-2.75102261972018
1.00300902708124,-3.32779506093164
1.00200400801603,-2.66136702900182
1.001001001001,-2.22531226064064
1,-1.33837220187872
