"bfp_output.P","bfp_output.logBF"
1000,-1.02736598333721
993.109181374979,-0.893521869677225
986.265846131283,-0.811319436185367
979.46966706954,-0.778381585082069
972.720319245055,-0.788150771758647
966.017479952265,-0.832892724753644
959.360828709315,-0.906745075079907
952.75004724273,-1.00762974259261
946.184819472201,-1.13751244218492
939.66483149547,-1.30105477137793
933.189771573324,-1.5030171942394
926.759330114689,-1.74505011647981
920.373199661823,-2.02288204601698
914.031074875623,-2.32511024033125
907.732652521023,-2.63434534997331
901.477631452492,-2.93031632682242
895.26571259964,-3.19346257307164
889.096598952916,-3.40743152920954
882.969995549409,-3.55982063014535
876.885609458743,-3.64168025939336
870.843149769073,-3.64702040887739
864.842327573172,-3.57365684398125
858.882855954625,-3.42611764277931
852.964449974103,-3.21968854888767
847.086826655741,-2.98223780685815
841.249704973612,-2.7496592663587
835.452805838287,-2.55497145740646
829.695852083491,-2.417747631528
823.978568452852,-2.34113538352646
818.300681586739,-2.31676611853099
812.661920009195,-2.33228977245706
807.06201411495,-2.37703574187996
801.500696156541,-2.44454317926958
795.977700231499,-2.53228983334484
790.492762269642,-2.63881501997913
785.045620020451,-2.75906253287546
779.636013040523,-2.88185587985371
774.263682681127,-2.99397460879977
768.928372075831,-3.08741580540463
763.629826128224,-3.16165286646609
758.367791499719,-3.22024023500391
753.142016597437,-3.26667992454163
747.952251562182,-3.30184385929702
742.798248256492,-3.32228113720394
737.679760252773,-3.31874129900906
732.596542821523,-3.27698281225538
727.548352919623,-3.18793334804384
722.534949178721,-3.06963258166753
717.556091893692,-2.97063757041131
712.611543011175,-2.92941640807917
707.701066118189,-2.9473783313072
702.824426430835,-3.00732787484322
697.981390783066,-3.09400808985974
693.17172761554,-3.19775833215179
688.39520696455,-3.30986985349231
683.651600451024,-3.41642908115896
678.940681269611,-3.49455715762506
674.262224177835,-3.5163831764746
669.616005485322,-3.46263083462325
665.001803043112,-3.33495208039956
660.419396233031,-3.15326889231933
655.868565957143,-2.94278881386394
651.349094627281,-2.72567962872402
646.860766154633,-2.52158451780486
642.40336593942,-2.35086228558022
637.976680860628,-2.23411350793999
633.580499265825,-2.18656271453271
629.214610961035,-2.21206624070551
624.878807200689,-2.30300606611784
620.57288067765,-2.44601465272786
616.296625513294,-2.62726476267026
612.04983724767,-2.83272151627998
607.832312829723,-3.04482660620148
603.643850607587,-3.2404319824691
599.484250318941,-3.39243438038569
595.353313081437,-3.47263812883927
591.250841383188,-3.45289089143175
587.176639073326,-3.30729187473649
583.130511352622,-3.02429954697298
579.112264764176,-2.63321898020827
575.121707184161,-2.22270322401398
571.158647812643,-1.90668218350343
567.222897164454,-1.75139052720636
563.314267060136,-1.74867503176751
559.432570616938,-1.85415277479084
555.577622239888,-2.02932990452394
551.749237612913,-2.25396642230141
547.947233690029,-2.51573786113108
544.171428686589,-2.7939109751028
540.421642070592,-3.05151339064313
536.697694554048,-3.23830228083856
532.999408084409,-3.29693416858243
529.326605836056,-3.17514593072984
525.679112201842,-2.8568488629515
522.056752784698,-2.39917007339805
518.459354389291,-1.92116301801895
514.886745013749,-1.53121274989827
511.338753841433,-1.27249671704153
507.815211232767,-1.13561866025277
504.315948717136,-1.10019805291254
500.840798984821,-1.16166706496021
500,-1.19231825850654
497.389595879006,-1.33022605893971
493.962174387832,-1.61250501269107
490.558370636505,-2.00003207377604
487.178021879463,-2.46785460158169
483.820966492595,-2.96389544309796
480.487043965513,-3.39193379960296
477.176094893875,-3.63090260545008
473.887960971765,-3.61278338294702
470.622484984128,-3.37654023880468
467.379510799247,-3.02211432507458
464.158883361278,-2.63717815534541
460.960448682844,-2.27557842950888
457.784053837662,-1.97095536151751
454.62954695324,-1.74724793673813
451.49677720361,-1.61952892377409
448.385594802119,-1.59941235659603
445.295850994266,-1.70382652256127
442.22739805059,-1.94680333729901
439.180089259609,-2.30631606340706
436.153778920801,-2.70226816844704
433.14832233764,-3.03741057134014
430.16357581068,-3.26511952729815
427.199396630678,-3.40025582382109
424.255643071778,-3.48077376582087
421.332174384729,-3.53526880675467
418.428850790158,-3.57587852280779
415.545533471888,-3.60555731397978
412.682084570296,-3.62510218153453
409.838367175726,-3.63490978489831
407.014245321944,-3.63368846254901
404.209583979631,-3.61687251064326
401.424249049932,-3.57380289187291
398.658107358044,-3.48349067252694
395.911026646846,-3.32037257477743
393.182875570577,-3.0913828879545
390.473523688556,-2.87501518301611
387.782841458946,-2.74936802384461
385.110700232557,-2.68471960721525
382.4569722467,-2.54520202770531
379.821530619074,-2.1006202255166
377.2042493417,-1.17153876750445
374.605003274899,-0.180121226637605
372.023668141307,0.124046864545922
369.46012051993,-0.275530587188892
366.914237840249,-0.97762699388674
364.385898376355,-1.28718313469336
361.874981241128,-0.264292997674413
359.381366380463,1.50782797316
356.904934567523,2.40610527068812
354.445567397043,1.82106336869952
352.003147279668,-0.0382579981253555
349.577557436327,-1.99097713231917
347.168681892656,-2.73543572179413
344.776405473446,-2.52949288489541
342.400613797142,-2.25776606717239
340.041193270371,-2.11697065527259
337.698031082509,-1.61630046631312
335.371015200293,-0.258494221566035
333.333333333333,1.57604212212722
333.060034362459,1.8441045002296
330.764978074424,3.90385668283641
328.485736603004,4.58224753009192
326.222200971167,2.8893485474596
323.97426295282,0.0629082272391388
321.741815067637,-1.9140101124817
319.524750575921,-2.52526398816571
317.322963473498,-1.95093306348017
315.136348486648,-0.540338308942931
312.964801067075,0.879835669694292
310.808217386907,1.45570912761635
308.666494333727,1.12636328692902
306.539529505653,0.297152645474218
304.42722120643,-0.470123826073613
302.329468440578,-0.488927946837872
300.246170908555,0.668431064687998
298.177229001967,2.47709552458908
296.122543798804,3.3056874306103
294.082017058706,2.4891535943594
292.055551218275,1.20246320571021
290.043049386399,0.205537837672598
288.04441533963,-0.691296486624604
286.059553517574,-1.2633966802844
284.08836901833,-0.597541316295984
282.130767593947,1.35723211626335
280.18665564592,2.80818978828286
278.255940220713,2.3042859659975
276.338529005317,0.298952387871414
274.434330322837,-1.88290818496962
272.543253128103,-2.94337769636574
270.665207003324,-1.82086758505319
268.800102153761,1.60170391277923
266.947849403432,5.78368487643134
265.108360190854,8.33816168958829
263.281546564802,7.59404156042173
261.467321180109,3.57858405756911
259.665597293487,-1.35779893966524
257.87628875938,-3.63221935286542
256.099310025846,-2.60749479751599
254.334576130465,-0.148594770229447
252.582002696278,2.43268306454626
250.841505927754,4.46761322368527
250,4.93514293136964
249.113002606779,4.67041163642314
247.396410088681,1.12755335141016
245.691646298279,-2.79198672430798
243.998629725955,-3.39353154463181
242.31727942376,-2.60643222858742
240.647515001542,-1.77284876359983
238.989256623105,-1.35432395288172
237.342425002387,-1.74612866245082
235.706941399673,-2.45345082087691
234.082727617829,-1.74769397964381
232.469705998565,-0.224086636847043
230.867799418717,0.42159514921453
229.276931286565,-0.851215219093812
227.697025538168,-2.84721570119781
226.128006633728,-3.28260310154213
224.569799553977,-1.24468256923522
223.022329796594,2.52793486720738
221.485523372636,6.61660370413948
219.959306803008,7.93209596826184
218.443607114943,3.60896721220322
216.938351838519,-1.69818208640897
215.443469003188,-3.45320644818996
213.958887134342,-1.99010518173445
212.484535249888,0.954750673841251
211.02034285686,2.7766592584671
209.566239948043,1.70688073986638
208.122156998634,-0.580296308483791
206.688024962908,-2.42812093540585
205.263775270925,-2.99857614023842
203.849339825246,-2.65486065689252
202.44465099768,-2.57201475573786
201.04964162605,-3.13311216597001
200,-3.50136641836998
199.664245010979,-3.5687172284132
198.288394912707,-3.58013933132862
196.922025547917,-3.35586549676553
195.565071586595,-3.34243402845815
194.217468148903,-3.3880640377461
192.879150802078,-3.23740428497124
191.550055557353,-3.219076769999
190.230118866895,-3.13290118197021
188.919277620767,-3.2489039924316
187.617469143912,-3.57506579118766
186.324631193156,-3.22333634052743
185.04070195423,-2.78529061906472
183.765620038817,-1.92735796585988
182.499324481615,-1.08598746514469
181.241754737424,-1.63916012049891
179.992850678248,-2.07819892217087
178.752552590424,-2.37722431846457
177.520801171764,-3.12637625108648
176.297537528721,-2.76681403647022
175.082703173572,-1.57560259758913
173.876240021625,0.232173845686323
172.678090388436,1.00450308018045
171.488196987054,-0.844191196367926
170.306502925284,-2.47741465163066
169.132951702965,-3.10767589242568
167.967487209265,-2.50073692605313
166.810053720006,-1.25014771186461
166.666666666667,-1.09821524494621
165.660595894991,0.211689225879401
164.519058775366,2.48605146905992
163.385387780986,4.23172062716408
162.259528707809,0.905616726843978
161.141427725302,-3.33318769370303
160.03103137387,-1.18784597498223
158.928286562298,4.28381183734597
157.833140565212,7.40144297092242
156.745541020559,2.90023848071637
155.665435927106,-3.10397944613156
154.592773641948,-2.09011117835628
153.527502878042,1.76592175857993
152.469572701757,2.52367466239649
151.418932530435,-0.727126448552222
150.375532129974,-3.42797637584693
149.339321612425,-1.77803570599645
148.310251433611,-0.879123851255694
147.28827239075,-1.94794521898948
146.273335620113,-3.27225392343051
145.265392594678,-2.37644186762609
144.264395121816,-2.1252124956549
143.270295340983,-1.96793315134793
142.857142857143,-1.91378414675385
142.283045721435,-1.61558173914731
141.302599059953,-0.883582685142879
140.328908478587,-2.4819236264356
139.361927422414,-1.59499140611414
138.401609657313,3.09833050393771
137.447909267754,6.90824331108668
136.500780654601,2.01244170840487
135.560178532937,-3.39605829790438
134.626057929891,-1.00382080636306
133.698374182495,3.87786953373437
132.777082935543,1.7440678816618
131.862140139475,-2.28426401571174
130.953502048267,-3.46956467489887
130.051125217341,-3.61160358464373
129.154966501488,-3.25183284920554
128.264983052806,-2.97117238097594
127.381132318648,-3.2716361410503
126.50337203959,-2.67287361772913
125.631660247412,-1.15043154379567
125,-0.532773485016359
124.765955263087,-0.895681017682572
123.906215694792,-3.3478587866429
123.052400435926,-3.30047637432836
122.204468663149,-1.668607954768
121.362379834424,-1.3455604872342
120.526093687084,-2.59687216348949
119.695570235904,-3.33131506882922
118.87076977119,-3.21489524878622
118.051652856881,-3.05575904194977
117.23818032866,-2.96408597585782
116.430313292088,-3.34889921041259
115.628013120738,-3.6597674525294
114.831241454351,-2.99727859272466
114.039960197003,-2.26465312537816
113.254131515281,-2.49375741858709
112.473717836475,-3.56544284463124
111.698681846782,-2.73928522284801
111.111111111111,-1.11894970075299
110.928986489522,-0.699356601106881
110.164594963366,-0.802097598443349
109.405470720574,-3.10399692160298
108.651577465254,-3.055913330905
107.902879151618,-1.57575880208385
107.159339982267,-1.29659236865465
106.420924406472,-2.67849670924484
105.68759711848,-1.4579886447609
104.959323055823,-0.497987632861718
104.23606739764,-3.1492607185694
103.517795563018,-2.62700074233829
102.804473209331,1.78070513974369
102.096066230605,0.354488291158551
101.392540755882,-2.61807238343307
100.693863147603,-0.859024641408506
100,-0.495631390925449
100,-0.495631390925449
99.310918137498,-1.42995064007438
98.6265846131283,-2.49515366182915
97.946966706954,-2.69861777957073
97.2720319245054,-2.55542068663466
96.6017479952265,-3.53795330925468
95.9360828709315,-2.88750151822647
95.2750047242729,-2.69878345013019
94.61848194722,-3.48131374499972
93.966483149547,0.818603969224218
93.3189771573324,0.0941439675802842
92.6759330114688,-3.5423028893468
92.0373199661823,-1.39725276249477
91.4031074875623,-0.678110870279435
90.9090909090909,-1.81072214583743
90.7732652521023,-1.76776079131524
90.1477631452492,-2.66521011062046
89.526571259964,-2.96098170009624
88.9096598952916,0.973974047749569
88.2969995549409,-0.334728446090518
87.6885609458743,-3.38650837308189
87.0843149769073,-0.225256103071909
86.4842327573172,-1.23332968942484
85.8882855954625,-2.96207369877738
85.2964449974102,-1.874219600458
84.7086826655741,-3.10826163665446
84.1249704973612,-2.3178485326557
83.5452805838287,-3.58922676584434
83.3333333333333,-3.0181238776101
82.9695852083491,-1.8939014022295
82.3978568452852,-3.2329412350697
81.8300681586739,2.67832582019581
81.2661920009194,-0.520671066707716
80.706201411495,-0.651951762008461
80.2028719106221,9.9233505088498
79.5977700231498,-1.45377486853421
79.0492762269642,-1.20009871595293
78.5045620020451,-0.26092509057754
77.9636013040523,1.05336079414049
77.4263682681127,-3.64792092647708
76.9230769230769,0.970247959998621
76.8928372075831,1.3139444479812
76.3629826128224,-3.12290293035694
75.8367791499719,-1.73035934607015
75.3142016597437,-3.03166028331567
74.7952251562182,-2.15950313739362
74.2798248256491,-2.66066190514673
73.7679760252773,-2.99897792452434
73.2596542821523,-2.42392173107391
72.7548352919623,-3.34621508482
72.2534949178722,-3.58472237673943
71.7556091893693,-2.24948598280367
71.4285714285714,-0.662271981102587
71.2611543011175,-1.49125515702012
70.7701066118189,-2.91738942307741
70.2824426430835,-0.369752828958677
69.7981390783066,-2.1717648463876
69.3171727615541,-3.283591617493
68.839520696455,-3.51446204294443
68.3651600451024,-1.2497107256057
67.8940681269611,-2.57889018360678
67.4262224177834,-2.33122183721145
66.9616005485322,-2.81991384524432
66.6666666666667,1.01875314204408
66.5001803043112,0.602076805776126
66.0419396233031,-1.44435156839374
65.5868565957143,-0.987235137710438
65.134909462728,-1.60603959866223
64.6860766154633,-2.48129441972345
64.2403365939419,-2.11190617937832
63.7976680860628,-3.21521973406397
63.3580499265825,-0.279805659192884
62.9214610961034,-2.22991298750641
62.5,-2.37968053009895
62.4878807200689,-2.42188449157042
62.057288067765,-2.67754695753011
61.6296625513294,-2.87695800603235
61.204983724767,-3.40775737427428
60.7832312829723,-1.49998026016193
60.3643850607587,-3.46783395411826
59.9484250318941,-2.75023685582793
59.5353313081437,-3.66067736099744
59.1250841383188,-3.65853645494256
58.8235294117647,-2.99279041056304
58.7176639073326,-1.99667882981249
58.3130511352622,-2.68910261730091
57.9112264764176,-2.6087905232183
57.5121707184161,-2.14004986179541
57.1158647812643,-3.65206981499009
56.7222897164454,-2.92317413574916
56.3314267060136,-2.8386852686619
55.9432570616938,-2.96916885743196
55.5577622239888,-2.60937990837875
55.5555555555556,-2.58864776931129
55.1749237612912,-2.17521625922258
54.7947233690029,-2.90563583910859
54.4171428686589,-3.09850226523668
54.0421642070592,-3.06651140233294
53.6697694554048,-3.30413590263457
53.2999408084409,-3.60495851946227
52.9326605836056,-1.73566762346713
52.6315789473684,-3.04346139287635
52.5679112201842,-3.25250751909807
52.2056752784698,-0.801814621361369
51.8459354389291,-3.47827836011059
51.488674501375,-3.50953285726403
51.1338753841433,-2.83234770064974
50.7815211232767,-2.32426479204419
50.4315948717136,-0.703050585676503
50.0840798984821,-3.33364062944836
50,-2.96044905751871
49.7389595879007,-3.19732662019426
49.3962174387832,-2.49185810267918
49.0558370636505,-2.86913275219261
48.7178021879463,-3.33207322754076
48.3820966492596,-3.31036984754713
48.0487043965513,-0.589002324331214
47.7176094893875,-2.85036592873497
47.6190476190476,-1.77866490050756
47.3887960971765,-2.28574874523737
47.0622484984128,-3.4766579166543
46.7379510799246,2.10979782500063
46.4158883361278,-2.07648753915533
46.0960448682843,-1.52832046016932
45.7784053837662,-2.90619564302558
45.462954695324,-3.0620562833371
45.4545454545455,-3.05421481792471
45.149677720361,-2.81672026258381
44.8385594802119,-2.28016947342509
44.5295850994266,-2.70229297654519
44.222739805059,7.76870176429451
43.9180089259609,-0.477763975424163
43.6153778920801,-1.27447530080571
43.4782608695652,-2.21039600868751
43.314832233764,-2.21236974707063
43.016357581068,-3.45034348313809
42.7199396630678,-1.76251614845575
42.4255643071778,-2.41060987232371
42.1332174384729,-1.26777272684888
41.8428850790158,-0.483601829317716
41.6666666666667,-3.2461198318973
41.5545533471888,-1.34069226123871
41.2682084570295,-3.2466061814854
40.9838367175726,-0.912026439173228
40.7014245321944,-2.92926099825244
40.4209583979631,-3.4411756901096
40.1424249049932,0.127111597231779
40,-3.25872100265466
39.8658107358044,-1.57525266349451
39.5911026646846,-3.19584249715246
39.3182875570577,-2.73654150606604
39.0473523688556,-0.75009287818231
38.7782841458946,-3.06690353998384
38.5110700232557,-3.00392560704305
38.4615384615385,-3.51803208916403
38.24569722467,-1.8249753163701
37.9821530619073,-1.93544659378737
37.72042493417,-3.51547416353743
37.4605003274899,-1.90930108375955
37.2023668141307,-3.16347232214978
37.037037037037,-3.60305651528894
36.946012051993,-3.27003861792631
36.6914237840249,-2.08700098735768
36.4385898376355,-2.78503623705107
36.1874981241128,-2.2566366679673
35.9381366380463,-3.15003469601161
35.7142857142857,-2.53233761841072
35.6904934567523,-2.80293167935126
35.4445567397043,-0.805555979021203
35.2003147279668,-1.69706036837025
34.9577557436328,-3.11284100904289
34.7168681892656,-3.57444850189297
34.4827586206897,-3.51887152175463
34.4776405473446,-3.45328729187785
34.2400613797142,-3.01309854398194
34.0041193270371,-1.13620251556314
33.7698031082509,-3.46520697082679
33.5371015200293,-1.09206601194272
33.3333333333333,-2.07915063312815
33.3060034362459,-0.0500232329614034
33.0764978074424,-3.00777519694033
32.8485736603004,-3.37107850779652
32.6222200971167,-2.71941880552442
32.397426295282,1.07446018088611
32.258064516129,-2.64463568477926
32.1741815067637,0.845074883353978
31.9524750575921,-3.03109502261712
31.7322963473498,-3.65098472809508
31.5136348486648,-3.22320454103744
31.2964801067075,-2.61672564638193
31.25,-3.47434026642004
31.0808217386906,-2.95710391068173
30.8666494333727,-3.40340308902877
30.6539529505653,-2.92489622995587
30.442722120643,-0.351521547394905
30.3030303030303,-3.6356317115286
30.2329468440578,-2.47526541311158
30.0246170908555,-3.376983837151
29.8177229001967,-3.14637762409812
29.6122543798804,-3.34695838381055
29.4117647058824,-3.06113632245212
29.4082017058706,-3.0082576582139
29.2055551218275,-3.143717950017
29.0043049386399,-3.02416107728986
28.804441533963,-2.05010683460456
28.6059553517574,-3.00407347639217
28.5714285714286,-3.56103021145666
28.408836901833,-3.63446400882618
28.2130767593947,-3.08126527990133
28.018665564592,-3.52952781749969
27.8255940220712,-2.7068562357435
27.7777777777778,-3.6309833608809
27.6338529005317,-1.47749697355031
27.4434330322836,-1.57113581038437
27.2543253128103,-1.80936286880195
27.0665207003324,0.20887316633979
27.027027027027,-1.26570355938129
26.8800102153761,0.901025275018147
26.6947849403432,0.614427317845231
26.5108360190854,-3.15590295788591
26.3281546564802,-2.26461996623545
26.3157894736842,-1.07725742258578
26.1467321180109,-2.01088526944273
25.9665597293487,-3.29981443318736
25.787628875938,-1.36471301787081
25.6410256410256,-2.19279192182834
25.6099310025846,-2.3433587553301
25.4334576130465,-2.03311532271858
25.2582002696278,1.88424925472608
25.0841505927754,0.385920258359552
25,6.81580135051529
24.9113002606779,3.41524361245924
24.7396410088681,1.71311105395809
24.5691646298279,-2.79695996851599
24.3998629725955,-1.87266922824834
24.390243902439,-2.44127157889711
24.231727942376,-2.64342649353751
24.0647515001542,-2.17143842291243
23.8989256623105,-3.14549735707184
23.8095238095238,-3.45949924338766
23.7342425002387,-1.73417724414174
23.5706941399673,-1.78400468505206
23.4082727617829,-0.549032411806688
23.2558139534884,-3.0864503360067
23.2469705998565,-3.51861231511129
23.0867799418717,-3.07310505161778
22.9276931286565,-2.03072995110777
22.7697025538168,-2.15775360026363
22.7272727272727,-3.34571304463249
22.6128006633728,-2.30097830344878
22.4569799553977,-0.922936370114665
22.3022329796594,-2.74926725253466
22.2222222222222,-3.39474535496752
22.1485523372636,-0.245605791234662
21.9959306803007,-2.32080280266446
21.8443607114943,-3.03141285550371
21.7391304347826,-3.30301473826163
21.6938351838518,0.287002349474666
21.5443469003188,-2.80038781981177
21.3958887134342,-2.95023760793891
21.2765957446809,-0.194919958277249
21.2484535249888,-0.996056095423209
21.102034285686,-3.29424196551941
20.9566239948043,-2.79251921658003
20.8333333333333,-2.71842158342097
20.8122156998634,-2.97170157538185
20.6688024962908,-3.28506097943535
20.5263775270925,-1.51926206674339
20.4081632653061,-2.32828916413858
20.3849339825246,0.500134486816695
20.244465099768,-1.70178483699704
20.104964162605,0.254724812012303
20,-2.29652514725596
19.9664245010979,-3.41484313092111
19.8288394912707,-2.98740568315521
19.6922025547917,-3.53240590708661
19.6078431372549,-3.46845937875546
19.5565071586595,-2.57467037281894
19.4217468148903,-2.91373598311683
19.2879150802078,-3.09149397185605
19.2307692307692,-2.60774279427006
19.1550055557353,-2.71321453458755
19.0230118866894,-3.64441550739862
18.8919277620767,-2.24878388274051
18.8679245283019,-0.555735583895067
18.7617469143912,-3.52637983831444
18.6324631193156,-1.27962685490588
18.5185185185185,-3.55107698707429
18.504070195423,-2.91307829989681
18.3765620038817,-1.49478739102203
18.2499324481615,-3.16855691809679
18.1818181818182,-3.59304008688828
18.1241754737424,-2.51115176114633
17.9992850678248,-3.13009072640552
17.8752552590424,-3.44281431050954
17.8571428571429,-3.05267381036425
17.7520801171764,-3.50110805106187
17.6297537528721,-3.43006009115423
17.5438596491228,-0.247834248224744
17.5082703173572,-2.02535361522326
17.3876240021625,-2.22088506387889
17.2678090388436,-2.89291735186078
17.2413793103448,-2.35796749536974
17.1488196987054,-3.16049211691243
17.0306502925284,-0.754853685958504
16.9491525423729,2.2009963976261
16.9132951702965,-2.71255448063173
16.7967487209265,-3.6178741987011
16.6810053720006,0.00528533493225769
16.6666666666667,-1.87734302362555
16.5660595894991,-3.22372354919748
16.4519058775366,-2.7650439326242
16.3934426229508,-3.04516586124601
16.3385387780986,-3.39773314434329
16.2259528707809,-3.59085624788245
16.1290322580645,-1.49887162747781
16.1141427725302,-0.549542221440968
16.003103137387,-3.58764690742195
15.8928286562298,-3.45314561451424
15.8730158730159,-0.243381330510668
15.7833140565212,-2.034243608082
15.674554102056,-2.45265446056994
15.625,-0.877364285901119
15.5665435927106,-0.966196346688245
15.4592773641948,-3.03673752283508
15.3846153846154,-0.422950917423104
15.3527502878042,-3.32306628732514
15.2469572701757,-2.51671494759865
15.1515151515152,0.80085381615216
15.1418932530435,-0.938529441330085
15.0375532129974,-2.59569164549957
14.9339321612425,-0.18537277265555
14.9253731343284,-0.0338574743543729
14.831025143361,-3.16698685121694
14.728827239075,-2.43635969922515
14.7058823529412,-2.60807583679836
14.6273335620113,-3.65226080285474
14.5265392594678,-1.27182982281682
14.4927536231884,-3.39445003056299
14.4264395121816,-3.58881462647922
14.3270295340983,-1.01678170917774
14.2857142857143,-0.335507660107036
14.2283045721435,-0.501854860530254
14.1302599059953,-1.77205979900377
14.0845070422535,-0.615151996703172
14.0328908478587,1.03745935428946
13.9361927422414,-1.58509944347723
13.8888888888889,-3.0846668298012
13.8401609657313,-1.21722899464602
13.7447909267754,-3.14572241507646
13.6986301369863,-3.56691411998555
13.6500780654601,-1.90582731790773
13.5560178532937,-0.916199493697358
13.5135135135135,-1.02101997972734
13.4626057929891,-1.74798848408896
13.3698374182495,-2.16541755623769
13.3333333333333,3.03939647933654
13.2777082935543,-1.88709460981219
13.1862140139475,-2.45223694092545
13.1578947368421,-1.49401308275166
13.0953502048267,1.35995250179112
13.0051125217341,-3.34484057413551
12.987012987013,-2.22619824419261
12.9154966501488,-3.25500900328877
12.8264983052806,0.771196802320522
12.8205128205128,1.33310042208915
12.7381132318648,-2.58639878673743
12.6582278481013,-2.71161549044329
12.650337203959,-1.47936067962082
12.5631660247412,-3.27673004129825
12.5,-1.81045294486575
12.4765955263087,-2.84937437502118
12.3906215694792,-3.44141616670036
12.3456790123457,-2.93728642268705
12.3052400435926,-3.30585998369817
12.2204468663149,-0.791162224155651
12.1951219512195,-1.87965664279333
12.1362379834424,-1.4300510608373
12.0526093687084,-1.0849190850853
12.0481927710843,-1.48553414302607
11.9695570235904,5.63955326932775
11.9047619047619,-3.49253909119777
11.887076977119,-1.49490674830958
11.8051652856881,-2.24396210376529
11.7647058823529,-3.34205637644022
11.723818032866,-1.77409359462724
11.6430313292088,0.431448255441116
11.6279069767442,-3.18297129946491
11.5628013120738,-2.31090250863432
11.4942528735632,-0.995651425119642
11.4831241454351,-0.262793040188352
11.4039960197003,-3.63701645756789
11.3636363636364,-3.64749875217226
11.3254131515281,-3.24433901657001
11.2473717836475,-3.2106184307767
11.2359550561798,-3.3677833198074
11.1698681846782,-3.03600934557731
11.1111111111111,-1.88030893919521
11.0928986489522,-3.20937814498709
11.0164594963366,-2.27232547308803
10.989010989011,-0.521398767803315
10.9405470720574,-2.40759570030387
10.8695652173913,-0.734122489768064
10.8651577465254,-1.14177994390955
10.7902879151618,-2.81318466837565
10.752688172043,-2.92800355014985
10.7159339982267,-2.29087656263455
10.6420924406472,-2.70368906832452
10.6382978723404,-2.39560081220254
10.568759711848,-3.13162038111347
10.5263157894737,-3.50689104602859
10.4959323055823,-2.70311221717834
10.423606739764,-1.72539194532352
10.4166666666667,-2.12448027677096
10.3517795563018,-1.96966625151027
10.3092783505155,-3.26154306816535
10.2804473209331,-2.55531291436663
10.2096066230605,-2.93440495163751
10.2040816326531,-2.83222875456751
10.1392540755882,-0.461593026010955
10.1010101010101,-3.61023725811337
10.0693863147603,-3.41315245683715
10,-1.79436887230166
10,-1.79436887230151
9.9310918137498,-3.17401203728225
9.9009900990099,0.360700941132099
9.86265846131282,-0.177474250882436
9.80392156862745,-3.44754789585833
9.79469667069539,0.954263866605847
9.72720319245054,-2.80473802391866
9.70873786407767,-3.28361417524259
9.66017479952265,-1.63769529416133
9.61538461538461,-3.23274707530502
9.59360828709314,-3.13514546711606
9.52750047242729,-2.40069218779943
9.52380952380952,-2.78320558548792
9.461848194722,-1.9077340138413
9.43396226415094,-3.36945812329794
9.39664831495469,-3.26217325887701
9.34579439252336,-2.80528371877504
9.33189771573324,-2.89251932168507
9.26759330114688,-1.64101168878751
9.25925925925926,-0.903916169357738
9.20373199661822,-2.56711827436164
9.1743119266055,-3.31170532342211
9.14031074875623,-3.50187001147851
9.09090909090909,-0.852702026375009
9.07732652521023,-3.02284950779021
9.01477631452492,-3.21999817921518
9.00900900900901,-3.6127800618763
8.9526571259964,-1.78107373936161
8.92857142857143,-3.31360566193357
8.89096598952916,-2.79246066835453
8.84955752212389,0.407156953536732
8.82969995549409,-1.95780679546977
8.7719298245614,-2.37033025665324
8.76885609458743,-3.37193834368513
8.70843149769072,-3.4433955130609
8.69565217391304,-3.62195462134165
8.64842327573172,0.528855029218751
8.62068965517241,-1.98284571482391
8.58882855954625,-1.13341372564222
8.54700854700855,0.465357099584527
8.52964449974102,-0.502561885036935
8.47457627118644,-2.18390837807807
8.47086826655741,-3.62259182015371
8.41249704973612,-3.61826775629727
8.40336134453781,-2.19859400890213
8.35452805838287,1.30437966064354
8.33333333333333,0.905124213687732
8.29695852083491,-3.15819175164954
8.26446280991736,-2.37588067573092
8.23978568452852,-3.42440876096235
8.19672131147541,-3.29870757437912
8.18300681586739,-3.46907247474997
8.13008130081301,-3.2064972384427
8.12661920009195,-3.061916241323
8.0706201411495,-2.45564039365184
8.06451612903226,-1.8153056359837
8.01500696156541,-3.60578782191923
8,-3.61826298139202
7.95977700231498,-3.18010061726072
7.93650793650794,-2.38860101242001
7.90492762269642,-3.19910640247495
7.8740157480315,0.690437883699407
7.85045620020451,-3.24581508309542
7.8125,-3.61738918838624
7.79636013040523,-3.17572087673143
7.75193798449612,-2.71747055210603
7.74263682681127,-2.97642614334135
7.69230769230769,-3.57959340467682
7.68928372075831,-3.10990410318963
7.63629826128224,-2.6505123541411
7.63358778625954,-2.60667239964762
7.58367791499719,-3.31388412724665
7.57575757575758,-3.37956876469455
7.53142016597437,-2.87256084016151
7.5187969924812,-2.79196515934323
7.47952251562182,-2.31383311027822
7.46268656716418,-3.45373434633653
7.42798248256492,-3.24845219722145
7.40740740740741,-2.80669705295467
7.37679760252773,-3.24175738255588
7.35294117647059,1.07533124526164
7.32596542821523,-3.55747545402955
7.2992700729927,-3.38837208603844
7.27548352919623,-3.18739460427882
7.2463768115942,-3.00426718230751
7.22534949178722,-1.84138685371404
7.19424460431655,-0.356808523233336
7.17556091893693,-2.33271145766953
7.14285714285714,-3.00132706243691
7.12611543011175,-2.35616936245911
7.09219858156028,-2.53190365116076
7.07701066118189,-2.5122122597897
7.04225352112676,-1.02079048336769
7.02824426430835,-2.5190734037091
6.99300699300699,0.429449423525161
6.97981390783066,-2.9598126310634
6.94444444444444,-1.20901640075793
6.93171727615541,-3.47828569195711
6.89655172413793,-3.17909001886998
6.8839520696455,-2.80309744919274
6.84931506849315,-2.57131606566757
6.83651600451024,-1.30776769930791
6.80272108843537,-2.86414172438669
6.78940681269611,-1.90492724503907
6.75675675675676,-0.240099459639462
6.74262224177834,-3.14965134739218
6.71140939597315,-2.49812320034887
6.69616005485322,-3.15306602241555
6.66666666666667,-3.0231273122033
6.65001803043112,-2.2727988024671
6.62251655629139,-2.81825616862174
6.6041939623303,-3.63279884928358
6.57894736842105,-2.86246469514755
6.55868565957143,-0.218141555907958
6.5359477124183,-2.27336364286232
6.5134909462728,-2.87840817129607
6.49350649350649,-1.21315274092897
6.46860766154633,-1.33798832752283
6.45161290322581,-1.55724377046142
6.42403365939419,-3.50385488457583
6.41025641025641,-2.9776198792458
6.37976680860628,-2.89031333955939
6.36942675159236,-2.60568441662816
6.33580499265825,-0.511160882100039
6.32911392405063,-2.36749452471518
6.29214610961034,-3.3625016103998
6.28930817610063,-2.49624949294936
6.25,-3.46420290215688
6.24878807200689,-3.33480206220882
6.2111801242236,-1.0952976339863
6.2057288067765,-2.32967994549942
6.17283950617284,-2.50960306457044
6.16296625513294,-3.44258411684158
6.13496932515337,-3.28157132253302
6.1204983724767,-1.97543905108632
6.09756097560976,-3.57078017091656
6.07832312829723,-1.74932624190493
6.06060606060606,-3.45024936922358
6.03643850607587,-3.24707675966571
6.02409638554217,-2.13162078884975
5.99484250318941,-2.50316048226814
5.98802395209581,-2.90787904905552
5.95353313081437,-3.21770610545972
5.95238095238095,-3.40454952187305
5.91715976331361,-2.76767295085623
5.91250841383188,-3.22208033114607
5.88235294117647,-3.1670242758541
5.87176639073326,-3.10517536911102
5.84795321637427,-2.48958040845316
5.83130511352622,-1.59073273469933
5.81395348837209,-3.40957318332753
5.79112264764176,-3.36657622180392
5.78034682080925,-3.61488271669649
5.75121707184161,-3.58482711588327
5.74712643678161,-0.776264219926797
5.71428571428571,-3.16451890855303
5.71158647812643,-2.57206762367538
5.68181818181818,-2.87952018574559
5.67222897164454,-3.39469097356483
5.64971751412429,-0.15485538976723
5.63314267060136,-3.03978612336048
5.61797752808989,-2.39414918723527
5.59432570616938,-3.42915077559318
5.58659217877095,-2.31989890148257
5.55577622239888,-0.393958433561532
5.55555555555556,-0.803695174371437
5.52486187845304,-2.86419930221872
5.51749237612913,-3.30077530426108
5.49450549450549,-3.22386637341624
5.47947233690029,-2.2392248522372
5.46448087431694,-3.45344745707431
5.44171428686589,-2.60353609339482
5.43478260869565,-3.40629048133443
5.40540540540541,-3.31434584094465
5.40421642070592,-3.21399415127739
5.37634408602151,-3.65894947963697
5.36697694554048,-2.06229799272965
5.3475935828877,-2.68977245385387
5.32999408084409,-3.24822070128819
5.31914893617021,-3.54483027135633
5.29326605836056,-3.55353675864451
5.29100529100529,-3.04305743978152
5.26315789473684,-3.53374663539908
5.25679112201842,-3.20791879138185
5.23560209424084,-2.10517612886927
5.22056752784698,-2.20348244777368
5.20833333333333,-2.10200812558663
5.18459354389291,-3.57942038553828
5.18134715025907,-3.64807228598589
5.15463917525773,-2.11645970963967
5.14886745013749,-2.08106647856412
5.12820512820513,-2.26224492245855
5.11338753841433,-3.41452466350405
5.10204081632653,-3.23012852838719
5.07815211232767,-3.34699699567683
5.0761421319797,-1.00020320980122
5.05050505050505,-3.25364333138729
5.04315948717136,-3.45992845474312
5.0251256281407,-3.1507790044924
5.00840798984821,-3.41530889968673
5,-3.29078130227519
4.97512437810945,-3.5213717102617
4.97389595879006,-2.45955991450948
4.95049504950495,-3.56010121073545
4.93962174387832,-3.09039618066448
4.92610837438424,-2.71919085083139
4.90558370636505,-2.87126440195628
4.90196078431372,-2.75255648253882
4.8780487804878,-0.738727021311187
4.87178021879463,-3.51980554127108
4.85436893203883,0.403820205416129
4.83820966492596,-1.0199864638822
4.83091787439613,-3.28533523875746
4.80769230769231,-3.62471885444999
4.80487043965513,-2.77651411465684
4.78468899521531,-2.20097993129472
4.77176094893875,-3.21127788019195
4.76190476190476,-3.25385775854765
4.739336492891,-3.34416115910157
4.73887960971765,-3.33099930020206
4.71698113207547,-3.64708848106413
4.70622484984128,-3.53083031689611
4.69483568075117,-3.61935755843943
4.67379510799246,-3.47382037056691
4.67289719626168,-2.05264064809675
4.65116279069767,-2.57771899126463
4.64158883361278,-3.1839645009508
4.62962962962963,-2.56564932831314
4.60960448682843,-2.68241317620139
4.60829493087558,-1.30151202325971
4.58715596330275,-1.09490370727449
4.57784053837662,-2.52835431965242
4.5662100456621,-3.50000763585013
4.5462954695324,-3.36251001780677
4.54545454545455,-3.08145493935977
4.52488687782805,-2.3496033905791
4.5149677720361,-0.688738173508777
4.5045045045045,0.302039178365892
4.48430493273543,-0.973087524171784
4.48385594802119,-1.06334059861636
4.46428571428571,-1.52268210987695
4.45295850994265,-2.1237899705831
4.44444444444444,-2.92802292930672
4.42477876106195,-3.12340413617003
4.4222739805059,-3.62825955580355
4.40528634361233,-3.17920494288553
4.39180089259609,-3.53593482633233
4.3859649122807,-2.56710629127376
4.36681222707424,-3.63965183094141
4.361537789208,-3.34644290017281
4.34782608695652,-3.13717722093476
4.3314832233764,-1.05785950588536
4.32900432900433,-3.57792556832735
4.31034482758621,-2.78853112272354
4.30163575810679,-0.922367126258659
4.29184549356223,-3.39124247596807
4.27350427350427,-3.19001367878759
4.27199396630678,-3.15373111890205
4.25531914893617,-1.01870172318719
4.24255643071778,-3.32150315074697
4.23728813559322,-3.592899576632
4.21940928270042,-3.12631784019289
4.21332174384729,-3.65071862480222
4.20168067226891,-1.27126431744007
4.18428850790158,-2.66771132276856
4.18410041841004,-2.29582500341608
4.16666666666667,-1.75546977382704
4.15545533471888,-2.97383243291194
4.149377593361,-1.80372962772041
4.13223140495868,-3.24527361627313
4.12682084570295,-2.54094322815244
4.11522633744856,-3.51018585448848
4.09838367175726,-3.61980349256923
4.0983606557377,-3.61137519288102
4.08163265306122,-3.37608103987672
4.07014245321944,-3.56028396948558
4.0650406504065,-3.63495672964508
4.04858299595142,-3.22148725553985
4.04209583979631,-3.27124750865722
4.03225806451613,-3.63846220794765
4.01606425702811,-2.73389893706182
4.01424249049932,-3.26054651410196
4,-2.60488746720695
3.98658107358044,-2.57221781711673
3.98406374501992,-3.20102498699192
3.96825396825397,-2.94891573978658
3.95911026646846,-1.63557563125114
3.95256916996047,-2.58044257320291
3.93700787401575,-3.16974977535737
3.93182875570577,-3.32254687893471
3.92156862745098,-2.95731579059226
3.90625,-1.69847206021223
3.90473523688556,-2.65268820153134
3.89105058365759,-3.33920392283373
3.87782841458946,-2.28149312919201
3.87596899224806,-0.100956222103757
3.86100386100386,-3.20911838961468
3.85110700232557,-3.62694825615899
3.84615384615385,-3.44160657765489
3.83141762452107,-1.98644885100644
3.824569722467,-3.00875814324602
3.81679389312977,-1.51368862482446
3.80228136882129,-3.37750633296859
3.79821530619074,-2.20142169792869
3.78787878787879,-3.4383679275012
3.77358490566038,-3.65659781425175
3.772042493417,-2.02727848352746
3.7593984962406,-3.4127361785233
3.74605003274899,-2.2178178279522
3.74531835205992,-1.43568987893407
3.73134328358209,-2.94312430029133
3.72023668141307,-2.03071627960439
3.71747211895911,-3.14324430496456
3.7037037037037,-1.78265587050249
3.6946012051993,-3.27679410133244
3.690036900369,-3.62047178362168
3.67647058823529,-3.63221268502557
3.66914237840249,-3.34855310686133
3.66300366300366,-3.59537181024909
3.64963503649635,-3.5613853178015
3.64385898376355,1.30429914808871
3.63636363636364,-2.09713811183853
3.6231884057971,-3.21199888204533
3.61874981241128,-3.45995908076439
3.6101083032491,-1.82721845672797
3.59712230215827,-2.60078103508307
3.59381366380463,-3.30764213985152
3.584229390681,-1.40823452072983
3.57142857142857,-1.72394417022265
3.56904934567523,-2.27923577891429
3.55871886120996,-3.10079290568639
3.54609929078014,-3.30905044455839
3.54445567397043,-2.73484263089851
3.53356890459364,-3.49087536178957
3.52112676056338,-0.52355869983658
3.52003147279668,-3.11121693311444
3.50877192982456,-2.96638648138964
3.4965034965035,-3.53221514896829
3.49577557436328,-3.57563677965295
3.48432055749129,-1.88424994879459
3.47222222222222,-3.53472950561696
3.47168681892656,-2.61243127596257
3.46020761245675,-3.23921976818873
3.44827586206897,-3.51658367750322
3.44776405473446,-2.56724263765114
3.43642611683849,-3.22108813849122
3.42465753424658,-3.31340854938604
3.42400613797142,-2.92729139551978
3.41296928327645,-1.90979298211225
3.40136054421769,-1.61739589514003
3.40041193270371,-2.6256392981658
3.38983050847458,-2.28394364012707
3.37837837837838,2.14105018141187
3.37698031082509,-3.04440149782745
3.36700336700337,-2.36567021217329
3.35570469798658,-3.35694038440404
3.35371015200293,-3.542277277682
3.34448160535117,-0.649630562738802
3.33333333333333,-1.61700719761184
3.33060034362459,-1.86422149270258
3.32225913621262,-2.23851974361674
3.3112582781457,-1.60868471229515
3.30764978074424,-3.2892893870502
3.3003300330033,-2.11555362419939
3.28947368421053,-3.47438019401899
3.28485736603004,-2.64980331848848
3.27868852459016,-3.07974286797131
3.26797385620915,-3.36983665417604
3.26222200971167,-3.47692651225118
3.25732899022801,-2.2731629814048
3.24675324675325,-2.64079382066363
3.2397426295282,-1.95232054602532
3.23624595469256,-3.31429212157037
3.2258064516129,-3.0669822511589
3.21741815067637,-1.85264850766783
3.21543408360129,0.17238563026955
3.20512820512821,-0.334232114037984
3.19524750575921,-3.21208253188793
3.19488817891374,-2.81556864916474
3.18471337579618,-2.10854909915123
3.17460317460317,-3.09345313256291
3.17322963473498,-3.03120454841668
3.16455696202532,-2.77029516800219
3.15457413249211,-2.9347274173471
3.15136348486648,-3.26077753668495
3.14465408805031,-1.93684213038072
3.13479623824451,1.0492911825776
3.12964801067075,-0.732444464469618
3.125,-3.64673922567054
3.11526479750779,-3.26620315732419
3.10808217386906,-1.9265425492713
3.1055900621118,-3.35261518758328
3.09597523219814,-2.0429819469242
3.08666494333727,-2.68924469244196
3.08641975308642,-2.47808370451896
3.07692307692308,-3.58700577676815
3.06748466257669,-3.56573578886313
3.06539529505653,-3.09039869016537
3.05810397553517,-3.57608167344581
3.04878048780488,-2.15243867674495
3.0442722120643,-3.60542482551416
3.03951367781155,-3.41143294942112
3.03030303030303,-2.45285226970587
3.02329468440578,-1.95680114177268
3.02114803625378,-1.75435206282738
3.01204819277108,-3.57313297347904
3.003003003003,-3.60143687325278
3.00246170908555,-3.11710439948414
2.9940119760479,-3.49913142620577
2.98507462686567,-3.40924830518311
2.98177229001967,-2.69908819242114
2.97619047619048,-2.21187422090601
2.9673590504451,-3.15904491072929
2.96122543798803,-3.235855335305
2.9585798816568,-3.57409534479471
2.94985250737463,-3.59174386216814
2.94117647058824,-1.79707476382226
2.94082017058706,-3.11291402542859
2.93255131964809,-3.0150575424635
2.92397660818713,-3.56590133563061
2.92055551218275,-2.96376048849221
2.91545189504373,-2.30774406783071
2.90697674418605,-3.21715799215736
2.90043049386399,-3.40274990100165
2.89855072463768,-2.79393978065154
2.89017341040462,-2.78546900185698
2.88184438040346,-3.33705435441937
2.8804441533963,-3.29765217276251
2.8735632183908,-3.46655171997547
2.86532951289398,-3.27028335893892
2.86059553517574,-2.13930047867948
2.85714285714286,-3.30314887178518
2.84900284900285,-3.56811133087272
2.84090909090909,-2.90328946964122
2.8408836901833,-2.99340717025107
2.8328611898017,-3.63641420203747
2.82485875706215,-2.85095255891458
2.82130767593947,-2.74355949738374
2.8169014084507,-0.626377595885553
2.80898876404494,-2.46157655143916
2.8018665564592,-1.95272149681331
2.80112044817927,-1.57027703714509
2.79329608938547,-1.98001550625964
2.78551532033426,-2.93176461073044
2.78255940220712,-3.14957555916142
2.77777777777778,-2.70338387423389
2.77008310249307,-3.08040155422132
2.76338529005317,-2.82830292251232
2.76243093922652,-1.68071004839411
2.75482093663912,-1.76488678449267
2.74725274725275,-3.40907769706872
2.74434330322836,-3.60908491171584
2.73972602739726,-3.59089252167477
2.73224043715847,-2.61352410368574
2.72543253128103,-3.44946083269387
2.72479564032698,-2.69904570803406
2.71739130434783,-1.70855546157211
2.710027100271,-3.50700453449975
2.70665207003324,-3.52745831484081
2.7027027027027,-3.59768051320456
2.69541778975741,-3.38956290140028
2.68817204301075,-1.18356527097931
2.68800102153761,-1.26880811201824
2.68096514745308,-0.411471970419949
2.67379679144385,-1.36369753506078
2.66947849403432,-3.42193587799469
2.66666666666667,1.80203860286502
2.65957446808511,-2.18361894379977
2.6525198938992,-3.15621093371673
2.65108360190854,-3.10261209436954
2.64550264550265,-2.0684376766879
2.63852242744063,-1.10171655023965
2.63281546564802,-2.97443885670021
2.63157894736842,-1.2170092678434
2.6246719160105,-1.80686151321141
2.61780104712042,-3.23118427242887
2.61467321180109,-1.72458804500813
2.61096605744125,-3.6549386414624
2.60416666666667,-3.31179849566727
2.5974025974026,-2.75702859853895
2.59665597293487,-3.08439727923736
2.59067357512953,-3.18249912864506
2.58397932816537,-2.59317354662771
2.5787628875938,-3.41960078647018
2.57731958762887,-3.22728811209425
2.5706940874036,-2.88602055407419
2.56410256410256,-0.953704515825744
2.56099310025846,-3.19211651179371
2.55754475703325,-1.07890000365303
2.55102040816327,-1.04211464145656
2.54452926208651,-1.95472058320048
2.54334576130465,-3.26939352714241
2.53807106598985,-3.63844025401913
2.53164556962025,-2.56912853874989
2.52582002696278,-3.44009861245824
2.52525252525253,-3.13801490736027
2.51889168765743,-3.58405640162173
2.51256281407035,-3.00583408731633
2.50841505927754,-1.90198846344738
2.5062656641604,-3.44572198933904
2.5,-3.26814800897891
2.49376558603491,-3.06974990532542
2.49113002606779,-2.94785484371122
2.48756218905473,-2.93557477253286
2.48138957816377,-3.63692625403523
2.47524752475248,-2.22873860144788
2.47396410088681,-2.99343189864042
2.46913580246914,-3.33542250279246
2.46305418719212,-3.48205324560287
2.45700245700246,0.411076339032936
2.45691646298279,0.999339078374608
2.45098039215686,-3.40556873188278
2.44498777506112,-3.24578152468156
2.43998629725955,-2.87277380273853
2.4390243902439,-3.10549021697572
2.4330900243309,-2.65155229045255
2.42718446601942,-3.60667383745656
2.4231727942376,-3.26794563912831
2.42130750605327,-3.64146012551971
2.41545893719807,-2.76659101851028
2.40963855421687,-3.39566039650169
2.40647515001542,-2.38999883975201
2.40384615384615,-2.25512474562394
2.39808153477218,-2.93071547435336
2.39234449760766,-2.18895953969517
2.38989256623105,-2.6127872811022
2.38663484486874,-1.59979697725332
2.38095238095238,-3.58986699723901
2.37529691211401,-3.56815277601343
2.37342425002387,-3.51421817795098
2.3696682464455,-3.48762987428743
2.36406619385343,-1.96796019239742
2.35849056603774,-2.68981874919673
2.35706941399673,-3.18665430031974
2.35294117647059,-2.98568940262553
2.34741784037559,-3.47681750539673
2.34192037470726,-2.61770619303992
2.34082727617829,-3.62076244005724
2.33644859813084,-2.1564447334634
2.33100233100233,-2.07198557657129
2.32558139534884,-3.45180016155733
2.32469705998565,-3.56387409658067
2.32018561484919,-1.82903781770797
2.31481481481481,-3.43786795161047
2.3094688221709,-3.07101597489996
2.30867799418717,-2.91030666562717
2.30414746543779,-3.28662190484722
2.29885057471264,-2.495644185311
2.29357798165138,0.272084395840143
2.29276931286565,-1.82173280295798
2.2883295194508,-3.31565745936227
2.28310502283105,-3.60290775019866
2.27790432801822,-1.62961809534705
2.27697025538168,-2.54655809634554
2.27272727272727,-3.05356575026856
2.26757369614512,-3.45567367450804
2.26244343891403,-2.11478946189826
2.26128006633728,-2.92170828430299
2.25733634311512,-3.59231040255214
2.25225225225225,-2.51919909703262
2.24719101123596,-3.15014889775487
2.24569799553977,-3.17948357791389
2.24215246636771,-3.62201711962116
2.23713646532438,-3.11574045753637
2.23214285714286,-2.47364368358255
2.23022329796594,-3.11554716952316
2.2271714922049,-3.43205583174868
2.22222222222222,-2.83994120503651
2.21729490022173,-0.483556555603609
2.21485523372636,-3.54021713393727
2.21238938053097,-3.36147089102688
2.2075055187638,-2.76743952461747
2.20264317180617,-2.11939825693799
2.19959306803007,-1.77309843811529
2.1978021978022,-3.52183779031277
2.19298245614035,-3.21466817886623
2.18818380743982,-3.5578755184399
2.18443607114943,-1.21573838179445
2.18340611353712,-2.6306869776986
2.17864923747277,-3.22930261447542
2.17391304347826,-3.08433365465676
2.16938351838518,-3.47296600795881
2.16919739696312,-3.55221404728986
2.16450216450216,-3.30186212391696
2.15982721382289,-1.40993554640302
2.1551724137931,-3.25315307636576
2.15443469003188,-2.84625779209154
2.1505376344086,-3.39987892781051
2.14592274678112,-3.36322314991024
2.14132762312634,-3.16068877837248
2.13958887134342,-3.51875814741434
2.13675213675214,-0.586682644490121
2.13219616204691,-3.29712491778327
2.12765957446809,-1.92726002433225
2.12484535249888,-3.51722671216931
2.12314225053079,-2.19583592230559
2.11864406779661,-3.30658478483444
2.11416490486258,-3.49966758483388
2.1102034285686,-2.62921689218997
2.10970464135021,-3.31309807255844
2.10526315789474,-3.1058685721215
2.10084033613445,-3.2887548755465
2.09643605870021,-3.2251590691528
2.09566239948043,-3.47696017250258
2.09205020920502,-3.29011858546111
2.08768267223382,-1.85262663391249
2.08333333333333,-1.65902375035217
2.08122156998634,-2.82758702463921
2.07900207900208,-3.1814844123197
2.0746887966805,-3.13961767059281
2.0703933747412,-3.52920741710731
2.06688024962908,-3.58040679325115
2.06611570247934,-3.19114285151808
2.06185567010309,-2.82398256314148
2.05761316872428,-2.61846030114007
2.05338809034908,-3.29225294069844
2.05263775270925,-1.94976696281285
2.04918032786885,-3.51602702539166
2.04498977505112,-2.8494830073984
2.04081632653061,-3.62026973365148
2.03849339825246,-3.49818816818809
2.03665987780041,-3.5964285270134
2.03252032520325,-2.65912564431742
2.02839756592292,-3.28956559058976
2.0244465099768,-3.2589695555457
2.02429149797571,-3.03622937732397
2.02020202020202,-2.80874967049975
2.01612903225806,-3.41093676526874
2.01207243460765,-1.86641672984477
2.0104964162605,-2.18489927440806
2.00803212851406,-2.82969344342193
2.00400801603206,-3.58395064572864
2,-3.5535580396998
1.99664245010979,-3.60457055398809
1.99600798403194,-3.30998771233264
1.99203187250996,-3.63970329562461
1.98807157057654,-3.41243567715561
1.98412698412698,-3.6076171612127
1.98288394912707,-3.42962743070411
1.98019801980198,-3.15571377105338
1.97628458498024,-2.58466765036602
1.9723865877712,-2.99096053971406
1.96922025547917,-3.26604011311566
1.96850393700787,-3.2988670538027
1.96463654223969,-3.54867447833781
1.96078431372549,-3.30983808683585
1.95694716242661,-3.35945540967729
1.95565071586595,-2.7003019697962
1.953125,-3.36913664109398
1.94931773879142,-2.4371246891287
1.94552529182879,-3.34069016545215
1.94217468148903,-3.15379789368493
1.94174757281553,-2.67503351196144
1.93798449612403,-3.48168100243567
1.93423597678917,-3.30066585774729
1.93050193050193,-3.36387968642655
1.92879150802078,-3.11106018581965
1.92678227360308,-3.28831765506073
1.92307692307692,-2.49178228760881
1.91938579654511,-1.8146991081136
1.91570881226054,-3.28959062825391
1.91550055557353,-3.61266920339103
1.91204588910134,-3.14305976747208
1.90839694656489,-1.95482929591138
1.9047619047619,-3.55393768756805
1.90230118866894,-3.57721860679684
1.90114068441065,-3.48082576101599
1.89753320683112,-3.25736699450429
1.89393939393939,-3.44964771304056
1.89035916824197,-2.87021382828582
1.88919277620767,-3.5172391135229
1.88679245283019,-2.32179567061579
1.88323917137476,-3.25297674976944
1.8796992481203,0.638438889534616
1.87617469143912,-2.68661255258969
1.87617260787992,-2.69414179786137
1.87265917602996,-3.38591274561348
1.86915887850467,-3.44519688203563
1.86567164179104,-3.53688073352746
1.86324631193156,-3.46510763855526
1.86219739292365,-3.23314827282784
1.85873605947955,-3.37513574314762
1.85528756957328,-3.27877616450619
1.85185185185185,-3.37960864081911
1.8504070195423,-3.43363360710806
1.84842883548983,-1.92873947600351
1.8450184501845,-2.18691638971814
1.84162062615101,-3.4008739272463
1.83823529411765,-2.65467760654122
1.83765620038817,-3.58680254927132
1.8348623853211,-3.40801466271888
1.83150183150183,-3.61719632787505
1.82815356489945,-1.86461340395889
1.82499324481615,-2.74683680882226
1.82481751824817,-3.31821514422107
1.82149362477231,-1.84051715272089
1.81818181818182,-2.38522742430309
1.81488203266788,-3.66090290449243
1.81241754737424,-1.81097431647323
1.81159420289855,-3.0416333484802
1.80831826401447,-3.57952499954528
1.80505415162455,-3.46948266543101
1.8018018018018,-2.54634753891802
1.79992850678248,-1.61216047149748
1.79856115107914,-2.93846010635739
1.79533213644524,-3.6043431224307
1.7921146953405,-3.59139582609834
1.78890876565295,-3.19929922651572
1.78752552590424,-3.04360986365081
1.78571428571429,-3.60817699877814
1.7825311942959,-2.70670273915196
1.77935943060498,-3.39282669247045
1.77619893428064,-3.53219188628496
1.77520801171763,-2.70158757520333
1.77304964539007,-0.373371633158494
1.76991150442478,-3.45209208601424
1.76678445229682,-2.86778767328762
1.7636684303351,-1.76548443833654
1.76297537528721,-3.56912264523948
1.76056338028169,-3.08892217026264
1.75746924428822,-3.46209915345362
1.75438596491228,-3.54209976498235
1.75131348511384,-2.4706631898923
1.75082703173572,-2.52419840480321
1.74825174825175,-2.62039725754245
1.74520069808028,-2.73317945578578
1.74216027874564,-2.563073984305
1.73913043478261,-3.58263060914141
1.73876240021625,-3.64785905887221
1.73611111111111,-2.21939084547175
1.73310225303293,-1.9266470837676
1.73010380622837,-3.16247675202045
1.72711571675302,-3.06103523595923
1.72678090388436,-3.15781893581494
1.72413793103448,-2.77632791509033
1.72117039586919,-3.4058875055805
1.71821305841924,-2.08738191555308
1.71526586620926,-1.98185849517052
1.71488196987054,-3.33075141396138
1.71232876712329,-2.88654191393045
1.70940170940171,-1.34719311722061
1.70648464163823,-3.65265608225583
1.70357751277683,-3.65396541523968
1.70306502925284,-3.45838981714398
1.70068027210884,-3.18436243417225
1.69779286926995,-2.47667044131934
1.69491525423729,-3.00221833706503
1.69204737732657,-3.62724438646806
1.69132951702965,-3.48775425076719
1.68918918918919,-3.20793474548686
1.68634064080944,-2.47333909874889
1.68350168350168,-3.04299122259008
1.68067226890756,-0.901645088549922
1.67967487209265,-3.51584236540382
1.67785234899329,-2.44486769135586
1.6750418760469,-3.00042225100331
1.67224080267559,-3.41885458452252
1.669449081803,-2.48304727508009
1.66810053720006,-3.09803995324252
1.66666666666667,-3.46683978070071
1.66389351081531,-3.57041075193349
1.66112956810631,-2.10703241012767
1.65837479270315,-3.63743516763342
1.65660595894991,-3.44251339553044
1.65562913907285,-1.51715611024594
1.65289256198347,-2.83845327097596
1.65016501650165,-3.5202264380786
1.64744645799012,-2.96355567086787
1.64519058775366,-3.06249895631815
1.64473684210526,-1.16095993098848
1.64203612479475,-3.24250101824516
1.63934426229508,-2.82725675386309
1.6366612111293,-0.250502037721939
1.63398692810458,-2.67530517420128
1.63385387780986,-3.40597455616723
1.63132137030995,-3.17184432521862
1.62866449511401,-2.74197859537808
1.6260162601626,-3.378532629405
1.62337662337662,-3.46228707189682
1.62259528707809,-3.355886405713
1.62074554294976,-3.54561840409648
1.61812297734628,-3.66241203881385
1.61550888529887,-3.35480409662479
1.61290322580645,-1.96477629846513
1.61141427725302,-3.18320689096843
1.61030595813205,-2.11458095364888
1.60771704180064,-3.35324103180327
1.60513643659711,-1.40720404913314
1.6025641025641,-2.1229239700247
1.6003103137387,-2.34462904729737
1.6,-0.0529920525674283
1.59744408945687,-1.68132774548759
1.59489633173844,1.26343098888861
1.59235668789809,-0.467274967681941
1.58982511923688,-3.15072279502088
1.58928286562298,-1.77047357634238
1.58730158730159,-2.57788376631783
1.58478605388273,-2.95765137423511
1.58227848101266,-1.18766456835608
1.57977883096367,-3.41094331521181
1.57833140565212,-3.64209145610026
1.57728706624606,-0.946423287526765
1.5748031496063,-3.18085968661652
1.57232704402516,-3.41402141062646
1.56985871271586,-2.04857036180509
1.5674554102056,-2.25520337583635
1.56739811912226,-1.70410382223194
1.56494522691706,-1.7176019320987
1.5625,-2.37641988814552
1.5600624024961,-3.49714318264445
1.55763239875389,-3.56363592334953
1.55665435927106,-3.32569337401516
1.5552099533437,-1.44122751118844
1.5527950310559,-1.89791408487637
1.55038759689922,-1.00138337172025
1.54798761609907,-0.402393297971382
1.54592773641948,-3.16324997311805
1.54559505409583,-3.32377670463721
1.54320987654321,-2.98321928626201
1.54083204930663,-3.17837234808
1.53846153846154,-3.35819792661736
1.53609831029186,-1.65298627013375
1.53527502878042,-0.747856044970557
1.53374233128834,-3.34393095425819
1.53139356814701,-3.60734300364897
1.52905198776758,-3.52147093334578
1.52671755725191,-2.38185601890153
1.52469572701757,-3.55622771635226
1.52439024390244,-2.59228493190185
1.5220700152207,-3.59110660817684
1.51975683890577,-2.48660904421784
1.51745068285281,-2.43806063257672
1.51515151515152,-1.5249685208456
1.51418932530435,-3.52229983516689
1.51285930408472,-3.45627761862006
1.51057401812689,-2.72367866197085
1.50829562594268,-1.68227949576031
1.50602409638554,-3.44152842355485
1.50375939849624,-3.143810183686
1.50375532129974,-3.1845892067832
1.5015015015015,-3.41977957305975
1.49925037481259,-2.53098659997506
1.49700598802395,-3.34609246877501
1.49476831091181,-2.81106656648289
1.49339321612425,-1.21421792689291
1.49253731343284,-3.53464952166207
1.4903129657228,-3.12779111211186
1.48809523809524,-1.65979525998649
1.48588410104012,-3.34095540390178
1.48367952522255,-3.41008039879419
1.4831025143361,-3.35543164631705
1.48148148148148,-3.3281284647487
1.4792899408284,-3.29541932294189
1.47710487444609,-3.10818550345642
1.47492625368732,-3.31984950089277
1.4728827239075,-3.22110976201948
1.47275405007364,-3.6325279163921
1.47058823529412,-3.58966940882324
1.46842878120411,0.62996090063901
1.46627565982405,-1.87412455616795
1.46412884333821,-1.33453876865193
1.46273335620113,-2.21974361961189
1.46198830409357,-0.763665751553428
1.45985401459854,-3.08545967143452
1.45772594752187,-3.63528167726956
1.45560407569141,-2.40901773762833
1.45348837209302,0.411787193347796
1.45265392594678,-3.25177863709576
1.45137880986938,-0.6781110628912
1.44927536231884,-2.83478401774102
1.44717800289436,-1.88786714926639
1.44508670520231,-1.82877919432668
1.44300144300144,-2.3094618907459
1.44264395121816,-2.96427688742939
1.44092219020173,-3.281257392764
1.43884892086331,-0.816508070184407
1.4367816091954,-3.43180936289898
1.43472022955524,-2.73652423470879
1.43270295340983,-3.27034361016713
1.43266475644699,-3.22149891856808
1.43061516452074,-1.50559885645891
1.42857142857143,3.02249417029795
1.4265335235378,-0.0386107850461412
1.42450142450142,-1.83805910641937
1.42283045721435,-1.34842136131156
1.42247510668563,-2.80221529648999
1.42045454545455,-0.694461402883216
1.41843971631206,-3.04961030280573
1.41643059490085,-0.446817708020272
1.41442715700141,0.215207990624397
1.41302599059953,-0.366952856428479
1.41242937853107,-2.29874658914407
1.41043723554302,-2.95188280271811
1.40845070422535,-3.54111610348248
1.40646976090014,-3.31597361134377
1.40449438202247,-2.67620719305198
1.40328908478587,-1.24614924572834
1.40252454417952,-3.55577029570589
1.40056022408964,-3.57061357712017
1.3986013986014,-3.32502859417427
1.39664804469274,-1.58690730906523
1.39470013947001,-2.2368290004898
1.39361927422414,0.0592955240936321
1.39275766016713,-3.26492001274583
1.39082058414465,-1.3999349372964
1.38888888888889,-2.84598548790491
1.3869625520111,-2.75609021358808
1.38504155124654,-2.41487195936382
1.38401609657313,-1.45531650380532
1.38312586445367,-1.33462763625659
1.38121546961326,-2.65963143756961
1.37931034482759,-2.73557079848869
1.37741046831956,-3.65074649740152
1.37551581843191,-3.39390117751064
1.37447909267754,-2.28016725095314
1.37362637362637,-3.62177186741409
1.37174211248285,-3.13823289991084
1.36986301369863,-2.5942633415885
1.36798905608755,-3.60088740614556
1.36612021857923,-3.09633494657511
1.36500780654601,-2.30932296176901
1.36425648021828,-2.12664892580498
1.36239782016349,-3.07860419210031
1.36054421768707,-2.93460791244818
1.35869565217391,-3.43674600173484
1.35685210312076,-3.45057354252348
1.35560178532937,-2.47596729775504
1.3550135501355,-1.60827852863069
1.3531799729364,-3.23390604862056
1.35135135135135,-3.05230015575024
1.34952766531714,-3.34426211145306
1.34770889487871,-1.49656618474931
1.34626057929891,-2.19418185119145
1.34589502018843,-2.91185938241118
1.34408602150538,-1.73929317205583
1.34228187919463,-3.13855390431062
1.34048257372654,-3.52861028391801
1.33868808567604,-3.49497498392743
1.33698374182495,-3.1314786190572
1.33689839572193,-3.50862882031272
1.33511348464619,-3.40632140620159
1.33333333333333,-2.4669999015915
1.33155792276964,-1.99496838534794
1.32978723404255,-3.29324564282232
1.32802124833997,-3.2106489236426
1.32777082935543,-3.36551074411228
1.3262599469496,-3.4658552770429
1.32450331125828,-1.86801341090746
1.32275132275132,-2.53847920007005
1.32100396301189,-3.13834581203396
1.31926121372032,-3.08489610848143
1.31862140139475,-3.47588818417229
1.31752305665349,-3.00456206829518
1.31578947368421,-2.65174674819577
1.31406044678055,-0.672994406132214
1.31233595800525,0.84656036291229
1.31061598951507,-1.43096033405079
1.30953502048267,-2.87891329138499
1.30890052356021,-2.6651447466282
1.30718954248366,-1.01232485889211
1.30548302872063,-1.92568044753959
1.30378096479791,-3.61280697423093
1.30208333333333,-1.93213570854349
1.30051125217341,-1.82222410992734
1.30039011703511,-2.86054949474829
1.2987012987013,-3.52868219390332
1.2970168612192,-3.65024311427798
1.29533678756477,-2.79507566472911
1.29366106080207,-2.48351689042048
1.29198966408269,-3.53495390340343
1.29154966501488,-2.68582031123857
1.29032258064516,-3.35820596013594
1.28865979381443,-3.13608908869029
1.28700128700129,-2.36898542018535
1.2853470437018,2.47244524718203
1.28369704749679,-2.37830762082965
1.28264983052806,-3.55612051002209
1.28205128205128,-2.35580671861306
1.28040973111396,-0.379938890074736
1.27877237851662,-2.23270509230998
1.27713920817369,-2.08132533247119
1.27551020408163,-2.14268544164396
1.27388535031847,-1.17720269687784
1.27381132318648,-1.85012602230754
1.27226463104326,-2.79909612135874
1.27064803049555,-3.42897787380216
1.26903553299492,-3.5204863408946
1.26742712294043,-3.19409761125116
1.26582278481013,-2.11770583359241
1.2650337203959,-3.56193887289121
1.26422250316056,-1.32220331064552
1.26262626262626,-3.27364992446551
1.26103404791929,-3.19573251470281
1.25944584382872,-1.3047131564826
1.25786163522013,-1.58794089781979
1.25631660247412,-2.41089565019565
1.25628140703518,-1.91841756121614
1.25470514429109,-0.664559009426237
1.2531328320802,-3.25044919029862
1.25156445556946,-2.79970787198117
1.25,-3.35819220710051
1.24843945068664,-2.6898695705495
1.24765955263087,-2.89488013809598
1.24688279301746,-3.54675221324406
1.2453300124533,-2.50018316515603
1.24378109452736,-2.70250323815936
1.24223602484472,-3.31620253670472
1.24069478908189,-2.78749404741726
1.23915737298637,-3.3514200988407
1.23906215694792,-3.23100734756967
1.23762376237624,-2.2019959739391
1.23609394313968,-3.17812413086996
1.23456790123457,-3.3398880587385
1.23304562268804,-1.79095303913753
1.23152709359606,-3.19951656135297
1.23052400435926,-2.57836768837812
1.230012300123,-1.70614012594775
1.22850122850123,-3.63873838091721
1.22699386503067,-3.33848004061486
1.22549019607843,-2.5427818811875
1.22399020807834,-3.428390366572
1.22249388753056,-2.90371667840612
1.22204468663149,-3.48448637359992
1.22100122100122,-2.38873838250167
1.21951219512195,-2.50293944929289
1.21802679658952,-2.63422456823052
1.21654501216545,-1.22649584986386
1.21506682867558,-0.413302729475371
1.21362379834424,-3.04173449175196
1.21359223300971,-3.56109339344477
1.21212121212121,-2.72003005082582
1.21065375302663,-0.777299991616426
1.20918984280532,-2.92298122824304
1.20772946859903,-3.10427059353976
1.20627261761158,-2.91491600745415
1.20526093687084,-3.51627793669585
1.20481927710843,-3.63135944057096
1.20336943441637,-2.85529301190719
1.20192307692308,-2.95619997357771
1.20048019207683,-3.04480013234045
1.19904076738609,-1.32650316254292
1.19760479041916,-3.61240786972307
1.19695570235904,-2.84654259809063
1.19617224880383,-3.61479706934569
1.194743130227,-2.76302898685138
1.19331742243437,-3.04164093382162
1.19189511323004,-0.240906268290256
1.19047619047619,-3.02645199537435
1.18906064209275,-2.32061013214492
1.1887076977119,-3.17619657563038
1.18764845605701,-1.39523765805209
1.18623962040332,-2.62183350161215
1.18483412322275,-3.1103294753971
1.18343195266272,-1.454048981604
1.18203309692671,-0.883981548410854
1.18063754427391,-1.70247532685805
1.18051652856881,-3.24144546676866
1.17924528301887,-1.05509515031398
1.17785630153121,-2.99189747834888
1.17647058823529,-2.8375073143887
1.17508813160987,-2.79087448633968
1.17370892018779,-1.40782698670624
1.1723818032866,-2.14518699845676
1.17233294255569,-1.0576545645607
1.17096018735363,-2.9802965260386
1.16959064327485,-3.21126720347403
1.16822429906542,-1.94258826101479
1.16686114352392,1.83852111569151
1.16550116550117,-2.08242747926168
1.16430313292088,-3.22174643994132
1.16414435389988,-2.4206231351044
1.16279069767442,-0.845733895332113
1.16144018583043,-2.55500169656086
1.16009280742459,-3.4281145285441
1.15874855156431,-3.05818226740554
1.15740740740741,-0.974483444198692
1.15628013120738,-3.52045443416285
1.15606936416185,-2.24456587311387
1.15473441108545,-3.36914583351888
1.15340253748558,-2.3469711058802
1.15207373271889,-3.40620816063939
1.15074798619102,-2.11692843985856
1.14942528735632,-3.49362571798862
1.14831241454351,-3.16696850547366
1.14810562571757,-3.28752569020018
1.14678899082569,-2.25447869775605
1.1454753722795,-3.18316300613257
1.1441647597254,-2.52514452729967
1.14285714285714,-3.62292077230556
1.14155251141553,-1.77091325011601
1.14039960197003,-1.31956782845533
1.14025085518814,-3.0975684523013
1.13895216400911,-3.22097582236945
1.13765642775882,-2.44427687215353
1.13636363636364,-1.52474452286658
1.13507377979569,-3.27676439119822
1.13378684807256,-0.800556671304416
1.13254131515281,3.69707366754425
1.13250283125708,2.56283872791288
1.13122171945701,-3.2630981041939
1.12994350282486,-3.46613400408956
1.12866817155756,-2.81854721565288
1.12739571589628,-1.5548055602352
1.12612612612613,-2.69698652186555
1.12485939257593,-3.20820504494746
1.12473717836475,-3.16101296595705
1.12359550561798,-2.12659779456383
1.12233445566779,-3.54597005394349
1.12107623318386,-1.84592365277892
1.11982082866741,-3.59269132314825
1.11856823266219,-3.32865955688102
1.11731843575419,-1.3536395224746
1.11698681846782,-3.54505816992788
1.11607142857143,-3.46121660558104
1.11482720178372,-3.44904060095665
1.11358574610245,-3.14537855150341
1.11234705228031,-0.894578427632818
1.11111111111111,-1.48652554836768
1.10987791342952,-2.91516803231699
1.10928986489522,-2.77379454615432
1.10864745011086,-1.64591587238722
1.10741971207087,-3.65780285184165
1.10619469026549,-2.27211402843319
1.10497237569061,-3.26692593870846
1.1037527593819,-3.51766093067333
1.10253583241455,-2.61227510371337
1.10164594963366,-3.35375953185978
1.10132158590308,-2.81984019347042
1.1001100110011,0.354002929271293
1.0989010989011,-3.25300515124924
1.09769484083425,-2.764305768162
1.09649122807018,-3.6023407804938
1.09529025191676,-2.10401449699024
1.09409190371991,-3.36249341156685
1.09405470720574,-3.43219082153451
1.09289617486339,-2.98357448752879
1.09170305676856,-3.18581364982024
1.09051254089422,-3.03669264210343
1.08932461873638,-1.38109975500846
1.08813928182807,-3.01561830345401
1.08695652173913,-1.01622347645148
1.08651577465254,-0.719297739946096
1.085776330076,-1.41003619096822
1.08459869848156,-3.55022186655675
1.08342361863489,-2.89972174011789
1.08225108225108,-2.48336561182075
1.08108108108108,-0.986420146473942
1.07991360691145,-0.740416812590335
1.07902879151618,-1.47257857293836
1.07874865156419,-3.16587439129951
1.07758620689655,-2.26689815838106
1.07642626480086,-2.41170997151125
1.0752688172043,-2.47169526126141
1.07411385606874,-3.05827198211908
1.07296137339056,-2.51181181850491
1.07181136120043,-1.07792580355952
1.07159339982267,-2.59874907400826
1.07066381156317,-2.52087551154944
1.06951871657754,-0.629909835062089
1.06837606837607,-0.844296051700336
1.06723585912487,-0.895973234818523
1.06609808102345,-0.945126398544669
1.06496272630458,-3.35240423140577
1.06420924406472,-2.22730641281991
1.06382978723404,-2.75848767665947
1.06269925611052,-0.352366042308328
1.06157112526539,-3.38196422948119
1.06044538706257,-1.04906096633543
1.0593220338983,-1.57033930352243
1.05820105820106,-2.31278374600894
1.05708245243129,-3.27329290231581
1.0568759711848,-3.56656002800112
1.05596620908131,-3.16465605625889
1.05485232067511,-3.21299657658802
1.05374077976818,-3.18170821911876
1.05263157894737,-2.47911800683412
1.0515247108307,-3.17856288487438
1.05042016806723,-2.79045917717623
1.04959323055823,-3.10910525940009
1.04931794333683,-1.11869411558673
1.0482180293501,-2.60748339841806
1.04712041884817,-2.91729327373759
1.04602510460251,-2.94540197317654
1.04493207941484,-3.0706953595906
1.04384133611691,-3.37194812922349
1.04275286757039,-3.01242039214228
1.0423606739764,-1.9396365107048
1.04166666666667,2.70897980244964
1.04058272632674,-0.832747789564659
1.03950103950104,-0.551558746577892
1.03842159916926,0.987030246138876
1.03734439834025,-2.91346435020217
1.03626943005181,-3.55856505103322
1.0351966873706,-2.44641943536272
1.03517795563018,-1.91958982156585
1.03412616339193,-3.5876769986403
1.03305785123967,-2.42726297374012
1.03199174406605,-3.42625114577465
1.03092783505155,-3.21422438956658
1.02986611740474,-3.55289943883515
1.02880658436214,-2.67062679774527
1.02804473209331,-0.318244395909526
1.02774922918808,-3.43180975220944
1.02669404517454,-3.63307434855629
1.02564102564103,-3.1878383910696
1.02459016393443,-3.29180330330517
1.02354145342886,-3.16457472286474
1.02249488752556,-3.50460810193571
1.02145045965271,-2.24636266879223
1.02096066230605,-3.54343842698649
1.02040816326531,-2.96323121756107
1.01936799184506,-3.33141006709077
1.0183299389002,-2.37316936208766
1.01729399796541,-3.41931634520806
1.01626016260163,-3.29721949783272
1.01522842639594,-2.90144500011872
1.01419878296146,-3.19420413654124
1.01392540755882,-3.16392272053941
1.01317122593718,-0.810592477754123
1.01214574898785,-3.11377184125494
1.01112234580384,-2.03897327405233
1.01010101010101,-1.54803165231909
1.00908173562059,-2.28363464212056
1.00806451612903,-0.00717409744525366
1.00704934541793,-1.62839958004293
1.00693863147603,-3.54413184210379
1.00603621730382,-2.9444371135563
1.00502512562814,-3.28834925650612
1.00401606425703,1.49383152989784
1.00300902708124,-0.485297570577482
1.00200400801603,-0.120652979963874
1.001001001001,2.01519012297088
1,-1.15417123033442
