"bfp_output.P","bfp_output.logBF"
1000,-0.566361396254972
993.109181374979,-0.433651201165683
986.265846131283,-0.358224364919447
979.46966706954,-0.336454321361866
972.720319245055,-0.360362837183696
966.017479952265,-0.420986350237693
959.360828709315,-0.5116848016584
952.75004724273,-0.63014105534999
946.184819472201,-0.778550355287545
939.66483149547,-0.962098394449877
933.189771573324,-1.18613739592292
926.759330114689,-1.4527471633133
920.373199661823,-1.75775199835955
914.031074875623,-2.08946660809873
907.732652521023,-2.42995366723523
901.477631452492,-2.75835345802285
895.26571259964,-3.05470814240187
889.096598952916,-3.30259525930741
882.969995549409,-3.48985995924287
876.885609458743,-3.6079604249109
870.843149769073,-3.65118164045274
864.842327573172,-3.61707040697102
858.882855954625,-3.50889663174596
852.964449974103,-3.33946616600606
847.086826655741,-3.13330732135254
841.249704973612,-2.92325805064801
835.452805838287,-2.7409588911204
829.695852083491,-2.60690781804889
823.978568452852,-2.52687316769545
818.300681586739,-2.4955586406303
812.661920009195,-2.50310535372555
807.06201411495,-2.54023871078344
801.500696156541,-2.6006254283253
795.977700231499,-2.68059306947198
790.492762269642,-2.77658636205377
785.045620020451,-2.88162969614184
779.636013040523,-2.98445233723471
774.263682681127,-3.07407373589349
768.928372075831,-3.14550114914312
763.629826128224,-3.20011174590378
758.367791499719,-3.24178522996369
753.142016597437,-3.27330066421872
747.952251562182,-3.2943583098377
742.798248256492,-3.30027457267407
737.679760252773,-3.28093453145258
732.596542821523,-3.22253235730001
727.548352919623,-3.11915810076293
722.534949178721,-2.99443811783352
717.556091893692,-2.90002030096168
712.611543011175,-2.87107155686923
707.701066118189,-2.90328461960329
702.824426430835,-2.97606905574487
697.981390783066,-3.07332161029624
693.17172761554,-3.18568717097788
688.39520696455,-3.30500594138662
683.651600451024,-3.41777931935148
678.940681269611,-3.50125378924026
674.262224177835,-3.52736257937242
669.616005485322,-3.47645430831273
665.001803043112,-3.34989709018076
660.419396233031,-3.16759649644704
655.868565957143,-2.95499688816839
651.349094627281,-2.73470048467784
646.860766154633,-2.52701903536221
642.40336593942,-2.35327493897135
637.976680860628,-2.23521627267935
633.580499265825,-2.18899340130387
629.214610961035,-2.21863579799209
624.878807200689,-2.31566110219451
620.57288067765,-2.46492215146055
616.296625513294,-2.65027050929752
612.04983724767,-2.85529607847071
607.832312829723,-3.06058559531611
603.643850607587,-3.24211929864766
599.484250318941,-3.37290183679157
595.353313081437,-3.42535530293447
591.250841383188,-3.37207215562399
587.176639073326,-3.18836866463051
583.130511352622,-2.86560843671115
579.112264764176,-2.43880306995863
575.121707184161,-2.00361721615119
571.158647812643,-1.6772228962257
567.222897164454,-1.5221142215811
563.314267060136,-1.52316389605069
559.432570616938,-1.63189709726937
555.577622239888,-1.81132625863519
551.749237612913,-2.04733155296393
547.947233690029,-2.33455368759418
544.171428686589,-2.65514115858626
540.421642070592,-2.96901232181797
536.697694554048,-3.2196602821423
532.999408084409,-3.34369953365488
529.326605836056,-3.28328542014419
525.679112201842,-3.01567801891566
522.056752784698,-2.59081758055184
518.459354389291,-2.12385870944693
514.886745013749,-1.72520187119262
511.338753841433,-1.44365323773273
507.815211232767,-1.27544484747367
504.315948717136,-1.2052302368058
500.840798984821,-1.23425672951005
500,-1.25809544979098
497.389595879006,-1.37866658262341
493.962174387832,-1.64757531900299
490.558370636505,-2.02983792803625
487.178021879463,-2.49528721574851
483.820966492595,-2.98746813429254
480.487043965513,-3.40827008629885
477.176094893875,-3.63714083699436
473.887960971765,-3.60705796571552
470.622484984128,-3.35587715197392
467.379510799247,-2.97987049748864
464.158883361278,-2.56296525953892
460.960448682844,-2.15930899862776
457.784053837662,-1.81016089768677
454.62954695324,-1.55210161935492
451.49677720361,-1.40931710594394
448.385594802119,-1.39313588630049
445.295850994266,-1.51296537729557
442.22739805059,-1.77312652116423
439.180089259609,-2.143990199967
436.153778920801,-2.543941641746
433.14832233764,-2.8812298815997
430.16357581068,-3.11711222895174
427.199396630678,-3.27081123877526
424.255643071778,-3.37866908136611
421.332174384729,-3.46347624161514
418.428850790158,-3.53160742943974
415.545533471888,-3.58321238982996
412.682084570296,-3.61879512037718
409.838367175726,-3.63855586429737
407.014245321944,-3.63941514617941
404.209583979631,-3.61434044495568
401.424249049932,-3.54907156532063
398.658107358044,-3.41384588752099
395.911026646846,-3.17050833819665
393.182875570577,-2.82730093108985
390.473523688556,-2.49992594635422
387.782841458946,-2.31129215841504
385.110700232557,-2.23746002523206
382.4569722467,-2.12622885130913
379.821530619074,-1.74080418513501
377.2042493417,-0.907574461158002
374.605003274899,-0.0390924321322172
372.023668141307,0.143214628499057
369.46012051993,-0.378533249950702
366.914237840249,-1.21413856840219
364.385898376355,-1.63442670775795
361.874981241128,-0.611739507474293
359.381366380463,1.26971968055721
356.904934567523,2.27809738097149
354.445567397043,1.7803194489557
352.003147279668,0.0205948329988717
349.577557436327,-1.84291347339321
347.168681892656,-2.58167667670248
344.776405473446,-2.46677732433063
342.400613797142,-2.32852754241197
340.041193270371,-2.30682204186548
337.698031082509,-1.89956477358579
335.371015200293,-0.646329036124437
333.333333333333,1.05626405544515
333.060034362459,1.30376650962457
330.764978074424,3.194847348763
328.485736603004,3.83942236087954
326.222200971167,2.36950752427787
323.97426295282,-0.164705293652569
321.741815067637,-1.97691137008224
319.524750575921,-2.54445724613056
317.322963473498,-2.00767044668369
315.136348486648,-0.71055314870507
312.964801067075,0.542516360460515
310.808217386907,0.986187702344599
308.666494333727,0.639945435116364
306.539529505653,-0.0800649865311795
304.42722120643,-0.65584221819709
302.329468440578,-0.454136655405203
300.246170908555,0.920169761816699
298.177229001967,2.87816521254066
296.122543798804,3.68447451406367
294.082017058706,2.72626497262393
292.055551218275,1.34061444412852
290.043049386399,0.329692636194769
288.04441533963,-0.534279481621193
286.059553517574,-1.04127718125813
284.08836901833,-0.263983687896721
282.130767593947,1.81514317931054
280.18665564592,3.29150838855781
278.255940220713,2.66872017360503
276.338529005317,0.498248340164811
274.434330322837,-1.7960267202073
272.543253128103,-2.89205983222153
270.665207003324,-1.73699615779544
268.800102153761,1.77371449096357
266.947849403432,6.06325583907487
265.108360190854,8.67604995570536
263.281546564802,7.91179960301212
261.467321180109,3.82241899570211
259.665597293487,-1.22074391154045
257.87628875938,-3.60694586359726
256.099310025846,-2.68117675718839
254.334576130465,-0.311312529087142
252.582002696278,2.18043922514305
250.841505927754,4.11559924513641
250,4.53746766648839
249.113002606779,4.24617903360305
247.396410088681,0.796581881375848
245.691646298279,-2.93336200443305
243.998629725955,-3.42596907986576
242.31727942376,-2.5668027073239
240.647515001542,-1.63951773202522
238.989256623105,-1.14594194192973
237.342425002387,-1.50799602997356
235.706941399673,-2.2496620088862
234.082727617829,-1.63286400891594
232.469705998565,-0.195640213087112
230.867799418717,0.345477913491455
229.276931286565,-1.02193514351249
227.697025538168,-2.99251013749703
226.128006633728,-3.27107232622672
224.569799553977,-0.974398490283714
223.022329796594,3.11693501971651
221.485523372636,7.60016624669537
220.301028161296,9.40500846554709
218.443607114943,4.60494654098467
216.938351838519,-1.30890520945006
215.443469003188,-3.47262816470625
213.958887134342,-2.25201580871375
212.484535249888,0.505739459469358
211.02034285686,2.3149732777563
209.566239948043,1.40818583487304
208.122156998634,-0.773664034373875
206.688024962908,-2.55494812444284
205.263775270925,-3.02725842150168
203.849339825246,-2.54186301331527
202.44465099768,-2.34958218221196
201.04964162605,-2.95312905008656
200,-3.40242840821245
199.664245010979,-3.49545121939287
198.288394912707,-3.60868662981063
196.922025547917,-3.45182206477251
195.565071586595,-3.40845873384039
194.217468148903,-3.38679297103398
192.879150802078,-3.20732408181838
191.550055557353,-3.21331871301767
190.230118866895,-3.16967134963569
188.919277620767,-3.28405093727057
187.617469143912,-3.5312772512819
186.324631193156,-3.0374844439397
185.04070195423,-2.70259194714385
183.765620038817,-2.27099687610591
182.499324481615,-1.719913476
181.241754737424,-2.13962791913873
179.992850678248,-2.23365232085815
178.752552590424,-2.24095472377423
177.520801171764,-2.93609378158329
176.297537528721,-2.76908498864672
175.082703173572,-1.8015336471728
173.876240021625,-0.0673554333138879
172.678090388436,0.802585562172955
171.488196987054,-0.973808493326412
170.306502925284,-2.59791433484049
169.132951702965,-3.21215112157678
167.967487209265,-2.6734249598574
166.810053720006,-1.47366661025809
166.666666666667,-1.32039865896273
165.660595894991,0.0402171121621864
164.519058775366,2.45072572671704
163.385387780986,4.36683472751431
162.259528707809,1.0897433554796
161.141427725302,-3.31740472996013
160.03103137387,-1.20974114126086
158.928286562298,4.53157445424755
157.833140565212,8.0956851668647
156.745541020559,3.60364477047712
155.665435927106,-2.9301984021139
154.592773641948,-2.33188662963736
153.527502878042,1.41942520625422
152.469572701757,2.34079926262091
151.418932530435,-0.703084076032819
150.375532129974,-3.38402845849866
149.339321612425,-1.78673989058553
148.310251433611,-0.910997956912222
147.28827239075,-1.99124742795884
146.273335620113,-3.36366683746366
145.265392594678,-2.45456396888941
144.264395121816,-2.00718716963551
143.270295340983,-1.70764225363383
142.857142857143,-1.67685145052742
142.283045721435,-1.49543481335847
141.302599059953,-0.910305067700118
140.328908478587,-2.5552274233254
139.361927422414,-1.88019436828433
138.401609657313,2.56349527817112
137.447909267754,6.43157003290002
136.500780654601,2.17272950964877
135.560178532937,-3.32154371212008
134.626057929891,-1.19575268439318
133.698374182495,3.60502907313917
132.777082935543,1.69515976946106
131.862140139475,-2.34223679940556
130.953502048267,-3.55681125261487
130.051125217341,-3.49771732747571
129.154966501488,-3.04933343296953
128.264983052806,-2.76094323046807
127.381132318648,-3.08475206556305
126.50337203959,-2.62606497215266
125.631660247412,-1.27035269368367
125,-0.604087513255659
124.765955263087,-0.905228448837117
123.906215694792,-3.28577956594394
123.052400435926,-3.45914419057193
122.204468663149,-2.1251239233638
121.362379834424,-1.72233808058673
120.526093687084,-2.79834022272011
119.695570235904,-3.3929477351002
118.87076977119,-3.18384598260685
118.051652856881,-3.07721792875172
117.23818032866,-3.10343083112259
116.430313292088,-3.42315841007818
115.628013120738,-3.65432535687485
114.831241454351,-3.06908870161241
114.039960197003,-2.39118561630162
113.254131515281,-2.53079578323841
112.473717836475,-3.54411986798292
111.698681846782,-2.81583763964646
111.111111111111,-1.20352311293417
110.928986489522,-0.748368767901705
110.164594963366,-0.661447854678168
109.405470720574,-2.96562643753351
108.651577465254,-3.0641919679838
107.902879151618,-1.64834644095974
107.159339982267,-1.28594875926005
106.420924406472,-2.64110030082225
105.68759711848,-1.59789544639916
104.959323055823,-0.725242396502334
104.23606739764,-3.09787696971902
103.517795563018,-2.64849139953345
102.804473209331,1.52191136355784
102.096066230605,0.0900542131981199
101.392540755882,-2.77491012256929
100.693863147603,-1.55459601498695
100,-1.12818518187684
100,-1.12818512609025
99.310918137498,-1.50110133455838
98.6265846131283,-2.43216199772287
97.946966706954,-2.77967653373052
97.2720319245054,-2.55833168812613
96.6017479952265,-3.53817052117834
95.9360828709315,-2.77159613424889
95.2750047242729,-2.45421048620325
94.61848194722,-3.40551416290738
93.966483149547,0.233818667699343
93.3189771573324,-0.374826918990332
92.6759330114688,-3.57898307980526
92.0373199661823,-1.74927936728362
91.4031074875623,-1.03988718296368
90.9090909090909,-2.02304828789898
90.7732652521023,-2.0116193126103
90.1477631452492,-2.87981103484476
89.526571259964,-2.91296830645878
88.9096598952916,0.85309766530951
88.2969995549409,-0.166500146785931
87.6885609458743,-3.46394006104783
87.0843149769073,-0.668234328255788
86.4842327573172,-1.43707177984633
85.8882855954625,-2.99126208952758
85.2964449974102,-1.90832160343278
84.7086826655741,-3.10640953755331
84.1249704973612,-2.43053626088125
83.5452805838287,-3.56213845067326
83.3333333333333,-2.935469863302
82.9695852083491,-1.76599316862187
82.3978568452852,-3.30347765468856
81.8300681586739,2.41280795577903
81.2661920009194,-0.665459501903949
80.706201411495,-0.724615137683609
80.150069615654,9.20515457206797
79.5977700231498,-1.73121944561576
79.0492762269642,-1.47334735983331
78.5045620020451,-0.713604729650409
77.9636013040523,0.809721286410327
77.4263682681127,-3.64696076814591
76.9230769230769,1.16453037877891
76.8928372075831,1.52436121266972
76.3629826128224,-3.07837337446885
75.8367791499719,-1.60095463726746
75.3142016597437,-2.89077569087361
74.7952251562182,-2.35607866457225
74.2798248256491,-2.79250210886267
73.7679760252773,-2.9654793771498
73.2596542821523,-2.31744854594659
72.7548352919623,-3.42006776583484
72.2534949178722,-3.651774439747
71.7556091893693,-2.33904549194029
71.4285714285714,-0.608321408569149
71.2611543011175,-1.31005528716018
70.7701066118189,-2.89860338540474
70.2824426430835,-0.631267468693077
69.7981390783066,-2.1101042985869
69.3171727615541,-3.33700138574646
68.839520696455,-3.41948836149588
68.3651600451024,-1.09480282873762
67.8940681269611,-2.68366555523762
67.4262224177834,-1.96334546866559
66.9616005485322,-3.05672319273283
66.6666666666667,0.701337801252511
66.5001803043112,0.439684243788112
66.0419396233031,-1.56662433650878
65.5868565957143,-0.910607995209982
65.134909462728,-1.73727198322969
64.6860766154633,-2.38513504256128
64.2403365939419,-2.22790949703129
63.7976680860628,-3.14998927564128
63.3580499265825,0.0121420078688361
62.9214610961034,-2.28362824888814
62.5,-2.19576087785914
62.4878807200689,-2.24501915332616
62.057288067765,-2.90696001968207
61.6296625513294,-2.99909305274466
61.204983724767,-3.47826104911446
60.7832312829723,-1.874484100543
60.3643850607587,-3.58253782548997
59.9484250318941,-2.94505802194781
59.5353313081437,-3.66251836878065
59.1250841383188,-3.66016772205988
58.8235294117647,-2.76771727969064
58.7176639073326,-1.65378054404008
58.3130511352622,-2.94194602633395
57.9112264764176,-2.75217195973654
57.5121707184161,-2.10624758607353
57.1158647812643,-3.64864217077779
56.7222897164454,-2.99090488175816
56.3314267060136,-2.903664557227
55.9432570616938,-2.85519032788086
55.5577622239888,-2.54542876620108
55.5555555555556,-2.52388512692483
55.1749237612912,-2.11154708373656
54.7947233690029,-2.96663506893149
54.4171428686589,-3.03570737075729
54.0421642070592,-3.10457142107289
53.6697694554048,-3.193591641823
53.2999408084409,-3.60665955168893
52.9326605836056,-2.19158760456043
52.6315789473684,-2.93739536756142
52.5679112201842,-3.05096866878879
52.2056752784698,-1.10716470810716
51.8459354389291,-3.26331450109437
51.488674501375,-3.6260980653921
51.1338753841433,-2.73478677817827
50.7815211232767,-2.38043445632341
50.4315948717136,-0.632604735727294
50.0840798984821,-3.42193003958708
50,-3.00620773344316
49.7389595879007,-3.29796509756006
49.3962174387832,-2.45605457404566
49.0558370636505,-2.66553587152397
48.7178021879463,-3.28300803342826
48.3820966492596,-3.3249895867237
48.0487043965513,-0.177352944001693
47.7176094893875,-2.87931727596468
47.6190476190476,-1.77762216394477
47.3887960971765,-2.32233149385804
47.0622484984128,-3.5380375557617
46.7379510799246,2.35280085279009
46.4158883361278,-2.13738807888019
46.0960448682843,-1.83210055552656
45.7784053837662,-2.83346865212128
45.462954695324,-3.03848634104183
45.4545454545455,-3.03093012919346
45.149677720361,-2.59730402488348
44.8385594802119,-2.35028183346902
44.5295850994266,-2.87105204430498
44.222739805059,8.24239811811576
43.9180089259609,-0.648734177939683
43.6153778920801,-1.03808401534784
43.4782608695652,-2.2236276125614
43.314832233764,-2.21133918362166
43.016357581068,-3.53323776132212
42.7199396630678,-1.55905538064523
42.4255643071778,-2.15305870516813
42.1332174384729,-1.01932589084073
41.8428850790158,-0.881465286281279
41.6666666666667,-3.27910209828105
41.5545533471888,-1.51632299586823
41.2682084570295,-3.12153950444751
40.9838367175726,-0.943671146088557
40.7014245321944,-2.89643747680661
40.4209583979631,-3.38934357078356
40.1424249049932,0.169581884665736
40,-3.24350402929896
39.8658107358044,-1.69230594229172
39.5911026646846,-3.16504968828302
39.3182875570577,-2.60066276363672
39.0473523688556,-0.951865578235821
38.7782841458946,-3.02966094422983
38.5110700232557,-3.07032488578268
38.4615384615385,-3.40497272502109
38.24569722467,-1.40440743988646
37.9821530619073,-1.62422211511425
37.72042493417,-3.48584937579808
37.4605003274899,-1.91241284913219
37.2023668141307,-2.98226190126503
37.037037037037,-3.55529398118584
36.946012051993,-3.24949343039232
36.6914237840249,-2.19678259988766
36.4385898376355,-2.65244894208423
36.1874981241128,-2.3962991548603
35.9381366380463,-3.03168892720317
35.7142857142857,-2.52005045464874
35.6904934567523,-2.78672164322689
35.4445567397043,-0.523744397140017
35.2003147279668,-1.92543720979561
34.9577557436328,-3.12853538628654
34.7168681892656,-3.58981188755963
34.4827586206897,-3.58981432311308
34.4776405473446,-3.53855444922528
34.2400613797142,-3.12574642241712
34.0041193270371,-0.767417756799698
33.7698031082509,-3.41363457751465
33.5371015200293,-1.23838142670904
33.3333333333333,-2.12536410186449
33.3060034362459,-0.249874204478583
33.0764978074424,-2.91173780994061
32.8485736603004,-3.29386818700082
32.6222200971167,-2.64277529724425
32.397426295282,0.946622786308798
32.258064516129,-2.61063056431559
32.1741815067637,0.297383166233876
31.9524750575921,-2.853675217308
31.7322963473498,-3.60347241010977
31.5136348486648,-3.1775262869702
31.2964801067075,-2.97394219212991
31.25,-3.37469627689166
31.0808217386906,-2.89724295549596
30.8666494333727,-3.45444438239688
30.6539529505653,-3.05858152783618
30.442722120643,-0.262165649993658
30.3030303030303,-3.61217447330658
30.2329468440578,-2.39302938243089
30.0246170908555,-3.42415189308049
29.8177229001967,-3.15191439473669
29.6122543798804,-3.31936660429467
29.4117647058824,-2.95781589880611
29.4082017058706,-2.89403477814444
29.2055551218275,-3.22290568688221
29.0043049386399,-3.06539460905376
28.804441533963,-2.47210328214013
28.6059553517574,-3.01103810920984
28.5714285714286,-3.58215853685344
28.408836901833,-3.60490950472571
28.2130767593947,-3.06557357946375
28.018665564592,-3.50254219687111
27.8255940220712,-2.78968985245525
27.7777777777778,-3.64962613487723
27.6338529005317,-1.41808465602916
27.4434330322836,-1.50839775785804
27.2543253128103,-1.84853202563762
27.0665207003324,-0.109208567352066
27.027027027027,-1.4183007187491
26.8800102153761,0.903346820477414
26.6947849403432,0.384841491644313
26.5108360190854,-3.12621878908341
26.3281546564802,-2.13982286504285
26.3157894736842,-0.927455680203177
26.1467321180109,-2.17048958956699
25.9665597293487,-3.38434207092449
25.787628875938,-1.25513612313496
25.6410256410256,-2.38339657660576
25.6099310025846,-2.53314235845537
25.4334576130465,-2.29516888944938
25.2582002696278,1.42587463793759
25.0841505927754,-0.21658262728361
25,6.36554694704656
24.9113002606779,3.31798467877492
24.7396410088681,1.65352233604925
24.5691646298279,-2.82305337351
24.3998629725955,-1.9028471431156
24.390243902439,-2.51829018307681
24.231727942376,-2.89031534590422
24.0647515001542,-2.21896684215754
23.8989256623105,-3.18593077889421
23.8095238095238,-3.37912795952802
23.7342425002387,-1.85132895752617
23.5706941399673,-2.05964712743083
23.4082727617829,-0.811264433703211
23.2558139534884,-2.91142349168156
23.2469705998565,-3.37628277138439
23.0867799418717,-3.15142276343233
22.9276931286565,-2.16584821690615
22.7697025538168,-2.2924631187336
22.7272727272727,-3.17628865249948
22.6128006633728,-2.28330874723643
22.4569799553977,-1.08530314297867
22.3022329796594,-2.88688031363044
22.2222222222222,-3.30861069313421
22.1485523372636,-0.0342252062589052
21.9959306803007,-2.33115686618454
21.8443607114943,-3.15266279550469
21.7391304347826,-3.34871138478861
21.6938351838518,0.0250380726480346
21.5443469003188,-2.85071919332246
21.3958887134342,-2.96265527032689
21.2765957446809,0.0554530368898627
21.2484535249888,-0.743774410657703
21.102034285686,-3.25120724998451
20.9566239948043,-2.54755573351955
20.8333333333333,-2.47182692022126
20.8122156998634,-3.20957363520899
20.6688024962908,-3.32256407140967
20.5263775270925,-1.44628412791526
20.4081632653061,-2.44786961757255
20.3849339825246,0.320157638406745
20.244465099768,-2.00587743444144
20.104964162605,0.500822432054567
20,-2.35422663663833
19.9664245010979,-3.3965563140119
19.8288394912707,-2.85475136408688
19.6922025547917,-3.53587385938568
19.6078431372549,-3.54110116596508
19.5565071586595,-2.55507693578333
19.4217468148903,-2.85507747346328
19.2879150802078,-3.09625665084634
19.2307692307692,-2.61204323698676
19.1550055557353,-2.74232643644633
19.0230118866894,-3.63921187601216
18.8919277620767,-2.32435414410743
18.8679245283019,-0.978736940513566
18.7617469143912,-3.57662516883094
18.6324631193156,-1.36168022372915
18.5185185185185,-3.59536554765735
18.504070195423,-3.05455867720566
18.3765620038817,-1.62230312822528
18.2499324481615,-3.18565257205033
18.1818181818182,-3.60047138254414
18.1241754737424,-2.59722216891331
17.9992850678248,-3.24796402190124
17.8752552590424,-3.39117481720735
17.8571428571429,-2.81563425023885
17.7520801171764,-3.33750193583246
17.6297537528721,-3.25525173374093
17.5438596491228,-0.168952791489242
17.5082703173572,-2.09744657215627
17.3876240021625,-2.28776779954155
17.2678090388436,-3.0626027802708
17.2413793103448,-2.10370268843296
17.1488196987054,-3.16094312376303
17.0306502925284,-0.5284893903199
16.9491525423729,1.76005802714905
16.9132951702965,-2.47443277030954
16.7967487209265,-3.55554129767382
16.6810053720006,0.496103617228091
16.6666666666667,-1.61497784124493
16.5660595894991,-3.12128669625524
16.4519058775366,-2.72529563236487
16.3934426229508,-3.14174352303236
16.3385387780986,-3.28872805091761
16.2259528707809,-3.59350300952114
16.1290322580645,-1.20681290999833
16.1141427725302,-0.318863415083494
16.003103137387,-3.58502657111732
15.8928286562298,-3.44473153755485
15.8730158730159,-0.242777496275987
15.7833140565212,-2.23444873177227
15.674554102056,-2.04984853110569
15.625,-0.702081257698562
15.5665435927106,-1.20351182788591
15.4592773641948,-2.83123616450193
15.3846153846154,-0.850716585810726
15.3527502878042,-3.2799756827941
15.2469572701757,-2.29055366539783
15.1515151515152,0.976804727580647
15.1418932530435,-0.884735030943129
15.0375532129974,-2.39445061334159
14.9339321612425,-0.40498969068356
14.9253731343284,-0.189025228208929
14.831025143361,-3.27612316001427
14.728827239075,-2.27026029728928
14.7058823529412,-2.67675458989462
14.6273335620113,-3.65736123652989
14.5265392594678,-1.53815367507034
14.4927536231884,-3.49564501043975
14.4264395121816,-3.60898433753051
14.3270295340983,-1.30260301980952
14.2857142857143,-0.433278442090521
14.2283045721435,-0.87336981753604
14.1302599059953,-1.9329351858763
14.0845070422535,-1.12326146875339
14.0328908478587,0.656294594504023
13.9361927422414,-1.74265891158857
13.8888888888889,-2.97520402944279
13.8401609657313,-0.668646451177618
13.7447909267754,-3.23023293205126
13.6986301369863,-3.53390396863154
13.6500780654601,-2.0167895710626
13.5560178532937,-1.40373247757433
13.5135135135135,-1.32686400334593
13.4626057929891,-1.64522954008798
13.3698374182495,-1.96248486246419
13.3333333333333,3.99821775082298
13.2777082935543,-1.98168778288972
13.1862140139475,-2.31195103781514
13.1578947368421,-1.45182262089908
13.0953502048267,0.937136145855864
13.0051125217341,-3.10499749230048
12.987012987013,-2.31741715488992
12.9154966501488,-3.32211447070629
12.8264983052806,0.746671768417106
12.8205128205128,1.13039734636353
12.7381132318648,-2.45993577588068
12.6582278481013,-2.65571910764494
12.650337203959,-1.37966672228996
12.5631660247412,-3.25769780129137
12.5,-1.8382992611698
12.4765955263087,-2.92316788127907
12.3906215694792,-3.41317613349532
12.3456790123457,-2.97843515804102
12.3052400435926,-3.36074064360288
12.2204468663149,-0.46428892388793
12.1951219512195,-1.63331089554772
12.1362379834424,-0.881271803577827
12.0526093687084,-0.812647259492944
12.0481927710843,-1.14264267332619
11.9695570235904,5.58985121239893
11.9047619047619,-3.53551375753492
11.887076977119,-1.88151680184826
11.8051652856881,-2.22417370595282
11.7647058823529,-3.31814154818702
11.723818032866,-1.69335410041064
11.6430313292088,0.586923241958762
11.6279069767442,-3.22780847617154
11.5628013120738,-2.51015842057411
11.4942528735632,-0.877291714834409
11.4831241454351,-0.39017903770475
11.4039960197003,-3.64195315956864
11.3636363636364,-3.65268247944199
11.3254131515281,-3.30012400807764
11.2473717836475,-3.22504262211164
11.2359550561798,-3.44329717716091
11.1698681846782,-3.26417086314693
11.1111111111111,-2.05908685594111
11.0928986489522,-3.24944042325121
11.0164594963366,-2.38091112974579
10.989010989011,-0.945064714400227
10.9405470720574,-2.28527186581162
10.8695652173913,-1.09717179247029
10.8651577465254,-1.46567957686259
10.7902879151618,-2.72143938969601
10.752688172043,-2.78258280333237
10.7159339982267,-2.40229991711963
10.6420924406472,-2.73150794520385
10.6382978723404,-2.2854840149637
10.568759711848,-3.1447600712362
10.5263157894737,-3.42221182887284
10.4959323055823,-2.697020119632
10.423606739764,-1.71814013975428
10.4166666666667,-2.16577113459227
10.3517795563018,-1.75776517365169
10.3092783505155,-3.22661736716536
10.2804473209331,-2.74680291167796
10.2096066230605,-2.83328393004619
10.2040816326531,-2.83330787552758
10.1392540755882,-0.0263743634288387
10.1010101010101,-3.63812977076729
10.0693863147603,-3.34797820090578
10,-2.06646038463627
10,-2.06646038463613
9.9310918137498,-3.11157060701204
9.9009900990099,0.449579284012306
9.86265846131282,0.221503584120929
9.80392156862745,-3.47249041224311
9.79469667069539,1.68339143207469
9.72720319245054,-3.06926843070802
9.70873786407767,-3.33962712843357
9.66017479952265,-1.73203436848261
9.61538461538461,-2.85003733186822
9.59360828709314,-2.92682684700996
9.52750047242729,-2.04958881667973
9.52380952380952,-2.51506204342904
9.461848194722,-2.23357673264904
9.43396226415094,-3.41094547750974
9.39664831495469,-3.32323908268246
9.34579439252336,-2.68749869499912
9.33189771573324,-2.81317451505644
9.26759330114688,-1.64998018684652
9.25925925925926,-0.955860269767082
9.20373199661822,-2.65413854939031
9.1743119266055,-3.39866386271761
9.14031074875623,-3.50823268607071
9.09090909090909,-0.893248963256194
9.07732652521023,-3.12576782917547
9.01477631452492,-3.19547419143815
9.00900900900901,-3.63430356175656
8.9526571259964,-2.00711921246055
8.92857142857143,-3.33172499001868
8.89096598952916,-2.69312775023111
8.84955752212389,0.826754023843326
8.82969995549409,-1.89859135089436
8.7719298245614,-2.8555713577514
8.76885609458743,-3.43732084910543
8.70843149769072,-3.47506202151261
8.69565217391304,-3.60900703399575
8.64842327573172,0.424212988316545
8.62068965517241,-1.78119349199535
8.58882855954625,-0.867550654066473
8.54700854700855,0.331885687483198
8.52964449974102,-0.755163301395878
8.47457627118644,-2.37691350218948
8.47086826655741,-3.57345960580001
8.41249704973612,-3.56250345800434
8.40336134453781,-1.55020467401108
8.35452805838287,1.2548514057272
8.33333333333333,0.415606613420342
8.29695852083491,-3.33422669454377
8.26446280991736,-2.14416210914471
8.23978568452852,-3.34522778738896
8.19672131147541,-3.38010026196259
8.18300681586739,-3.43384104346181
8.13008130081301,-3.00224312350197
8.12661920009195,-2.76026273090094
8.0706201411495,-2.48294449730859
8.06451612903226,-1.65857738835363
8.01500696156541,-3.64671008200694
8,-3.64103294579057
7.95977700231498,-3.20890235780733
7.93650793650794,-2.28718491373366
7.90492762269642,-3.03489662536269
7.8740157480315,0.826511209076974
7.85045620020451,-3.37292200901278
7.8125,-3.57246075270644
7.79636013040523,-3.2200324781419
7.75193798449612,-2.87894278019068
7.74263682681127,-3.02121553174329
7.69230769230769,-3.60900119649078
7.68928372075831,-3.13126080943259
7.63629826128224,-2.60490048803505
7.63358778625954,-2.55675889462743
7.58367791499719,-3.29136045864036
7.57575757575758,-3.30882079153492
7.53142016597437,-3.00166376848825
7.5187969924812,-2.65300792768816
7.47952251562182,-2.36904719102121
7.46268656716418,-3.4727366309573
7.42798248256492,-3.16939911678694
7.40740740740741,-2.53354000532046
7.37679760252773,-3.03156482393332
7.35294117647059,2.20770184612905
7.32596542821523,-3.5668425396703
7.2992700729927,-3.41645568547987
7.27548352919623,-3.02607406806977
7.2463768115942,-2.64372566895311
7.22534949178722,-1.66351542812005
7.19424460431655,-0.448991830258943
7.17556091893693,-2.4074136161236
7.14285714285714,-3.02809660980322
7.12611543011175,-2.49124845553264
7.09219858156028,-2.55323620534723
7.07701066118189,-2.39813836201061
7.04225352112676,-0.991023085431276
7.02824426430835,-2.45585721033798
6.99300699300699,0.641367132758679
6.97981390783066,-3.06105976332285
6.94444444444444,-1.35976837369706
6.93171727615541,-3.52555508683856
6.89655172413793,-2.93991126521167
6.8839520696455,-3.12031302446952
6.84931506849315,-2.43453008279074
6.83651600451024,-1.08740925662162
6.80272108843537,-3.07668616674284
6.78940681269611,-2.00164880138628
6.75675675675676,-0.855162045974633
6.74262224177834,-3.28195219144016
6.71140939597315,-2.57081891028896
6.69616005485322,-3.08653159924888
6.66666666666667,-3.18414773683572
6.65001803043112,-2.22218414804673
6.62251655629139,-2.98143049144918
6.6041939623303,-3.63938330869085
6.57894736842105,-2.8566150538566
6.55868565957143,-0.35815093882321
6.5359477124183,-2.3790965856884
6.5134909462728,-3.00274802747834
6.49350649350649,-1.19205714919188
6.46860766154633,-1.0704697111072
6.45161290322581,-1.60280121827513
6.42403365939419,-3.55730246195808
6.41025641025641,-2.91064446130882
6.37976680860628,-2.8507799326817
6.36942675159236,-2.47353421123831
6.33580499265825,-0.375837138106799
6.32911392405063,-2.19287837933809
6.29214610961034,-3.4527902776423
6.28930817610063,-2.73437988539187
6.25,-3.29422372994137
6.24878807200689,-3.18258433707542
6.2111801242236,-1.20831683129124
6.2057288067765,-2.50452594532329
6.17283950617284,-2.22842315075369
6.16296625513294,-3.44099626887673
6.13496932515337,-3.39239093490265
6.1204983724767,-1.82123288127606
6.09756097560976,-3.51346603443347
6.07832312829723,-1.91146370149279
6.06060606060606,-3.44552055568452
6.03643850607587,-3.29582571206914
6.02409638554217,-2.19334072300152
5.99484250318941,-2.75603256329422
5.98802395209581,-3.21830227890622
5.95353313081437,-3.19431580647814
5.95238095238095,-3.40760127784308
5.91715976331361,-2.7816631381771
5.91250841383188,-3.21451217288161
5.88235294117647,-3.17217581464414
5.87176639073326,-3.07274538800091
5.84795321637427,-2.54788281436948
5.83130511352622,-1.66969532515538
5.81395348837209,-3.46146048348818
5.79112264764176,-3.31606932230535
5.78034682080925,-3.56232648886675
5.75121707184161,-3.60908677831055
5.74712643678161,-0.231267859820671
5.71428571428571,-3.19994030349469
5.71158647812643,-2.60229631681882
5.68181818181818,-2.78968615013799
5.67222897164454,-3.30714228531591
5.64971751412429,-0.304815214384017
5.63314267060136,-2.84366077433729
5.61797752808989,-2.60310767270247
5.59432570616938,-3.31464694358147
5.58659217877095,-2.11910892360408
5.55577622239888,-0.193642943059284
5.55555555555556,-0.644294710546329
5.52486187845304,-2.92432774884825
5.51749237612913,-3.22262933041453
5.49450549450549,-3.1448780269681
5.47947233690029,-2.35971247069291
5.46448087431694,-3.43586846713886
5.44171428686589,-2.73051257399087
5.43478260869565,-3.39773509443649
5.40540540540541,-3.28505914026665
5.40421642070592,-3.21722403383064
5.37634408602151,-3.65461047204219
5.36697694554048,-2.13840826422874
5.3475935828877,-2.80298736092284
5.32999408084409,-3.2156701098673
5.31914893617021,-3.5422544725569
5.29326605836056,-3.64023381157521
5.29100529100529,-2.73505367398736
5.26315789473684,-3.55498932493237
5.25679112201842,-2.92933248660055
5.23560209424084,-1.92756495331521
5.22056752784698,-2.29004190344564
5.20833333333333,-2.1769357674482
5.18459354389291,-3.55345299801619
5.18134715025907,-3.59410453679829
5.15463917525773,-2.26443790165431
5.14886745013749,-2.10393815149792
5.12820512820513,-2.3993209236094
5.11338753841433,-3.36153371273671
5.10204081632653,-3.15358810045729
5.07815211232767,-3.18711651840043
5.0761421319797,-0.942876301629165
5.05050505050505,-3.17155983829788
5.04315948717136,-3.54995806604564
5.0251256281407,-3.11526922638326
5.00840798984821,-3.42263025236427
5,-3.21039100098666
4.97512437810945,-3.55636037409014
4.97389595879006,-2.55337192776481
4.95049504950495,-3.55837566561275
4.93962174387832,-3.21591129682589
4.92610837438424,-2.46927720315271
4.90558370636505,-2.85951319305571
4.90196078431372,-2.86299378342137
4.8780487804878,-0.961984034357282
4.87178021879463,-3.56316240875118
4.85436893203883,0.303142561271632
4.83820966492596,-1.00498174113433
4.83091787439613,-3.41318518991782
4.80769230769231,-3.5650580716519
4.80487043965513,-2.94505638541535
4.78468899521531,-2.45765499282843
4.77176094893875,-3.18281834381538
4.76190476190476,-3.33679405477364
4.739336492891,-3.35411028105583
4.73887960971765,-3.29529934081124
4.71698113207547,-3.62531553898036
4.70622484984128,-3.55871926358794
4.69483568075117,-3.64265549508677
4.67379510799246,-3.4367212204885
4.67289719626168,-2.04508931080231
4.65116279069767,-2.40538789288548
4.64158883361278,-3.25757807473225
4.62962962962963,-2.74106733939619
4.60960448682843,-2.58515377085744
4.60829493087558,-0.988547785235521
4.58715596330275,-1.21458688007153
4.57784053837662,-2.3817219674721
4.5662100456621,-3.48177379387384
4.5462954695324,-3.31786013799602
4.54545454545455,-3.03386652114421
4.52488687782805,-2.2708831537332
4.5149677720361,-0.877353962155023
4.5045045045045,0.225868588794261
4.48430493273543,-0.833033178221437
4.48385594802119,-0.946825250501358
4.46428571428571,-2.03123489639541
4.45295850994265,-1.92076475521174
4.44444444444444,-2.85807046167714
4.42477876106195,-3.16466561021728
4.4222739805059,-3.60454056966189
4.40528634361233,-3.24814139556399
4.39180089259609,-3.50433754304437
4.3859649122807,-3.00878954932797
4.36681222707424,-3.65499437310587
4.361537789208,-3.31665872042474
4.34782608695652,-3.17681396027204
4.3314832233764,-1.31673659187792
4.32900432900433,-3.60610410096107
4.31034482758621,-2.75781031086005
4.30163575810679,-1.03863704702136
4.29184549356223,-3.3806395394444
4.27350427350427,-3.11147265495348
4.27199396630678,-3.23245757361239
4.25531914893617,-0.967858161493989
4.24255643071778,-3.48205185984316
4.23728813559322,-3.54222082348984
4.21940928270042,-3.03351579928933
4.21332174384729,-3.59621230423955
4.20168067226891,-1.51412727316999
4.18428850790158,-2.67094825586106
4.18410041841004,-2.28242990315611
4.16666666666667,-1.37167925396597
4.15545533471888,-2.98004087671084
4.149377593361,-1.79257427456558
4.13223140495868,-3.0954489590462
4.12682084570295,-2.59065883877396
4.11522633744856,-3.46124061676586
4.09838367175726,-3.6403276289581
4.0983606557377,-3.63501685916493
4.08163265306122,-3.4095907729948
4.07014245321944,-3.57702575810166
4.0650406504065,-3.63581709911498
4.04858299595142,-3.30593967726126
4.04209583979631,-3.15541762697809
4.03225806451613,-3.54924129325233
4.01606425702811,-2.80011309725294
4.01424249049932,-3.30961368176575
4,-2.37652946435646
3.98658107358044,-2.47627861656322
3.98406374501992,-3.2630485629984
3.96825396825397,-2.78228886374411
3.95911026646846,-1.7476207395759
3.95256916996047,-2.37629044506503
3.93700787401575,-3.3895309592536
3.93182875570577,-3.35257228045806
3.92156862745098,-2.98364233169085
3.90625,-1.61220906892317
3.90473523688556,-2.65904603049666
3.89105058365759,-3.33478284663796
3.87782841458946,-2.47846435909066
3.87596899224806,-0.224026437795611
3.86100386100386,-3.2396854848598
3.85110700232557,-3.61742383402752
3.84615384615385,-3.49793110039082
3.83141762452107,-1.97931765593644
3.824569722467,-3.08469151608467
3.81679389312977,-1.81130826723666
3.80228136882129,-3.45002189048501
3.79821530619074,-2.35360839945452
3.78787878787879,-3.46853691605811
3.77358490566038,-3.6384571884465
3.772042493417,-2.13271248982006
3.7593984962406,-3.38329763956856
3.74605003274899,-2.32672236313619
3.74531835205992,-1.33433429995811
3.73134328358209,-2.92138013931686
3.72023668141307,-2.08652096467089
3.71747211895911,-3.23163480549045
3.7037037037037,-1.65565342139679
3.6946012051993,-3.26765964054077
3.690036900369,-3.65094882832799
3.67647058823529,-3.64868562143225
3.66914237840249,-3.25577227524614
3.66300366300366,-3.5149885504732
3.64963503649635,-3.59586730050834
3.64385898376355,1.29860431652812
3.63636363636364,-2.10663112264934
3.6231884057971,-3.05787612915769
3.61874981241128,-3.49577636899196
3.6101083032491,-1.79829632897316
3.59712230215827,-2.39173580835584
3.59381366380463,-3.39014924555375
3.584229390681,-1.46742656197476
3.57142857142857,-1.8221159190338
3.56904934567523,-1.89261052635315
3.55871886120996,-3.14633028811671
3.54609929078014,-3.1930161557651
3.54445567397043,-2.69462731865387
3.53356890459364,-3.3964017565968
3.52112676056338,-0.210332218258723
3.52003147279668,-2.99568179598067
3.50877192982456,-3.03898921872455
3.4965034965035,-3.4625192115126
3.49577557436328,-3.57995026670634
3.48432055749129,-2.09599622908494
3.47222222222222,-3.58620403296201
3.47168681892656,-2.81621606787011
3.46020761245675,-3.19487031889697
3.44827586206897,-3.49515295534119
3.44776405473446,-2.50054297074343
3.43642611683849,-3.25475899301717
3.42465753424658,-3.3021076828174
3.42400613797142,-2.91819670220122
3.41296928327645,-1.88062296142625
3.40136054421769,-1.71382332170712
3.40041193270371,-2.66956047553965
3.38983050847458,-2.20566177074637
3.37837837837838,2.12370360821918
3.37698031082509,-3.11078308353289
3.36700336700337,-2.10596409708505
3.35570469798658,-3.33666741810081
3.35371015200293,-3.48456168039008
3.34448160535117,-0.41057985725369
3.33333333333333,-1.58698180336234
3.33060034362459,-1.66018353420848
3.32225913621262,-2.30006493337883
3.3112582781457,-1.24020278587777
3.30764978074424,-3.10699928829039
3.3003300330033,-1.92823001142015
3.28947368421053,-3.48578020085342
3.28485736603004,-2.69727967466379
3.27868852459016,-3.2419686822801
3.26797385620915,-3.50644638851791
3.26222200971167,-3.43292879002912
3.25732899022801,-2.2541102705584
3.24675324675325,-2.75923340721077
3.2397426295282,-2.26101748685367
3.23624595469256,-3.40483565045649
3.2258064516129,-3.13161579880726
3.21741815067637,-1.94247644100771
3.21543408360129,0.655453053399545
3.20512820512821,-0.69144286680095
3.19524750575921,-3.20638413631569
3.19488817891374,-2.72489901432042
3.18471337579618,-1.8165432021007
3.17460317460317,-3.0651762925025
3.17322963473498,-3.13145942361764
3.16455696202532,-2.57942922823657
3.15457413249211,-2.92521445618434
3.15136348486648,-3.27234130579192
3.14465408805031,-2.15362489515224
3.13479623824451,0.972093387167935
3.12964801067075,-0.414218545617056
3.125,-3.65307096934229
3.11526479750779,-3.24690324575588
3.10808217386906,-2.00526132355712
3.1055900621118,-3.35472007648543
3.09597523219814,-2.44376263773732
3.08666494333727,-2.7140912818764
3.08641975308642,-2.51450290564874
3.07692307692308,-3.5854185972871
3.06748466257669,-3.56123670127884
3.06539529505653,-3.08980627844307
3.05810397553517,-3.62012631172824
3.04878048780488,-1.82207165599207
3.0442722120643,-3.60232548341657
3.03951367781155,-3.48186505697306
3.03030303030303,-2.31911576011198
3.02329468440578,-1.50434782339802
3.02114803625378,-1.46470928772235
3.01204819277108,-3.63666845177881
3.003003003003,-3.5667179924401
3.00246170908555,-3.23846742898071
2.9940119760479,-3.43441966969994
2.98507462686567,-3.37909286730224
2.98177229001967,-2.74209139440905
2.97619047619048,-2.31005434055312
2.9673590504451,-3.00504900108371
2.96122543798803,-3.22492334380224
2.9585798816568,-3.60425534960383
2.94985250737463,-3.48263297042849
2.94117647058824,-1.52316643348946
2.94082017058706,-3.06640210418241
2.93255131964809,-3.06695861264169
2.92397660818713,-3.60196868894449
2.92055551218275,-2.94491318896807
2.91545189504373,-2.02061971727722
2.90697674418605,-3.27747438766279
2.90043049386399,-3.43977090613792
2.89855072463768,-2.6082674731662
2.89017341040462,-2.72132048475235
2.88184438040346,-3.33052949858604
2.8804441533963,-3.29058809303002
2.8735632183908,-3.49312270052793
2.86532951289398,-3.34399987381401
2.86059553517574,-2.00000533838179
2.85714285714286,-3.34805908172698
2.84900284900285,-3.53256705448085
2.84090909090909,-2.73323382800923
2.8408836901833,-2.8260933647772
2.8328611898017,-3.64217540827375
2.82485875706215,-2.66745703723678
2.82130767593947,-2.32133613689698
2.8169014084507,-0.669963923807852
2.80898876404494,-2.30688084525498
2.8018665564592,-2.1247101176816
2.80112044817927,-1.3217441781595
2.79329608938547,-1.76867411549615
2.78551532033426,-2.72062210864727
2.78255940220712,-3.19617423301382
2.77777777777778,-2.15153427953565
2.77008310249307,-3.24570097500723
2.76338529005317,-2.53910805828449
2.76243093922652,-1.87907377925161
2.75482093663912,-1.47764771406706
2.74725274725275,-3.44895048595135
2.74434330322836,-3.64074847163892
2.73972602739726,-3.57178798763077
2.73224043715847,-2.71711558386498
2.72543253128103,-3.32803991006188
2.72479564032698,-2.77248190739381
2.71739130434783,-2.00041403370049
2.710027100271,-3.4565757611564
2.70665207003324,-3.51796976771315
2.7027027027027,-3.54348511384186
2.69541778975741,-3.37549440013002
2.68817204301075,-0.877140374123637
2.68800102153761,-0.991024562455702
2.68096514745308,-0.636400997826153
2.67379679144385,-1.30518258659925
2.66947849403432,-3.43373800037137
2.66666666666667,1.52681452210367
2.65957446808511,-1.93701126691003
2.6525198938992,-3.10525275125725
2.65108360190854,-3.13633743477153
2.64550264550265,-1.81688487897734
2.63852242744063,-0.975938976815438
2.63281546564802,-2.95650026566882
2.63157894736842,-1.44393822203865
2.6246719160105,-2.11492872658003
2.61780104712042,-3.33264705534655
2.61467321180109,-1.8585282929681
2.61096605744125,-3.63465949075354
2.60416666666667,-3.33245251847314
2.5974025974026,-2.80263512641677
2.59665597293487,-2.88392434958855
2.59067357512953,-3.42312405373861
2.58397932816537,-2.45062592468112
2.5787628875938,-3.30767667831226
2.57731958762887,-3.18373714336588
2.5706940874036,-2.92179107210471
2.56410256410256,-0.633113295829683
2.56099310025846,-3.26159573921167
2.55754475703325,-1.14517313188302
2.55102040816327,-1.02423336501094
2.54452926208651,-1.89084537677304
2.54334576130465,-3.37739565056897
2.53807106598985,-3.64522373051598
2.53164556962025,-2.37270534628361
2.52582002696278,-3.44734633387567
2.52525252525253,-3.16592100882685
2.51889168765743,-3.64101066304762
2.51256281407035,-2.84791565591227
2.50841505927754,-1.94285068696469
2.5062656641604,-3.36637668357219
2.5,-3.11602440617382
2.49376558603491,-2.99571942003295
2.49113002606779,-2.96386158632505
2.48756218905473,-2.94683959412485
2.48138957816377,-3.62058578848562
2.47524752475248,-2.15915054498013
2.47396410088681,-2.91146987049823
2.46913580246914,-3.41867690125219
2.46305418719212,-3.48101214992586
2.45700245700246,0.536579526728009
2.45691646298279,1.13878746692472
2.45098039215686,-3.27669552818845
2.44498777506112,-3.18608906022073
2.43998629725955,-2.77745993643115
2.4390243902439,-3.0304429010202
2.4330900243309,-2.83110628842577
2.42718446601942,-3.59742090043947
2.4231727942376,-3.16659320744132
2.42130750605327,-3.65386527415337
2.41545893719807,-2.65120472783475
2.40963855421687,-3.34824595511436
2.40647515001542,-2.44686926921285
2.40384615384615,-2.13111978776744
2.39808153477218,-2.89224721328297
2.39234449760766,-2.44213068333057
2.38989256623105,-2.58367555486241
2.38663484486874,-1.07759419173
2.38095238095238,-3.56003140559279
2.37529691211401,-3.61365977607339
2.37342425002387,-3.54623646995874
2.3696682464455,-3.5086301844861
2.36406619385343,-1.9522217595309
2.35849056603774,-2.75539594078797
2.35706941399673,-3.24344961810543
2.35294117647059,-3.10091591279992
2.34741784037559,-3.49115507694445
2.34192037470726,-2.70714318665169
2.34082727617829,-3.61454966513896
2.33644859813084,-1.91289913450531
2.33100233100233,-2.22077273918894
2.32558139534884,-3.478016560308
2.32469705998565,-3.57131777012863
2.32018561484919,-1.44625775442951
2.31481481481481,-3.3997642960934
2.3094688221709,-2.94171421333173
2.30867799418717,-2.89671643544194
2.30414746543779,-3.10758476371323
2.29885057471264,-2.38749262870017
2.29357798165138,0.17854288694257
2.29276931286565,-1.72226350774245
2.2883295194508,-3.34277013577504
2.28310502283105,-3.60512081915753
2.27790432801822,-1.35267129644607
2.27697025538168,-2.49418033669643
2.27272727272727,-3.03706721366405
2.26757369614512,-3.40963663004883
2.26244343891403,-2.46965311922788
2.26128006633728,-3.11402662556979
2.25733634311512,-3.50907027197355
2.25225225225225,-2.54157526687969
2.24719101123596,-2.99135968673392
2.24569799553977,-3.15408244352165
2.24215246636771,-3.60971558431363
2.23713646532438,-3.25977448645592
2.23214285714286,-2.23527810411171
2.23022329796594,-3.17192349455054
2.2271714922049,-3.46393256062192
2.22222222222222,-2.86100087740412
2.21729490022173,-0.359619823713511
2.21485523372636,-3.49124291377451
2.21238938053097,-3.33560734405374
2.2075055187638,-2.62845668426423
2.20264317180617,-1.79825726886694
2.19959306803007,-1.84435471746844
2.1978021978022,-3.55946784008581
2.19298245614035,-3.19960339069241
2.18818380743982,-3.62653949640757
2.18443607114943,-1.46596170792948
2.18340611353712,-2.5557800084522
2.17864923747277,-3.30778390067304
2.17391304347826,-2.99001589232555
2.16938351838518,-3.39597136871968
2.16919739696312,-3.51511646251064
2.16450216450216,-3.2081637265406
2.15982721382289,-1.60105503910564
2.1551724137931,-3.33447451174383
2.15443469003188,-2.79072524454197
2.1505376344086,-3.34984624515668
2.14592274678112,-3.39843811140905
2.14132762312634,-3.15967706859261
2.13958887134342,-3.51365946033028
2.13675213675214,-0.638586692132871
2.13219616204691,-3.31669680950447
2.12765957446809,-2.01597704078763
2.12484535249888,-3.4467194162725
2.12314225053079,-1.94736230585418
2.11864406779661,-3.37925517703003
2.11416490486258,-3.4603761944986
2.1102034285686,-2.74518504537202
2.10970464135021,-3.4260767396337
2.10526315789474,-3.10025121858474
2.10084033613445,-3.40441364171213
2.09643605870021,-3.13368739894447
2.09566239948043,-3.43507356465526
2.09205020920502,-3.28260161267645
2.08768267223382,-2.06482655644764
2.08333333333333,-1.54289159592626
2.08122156998634,-2.62562070335518
2.07900207900208,-3.23952103907159
2.0746887966805,-3.08744308168728
2.0703933747412,-3.48541795621282
2.06688024962908,-3.57440756358694
2.06611570247934,-3.11069641122399
2.06185567010309,-2.77759445151168
2.05761316872428,-2.61710912309807
2.05338809034908,-3.26525680528199
2.05263775270925,-2.11747404785678
2.04918032786885,-3.51447083257865
2.04498977505112,-2.74944420673067
2.04081632653061,-3.64093406259128
2.03849339825246,-3.55499060725098
2.03665987780041,-3.62640732286696
2.03252032520325,-2.81609389520359
2.02839756592292,-3.28831690716877
2.0244465099768,-3.37234559758611
2.02429149797571,-3.07920262585794
2.02020202020202,-2.90570356273509
2.01612903225806,-3.39363805727349
2.01207243460765,-1.69773665079968
2.0104964162605,-2.33865416670276
2.00803212851406,-2.84370737979368
2.00400801603206,-3.60140610602481
2,-3.60484052353793
1.99664245010979,-3.64133777072235
1.99600798403194,-3.34172066451979
1.99203187250996,-3.61614227303705
1.98807157057654,-3.37135330754675
1.98412698412698,-3.55560767889731
1.98288394912707,-3.41926324072004
1.98019801980198,-3.21104095452197
1.97628458498024,-2.42967383929583
1.9723865877712,-2.92678408583371
1.96922025547917,-3.15022565569152
1.96850393700787,-3.33954683673816
1.96463654223969,-3.5231216695078
1.96078431372549,-3.35806829327195
1.95694716242661,-3.25880578369999
1.95565071586595,-2.5518679287331
1.953125,-3.4571755074706
1.94931773879142,-2.37501517365801
1.94552529182879,-3.35084203635152
1.94217468148903,-2.9656619662894
1.94174757281553,-2.35438777718793
1.93798449612403,-3.47960516998487
1.93423597678917,-3.36892557666921
1.93050193050193,-3.31638924147397
1.92879150802078,-3.05998849586013
1.92678227360308,-3.22930978503187
1.92307692307692,-2.48789995360648
1.91938579654511,-2.04630251952129
1.91570881226054,-3.18675859995825
1.91550055557353,-3.53436555647324
1.91204588910134,-2.97867151725073
1.90839694656489,-1.99547792773155
1.9047619047619,-3.5891244481911
1.90230118866894,-3.48791390253644
1.90114068441065,-3.58002124855075
1.89753320683112,-3.24294589599655
1.89393939393939,-3.49625273157731
1.89035916824197,-2.7521042212454
1.88919277620767,-3.36037274180155
1.88679245283019,-2.23666680697162
1.88323917137476,-3.36765627702187
1.8796992481203,0.756166825645257
1.87617469143912,-2.72884077439407
1.87617260787992,-2.73762929542731
1.87265917602996,-3.44359386652449
1.86915887850467,-3.39522476479733
1.86567164179104,-3.51202958774119
1.86324631193156,-3.52886714844426
1.86219739292365,-3.41027456767538
1.85873605947955,-3.32704058764126
1.85528756957328,-3.2072216372024
1.85185185185185,-3.32517930275038
1.8504070195423,-3.47860457212051
1.84842883548983,-1.91758909696109
1.8450184501845,-2.14049938787677
1.84162062615101,-3.5711171377781
1.83823529411765,-2.66900169730645
1.83765620038817,-3.6145149835187
1.8348623853211,-3.46889012959782
1.83150183150183,-3.5780607776138
1.82815356489945,-1.72302211320773
1.82499324481615,-2.8004483972458
1.82481751824817,-3.23075478143259
1.82149362477231,-1.6774501747402
1.81818181818182,-2.48016083949302
1.81488203266788,-3.62324309173361
1.81241754737424,-1.71796259903347
1.81159420289855,-2.87039167856592
1.80831826401447,-3.60354530123713
1.80505415162455,-3.55557206688867
1.8018018018018,-2.59418656770286
1.79992850678248,-1.70489939965112
1.79856115107914,-2.96450796789376
1.79533213644524,-3.53854410603439
1.7921146953405,-3.53752363997988
1.78890876565295,-3.16904550705429
1.78752552590424,-2.93061998364264
1.78571428571429,-3.50921667096925
1.7825311942959,-2.52944050498247
1.77935943060498,-3.36309628712221
1.77619893428064,-3.4473960255368
1.77520801171763,-2.71739943037313
1.77304964539007,-0.459059161267855
1.76991150442478,-3.47114996117905
1.76678445229682,-2.63464218467017
1.7636684303351,-1.38311149707875
1.76297537528721,-3.56983761335776
1.76056338028169,-3.0389176582082
1.75746924428822,-3.51350144603578
1.75438596491228,-3.6242609634623
1.75131348511384,-2.60184705799976
1.75082703173572,-2.57040763867867
1.74825174825175,-2.492945625714
1.74520069808028,-2.84550990813245
1.74216027874564,-2.72230212563634
1.73913043478261,-3.61618039684252
1.73876240021625,-3.61359672830302
1.73611111111111,-2.16475488017631
1.73310225303293,-1.95438330713416
1.73010380622837,-3.34366795092351
1.72711571675302,-2.94714073596405
1.72678090388436,-2.98363950538943
1.72413793103448,-2.67529251518182
1.72117039586919,-3.40338619038963
1.71821305841924,-2.36481983135816
1.71526586620926,-1.73136924719953
1.71488196987054,-3.21380443755053
1.71232876712329,-2.80409502418605
1.70940170940171,-1.0406857585953
1.70648464163823,-3.62991479303941
1.70357751277683,-3.65921358445417
1.70306502925284,-3.4341504188397
1.70068027210884,-3.13057149173359
1.69779286926995,-2.68901158656343
1.69491525423729,-3.06528860376319
1.69204737732657,-3.64877165380393
1.69132951702965,-3.40776223864379
1.68918918918919,-3.01508666050399
1.68634064080944,-2.49167696558824
1.68350168350168,-2.97695847427412
1.68067226890756,-1.13579936202755
1.67967487209265,-3.55689087540396
1.67785234899329,-2.38958719204602
1.6750418760469,-2.93410732004083
1.67224080267559,-3.38068945196077
1.669449081803,-2.41775799835578
1.66810053720006,-3.19573306397229
1.66666666666667,-3.44093634992599
1.66389351081531,-3.58051976027069
1.66112956810631,-1.75061076662108
1.65837479270315,-3.65451845059162
1.65660595894991,-3.44149039369445
1.65562913907285,-1.70994955538928
1.65289256198347,-2.70511935140636
1.65016501650165,-3.54484593766842
1.64744645799012,-2.86115546949143
1.64519058775366,-3.16776646744962
1.64473684210526,-1.11876132840255
1.64203612479475,-3.13003017435771
1.63934426229508,-2.72690820107051
1.6366612111293,-0.372663672984753
1.63398692810458,-2.68682530239949
1.63385387780986,-3.3593706205694
1.63132137030995,-3.13298964591776
1.62866449511401,-2.67197514161593
1.6260162601626,-3.35430631675272
1.62337662337662,-3.46264355838452
1.62259528707809,-3.46604805742084
1.62074554294976,-3.44665014978666
1.61812297734628,-3.6359537418016
1.61550888529887,-3.45148769113255
1.61290322580645,-2.21043003459441
1.61141427725302,-3.20684478990854
1.61030595813205,-2.09799470383499
1.60771704180064,-3.32333156054348
1.60513643659711,-1.22083133094322
1.6025641025641,-1.77676900112312
1.6003103137387,-2.60658757292738
1.6,-0.280320767804151
1.59744408945687,-1.6204345470975
1.59489633173844,1.0661643098902
1.59235668789809,0.0717541738625203
1.58982511923688,-3.13416482574693
1.58928286562298,-1.8285680490156
1.58730158730159,-2.8113398238104
1.58478605388273,-2.89193408740074
1.58227848101266,-1.48360180657773
1.57977883096367,-3.47313703959672
1.57833140565212,-3.60614598643265
1.57728706624606,-0.844230218855397
1.5748031496063,-3.26470301942275
1.57232704402516,-3.34387549818809
1.56985871271586,-1.9425985437724
1.5674554102056,-2.39018100171127
1.56739811912226,-1.92787532361678
1.56494522691706,-1.94327276665542
1.5625,-1.97759826616483
1.5600624024961,-3.4586031996064
1.55763239875389,-3.48096534213191
1.55665435927106,-3.24673588741619
1.5552099533437,-1.06405224711228
1.5527950310559,-1.85094346198407
1.55038759689922,-1.22826422303369
1.54798761609907,0.0217860483465033
1.54592773641948,-3.19078233463822
1.54559505409583,-3.25082254904226
1.54320987654321,-2.76552692013002
1.54083204930663,-3.26388966461483
1.53846153846154,-3.38114677191761
1.53609831029186,-1.72414601199504
1.53527502878042,-1.17259866242359
1.53374233128834,-3.4320290474465
1.53139356814701,-3.6198707272572
1.52905198776758,-3.54674064957352
1.52671755725191,-2.05789910801605
1.52469572701757,-3.56053901422153
1.52439024390244,-2.66275425831888
1.5220700152207,-3.52947067837773
1.51975683890577,-2.49438633926571
1.51745068285281,-2.41600079716003
1.51515151515152,-1.48802857729732
1.51418932530435,-3.49853807708792
1.51285930408472,-3.33324962288473
1.51057401812689,-2.77522766171405
1.50829562594268,-1.40030149153319
1.50602409638554,-3.45672335909263
1.50375939849624,-3.15669897601033
1.50375532129974,-3.19562284189528
1.5015015015015,-3.4296646628811
1.49925037481259,-2.58596830144038
1.49700598802395,-3.17938450656915
1.49476831091181,-2.72923208681491
1.49339321612425,-1.36033586685685
1.49253731343284,-3.51678230018914
1.4903129657228,-3.17916497201589
1.48809523809524,-1.17864125933901
1.48588410104012,-3.41977768086384
1.48367952522255,-3.39579879539498
1.4831025143361,-3.22830222033697
1.48148148148148,-3.29354431479315
1.4792899408284,-3.33424214783168
1.47710487444609,-3.30392583539143
1.47492625368732,-3.27142241656604
1.4728827239075,-3.23572090152588
1.47275405007364,-3.65205606758586
1.47058823529412,-3.58821678569653
1.46842878120411,0.361611089798051
1.46627565982405,-2.25786600840963
1.46412884333821,-1.34934306228713
1.46273335620113,-2.10046228123242
1.46198830409357,-0.518191429653551
1.45985401459854,-3.02289348721292
1.45772594752187,-3.62495378072311
1.45560407569141,-2.15676857338992
1.45348837209302,0.0541904915172795
1.45265392594678,-3.1897218260231
1.45137880986938,-0.20609989199077
1.44927536231884,-2.86953538052516
1.44717800289436,-2.09684097360475
1.44508670520231,-2.01607621343258
1.44300144300144,-2.31686981048598
1.44264395121816,-3.0918570971615
1.44092219020173,-3.45522372219979
1.43884892086331,-1.14656961967118
1.4367816091954,-3.45904144060433
1.43472022955524,-2.61225001876586
1.43270295340983,-3.0231116609102
1.43266475644699,-3.00660356491245
1.43061516452074,-1.63769951659016
1.42857142857143,2.88391092157172
1.4265335235378,-0.195374585501507
1.42450142450142,-1.70292648355275
1.42283045721435,-1.15132380890644
1.42247510668563,-2.47803630949836
1.42045454545455,-0.363001159568038
1.41843971631206,-2.87379124170776
1.41643059490085,-0.586807395057842
1.41442715700141,0.329290872404546
1.41302599059953,-0.457634738387934
1.41242937853107,-2.35478256746195
1.41043723554302,-3.02597057599679
1.40845070422535,-3.53657955485702
1.40646976090014,-3.27792550297253
1.40449438202247,-2.77110999598751
1.40328908478587,-1.05973162522583
1.40252454417952,-3.59114486304757
1.40056022408964,-3.48350126167459
1.3986013986014,-3.44313468753115
1.39664804469274,-1.44683763836685
1.39470013947001,-1.96283470839601
1.39361927422414,-0.305012762822154
1.39275766016713,-3.18556179799405
1.39082058414465,-1.3845593251893
1.38888888888889,-2.73769862337995
1.3869625520111,-2.86654256457679
1.38504155124654,-2.06577149937744
1.38401609657313,-1.10716595513086
1.38312586445367,-1.20126704141198
1.38121546961326,-2.46886961955969
1.37931034482759,-2.78890889965022
1.37741046831956,-3.63849374007428
1.37551581843191,-3.40180001326417
1.37447909267754,-2.4336339066168
1.37362637362637,-3.63416138748739
1.37174211248285,-3.08868778819113
1.36986301369863,-2.66992662345184
1.36798905608755,-3.60772474429258
1.36612021857923,-3.11168504467154
1.36500780654601,-2.27318997349202
1.36425648021828,-2.01625820722306
1.36239782016349,-3.08334448970667
1.36054421768707,-2.9402977158369
1.35869565217391,-3.45483017280285
1.35685210312076,-3.54617879486166
1.35560178532937,-2.62390311303603
1.3550135501355,-1.85818394122564
1.3531799729364,-3.23314435918878
1.35135135135135,-3.22602436066061
1.34952766531714,-3.39403125578864
1.34770889487871,-1.51171323613745
1.34626057929891,-2.48887983974155
1.34589502018843,-3.05403955033877
1.34408602150538,-1.87851581130267
1.34228187919463,-3.18555597633319
1.34048257372654,-3.33960509107568
1.33868808567604,-3.43778149838961
1.33698374182495,-2.9010988329047
1.33689839572193,-3.39761551812948
1.33511348464619,-3.35530757508509
1.33333333333333,-2.27197881212673
1.33155792276964,-2.10079474293321
1.32978723404255,-3.48498150823907
1.32802124833997,-3.21977080141699
1.32777082935543,-3.42096758959509
1.3262599469496,-3.54492015641041
1.32450331125828,-1.77135771979378
1.32275132275132,-2.73944117327506
1.32100396301189,-3.25326752028301
1.31926121372032,-2.94965035910648
1.31862140139475,-3.49603594403332
1.31752305665349,-2.91729582428998
1.31578947368421,-2.2827762395179
1.31406044678055,-0.594120596928359
1.31233595800525,0.303905082576013
1.31061598951507,-1.37908862316025
1.30953502048267,-2.80802494582128
1.30890052356021,-2.59952648285177
1.30718954248366,-0.896497131422687
1.30548302872063,-1.58269390566228
1.30378096479791,-3.61643998142834
1.30208333333333,-1.88298814824771
1.30051125217341,-1.97946353981062
1.30039011703511,-3.08536243680858
1.2987012987013,-3.57972872750774
1.2970168612192,-3.62320426510707
1.29533678756477,-3.13595438562934
1.29366106080207,-2.50041076903214
1.29198966408269,-3.55411798042216
1.29154966501488,-2.58569166952433
1.29032258064516,-3.36808004777968
1.28865979381443,-3.34771223213688
1.28700128700129,-2.32258172050477
1.2853470437018,2.59107876816642
1.28369704749679,-2.25705980805888
1.28264983052806,-3.51066892022596
1.28205128205128,-2.40560281679033
1.28040973111396,-0.229092124300119
1.27877237851662,-2.24617516390223
1.27713920817369,-1.98989534865411
1.27551020408163,-2.18254872774137
1.27388535031847,-0.585884645772562
1.27381132318648,-1.53840310825042
1.27226463104326,-2.87821470971802
1.27064803049555,-3.44904611135727
1.26903553299492,-3.51550572545535
1.26742712294043,-3.32878738675039
1.26582278481013,-2.3061506544199
1.2650337203959,-3.52217973263684
1.26422250316056,-1.49188105717372
1.26262626262626,-3.44337550171427
1.26103404791929,-3.2346085693759
1.25944584382872,-1.41374585582524
1.25786163522013,-1.82714317895447
1.25631660247412,-2.53183001714579
1.25628140703518,-2.03022131832092
1.25470514429109,-0.586230353538137
1.2531328320802,-3.22997670184135
1.25156445556946,-2.9006488818599
1.25,-3.29355947805696
1.24843945068664,-2.80070271234602
1.24765955263087,-2.8899729291527
1.24688279301746,-3.60511424482957
1.2453300124533,-2.33637406955664
1.24378109452736,-2.52994351497831
1.24223602484472,-3.46312190089203
1.24069478908189,-2.83650420067375
1.23915737298637,-3.21108619580782
1.23906215694792,-3.24458458672403
1.23762376237624,-2.21755378211217
1.23609394313968,-3.07553494250395
1.23456790123457,-3.36656124555806
1.23304562268804,-1.82401523978619
1.23152709359606,-3.21809719633382
1.23052400435926,-2.58943896383173
1.230012300123,-1.94294063909161
1.22850122850123,-3.61522608839477
1.22699386503067,-3.22746458751252
1.22549019607843,-2.39354318458866
1.22399020807834,-3.32335893473215
1.22249388753056,-3.08599277913869
1.22204468663149,-3.56489019858177
1.22100122100122,-2.4934713678251
1.21951219512195,-2.56686194268756
1.21802679658952,-2.60365316912692
1.21654501216545,-1.27729026417459
1.21506682867558,-0.697944421778355
1.21362379834424,-2.97449121339404
1.21359223300971,-3.52544420956498
1.21212121212121,-2.42261131853284
1.21065375302663,-0.310340582268974
1.20918984280532,-2.89111400133622
1.20772946859903,-3.23403679205453
1.20627261761158,-2.82234791920281
1.20526093687084,-3.50180889833076
1.20481927710843,-3.6323358108046
1.20336943441637,-2.87807255718483
1.20192307692308,-3.04360056154816
1.20048019207683,-3.22861386592008
1.19904076738609,-0.757223365012417
1.19760479041916,-3.60495403196456
1.19695570235904,-2.89976487813139
1.19617224880383,-3.63675405798217
1.194743130227,-2.74508223555427
1.19331742243437,-2.90121065490673
1.19189511323004,-0.552790634270802
1.19047619047619,-2.97090788354468
1.18906064209275,-2.50296160792937
1.1887076977119,-3.09422258659539
1.18764845605701,-1.06547833432749
1.18623962040332,-2.43417443328708
1.18483412322275,-3.02130511441184
1.18343195266272,-1.45825425990655
1.18203309692671,-0.888494405535719
1.18063754427391,-1.91839986941609
1.18051652856881,-3.34446507963325
1.17924528301887,-1.20434715545137
1.17785630153121,-3.19333631852818
1.17647058823529,-3.11355650451848
1.17508813160987,-2.8835813110211
1.17370892018779,-1.64934776853031
1.1723818032866,-2.47081996024893
1.17233294255569,-1.41390492308572
1.17096018735363,-2.85524269377502
1.16959064327485,-3.19967217484169
1.16822429906542,-1.97178922433569
1.16686114352392,1.99544917014903
1.16550116550117,-2.32107003660165
1.16430313292088,-3.16801590318631
1.16414435389988,-2.30321393487416
1.16279069767442,-0.852462961314028
1.16144018583043,-2.5437288858336
1.16009280742459,-3.4111417264822
1.15874855156431,-3.10576011933731
1.15740740740741,-0.314212084552262
1.15628013120738,-3.45676835154266
1.15606936416185,-1.99864064841453
1.15473441108545,-3.25670568328901
1.15340253748558,-2.13778954116698
1.15207373271889,-3.44763355325859
1.15074798619102,-2.20808216812928
1.14942528735632,-3.45963752425665
1.14831241454351,-3.17093011478068
1.14810562571757,-3.40777016984067
1.14678899082569,-2.30455369589101
1.1454753722795,-3.03571815025146
1.1441647597254,-2.37403711142361
1.14285714285714,-3.58435518508822
1.14155251141553,-1.65837441189704
1.14039960197003,-1.13902353311316
1.14025085518814,-2.94281071322863
1.13895216400911,-3.35136087740399
1.13765642775882,-2.34390820696292
1.13636363636364,-1.88792887719883
1.13507377979569,-3.10704997795379
1.13378684807256,-1.06895598485839
1.13254131515281,3.55269543113271
1.13250283125708,2.6289191978925
1.13122171945701,-3.12246462130487
1.12994350282486,-3.47433776160018
1.12866817155756,-2.89455451120299
1.12739571589628,-1.33324652792966
1.12612612612613,-2.96598316552719
1.12485939257593,-3.18521504003133
1.12473717836475,-3.03947866374225
1.12359550561798,-2.05742685651343
1.12233445566779,-3.56776052667662
1.12107623318386,-1.73595408400306
1.11982082866741,-3.56974393416466
1.11856823266219,-3.37544858974941
1.11731843575419,-0.734117393296553
1.11698681846782,-3.47202870371587
1.11607142857143,-3.42532787202746
1.11482720178372,-3.55199896078603
1.11358574610245,-3.0927246373816
1.11234705228031,-0.936395819984607
1.11111111111111,-1.86376739182999
1.10987791342952,-2.74419102351286
1.10928986489522,-2.9259994726233
1.10864745011086,-1.60021088670579
1.10741971207087,-3.65795744901832
1.10619469026549,-2.39296494420092
1.10497237569061,-3.25552361950418
1.1037527593819,-3.48391566451003
1.10253583241455,-2.7184343715967
1.10164594963366,-3.24936665331556
1.10132158590308,-2.9733575185965
1.1001100110011,-0.42849510365924
1.0989010989011,-3.43451019984202
1.09769484083425,-2.9185366525201
1.09649122807018,-3.56163518928171
1.09529025191676,-2.00943377917165
1.09409190371991,-3.37284935485014
1.09405470720574,-3.41815974349059
1.09289617486339,-3.07772612451877
1.09170305676856,-3.28345356438224
1.09051254089422,-2.96833688922133
1.08932461873638,-1.20228411934313
1.08813928182807,-3.04804659774025
1.08695652173913,-0.9442967668413
1.08651577465254,-0.601724290466005
1.085776330076,-1.32870812048956
1.08459869848156,-3.56610280344996
1.08342361863489,-2.91909754541571
1.08225108225108,-2.33137519104524
1.08108108108108,-0.694568276817516
1.07991360691145,-1.09526168245962
1.07902879151618,-1.37640131008537
1.07874865156419,-2.92229829173696
1.07758620689655,-2.17182750731304
1.07642626480086,-2.77289992053432
1.0752688172043,-2.61752303177807
1.07411385606874,-2.95248174992629
1.07296137339056,-2.48078115533921
1.07181136120043,-1.22966940106449
1.07159339982267,-2.59601402563753
1.07066381156317,-2.55596343992299
1.06951871657754,-1.06375830524622
1.06837606837607,-0.554969517192045
1.06723585912487,-1.16067458796713
1.06609808102345,-0.549268939721666
1.06496272630458,-3.49825234890751
1.06420924406472,-2.16902820558074
1.06382978723404,-2.60245650754576
1.06269925611052,-0.548309878775039
1.06157112526539,-3.30005434369665
1.06044538706257,-0.948470692732836
1.0593220338983,-1.10632198701584
1.05820105820106,-2.61549448422412
1.05708245243129,-3.1622489391192
1.0568759711848,-3.54166835145302
1.05596620908131,-3.23199519827839
1.05485232067511,-3.18592077855736
1.05374077976818,-3.31481724491784
1.05263157894737,-2.63413057699675
1.0515247108307,-3.20138261942013
1.05042016806723,-2.71182129746331
1.04959323055823,-3.17656303316779
1.04931794333683,-1.01342275386342
1.0482180293501,-2.70709281279322
1.04712041884817,-2.66954799473275
1.04602510460251,-2.90685889238169
1.04493207941484,-3.19655029819871
1.04384133611691,-3.44322739469693
1.04275286757039,-2.98542396301179
1.0423606739764,-2.24017567282548
1.04166666666667,2.27504603974079
1.04058272632674,-1.07317519225672
1.03950103950104,-0.328879094961205
1.03842159916926,0.628497618821219
1.03734439834025,-2.86014707205855
1.03626943005181,-3.58648274437079
1.0351966873706,-2.50039791249786
1.03517795563018,-1.97958229621004
1.03412616339193,-3.61036297540253
1.03305785123967,-2.71969698104767
1.03199174406605,-3.4701592114561
1.03092783505155,-3.20449375987969
1.02986611740474,-3.48778955061071
1.02880658436214,-2.69501733070988
1.02804473209331,-0.664404864933213
1.02774922918808,-3.32249808072664
1.02669404517454,-3.62855688902816
1.02564102564103,-3.20935659654212
1.02459016393443,-3.29372215213571
1.02354145342886,-3.18664947362695
1.02249488752556,-3.49064644365763
1.02145045965271,-2.15454375027486
1.02096066230605,-3.51437174790233
1.02040816326531,-3.0980461603677
1.01936799184506,-3.25385058226628
1.0183299389002,-2.2611288319304
1.01729399796541,-3.49118706068297
1.01626016260163,-3.22834865155401
1.01522842639594,-3.07950125217659
1.01419878296146,-3.23759185644205
1.01392540755882,-3.29626160825269
1.01317122593718,-0.687028964280283
1.01214574898785,-3.05186405994224
1.01112234580384,-2.22246395793003
1.01010101010101,-1.96033044110062
1.00908173562059,-2.35396703532056
1.00806451612903,-0.196079503781742
1.00704934541793,-1.55680467919587
1.00693863147603,-3.58485338348144
1.00603621730382,-2.98618936694224
1.00502512562814,-3.19666844927742
1.00401606425703,1.18188122436773
1.00300902708124,-0.790899876551275
1.00200400801603,-0.437938408812538
1.001001001001,2.59356932598063
1,-1.23105832673196
