"data...1.","bfp_output.res"
12220.1056599999,21.9509484114977
12235.9666670002,29.2539233513281
12237.9032180002,30.0134055645272
12238.908171,53.6443431045098
12243.0026850002,23.2959883748221
12307.8585649999,5.42712103982981
12334.8146870001,4.19988233046946
12536.1309139999,-68.6251166151519
12537.0906480001,-62.1934755504205
12538.048924,-54.7248013485006
12573.0651850002,-8.15091577704184
12574.0020829998,-14.23886465883
12575.0051270002,11.985121392471
12601.0029279999,120.761429338407
12602.0445829998,76.638460180988
12651.8701849999,45.6092328913395
12711.7517590001,-42.1756179378382
12712.8089470002,-15.9039069304637
12925.044514,-40.8611180228396
13071.8259140002,-24.2614482403221
13303.018044,84.2427973708257
13338.8544100001,-68.3139612646901
13340.104572,-36.8748053632114
13368.8945829999,-21.634404220797
13747.010278,-49.7699102293212
15111.0354980002,12.3921727190877
15440.1281369999,-35.3234075534841
15523.043414,-43.2872762450687
15994.8675230001,-52.9633886642368
16165.1266089999,16.0321166162497
16585.1541550001,25.3376770123336
16588.0586689999,49.7414695809152
16639.9026270001,-72.1602737000902
16909.1497450001,7.84383819414978
17291.1480089999,41.922704049225
17294.147072,16.1610034384731
17652.1447220002,33.9123734429256
17765.862338,1.73445025517162
18029.1550810002,-1.73296209173718
