"bfp_output.P","bfp_output.logBF"
1000,-1.00003106330869
993.109181374979,-0.844779956252562
986.265846131283,-0.738113644449167
979.46966706954,-0.68168427598972
972.720319245055,-0.672492295850144
966.017479952265,-0.704977451317897
959.360828709315,-0.773665537197881
952.75004724273,-0.87520367453332
946.184819472201,-1.00909219373242
939.66483149547,-1.17698500066133
933.189771573324,-1.38082117187515
926.759330114689,-1.62035010427017
920.373199661823,-1.89091552974149
914.031074875623,-2.18249156574914
907.732652521023,-2.480574249344
901.477631452492,-2.76860597881547
895.26571259964,-3.03074306675948
889.096598952916,-3.25368232444007
882.969995549409,-3.42699517635917
876.885609458743,-3.54237359927042
870.843149769073,-3.59282374118292
864.842327573172,-3.57302681745382
858.882855954625,-3.48177312238625
852.964449974103,-3.32617353594663
847.086826655741,-3.12509521345747
841.249704973612,-2.90770239760912
835.452805838287,-2.70548610286836
829.695852083491,-2.54217893866091
823.978568452852,-2.42842656872296
818.300681586739,-2.36348988746509
812.661920009195,-2.34069093985913
807.06201411495,-2.35250364704403
801.500696156541,-2.39334419860439
795.977700231499,-2.4597375728283
790.492762269642,-2.54797445644099
785.045620020451,-2.65050456368332
779.636013040523,-2.75502074289467
774.263682681127,-2.84942417627469
768.928372075831,-2.92814722424797
763.629826128224,-2.99283693621767
758.367791499719,-3.04839556002478
753.142016597437,-3.09925151247092
747.952251562182,-3.14736775618929
742.798248256492,-3.19079375101627
737.679760252773,-3.22157509476799
732.596542821523,-3.22407530877812
727.548352919623,-3.18049348464047
722.534949178721,-3.09190307227994
717.556091893692,-2.99441661090735
712.611543011175,-2.93204921984435
707.701066118189,-2.9214096692725
702.824426430835,-2.95611452881614
697.981390783066,-3.02495103961668
693.17172761554,-3.11878463340396
688.39520696455,-3.22838078632311
683.651600451024,-3.3391185562764
678.940681269611,-3.42716879057347
674.262224177835,-3.4631139968382
669.616005485322,-3.42551227885
665.001803043112,-3.31377310415744
660.419396233031,-3.14600534495592
655.868565957143,-2.94586511521261
651.349094627281,-2.73364738635287
646.860766154633,-2.52654196956793
642.40336593942,-2.34244703041564
637.976680860628,-2.20088422699159
633.580499265825,-2.11876942271011
629.214610961035,-2.10453383306268
624.878807200689,-2.1565496444402
620.57288067765,-2.26708430747861
616.296625513294,-2.4267895731068
612.04983724767,-2.62500392582559
607.832312829723,-2.84649697508395
603.643850607587,-3.06921154383978
599.484250318941,-3.26588640986814
595.353313081437,-3.40720460188246
591.250841383188,-3.46268514555559
587.176639073326,-3.40099408130815
583.130511352622,-3.19846785381643
579.112264764176,-2.86367921555601
575.121707184161,-2.46294993639715
571.158647812643,-2.10272874303071
567.222897164454,-1.8643710450534
563.314267060136,-1.764456255077
559.432570616938,-1.77669941464874
555.577622239888,-1.87056016695866
551.749237612913,-2.02885081591283
547.947233690029,-2.24314704228932
544.171428686589,-2.49971252986493
540.421642070592,-2.77029584633596
536.697694554048,-3.01262310366085
532.999408084409,-3.17381901910677
529.326605836056,-3.19694112043733
525.679112201842,-3.04379988953634
522.056752784698,-2.73161537105714
518.459354389291,-2.34058921776197
514.886745013749,-1.96562580604192
511.338753841433,-1.66435220367402
507.815211232767,-1.45316612107636
504.315948717136,-1.33435254347627
500.840798984821,-1.31721349898474
500,-1.33015167401892
497.389595879006,-1.4162647084433
493.962174387832,-1.63623977461564
490.558370636505,-1.96743005896677
487.178021879463,-2.38957168843906
483.820966492595,-2.86129944941821
480.487043965513,-3.2973054696118
477.176094893875,-3.57681620861289
473.887960971765,-3.61519513967924
470.622484984128,-3.42717832757402
467.379510799247,-3.09653014696819
464.158883361278,-2.70859018208271
460.960448682844,-2.32567592216283
457.784053837662,-1.99525751637865
454.62954695324,-1.75284993258675
451.49677720361,-1.6158167415261
448.385594802119,-1.58933663161461
445.295850994266,-1.68231099156521
442.22739805059,-1.90607307926733
439.180089259609,-2.24445522112579
436.153778920801,-2.62845547471074
433.14832233764,-2.96786054329898
430.16357581068,-3.21352354339795
427.199396630678,-3.37169680809448
424.255643071778,-3.47198906840121
421.332174384729,-3.53885816477206
418.428850790158,-3.58485321816643
415.545533471888,-3.61560505176221
412.682084570296,-3.63439634985501
409.838367175726,-3.64263919773942
407.014245321944,-3.63797461235979
404.209583979631,-3.61241369621252
401.424249049932,-3.54946414830421
398.658107358044,-3.41967245122451
395.911026646846,-3.19043390228982
393.182875570577,-2.87882198005523
390.473523688556,-2.60107890316813
387.782841458946,-2.46476345977068
385.110700232557,-2.42807226930629
382.4569722467,-2.32360722897406
379.821530619074,-1.88856408846508
377.2042493417,-0.918178394626618
374.605003274899,0.136482759726154
372.023668141307,0.453097103355067
369.46012051993,0.00834519432395542
366.914237840249,-0.765146936459597
364.385898376355,-1.14919554228838
361.874981241128,-0.178134807625791
359.381366380463,1.58614676025691
356.904934567523,2.51521787528494
354.445567397043,1.97561972588718
352.003147279668,0.116323705459043
349.577557436327,-1.95136989787629
347.168681892656,-2.89126877878128
344.776405473446,-2.84261817426688
342.400613797142,-2.61390198851204
340.041193270371,-2.42409493311574
337.698031082509,-1.88931289015063
335.371015200293,-0.6198831116623
333.333333333333,1.02303339798603
333.060034362459,1.2605843696084
330.764978074424,3.09157944254774
328.485736603004,3.77872014447356
326.222200971167,2.43248832931089
323.97426295282,-0.00777846942745963
321.741815067637,-1.75978584333837
319.524750575921,-2.24620341365862
317.322963473498,-1.58967083055209
315.136348486648,-0.1670591963266
312.964801067075,1.15740120299073
310.808217386907,1.61399797156533
308.666494333727,1.26418449930511
306.539529505653,0.517769537353492
304.42722120643,-0.137785433135842
302.329468440578,-0.0668621965444443
300.246170908555,1.13900547653161
298.177229001967,2.90053190306147
296.122543798804,3.53573068041614
294.082017058706,2.49837332111575
292.055551218275,1.1278449703106
290.043049386399,0.207276401319111
288.04441533963,-0.553060145117153
286.059553517574,-1.04793716185956
284.08836901833,-0.39683236226072
282.130767593947,1.51148302929518
280.18665564592,2.96950835453761
278.255940220713,2.5328746602193
276.338529005317,0.608626372363138
274.434330322837,-1.53531431644897
272.543253128103,-2.69692420497854
270.665207003324,-1.90716451289183
268.800102153761,0.939865994566806
266.947849403432,4.44686322822664
265.108360190854,6.57473348037666
263.281546564802,6.04620398676336
261.467321180109,2.79476983068098
259.665597293487,-1.47747133315122
257.87628875938,-3.58908781097507
256.099310025846,-2.75291388675317
254.334576130465,-0.577686380378831
252.582002696278,1.77285535584567
250.841505927754,3.73903621970273
250,4.28176526338242
249.113002606779,4.20453674990712
247.396410088681,1.17172736829189
245.691646298279,-2.65292415591129
243.998629725955,-3.47365729668202
242.31727942376,-2.87618498710095
240.647515001542,-2.08139838339776
238.989256623105,-1.54284446716577
237.342425002387,-1.69812832850364
235.706941399673,-2.20845091567029
234.082727617829,-1.56751478841498
232.469705998565,-0.197762195012284
230.867799418717,0.325177692393244
229.276931286565,-0.993053787549779
227.697025538168,-2.90808085934379
226.128006633728,-3.29757292740616
224.569799553977,-1.34862016815212
223.022329796594,2.29239155723933
221.485523372636,6.38406226235283
219.959306803008,8.12126815210549
218.443607114943,4.32201813210644
216.938351838519,-1.08884032618128
215.443469003188,-3.32118836078829
213.958887134342,-2.34657406027226
212.484535249888,0.202159037396531
211.02034285686,1.97339460765638
209.566239948043,1.36148564696608
208.122156998634,-0.452800556509383
206.688024962908,-2.15160263800372
205.263775270925,-2.79502245011978
203.849339825246,-2.53872563590802
202.44465099768,-2.48662393331657
201.04964162605,-3.05313721109207
200,-3.44862260620358
199.664245010979,-3.52952694426956
198.288394912707,-3.60363764481793
196.922025547917,-3.40281280367635
195.565071586595,-3.35157851961183
194.217468148903,-3.36222950423051
192.879150802078,-3.23682761596303
191.550055557353,-3.26076993185869
190.230118866895,-3.17344031181322
188.919277620767,-3.24544647908099
187.617469143912,-3.52437627272443
186.324631193156,-3.13684458440853
185.04070195423,-2.77702890881782
183.765620038817,-2.08415412575517
182.499324481615,-1.22739999901354
181.241754737424,-1.6721966565184
179.992850678248,-2.12275823211128
178.752552590424,-2.45962790856278
177.520801171764,-3.23568207442663
176.297537528721,-2.90075233494094
175.082703173572,-1.68253410394409
173.876240021625,0.169675564328874
172.678090388436,0.938179619659953
171.488196987054,-0.909990188168005
170.306502925284,-2.5346383851443
169.132951702965,-3.15999957388102
167.967487209265,-2.4981990765586
166.810053720006,-1.01398088248463
166.666666666667,-0.820620016787852
165.660595894991,0.784530338975618
164.519058775366,3.15816180729438
163.385387780986,4.60069716025193
162.259528707809,1.05396044715134
161.141427725302,-3.36576317909832
160.03103137387,-1.40074042494491
158.928286562298,4.00753745723104
157.833140565212,7.2963681644463
156.745541020559,3.27005358315531
155.665435927106,-2.83578040906608
154.592773641948,-2.59768068021777
153.527502878042,0.491014319507248
152.469572701757,1.25039252531868
151.418932530435,-1.2281943395521
150.375532129974,-3.41590871900355
149.339321612425,-2.03973303560626
148.310251433611,-1.28447550234373
147.28827239075,-2.14576136830338
146.273335620113,-3.33657271643248
145.265392594678,-2.64780430213433
144.264395121816,-2.22632327955271
143.270295340983,-1.69373651627579
142.857142857143,-1.5806464866042
142.283045721435,-1.34754488179599
141.302599059953,-0.893829638320066
140.328908478587,-2.52488157102295
139.361927422414,-1.49985289147018
138.401609657313,3.10100570415843
137.447909267754,6.74454872006622
136.500780654601,2.19245852699921
135.560178532937,-3.22937426237381
134.626057929891,-1.17783916896776
133.698374182495,3.7156690838814
132.777082935543,1.99797644487753
131.862140139475,-2.12822413767192
130.953502048267,-3.42634021190981
130.051125217341,-3.6059264739698
129.154966501488,-3.28706289747582
128.264983052806,-3.0165800289907
127.381132318648,-3.14676530739568
126.50337203959,-2.55935497352935
125.631660247412,-1.21390773689309
125,-0.573656743125194
124.765955263087,-0.879101991493552
123.906215694792,-3.28395870775942
123.052400435926,-3.44599341488238
122.204468663149,-1.93179630066181
121.362379834424,-1.22995805935092
120.526093687084,-2.44400202556097
119.695570235904,-3.32639193775394
118.87076977119,-3.25073957579
118.051652856881,-3.15346845517659
117.23818032866,-3.14028518422036
116.430313292088,-3.42597337868814
115.628013120738,-3.65041256344302
114.831241454351,-2.96999228676178
114.039960197003,-2.11364757424907
113.254131515281,-2.27071355453505
112.473717836475,-3.50838402017497
111.698681846782,-2.81637641862825
111.111111111111,-1.18187743589511
110.928986489522,-0.722200865996693
110.164594963366,-0.699895039110468
109.405470720574,-3.0579181205404
108.651577465254,-3.12314225570752
107.902879151618,-1.78764410834075
107.159339982267,-1.55737883423931
106.420924406472,-2.7600026987484
105.68759711848,-1.43689410926695
104.959323055823,-0.398508385864242
104.23606739764,-3.08266601071177
103.517795563018,-2.62558938477316
102.804473209331,2.13130049498095
102.096066230605,0.65774250068903
101.392540755882,-2.63231620008791
100.693863147603,-0.996245865665155
100,-0.598251672487502
100,-0.598251624729197
99.310918137498,-1.46941077545342
98.6265846131283,-2.44110145438496
97.946966706954,-2.68268105666264
97.2720319245054,-2.6260268876024
96.6017479952265,-3.54711524872841
95.9360828709315,-2.91399780607049
95.2750047242729,-2.83253803981124
94.61848194722,-3.35842884461264
93.966483149547,0.948772331444606
93.3189771573324,-0.0674074763462995
92.6759330114688,-3.5266365825603
92.0373199661823,-1.62432814697091
91.4031074875623,-0.717518115769603
90.9090909090909,-1.5886029624237
90.7732652521023,-1.5723572364045
90.1477631452492,-2.70639567343182
89.526571259964,-2.95953958799138
88.9096598952916,0.70244481243832
88.2969995549409,-0.432949445175391
87.6885609458743,-3.47058892048163
87.0843149769073,-0.506010227134378
86.4842327573172,-1.02852146556189
85.8882855954625,-3.03945042950182
85.2964449974102,-1.96741628222268
84.7086826655741,-3.140106089186
84.1249704973612,-2.50973519903276
83.5452805838287,-3.6223043559208
83.3333333333333,-3.17896008584749
82.9695852083491,-2.3035147831852
82.3978568452852,-3.25068369117012
81.8300681586739,2.0470383932469
81.2661920009194,-0.801261474122337
80.706201411495,-0.815114558189246
80.2028719106221,9.52068330767044
79.5977700231498,-1.50015998204141
79.0492762269642,-1.25439567069942
78.5045620020451,0.119646398938319
77.9636013040523,0.668933492840741
77.4263682681127,-3.64667876854785
76.9230769230769,1.00367087754605
76.8928372075831,1.33172449385269
76.3629826128224,-3.17109377095745
75.8367791499719,-1.84767240034698
75.3142016597437,-3.11441334467043
74.7952251562182,-2.08668396507276
74.2798248256491,-2.563400123291
73.7679760252773,-3.01369048640337
73.2596542821523,-2.20691117069704
72.7548352919623,-3.30146091656205
72.2534949178722,-3.58973344219167
71.7556091893693,-2.236153364097
71.4285714285714,-0.608642766646777
71.2611543011175,-1.47127033961045
70.7701066118189,-3.09127075886708
70.2824426430835,-0.398986072930607
69.7981390783066,-2.12429120116213
69.3171727615541,-3.30521427255131
68.839520696455,-3.4185819755754
68.3651600451024,-1.40165285867318
67.8940681269611,-2.73004470867174
67.4262224177834,-2.47370661414159
66.9616005485322,-2.99166482271142
66.6666666666667,0.323205427344608
66.5001803043112,0.451086732468515
66.0419396233031,-1.08656268060265
65.5868565957143,-0.828764513277132
65.134909462728,-1.69197115201551
64.6860766154633,-1.86888298695102
64.2403365939419,-2.01564014821791
63.7976680860628,-3.13661948816287
63.3580499265825,0.129271792905418
62.9214610961034,-2.66196111958923
62.5,-2.20455561248805
62.4878807200689,-2.24109320325889
62.057288067765,-2.88084712741645
61.6296625513294,-3.09894189080201
61.204983724767,-3.47457198888291
60.7832312829723,-1.80775434554895
60.3643850607587,-3.48484053440613
59.9484250318941,-2.94098729157691
59.5353313081437,-3.65904460199742
59.1250841383188,-3.6200612701359
58.8235294117647,-2.73780495298522
58.7176639073326,-1.71404990509107
58.3130511352622,-3.06348164962985
57.9112264764176,-2.51857390972644
57.5121707184161,-2.21713278555084
57.1158647812643,-3.6553563184507
56.7222897164454,-3.07576802131846
56.3314267060136,-2.99481131149882
55.9432570616938,-2.82678993943982
55.5577622239888,-2.65040494456779
55.5555555555556,-2.62859135166662
55.1749237612912,-2.09719210751846
54.7947233690029,-2.7504957724996
54.4171428686589,-2.79649010399025
54.0421642070592,-3.0228662189756
53.6697694554048,-3.10719361615149
53.2999408084409,-3.48713226411548
52.9326605836056,-2.18817321410408
52.6315789473684,-3.13622551553838
52.5679112201842,-3.21876659499123
52.2056752784698,-1.14707144096625
51.8459354389291,-3.38182122450886
51.488674501375,-3.54722729562483
51.1338753841433,-2.65142345922502
50.7815211232767,-2.48348329267962
50.4315948717136,-0.787983989388475
50.0840798984821,-3.26037524673905
50,-2.76159079631959
49.7389595879007,-3.19195643448297
49.3962174387832,-2.38338202097598
49.0558370636505,-2.68471097816298
48.7178021879463,-3.49008552473664
48.3820966492596,-3.31855979640663
48.0487043965513,-0.559402184196112
47.7176094893875,-2.94222861856839
47.6190476190476,-1.7698095319936
47.3887960971765,-1.9548780574173
47.0622484984128,-3.49274069726872
46.7379510799246,2.44353620407317
46.4158883361278,-2.32588352486892
46.0960448682843,-1.91383856419203
45.7784053837662,-3.04148043005766
45.462954695324,-3.1028566712393
45.4545454545455,-3.0990280343547
45.149677720361,-2.70285458851144
44.8385594802119,-2.13570652463853
44.5295850994266,-2.8024415473579
44.222739805059,7.37822149070663
43.9180089259609,-0.484006663843199
43.6153778920801,-1.07702995572385
43.4782608695652,-2.25538786484661
43.314832233764,-2.28439970025944
43.016357581068,-3.34826659331365
42.7199396630678,-1.81225224859939
42.4255643071778,-2.4688783522162
42.1332174384729,-1.28351188661695
41.8428850790158,-0.357786383509516
41.6666666666667,-3.13313130203361
41.5545533471888,-1.18577186456305
41.2682084570295,-3.33543748707704
40.9838367175726,-0.728103549081491
40.7014245321944,-2.95130926849906
40.4209583979631,-3.43323642487716
40.1424249049932,0.274475241705848
40,-3.29759453275973
39.8658107358044,-1.52247769952849
39.5911026646846,-3.13856486628189
39.3182875570577,-2.72383085968964
39.0473523688556,-0.628339246417833
38.7782841458946,-2.92167264386942
38.5110700232557,-3.09935881444111
38.4615384615385,-3.50901873053037
38.24569722467,-1.82963441185764
37.9821530619073,-1.7019913852486
37.72042493417,-3.48488011786263
37.4605003274899,-1.60380980572857
37.2023668141307,-2.87516183301342
37.037037037037,-3.57372134923703
36.946012051993,-3.38547850748646
36.6914237840249,-2.4099787712182
36.4385898376355,-2.83422643221986
36.1874981241128,-2.15650386288605
35.9381366380463,-2.96700217734247
35.7142857142857,-2.41896371964496
35.6904934567523,-2.71720546489093
35.4445567397043,-1.03486739283773
35.2003147279668,-1.726472502599
34.9577557436328,-3.01328367323976
34.7168681892656,-3.54433655085075
34.4827586206897,-3.52566494226458
34.4776405473446,-3.46812241241802
34.2400613797142,-3.1171189811336
34.0041193270371,-0.861407675154434
33.7698031082509,-3.35554702088943
33.5371015200293,-0.930675375090298
33.3333333333333,-2.28566872560647
33.3060034362459,-0.501735642986413
33.0764978074424,-2.8976926911361
32.8485736603004,-3.41653979066983
32.6222200971167,-2.677223105961
32.397426295282,0.402282566985339
32.258064516129,-2.7101311494418
32.1741815067637,0.468026937606301
31.9524750575921,-2.81020497939646
31.7322963473498,-3.63875417117155
31.5136348486648,-3.22533425192894
31.2964801067075,-2.87338604374706
31.25,-3.37902137890635
31.0808217386906,-2.92936477842577
30.8666494333727,-3.44015535972114
30.6539529505653,-2.86118824711341
30.442722120643,-0.373470024850159
30.3030303030303,-3.53675076983729
30.2329468440578,-2.21393744828397
30.0246170908555,-3.48074645066365
29.8177229001967,-3.07679269545924
29.6122543798804,-3.40314829448381
29.4117647058824,-3.13724050525071
29.4082017058706,-3.06893506050782
29.2055551218275,-3.08721761492815
29.0043049386399,-3.03647126099242
28.804441533963,-2.15367443532103
28.6059553517574,-3.10199006116472
28.5714285714286,-3.61774183847792
28.408836901833,-3.60577645586126
28.2130767593947,-2.82791716710131
28.018665564592,-3.46308562936862
27.8255940220712,-2.85151482680414
27.7777777777778,-3.64054612902872
27.6338529005317,-1.63194127001627
27.4434330322836,-1.86354644661678
27.2543253128103,-1.85492558822566
27.0665207003324,0.145786262762745
27.027027027027,-0.839579147980241
26.8800102153761,1.10952010996666
26.6947849403432,0.665111065263791
26.5108360190854,-3.23667473383896
26.3281546564802,-2.37219518956079
26.3157894736842,-1.214293231717
26.1467321180109,-1.99195343744828
25.9665597293487,-3.10590484628242
25.787628875938,-1.03405889349177
25.6410256410256,-2.21372071363059
25.6099310025846,-2.32850051869992
25.4334576130465,-2.18492339854078
25.2582002696278,1.67375731034177
25.0841505927754,0.778399732219033
25,7.11986280271707
24.9113002606779,3.19420631134095
24.7396410088681,0.688644746899503
24.5691646298279,-2.80389017368297
24.3998629725955,-1.9568021552027
24.390243902439,-2.44841512783396
24.231727942376,-2.54141971746575
24.0647515001542,-1.9696033856466
23.8989256623105,-3.21522675998555
23.8095238095238,-3.34820443231784
23.7342425002387,-1.96622827463322
23.5706941399673,-2.07171444523059
23.4082727617829,-0.527515342705594
23.2558139534884,-2.88721679711643
23.2469705998565,-3.42695177530355
23.0867799418717,-3.21070058517877
22.9276931286565,-1.79128252676351
22.7697025538168,-1.95487928520758
22.7272727272727,-3.110000303033
22.6128006633728,-2.38965052619094
22.4569799553977,-0.790132977667791
22.3022329796594,-2.8019458174232
22.2222222222222,-3.33256378418586
22.1485523372636,-0.383922180568258
21.9959306803007,-2.18311744712453
21.8443607114943,-2.95360246467738
21.7391304347826,-3.28913745247713
21.6938351838518,-0.48858084641942
21.5443469003188,-2.67048121537025
21.3958887134342,-2.95776614373302
21.2765957446809,-0.586106395192625
21.2484535249888,-1.28172630393022
21.102034285686,-3.32439654931745
20.9566239948043,-2.78778186002973
20.8333333333333,-2.57356162281858
20.8122156998634,-3.01613292978451
20.6688024962908,-3.26398347692783
20.5263775270925,-1.75810563891433
20.4081632653061,-2.51981660335529
20.3849339825246,-0.113452469348526
20.244465099768,-1.60064271635421
20.104964162605,-0.180761457221318
20,-2.3903986576595
19.9664245010979,-3.51043720323205
19.8288394912707,-3.09182970077013
19.6922025547917,-3.47916666235347
19.6078431372549,-3.58730299108513
19.5565071586595,-2.3869589470846
19.4217468148903,-2.90264801894885
19.2879150802078,-3.1412496385228
19.2307692307692,-2.68670712457601
19.1550055557353,-2.64367201294204
19.0230118866894,-3.64212644613512
18.8919277620767,-2.19925926057162
18.8679245283019,-0.849960748179181
18.7617469143912,-3.48227338654557
18.6324631193156,-1.42249915561977
18.5185185185185,-3.57984975194683
18.504070195423,-2.87856407260896
18.3765620038817,-2.05812496081328
18.2499324481615,-3.17691497302983
18.1818181818182,-3.59754627441752
18.1241754737424,-2.4741681480438
17.9992850678248,-3.40839037699903
17.8752552590424,-3.4386700997524
17.8571428571429,-2.89568553741783
17.7520801171764,-3.33653643746915
17.6297537528721,-3.16558835295212
17.5438596491228,-0.356278764576596
17.5082703173572,-2.67384413594926
17.3876240021625,-2.3454423634124
17.2678090388436,-3.02417620341928
17.2413793103448,-2.37173373371358
17.1488196987054,-3.26640004822839
17.0306502925284,-0.639770757949559
16.9491525423729,1.97558890634339
16.9132951702965,-2.5342660438789
16.7967487209265,-3.62240494622948
16.6810053720006,0.00780969839981527
16.6666666666667,-1.93464351402103
16.5660595894991,-3.15924115563579
16.4519058775366,-2.83527787285301
16.3934426229508,-3.15519113214055
16.3385387780986,-3.41521470334463
16.2259528707809,-3.61243208102995
16.1290322580645,-1.47520052929233
16.1141427725302,-0.487763820466294
16.003103137387,-3.51694883561511
15.8928286562298,-3.3092104438394
15.8730158730159,0.0610483518097071
15.7833140565212,-2.16945177410202
15.674554102056,-2.44010053944556
15.625,-1.30002215993629
15.5665435927106,-1.07330384027291
15.4592773641948,-3.09284028327134
15.3846153846154,-0.292129841663448
15.3527502878042,-3.3014518625773
15.2469572701757,-2.38767499171636
15.1515151515152,1.16946046256961
15.1418932530435,-0.770022133972968
15.0375532129974,-2.56095348376821
14.9339321612425,0.105596490900258
14.9253731343284,0.195391310541813
14.831025143361,-3.21431322638456
14.728827239075,-2.61501057653897
14.7058823529412,-2.72827364086505
14.6273335620113,-3.64332706476112
14.5265392594678,-1.52191492385289
14.4927536231884,-3.39382695621149
14.4264395121816,-3.64475660598698
14.3270295340983,-1.14810760228412
14.2857142857143,-0.390735374183673
14.2283045721435,-0.967394531958528
14.1302599059953,-1.85872012947301
14.0845070422535,-0.660889952404783
14.0328908478587,1.0696467728035
13.9361927422414,-1.66602262424545
13.8888888888889,-2.91948266437653
13.8401609657313,-1.20882238661373
13.7447909267754,-3.17495485025394
13.6986301369863,-3.60671929716865
13.6500780654601,-2.01242227391868
13.5560178532937,-1.13620794682761
13.5135135135135,-1.09345176052671
13.4626057929891,-2.11987362264817
13.3698374182495,-2.08675903106346
13.3333333333333,3.62968289727637
13.2777082935543,-2.03823115053326
13.1862140139475,-2.50948880143089
13.1578947368421,-1.82928462836922
13.0953502048267,1.12379127879057
13.0051125217341,-3.43899678669687
12.987012987013,-2.25768792526555
12.9154966501488,-3.36093636985496
12.8264983052806,0.913119833868923
12.8205128205128,0.990887305608756
12.7381132318648,-2.53988039649091
12.6582278481013,-2.76179313866045
12.650337203959,-1.5639187340558
12.5631660247412,-3.02271037392297
12.5,-1.71138606051123
12.4765955263087,-3.04298535616548
12.3906215694792,-3.49834986933855
12.3456790123457,-2.94247133450473
12.3052400435926,-3.32825439181122
12.2204468663149,-0.244880234015834
12.1951219512195,-1.37868788961104
12.1362379834424,-0.970639452928235
12.0526093687084,-1.23901585566544
12.0481927710843,-1.45279767353345
11.9695570235904,5.03291428098369
11.9047619047619,-3.47995167188368
11.887076977119,-1.6479639556433
11.8051652856881,-2.39618391229346
11.7647058823529,-3.21395472409132
11.723818032866,-1.67142200984848
11.6430313292088,0.192685870180715
11.6279069767442,-3.07768583756397
11.5628013120738,-2.46880789604962
11.4942528735632,-1.23335606690734
11.4831241454351,-0.489236139710196
11.4039960197003,-3.66256181517424
11.3636363636364,-3.57863139635064
11.3254131515281,-3.31214785419892
11.2473717836475,-3.158503709805
11.2359550561798,-3.36734015264126
11.1698681846782,-3.16485930483936
11.1111111111111,-1.91229575716009
11.0928986489522,-3.20355167352148
11.0164594963366,-2.65128420964178
10.989010989011,-1.31491067935736
10.9405470720574,-2.31524986743319
10.8695652173913,-1.01980910951162
10.8651577465254,-1.49957780054519
10.7902879151618,-2.68331306728036
10.752688172043,-2.84146234664991
10.7159339982267,-2.06828096937435
10.6420924406472,-2.52835164978289
10.6382978723404,-2.11114616437289
10.568759711848,-3.27383744389594
10.5263157894737,-3.46013740888408
10.4959323055823,-2.78947412427608
10.423606739764,-1.69567467074431
10.4166666666667,-2.19452200146973
10.3517795563018,-1.90546337326263
10.3092783505155,-3.15161392595111
10.2804473209331,-2.62171793694803
10.2096066230605,-2.80385318877803
10.2040816326531,-2.49984780090919
10.1392540755882,0.00530268549328117
10.1010101010101,-3.62218609081456
10.0693863147603,-3.48274573873693
10,-1.98642096336361
10,-1.98642093658922
9.9310918137498,-3.08364731260023
9.9009900990099,0.679930996573536
9.86265846131282,0.136403560442791
9.80392156862745,-3.59444196951092
9.79469667069539,1.58651712805137
9.72720319245054,-2.98471442326901
9.70873786407767,-3.27293861527987
9.66017479952265,-1.27709863519119
9.61538461538461,-2.94220563944666
9.59360828709314,-2.95445067548662
9.52750047242729,-2.44472302825165
9.52380952380952,-2.5634460340111
9.461848194722,-1.91110314986282
9.43396226415094,-3.48356661479563
9.39664831495469,-3.22447641315049
9.34579439252336,-2.97668019778991
9.33189771573324,-2.77750920129081
9.26759330114688,-1.85326456325078
9.25925925925926,-1.42910023888616
9.20373199661822,-2.66782780626432
9.1743119266055,-3.31748143073726
9.14031074875623,-3.57348366059223
9.09090909090909,-1.36076914007007
9.07732652521023,-3.16445483725512
9.01477631452492,-3.45414304469154
9.00900900900901,-3.53257647939729
8.9526571259964,-1.99585959907535
8.92857142857143,-3.38148790262017
8.89096598952916,-2.82333838972984
8.84955752212389,0.423383118858387
8.82969995549409,-2.23202721848447
8.7719298245614,-2.55623147879516
8.76885609458743,-3.31812702718788
8.70843149769072,-3.38272063068426
8.69565217391304,-3.64841144542496
8.64842327573172,0.882100880149683
8.62068965517241,-1.90232722998142
8.58882855954625,-1.22222673679381
8.54700854700855,0.0460569638328723
8.52964449974102,-0.747452784898466
8.47457627118644,-2.04328279068521
8.47086826655741,-3.53888980270365
8.41249704973612,-3.51983538459053
8.40336134453781,-2.26070279965667
8.35452805838287,1.39460452099234
8.33333333333333,0.559904789622284
8.29695852083491,-3.41221439320649
8.26446280991736,-2.17672935402968
8.23978568452852,-3.39612033946006
8.19672131147541,-3.3000712543663
8.18300681586739,-3.48402347814975
8.13008130081301,-3.08024402678732
8.12661920009195,-2.79069732331036
8.0706201411495,-2.22274198308296
8.06451612903226,-1.51871560539824
8.01500696156541,-3.59378364962269
8,-3.52302052883048
7.95977700231498,-3.25451355677138
7.93650793650794,-2.17209190276527
7.90492762269642,-3.20632953028045
7.8740157480315,1.00473901110171
7.85045620020451,-3.34178967639745
7.8125,-3.58047797416851
7.79636013040523,-3.29716745063008
7.75193798449612,-2.68905941196989
7.74263682681127,-3.25098128509033
7.69230769230769,-3.57361804431904
7.68928372075831,-3.28048132008076
7.63629826128224,-2.57692681044538
7.63358778625954,-2.52904439690068
7.58367791499719,-3.1445739361517
7.57575757575758,-3.46064194108278
7.53142016597437,-2.92301117788046
7.5187969924812,-2.60986474598495
7.47952251562182,-2.47204101062645
7.46268656716418,-3.37969874977717
7.42798248256492,-2.95026386518183
7.40740740740741,-2.47685781472013
7.37679760252773,-3.14091357256758
7.35294117647059,1.42513722945005
7.32596542821523,-3.51242768396942
7.2992700729927,-3.31395550950377
7.27548352919623,-2.59735025351777
7.2463768115942,-2.87877192805073
7.22534949178722,-1.83206794506382
7.19424460431655,-0.564800996507851
7.17556091893693,-2.54033680847617
7.14285714285714,-2.84195287432571
7.12611543011175,-2.30543125423814
7.09219858156028,-2.27395524064807
7.07701066118189,-2.10145071564203
7.04225352112676,-1.07885543401054
7.02824426430835,-2.43612345762518
6.99300699300699,1.42639060696759
6.97981390783066,-2.88689297813429
6.94444444444444,-0.977617741348392
6.93171727615541,-3.27231046827812
6.89655172413793,-3.19329663258317
6.8839520696455,-2.89602409421677
6.84931506849315,-2.11677173010501
6.83651600451024,-1.12116869183275
6.80272108843537,-2.63168784163461
6.78940681269611,-2.06442864069843
6.75675675675676,-0.857425042210262
6.74262224177834,-2.98818413825056
6.71140939597315,-2.42301056487339
6.69616005485322,-3.24298443325697
6.66666666666667,-3.07232600461658
6.65001803043112,-2.14319625582048
6.62251655629139,-2.80672910804808
6.6041939623303,-3.66303664885963
6.57894736842105,-2.858805852102
6.55868565957143,-0.275792331835429
6.5359477124183,-2.32088123491338
6.5134909462728,-2.90234468508488
6.49350649350649,-1.10140949296753
6.46860766154633,-1.41551269423116
6.45161290322581,-1.59971844295655
6.42403365939419,-3.47387419959083
6.41025641025641,-2.85526502041581
6.37976680860628,-2.84527074519603
6.36942675159236,-2.43886560150959
6.33580499265825,-0.170071450321511
6.32911392405063,-2.15040506850088
6.29214610961034,-3.30670882332459
6.28930817610063,-2.61900707409471
6.25,-3.42782983566046
6.24878807200689,-3.27988796864077
6.2111801242236,-1.00268589925686
6.2057288067765,-2.28803032637488
6.17283950617284,-2.26245204033098
6.16296625513294,-3.47588374818947
6.13496932515337,-3.45873695583962
6.1204983724767,-2.01935820974979
6.09756097560976,-3.59168939852669
6.07832312829723,-1.30761837386826
6.06060606060606,-3.49909203185116
6.03643850607587,-3.3599385809472
6.02409638554217,-1.89575568674418
5.99484250318941,-2.46999728416828
5.98802395209581,-3.041408569891
5.95353313081437,-3.16636263650859
5.95238095238095,-3.41877031279891
5.91715976331361,-2.56093934974124
5.91250841383188,-3.27327285140283
5.88235294117647,-3.22187714093091
5.87176639073326,-2.93862606528817
5.84795321637427,-2.64989036427603
5.83130511352622,-2.00898835959431
5.81395348837209,-3.43228440938413
5.79112264764176,-3.30825046705321
5.78034682080925,-3.53372487280806
5.75121707184161,-3.55847241802779
5.74712643678161,-0.524193624266682
5.71428571428571,-3.01056748529431
5.71158647812643,-2.31500253381626
5.68181818181818,-3.02064578178921
5.67222897164454,-3.4835503076362
5.64971751412429,-0.655209303192531
5.63314267060136,-2.77569204856921
5.61797752808989,-2.63555878570419
5.59432570616938,-3.45008468763019
5.58659217877095,-2.35018047706181
5.55577622239888,-0.825118117613168
5.55555555555556,-1.23137843826161
5.52486187845304,-3.02039441041203
5.51749237612913,-3.2868187731815
5.49450549450549,-3.08552215033539
5.47947233690029,-2.42053120177946
5.46448087431694,-3.39079245720326
5.44171428686589,-2.80556380078472
5.43478260869565,-3.46325054900374
5.40540540540541,-3.33054977567469
5.40421642070592,-3.32895355032626
5.37634408602151,-3.60135109082757
5.36697694554048,-2.06171864152544
5.3475935828877,-2.84284961292782
5.32999408084409,-3.31113138109613
5.31914893617021,-3.49404272347904
5.29326605836056,-3.64493175151865
5.29100529100529,-2.76318589971971
5.26315789473684,-3.49045674707211
5.25679112201842,-3.21580107346052
5.23560209424084,-2.43085352941382
5.22056752784698,-2.02489971650719
5.20833333333333,-1.9762793637477
5.18459354389291,-3.4959467886044
5.18134715025907,-3.63664942126369
5.15463917525773,-2.15890800169397
5.14886745013749,-2.26991663655356
5.12820512820513,-2.44213681819302
5.11338753841433,-3.35342214738007
5.10204081632653,-3.13505757435505
5.07815211232767,-3.1522722213849
5.0761421319797,-1.1416712899505
5.05050505050505,-3.15805788592281
5.04315948717136,-3.4971704728738
5.0251256281407,-3.12646730063743
5.00840798984821,-3.08700976833075
5,-3.24172838092449
4.97512437810945,-3.5835217276364
4.97389595879006,-2.55614950047187
4.95049504950495,-3.54831248477906
4.93962174387832,-2.93343473827697
4.92610837438424,-2.3977681564768
4.90558370636505,-2.97320970677991
4.90196078431372,-2.60963758287026
4.8780487804878,-0.872407988164563
4.87178021879463,-3.31957026535566
4.85436893203883,0.485265005693056
4.83820966492596,-0.903420081869664
4.83091787439613,-3.23305174816344
4.80769230769231,-3.56602357865251
4.80487043965513,-3.03386128441796
4.78468899521531,-2.28751176770883
4.77176094893875,-3.21188359671215
4.76190476190476,-3.19422346811974
4.739336492891,-3.25117039809192
4.73887960971765,-3.27639319089813
4.71698113207547,-3.53277980205557
4.70622484984128,-3.4762232183023
4.69483568075117,-3.60956997924635
4.67379510799246,-3.43476333575334
4.67289719626168,-1.91824879223604
4.65116279069767,-2.29624844542935
4.64158883361278,-3.29259769781411
4.62962962962963,-2.62601917972405
4.60960448682843,-2.45010296491069
4.60829493087558,-1.01104438133135
4.58715596330275,-0.703204751058773
4.57784053837662,-2.11560296078077
4.5662100456621,-3.52945212631605
4.5462954695324,-3.12321517465515
4.54545454545455,-2.82436622940996
4.52488687782805,-2.25825913807365
4.5149677720361,-0.688035567082021
4.5045045045045,0.875158006991701
4.48430493273543,-0.994311293932564
4.48385594802119,-1.11681723894223
4.46428571428571,-1.73662955548404
4.45295850994265,-2.26135319454196
4.44444444444444,-2.79526213443959
4.42477876106195,-3.2022482116874
4.4222739805059,-3.60769616518543
4.40528634361233,-3.18403417118533
4.39180089259609,-3.57287227654298
4.3859649122807,-2.6076201338157
4.36681222707424,-3.63265624828763
4.361537789208,-3.31413056746124
4.34782608695652,-3.17777368917397
4.3314832233764,-1.24296468618946
4.32900432900433,-3.55998936895115
4.31034482758621,-2.72915087304447
4.30163575810679,-1.4242092309659
4.29184549356223,-3.4867102993624
4.27350427350427,-3.13333574294499
4.27199396630678,-3.25054985059436
4.25531914893617,-0.93736648237073
4.24255643071778,-3.35192541681335
4.23728813559322,-3.5435922237837
4.21940928270042,-2.90976058846818
4.21332174384729,-3.59457610959454
4.20168067226891,-1.37510129915959
4.18428850790158,-2.65881864261102
4.18410041841004,-2.24764001465713
4.16666666666667,-1.92758803529118
4.15545533471888,-2.74924101206143
4.149377593361,-1.8636611199479
4.13223140495868,-3.31265184964
4.12682084570295,-2.35310765103123
4.11522633744856,-3.42034899087021
4.09838367175726,-3.63990382593506
4.0983606557377,-3.63336841505007
4.08163265306122,-3.25830922481294
4.07014245321944,-3.54197965712781
4.0650406504065,-3.66164222858388
4.04858299595142,-3.13097294903632
4.04209583979631,-3.1617976218916
4.03225806451613,-3.56723184615263
4.01606425702811,-2.61631698616976
4.01424249049932,-3.26656597353452
4,-2.44585783371316
3.98658107358044,-2.56195102405719
3.98406374501992,-3.21142835646999
3.96825396825397,-2.97301939616436
3.95911026646846,-1.54587622454236
3.95256916996047,-2.51760274160894
3.93700787401575,-3.35801393874432
3.93182875570577,-3.43017320432478
3.92156862745098,-2.94161653293547
3.90625,-1.84538013341394
3.90473523688556,-2.15070306253592
3.89105058365759,-3.4166313273247
3.87782841458946,-1.9394973190591
3.87596899224806,-0.346042700044943
3.86100386100386,-3.3461367439322
3.85110700232557,-3.62973540146505
3.84615384615385,-3.44215902282776
3.83141762452107,-2.18947055190086
3.824569722467,-3.19443043709024
3.81679389312977,-1.31561840151378
3.80228136882129,-3.47116644653247
3.79821530619074,-2.4133935710859
3.78787878787879,-3.49918861221119
3.77358490566038,-3.64839763581353
3.772042493417,-1.90519339959344
3.7593984962406,-3.45760784368023
3.74605003274899,-2.42274031834439
3.74531835205992,-1.68058584454441
3.73134328358209,-2.76669966881014
3.72023668141307,-2.0763725075724
3.71747211895911,-3.28480933532596
3.7037037037037,-1.57740174994158
3.6946012051993,-3.26168929776129
3.690036900369,-3.5947763875405
3.67647058823529,-3.63185849481301
3.66914237840249,-3.25936582139262
3.66300366300366,-3.38568802743454
3.64963503649635,-3.59803357598757
3.64385898376355,1.44352243198516
3.63636363636364,-1.97398123840024
3.6231884057971,-3.14537897921941
3.61874981241128,-3.37779833732294
3.6101083032491,-1.7001711395565
3.59712230215827,-2.44699285463598
3.59381366380463,-3.45250075381353
3.584229390681,-1.64821599192036
3.57142857142857,-1.86060068231633
3.56904934567523,-2.05951203385426
3.55871886120996,-3.0908191683474
3.54609929078014,-3.25758212859314
3.54445567397043,-2.62116453750378
3.53356890459364,-3.36159737480464
3.52112676056338,-0.364971253153707
3.52003147279668,-3.16751798028492
3.50877192982456,-2.93464741682136
3.4965034965035,-3.46475158974767
3.49577557436328,-3.56903891390688
3.48432055749129,-1.99963621413344
3.47222222222222,-3.52691514858877
3.47168681892656,-2.63207856833265
3.46020761245675,-3.16618534944727
3.44827586206897,-3.45467628308144
3.44776405473446,-2.51818029248674
3.43642611683849,-3.19459124989263
3.42465753424658,-2.97661082946969
3.42400613797142,-2.52622855285362
3.41296928327645,-2.11970260937108
3.40136054421769,-1.74289563863813
3.40041193270371,-2.92647566834467
3.38983050847458,-2.39059080586373
3.37837837837838,1.77954199860232
3.37698031082509,-3.07698535261717
3.36700336700337,-2.19277037787223
3.35570469798658,-3.16391967720234
3.35371015200293,-3.46607948101946
3.34448160535117,0.00570831083225176
3.33333333333333,-1.57467946415657
3.33060034362459,-1.99085600399179
3.32225913621262,-2.32933397561559
3.3112582781457,-1.24425658665946
3.30764978074424,-3.24234735341205
3.3003300330033,-2.18499223848702
3.28947368421053,-3.51881763212397
3.28485736603004,-2.81611338370628
3.27868852459016,-3.18418260986869
3.26797385620915,-3.40986158464919
3.26222200971167,-3.45912253653754
3.25732899022801,-2.46100046826684
3.24675324675325,-2.769014728323
3.2397426295282,-2.11418610298856
3.23624595469256,-3.30208423699811
3.2258064516129,-2.91203869863461
3.21741815067637,-1.76317374117401
3.21543408360129,0.262847590588696
3.20512820512821,-0.643677354208829
3.19524750575921,-3.16234731592861
3.19488817891374,-2.83345604148753
3.18471337579618,-2.10398550917274
3.17460317460317,-3.18519478772763
3.17322963473498,-3.0809156922895
3.16455696202532,-2.41144404084268
3.15457413249211,-2.72244909952574
3.15136348486648,-3.17943458798016
3.14465408805031,-2.00465764619308
3.13479623824451,0.976932944486909
3.12964801067075,-0.508816692461703
3.125,-3.64846902017781
3.11526479750779,-3.32650138273369
3.10808217386906,-2.02459821856022
3.1055900621118,-3.22767243299291
3.09597523219814,-2.10877661166314
3.08666494333727,-2.85367830196902
3.08641975308642,-2.63032433664206
3.07692307692308,-3.63063766987109
3.06748466257669,-3.4902424289125
3.06539529505653,-3.27376962838967
3.05810397553517,-3.62424463012261
3.04878048780488,-2.42698911729182
3.0442722120643,-3.61442579255727
3.03951367781155,-3.48479257409358
3.03030303030303,-2.48067390286517
3.02329468440578,-1.94386982870325
3.02114803625378,-1.70161222426996
3.01204819277108,-3.60225799992956
3.003003003003,-3.59427210233313
3.00246170908555,-2.9035359806658
2.9940119760479,-3.4617125261556
2.98507462686567,-3.53761042840282
2.98177229001967,-2.7098557915654
2.97619047619048,-2.3575064825719
2.9673590504451,-3.16413975192391
2.96122543798803,-3.26472743018887
2.9585798816568,-3.58436401292807
2.94985250737463,-3.650584220547
2.94117647058824,-1.65151828474968
2.94082017058706,-2.95146732617946
2.93255131964809,-3.20680059374582
2.92397660818713,-3.60682188474449
2.92055551218275,-3.04960359689032
2.91545189504373,-2.01581376952604
2.90697674418605,-3.19194123680129
2.90043049386399,-3.49819753847553
2.89855072463768,-2.82209136979504
2.89017341040462,-2.85642567437177
2.88184438040346,-3.40840845985037
2.8804441533963,-3.29062428405508
2.8735632183908,-3.4387214460488
2.86532951289398,-3.28063481662987
2.86059553517574,-2.17902679654351
2.85714285714286,-3.38151552817068
2.84900284900285,-3.5882475297284
2.84090909090909,-2.68910039981823
2.8408836901833,-2.79849931428863
2.8328611898017,-3.66027638367454
2.82485875706215,-2.719057629212
2.82130767593947,-2.56428208570689
2.8169014084507,-0.4143048784132
2.80898876404494,-2.67981026818573
2.8018665564592,-2.31596209902791
2.80112044817927,-1.79558997512573
2.79329608938547,-1.66823127584216
2.78551532033426,-2.9809514750017
2.78255940220712,-3.16775305323291
2.77777777777778,-2.51161160326502
2.77008310249307,-3.07044674832404
2.76338529005317,-2.98487470180428
2.76243093922652,-1.91213758563371
2.75482093663912,-1.58244053332437
2.74725274725275,-3.47948144832666
2.74434330322836,-3.62797260702667
2.73972602739726,-3.59062736819409
2.73224043715847,-2.43099879976044
2.72543253128103,-3.40326281743229
2.72479564032698,-2.66948727010044
2.71739130434783,-2.23757644310337
2.710027100271,-3.33925921505128
2.70665207003324,-3.54873436513237
2.7027027027027,-3.6487586118957
2.69541778975741,-3.39240794910763
2.68817204301075,-0.911379737591754
2.68800102153761,-1.04418567422304
2.68096514745308,-0.423329968804135
2.67379679144385,-1.58279987342338
2.66947849403432,-3.42374273137396
2.66666666666667,1.78151794061926
2.65957446808511,-2.20589074490926
2.6525198938992,-3.02979484359214
2.65108360190854,-2.95220756742504
2.64550264550265,-2.03969418273148
2.63852242744063,-0.858619204744239
2.63281546564802,-2.7899669699921
2.63157894736842,-1.24555105542798
2.6246719160105,-1.93521203341113
2.61780104712042,-3.28616904218616
2.61467321180109,-2.10296275342695
2.61096605744125,-3.63636742198063
2.60416666666667,-3.40842815698572
2.5974025974026,-2.88165142150622
2.59665597293487,-3.01296030730695
2.59067357512953,-3.32613543546715
2.58397932816537,-2.68590981926827
2.5787628875938,-3.32277085923705
2.57731958762887,-3.33866393394724
2.5706940874036,-2.95165160483809
2.56410256410256,-0.582268606640137
2.56099310025846,-3.24865250105641
2.55754475703325,-1.39057569110566
2.55102040816327,-0.724316226754108
2.54452926208651,-1.96301759416387
2.54334576130465,-3.31891668035721
2.53807106598985,-3.58226673078174
2.53164556962025,-2.44729813706889
2.52582002696278,-3.52822727684592
2.52525252525253,-3.09902078360495
2.51889168765743,-3.65117185908873
2.51256281407035,-2.70974000384886
2.50841505927754,-2.16963768525359
2.5062656641604,-3.4133649759474
2.5,-3.43957069553779
2.49376558603491,-3.13286907681377
2.49113002606779,-2.86131970658136
2.48756218905473,-2.99132373701344
2.48138957816377,-3.60598705392796
2.47524752475248,-2.3584602847187
2.47396410088681,-3.08411219179014
2.46913580246914,-3.46699407153225
2.46305418719212,-3.51113091393064
2.45700245700246,0.0797993097436818
2.45691646298279,0.73009573251007
2.45098039215686,-3.34514469832164
2.44498777506112,-3.28845020729291
2.43998629725955,-2.98748308502534
2.4390243902439,-3.14472401512291
2.4330900243309,-2.88265816120632
2.42718446601942,-3.61471370787474
2.4231727942376,-3.24892928238604
2.42130750605327,-3.62190583608183
2.41545893719807,-2.82797058623684
2.40963855421687,-3.28583044837164
2.40647515001542,-2.09929116308283
2.40384615384615,-2.22778358763652
2.39808153477218,-3.19823790781636
2.39234449760766,-2.65983168550737
2.38989256623105,-2.69962038149616
2.38663484486874,-1.41671395041483
2.38095238095238,-3.58607066062391
2.37529691211401,-3.5216180173749
2.37342425002387,-3.53636607112478
2.3696682464455,-3.49298299657941
2.36406619385343,-2.08088286925767
2.35849056603774,-2.82071093410091
2.35706941399673,-3.28816267299176
2.35294117647059,-2.94074684812186
2.34741784037559,-3.5882203166992
2.34192037470726,-2.64084430337534
2.34082727617829,-3.60972451313146
2.33644859813084,-1.89974593077896
2.33100233100233,-2.18177290012734
2.32558139534884,-3.56142931724356
2.32469705998565,-3.55424611406893
2.32018561484919,-1.93807073032989
2.31481481481481,-3.41370340796179
2.3094688221709,-3.01413850753344
2.30867799418717,-2.93239967261091
2.30414746543779,-3.27225435683267
2.29885057471264,-2.5331361563132
2.29357798165138,0.260267128306755
2.29276931286565,-1.5695592810115
2.2883295194508,-3.36008892623324
2.28310502283105,-3.53607126762968
2.27790432801822,-1.11571058811689
2.27697025538168,-2.29535553263893
2.27272727272727,-3.15180145287233
2.26757369614512,-3.51377730325735
2.26244343891403,-2.15679022371607
2.26128006633728,-2.86639677280477
2.25733634311512,-3.51187985378699
2.25225225225225,-2.45183903712309
2.24719101123596,-3.22241729597233
2.24569799553977,-3.33869621569668
2.24215246636771,-3.59274593103531
2.23713646532438,-3.14162578029034
2.23214285714286,-2.52616920724408
2.23022329796594,-3.16643993745019
2.2271714922049,-3.48898408200837
2.22222222222222,-2.91547629442085
2.21729490022173,-0.185875443211112
2.21485523372636,-3.21546547088199
2.21238938053097,-3.26234118368783
2.2075055187638,-2.42013895710137
2.20264317180617,-1.79919584357135
2.19959306803007,-1.92908570763008
2.1978021978022,-3.50617917453506
2.19298245614035,-3.00598814340365
2.18818380743982,-3.60492420775536
2.18443607114943,-1.18001807116526
2.18340611353712,-2.54771853367653
2.17864923747277,-3.03617580942516
2.17391304347826,-3.10623277588662
2.16938351838518,-3.42938328394576
2.16919739696312,-3.48575443180975
2.16450216450216,-3.43323403451897
2.15982721382289,-1.65719930125085
2.1551724137931,-3.39194053799433
2.15443469003188,-2.73475285049123
2.1505376344086,-3.44679096678449
2.14592274678112,-3.27421999446384
2.14132762312634,-3.09768371082954
2.13958887134342,-3.54216512741122
2.13675213675214,-0.337892892854039
2.13219616204691,-3.24488204058842
2.12765957446809,-1.7218224647156
2.12484535249888,-3.50063092360811
2.12314225053079,-1.90829645149249
2.11864406779661,-3.42352911453052
2.11416490486258,-3.3194993871203
2.1102034285686,-2.86004214191346
2.10970464135021,-3.17478735320777
2.10526315789474,-3.33775270932294
2.10084033613445,-3.10757357883862
2.09643605870021,-3.15720984117147
2.09566239948043,-3.48928851508564
2.09205020920502,-3.33099936937547
2.08768267223382,-2.4326350717677
2.08333333333333,-1.93830222575483
2.08122156998634,-2.70506569612494
2.07900207900208,-3.27740663320524
2.0746887966805,-3.22320799831483
2.0703933747412,-3.45118827908568
2.06688024962908,-3.51924359474209
2.06611570247934,-3.19384310042578
2.06185567010309,-2.76982256973279
2.05761316872428,-2.48650561251177
2.05338809034908,-3.18287366299581
2.05263775270925,-2.01329343321772
2.04918032786885,-3.46676141036921
2.04498977505112,-2.87111097614318
2.04081632653061,-3.59674919166404
2.03849339825246,-3.55179013342235
2.03665987780041,-3.61248073193407
2.03252032520325,-2.73026406039706
2.02839756592292,-3.07243747636901
2.0244465099768,-3.25870463744588
2.02429149797571,-3.14860192687179
2.02020202020202,-2.89586709293057
2.01612903225806,-3.39691409867826
2.01207243460765,-2.15796138333975
2.0104964162605,-2.13565526614242
2.00803212851406,-2.98802052006671
2.00400801603206,-3.54790006554809
2,-3.62107037126195
1.99664245010979,-3.59348138304399
1.99600798403194,-3.47345586345521
1.99203187250996,-3.64652644492302
1.98807157057654,-3.47866177472342
1.98412698412698,-3.59332401322326
1.98288394912707,-3.58718251187026
1.98019801980198,-3.30708036318681
1.97628458498024,-2.61255223539789
1.9723865877712,-2.85218252106535
1.96922025547917,-3.28297519652845
1.96850393700787,-3.34482903758178
1.96463654223969,-3.49592569441357
1.96078431372549,-3.32229270793489
1.95694716242661,-3.34099371846254
1.95565071586595,-2.43837805485127
1.953125,-3.41811868867596
1.94931773879142,-2.62568917582025
1.94552529182879,-3.21966977360621
1.94217468148903,-3.01007979560181
1.94174757281553,-2.51572065460051
1.93798449612403,-3.53175393424486
1.93423597678917,-3.4816070278364
1.93050193050193,-3.34731223231806
1.92879150802078,-3.20194380723602
1.92678227360308,-3.3145208071562
1.92307692307692,-2.37556579614236
1.91938579654511,-2.16043489313138
1.91570881226054,-3.29525932688888
1.91550055557353,-3.63415612510694
1.91204588910134,-3.235245766982
1.90839694656489,-1.79241135094154
1.9047619047619,-3.57554945723053
1.90230118866894,-3.59589145633638
1.90114068441065,-3.42889168270402
1.89753320683112,-3.12966904457947
1.89393939393939,-3.55031157223381
1.89035916824197,-2.71459114051599
1.88919277620767,-3.41842333266173
1.88679245283019,-2.14357798959132
1.88323917137476,-3.21164157527248
1.8796992481203,0.713741764522799
1.87617469143912,-2.55028930128067
1.87617260787992,-2.55921814441607
1.87265917602996,-3.46912388374561
1.86915887850467,-3.4914375073303
1.86567164179104,-3.57909994151062
1.86324631193156,-3.45789414783813
1.86219739292365,-3.18468266535082
1.85873605947955,-3.43302856718547
1.85528756957328,-3.20868654503887
1.85185185185185,-3.33360929651918
1.8504070195423,-3.5056222664029
1.84842883548983,-1.88775253788493
1.8450184501845,-2.18758498205993
1.84162062615101,-3.434850670935
1.83823529411765,-2.41358136419505
1.83765620038817,-3.61577360163725
1.8348623853211,-3.35959097580716
1.83150183150183,-3.59859761581169
1.82815356489945,-1.38463021083457
1.82499324481615,-2.61823041724009
1.82481751824817,-3.15275839109777
1.82149362477231,-1.578746069512
1.81818181818182,-2.43612151641592
1.81488203266788,-3.62935396843461
1.81241754737424,-1.53845816987588
1.81159420289855,-3.01759418150878
1.80831826401447,-3.55346213907738
1.80505415162455,-3.55915361641318
1.8018018018018,-2.4583501793942
1.79992850678248,-1.39944047135715
1.79856115107914,-2.76919993654313
1.79533213644524,-3.60563630861823
1.7921146953405,-3.64186545739427
1.78890876565295,-3.23823112258917
1.78752552590424,-2.89240740818677
1.78571428571429,-3.53331476179691
1.7825311942959,-2.58538476375385
1.77935943060498,-3.51754341316164
1.77619893428064,-3.52999038335737
1.77520801171763,-2.79880528932291
1.77304964539007,-0.184353000137103
1.76991150442478,-3.51395052744506
1.76678445229682,-2.94653536623302
1.7636684303351,-1.56776281171055
1.76297537528721,-3.54528255192856
1.76056338028169,-3.11853899982337
1.75746924428822,-3.40657588004988
1.75438596491228,-3.52351247606456
1.75131348511384,-2.43628206967623
1.75082703173572,-2.63586297907916
1.74825174825175,-2.38066953042847
1.74520069808028,-2.61668548383276
1.74216027874564,-2.64230808614873
1.73913043478261,-3.57740963314957
1.73876240021625,-3.62497397015342
1.73611111111111,-2.11420329212499
1.73310225303293,-2.16366328040105
1.73010380622837,-3.27914062063474
1.72711571675302,-3.27965166288326
1.72678090388436,-3.1501901645433
1.72413793103448,-2.93600570751074
1.72117039586919,-3.3248323581552
1.71821305841924,-2.37205003731251
1.71526586620926,-2.34482127757898
1.71488196987054,-3.1205054014341
1.71232876712329,-3.01669637601985
1.70940170940171,-1.16970374846333
1.70648464163823,-3.65141861859667
1.70357751277683,-3.66125656016431
1.70306502925284,-3.32627660891257
1.70068027210884,-3.15018411942669
1.69779286926995,-2.64158277397417
1.69491525423729,-3.0502349360169
1.69204737732657,-3.64782791757228
1.69132951702965,-3.53101985134053
1.68918918918919,-3.06235367634057
1.68634064080944,-2.56896344459913
1.68350168350168,-3.10416053376845
1.68067226890756,-1.20857096240855
1.67967487209265,-3.47584455204339
1.67785234899329,-2.53636501299196
1.6750418760469,-2.93006617330631
1.67224080267559,-3.48942508260329
1.669449081803,-2.39355719366177
1.66810053720006,-3.06158212777431
1.66666666666667,-3.58684943846647
1.66389351081531,-3.58658969584003
1.66112956810631,-1.99515952963331
1.65837479270315,-3.65895203548485
1.65660595894991,-3.53445134604301
1.65562913907285,-1.57638527081131
1.65289256198347,-2.65233893513264
1.65016501650165,-3.57673576800327
1.64744645799012,-2.89064642055386
1.64519058775366,-3.12454260118185
1.64473684210526,-0.873704047934363
1.64203612479475,-3.20943759969792
1.63934426229508,-2.65990500333221
1.6366612111293,-0.494643128797814
1.63398692810458,-2.89770990129714
1.63385387780986,-3.39895389112784
1.63132137030995,-3.06820847180794
1.62866449511401,-2.6831066140666
1.6260162601626,-3.33064287518389
1.62337662337662,-3.45281852917121
1.62259528707809,-3.42545560525603
1.62074554294976,-3.48136738073598
1.61812297734628,-3.64632833517653
1.61550888529887,-3.43423148705137
1.61290322580645,-2.20959518799055
1.61141427725302,-3.07000550634022
1.61030595813205,-2.05362340245857
1.60771704180064,-3.39869996333261
1.60513643659711,-1.30100535501743
1.6025641025641,-2.08597044439098
1.6003103137387,-2.46591255841066
1.6,0.357491645428714
1.59744408945687,-1.65336646587103
1.59489633173844,1.00993687148899
1.59235668789809,-0.00977840763929816
1.58982511923688,-3.19674721855575
1.58928286562298,-1.61799412775006
1.58730158730159,-2.66075797595452
1.58478605388273,-2.75466396424384
1.58227848101266,-1.58225926026845
1.57977883096367,-3.50041959528307
1.57833140565212,-3.56531665362378
1.57728706624606,-0.341162478359375
1.5748031496063,-3.16186435295379
1.57232704402516,-3.39744202063668
1.56985871271586,-1.8860708733584
1.5674554102056,-2.48781708857033
1.56739811912226,-2.01105955534059
1.56494522691706,-1.81106159870647
1.5625,-2.19820834731815
1.5600624024961,-3.52562286400807
1.55763239875389,-3.52184405848457
1.55665435927106,-3.26565312675619
1.5552099533437,-1.55734695321244
1.5527950310559,-2.06959541715069
1.55038759689922,-1.26416889612598
1.54798761609907,-0.42843111207686
1.54592773641948,-2.87360906304455
1.54559505409583,-3.14369087448828
1.54320987654321,-2.62755833562529
1.54083204930663,-3.31985474294133
1.53846153846154,-3.3870862468468
1.53609831029186,-1.55492722328138
1.53527502878042,-0.740403379026485
1.53374233128834,-3.42942524968386
1.53139356814701,-3.6093128627288
1.52905198776758,-3.54500534709815
1.52671755725191,-2.40332975337928
1.52469572701757,-3.51414894633107
1.52439024390244,-2.59406787329381
1.5220700152207,-3.51938730236155
1.51975683890577,-2.54986905692844
1.51745068285281,-2.56775343214179
1.51515151515152,-1.36975958099928
1.51418932530435,-3.51151567807177
1.51285930408472,-3.36970781738578
1.51057401812689,-2.81853782216846
1.50829562594268,-1.72756513697241
1.50602409638554,-3.40388985790373
1.50375939849624,-3.24626993826161
1.50375532129974,-3.2840666160264
1.5015015015015,-3.33141864251696
1.49925037481259,-2.7311613601848
1.49700598802395,-3.36115668515036
1.49476831091181,-2.63628129882808
1.49339321612425,-0.769343519425585
1.49253731343284,-3.5457526714956
1.4903129657228,-3.20169056130826
1.48809523809524,-1.85962905282654
1.48588410104012,-3.36301232930837
1.48367952522255,-3.45930311952797
1.4831025143361,-3.19281943637052
1.48148148148148,-3.41065110780233
1.4792899408284,-3.42005355062623
1.47710487444609,-3.02599216636075
1.47492625368732,-3.38700525165349
1.4728827239075,-3.32645531734952
1.47275405007364,-3.63768190391364
1.47058823529412,-3.60032839666844
1.46842878120411,0.514735703199098
1.46627565982405,-2.14011683660801
1.46412884333821,-1.34396350159865
1.46273335620113,-1.69060136154207
1.46198830409357,-0.403042883560697
1.45985401459854,-2.94350384842898
1.45772594752187,-3.6552070216302
1.45560407569141,-2.30821548078675
1.45348837209302,0.471358602260769
1.45265392594678,-3.11863418117333
1.45137880986938,-0.426620624211163
1.44927536231884,-2.69622664669815
1.44717800289436,-1.88171355771363
1.44508670520231,-1.91623748871681
1.44300144300144,-2.22179532926044
1.44264395121816,-3.09292026747535
1.44092219020173,-3.29746688229975
1.43884892086331,-1.16668866942613
1.4367816091954,-3.55760615132295
1.43472022955524,-2.75249260391341
1.43270295340983,-3.19075668806259
1.43266475644699,-3.17429135853611
1.43061516452074,-1.90331401307084
1.42857142857143,2.87733478776857
1.4265335235378,0.13281116336906
1.42450142450142,-1.67364729209437
1.42283045721435,-1.13081787531821
1.42247510668563,-2.68956546624649
1.42045454545455,-0.453893897885261
1.41843971631206,-2.86958165954193
1.41643059490085,-0.739779389686229
1.41442715700141,-0.0546304249512088
1.41302599059953,-0.864249164650526
1.41242937853107,-1.6297638483516
1.41043723554302,-2.89217560937429
1.40845070422535,-3.37263114696683
1.40646976090014,-3.11191629705022
1.40449438202247,-2.66192314334004
1.40328908478587,-1.01224263461647
1.40252454417952,-3.57036185629225
1.40056022408964,-3.49543586100036
1.3986013986014,-3.4479119671479
1.39664804469274,-1.57162849736003
1.39470013947001,-2.14413868508977
1.39361927422414,-0.160190026019488
1.39275766016713,-3.37669844866657
1.39082058414465,-1.2250346311403
1.38888888888889,-2.80892619986404
1.3869625520111,-2.90083803602821
1.38504155124654,-2.26715886813174
1.38401609657313,-1.13414288613815
1.38312586445367,-1.05438339941459
1.38121546961326,-2.77452023227162
1.37931034482759,-2.72474934425115
1.37741046831956,-3.63989152013068
1.37551581843191,-3.17503149697769
1.37447909267754,-2.22730435454134
1.37362637362637,-3.66265856458339
1.37174211248285,-3.0404781780176
1.36986301369863,-2.37786854822074
1.36798905608755,-3.6328311538458
1.36612021857923,-3.05269501596141
1.36500780654601,-1.91406988756837
1.36425648021828,-2.17845834296834
1.36239782016349,-3.28206640019321
1.36054421768707,-3.03907367869162
1.35869565217391,-3.49052318925821
1.35685210312076,-3.56955314953405
1.35560178532937,-2.40780042718596
1.3550135501355,-1.37914803341625
1.3531799729364,-3.24026351506002
1.35135135135135,-3.15512246792708
1.34952766531714,-3.3162330548149
1.34770889487871,-1.32059167548105
1.34626057929891,-2.40139984999855
1.34589502018843,-3.04242022156741
1.34408602150538,-2.20561934298037
1.34228187919463,-3.14527377688698
1.34048257372654,-3.48318706890266
1.33868808567604,-3.44610359110946
1.33698374182495,-3.0956353962904
1.33689839572193,-3.52221582979611
1.33511348464619,-3.30334509414531
1.33333333333333,-2.37578620309058
1.33155792276964,-2.00008727965162
1.32978723404255,-3.46523468227302
1.32802124833997,-3.04047474868541
1.32777082935543,-3.41212552421684
1.3262599469496,-3.36522069641499
1.32450331125828,-1.96420143034082
1.32275132275132,-2.75711038928939
1.32100396301189,-3.15699038693823
1.31926121372032,-3.09443788070798
1.31862140139475,-3.48350415078026
1.31752305665349,-3.12240472851924
1.31578947368421,-2.64068560419825
1.31406044678055,-0.729072048775872
1.31233595800525,0.122814244937975
1.31061598951507,-1.37431939296509
1.30953502048267,-2.20932653731115
1.30890052356021,-2.55949552299874
1.30718954248366,-0.786635472969844
1.30548302872063,-1.45375704685885
1.30378096479791,-3.65580020677772
1.30208333333333,-1.85430819561743
1.30051125217341,-1.58583268818385
1.30039011703511,-2.74556957119098
1.2987012987013,-3.5121557244728
1.2970168612192,-3.64640258036645
1.29533678756477,-2.86649549374105
1.29366106080207,-2.43664351955406
1.29198966408269,-3.58970885888807
1.29154966501488,-2.58060626722503
1.29032258064516,-3.4218371967289
1.28865979381443,-3.07514214599491
1.28700128700129,-2.40007551995508
1.2853470437018,2.49572162967094
1.28369704749679,-2.38928435304374
1.28264983052806,-3.50553284893995
1.28205128205128,-2.16288596959164
1.28040973111396,-0.792819066968785
1.27877237851662,-2.05230632287045
1.27713920817369,-1.74135287075104
1.27551020408163,-2.07466721887998
1.27388535031847,-0.744112354754559
1.27381132318648,-1.54429225760189
1.27226463104326,-2.60626333890148
1.27064803049555,-3.42216195033408
1.26903553299492,-3.39503548702579
1.26742712294043,-3.15305764386094
1.26582278481013,-2.33000248245615
1.2650337203959,-3.60268942649209
1.26422250316056,-1.10358175307256
1.26262626262626,-3.20150427973153
1.26103404791929,-3.04521992612528
1.25944584382872,-1.29082718207409
1.25786163522013,-2.00050085483123
1.25631660247412,-2.29175792963637
1.25628140703518,-1.80062314582032
1.25470514429109,-0.267142173354254
1.2531328320802,-3.32565702775984
1.25156445556946,-2.90102123746636
1.25,-3.19537319207258
1.24843945068664,-2.70986354321796
1.24765955263087,-2.40312448179905
1.24688279301746,-3.57176153969426
1.2453300124533,-2.17623414193836
1.24378109452736,-2.41199554372453
1.24223602484472,-3.50596199632515
1.24069478908189,-2.77405233319997
1.23915737298637,-3.38742348964275
1.23906215694792,-3.0916110462566
1.23762376237624,-2.06051451033407
1.23609394313968,-3.21291818074185
1.23456790123457,-3.44426026915364
1.23304562268804,-1.68553192734241
1.23152709359606,-3.14569027701513
1.23052400435926,-2.72225643295091
1.230012300123,-1.87037498992377
1.22850122850123,-3.54433364558427
1.22699386503067,-3.27100670450535
1.22549019607843,-2.57571450665291
1.22399020807834,-3.39446435286446
1.22249388753056,-3.01320786628862
1.22204468663149,-3.60674143183821
1.22100122100122,-2.61817313582453
1.21951219512195,-2.75776314426788
1.21802679658952,-2.64411566538238
1.21654501216545,-1.50800157708239
1.21506682867558,-0.648714092978177
1.21362379834424,-3.14036065155745
1.21359223300971,-3.59662912499398
1.21212121212121,-2.40387334054442
1.21065375302663,-0.623646838868903
1.20918984280532,-2.87472101754779
1.20772946859903,-3.10665930794756
1.20627261761158,-2.92575901477791
1.20526093687084,-3.49025558557407
1.20481927710843,-3.6236927406981
1.20336943441637,-2.95116546337926
1.20192307692308,-3.04440853641504
1.20048019207683,-3.22833921153456
1.19904076738609,-0.922516297043368
1.19760479041916,-3.5957979589556
1.19695570235904,-2.53678529498769
1.19617224880383,-3.63484230542506
1.194743130227,-2.59533321615366
1.19331742243437,-2.88856525415006
1.19189511323004,-0.59133314427181
1.19047619047619,-2.88829183358377
1.18906064209275,-2.29263628478314
1.1887076977119,-3.06930475797078
1.18764845605701,-1.27437054934593
1.18623962040332,-2.59317736010582
1.18483412322275,-3.01240316263339
1.18343195266272,-1.17465899579535
1.18203309692671,-0.865425729529714
1.18063754427391,-1.5475709987411
1.18051652856881,-3.26130398027059
1.17924528301887,-1.22459379516315
1.17785630153121,-3.00821247552376
1.17647058823529,-3.22017914959245
1.17508813160987,-3.12520433612665
1.17370892018779,-1.59322475438848
1.1723818032866,-2.05200758707461
1.17233294255569,-1.00746936353972
1.17096018735363,-2.66526557651728
1.16959064327485,-3.22884590431682
1.16822429906542,-1.89834300051801
1.16686114352392,2.79067544491607
1.16550116550117,-2.08033400177028
1.16430313292088,-3.36271567842014
1.16414435389988,-2.03108229485864
1.16279069767442,-0.692352441699096
1.16144018583043,-2.4630348127428
1.16009280742459,-3.40669922757597
1.15874855156431,-2.99024532606763
1.15740740740741,-0.168638152096729
1.15628013120738,-3.40558390579495
1.15606936416185,-1.80301820090311
1.15473441108545,-3.47275964611999
1.15340253748558,-2.00087000381061
1.15207373271889,-3.454788288236
1.15074798619102,-2.27092502687988
1.14942528735632,-3.44984217478899
1.14831241454351,-2.98973206758221
1.14810562571757,-3.36536120040013
1.14678899082569,-2.40413973833672
1.1454753722795,-3.06387440437588
1.1441647597254,-2.18186662242193
1.14285714285714,-3.55585730102875
1.14155251141553,-1.6667815194644
1.14039960197003,-1.2282690746584
1.14025085518814,-2.91845146059758
1.13895216400911,-3.31240119466754
1.13765642775882,-2.4818357109634
1.13636363636364,-1.65183644035529
1.13507377979569,-3.26380730840567
1.13378684807256,-1.02391155489446
1.13254131515281,3.15934662435736
1.13250283125708,2.33161039493375
1.13122171945701,-3.03215389958536
1.12994350282486,-3.49252258811129
1.12866817155756,-2.75924476926287
1.12739571589628,-1.3262252197472
1.12612612612613,-3.08259099484566
1.12485939257593,-3.02383505177958
1.12473717836475,-3.12792057393774
1.12359550561798,-2.0672498737707
1.12233445566779,-3.60498762969085
1.12107623318386,-2.28625422323843
1.11982082866741,-3.58369043327572
1.11856823266219,-3.4882466441452
1.11731843575419,-1.35353627668838
1.11698681846782,-3.53240558641088
1.11607142857143,-3.47603651250032
1.11482720178372,-3.42157373067014
1.11358574610245,-3.31737810143589
1.11234705228031,-0.975344558738594
1.11111111111111,-1.83549091886574
1.10987791342952,-3.04453611290672
1.10928986489522,-2.47598622995592
1.10864745011086,-1.25270583469695
1.10741971207087,-3.63273745281831
1.10619469026549,-2.3727847485152
1.10497237569061,-3.40217071949062
1.1037527593819,-3.18709336425841
1.10253583241455,-2.41046671253401
1.10164594963366,-3.20432034079739
1.10132158590308,-2.84898528720707
1.1001100110011,-0.249828100376912
1.0989010989011,-3.34372353822827
1.09769484083425,-2.86509785111827
1.09649122807018,-3.64713051905785
1.09529025191676,-1.9486017770488
1.09409190371991,-3.344079317098
1.09405470720574,-3.4617881573521
1.09289617486339,-2.8010130200159
1.09170305676856,-3.09409827097299
1.09051254089422,-3.06535591454472
1.08932461873638,-1.2116567605223
1.08813928182807,-2.95071804398061
1.08695652173913,-1.12034765804354
1.08651577465254,-0.464183814373864
1.085776330076,-1.42368658959945
1.08459869848156,-3.51013515543881
1.08342361863489,-2.86508367041143
1.08225108225108,-2.65439583458804
1.08108108108108,-0.438233683940903
1.07991360691145,-0.926204450150219
1.07902879151618,-1.77870360498964
1.07874865156419,-3.2741301730354
1.07758620689655,-1.84159660187889
1.07642626480086,-2.34785418469844
1.0752688172043,-2.53346379319042
1.07411385606874,-2.97326901990142
1.07296137339056,-2.42349501963143
1.07181136120043,-0.694439113191531
1.07159339982267,-2.87276889979314
1.07066381156317,-2.37383157936916
1.06951871657754,-0.757675657202706
1.06837606837607,-0.989640396939317
1.06723585912487,-0.73526105207129
1.06609808102345,-0.901947022332346
1.06496272630458,-3.4960393594945
1.06420924406472,-2.110691903365
1.06382978723404,-2.517892852548
1.06269925611052,-0.14361866172528
1.06157112526539,-3.31373005102678
1.06044538706257,-1.10683570278494
1.0593220338983,-1.28330388425651
1.05820105820106,-2.64242917218992
1.05708245243129,-3.31302692785503
1.0568759711848,-3.46304451556086
1.05596620908131,-3.19158411295096
1.05485232067511,-3.189231216457
1.05374077976818,-3.30489237948752
1.05263157894737,-2.59020348731418
1.0515247108307,-3.08642865397529
1.05042016806723,-2.71453600331189
1.04959323055823,-3.12095290885035
1.04931794333683,-1.41057907425984
1.0482180293501,-2.87274928047368
1.04712041884817,-2.93125133164652
1.04602510460251,-2.99057506492734
1.04493207941484,-3.10313857190287
1.04384133611691,-3.35102535434852
1.04275286757039,-2.97183862256532
1.0423606739764,-2.03536257699549
1.04166666666667,2.70700528830905
1.04058272632674,-0.896059660906086
1.03950103950104,-0.742823707577013
1.03842159916926,1.15545795878957
1.03734439834025,-2.80539096788406
1.03626943005181,-3.60796635835303
1.0351966873706,-2.7142434282003
1.03517795563018,-2.21660722713754
1.03412616339193,-3.61972807307769
1.03305785123967,-2.51746517928397
1.03199174406605,-3.55938648867537
1.03092783505155,-3.17501247539156
1.02986611740474,-3.54754898972497
1.02880658436214,-2.64800515610737
1.02804473209331,-0.792527820536928
1.02774922918808,-3.45054629606805
1.02669404517454,-3.61118897093094
1.02564102564103,-3.06969776087187
1.02459016393443,-3.17626651169472
1.02354145342886,-3.29200998105371
1.02249488752556,-3.46590926776436
1.02145045965271,-2.32938327772136
1.02096066230605,-3.64478228247868
1.02040816326531,-2.87758777101133
1.01936799184506,-3.36118010809839
1.0183299389002,-2.57068740891857
1.01729399796541,-3.57850481058689
1.01626016260163,-3.31396266912257
1.01522842639594,-3.04616655649321
1.01419878296146,-3.24692456983631
1.01392540755882,-3.28030494736911
1.01317122593718,-0.506700113869765
1.01214574898785,-3.27227297196826
1.01112234580384,-1.8517372485406
1.01010101010101,-1.44799386796053
1.00908173562059,-2.27276784450607
1.00806451612903,-0.153638373399768
1.00704934541793,-1.23315331920618
1.00693863147603,-3.57792869643127
1.00603621730382,-2.81550214136903
1.00502512562814,-3.33265418430092
1.00401606425703,1.0508306229766
1.00300902708124,-0.567111676314833
1.00200400801603,-0.708237478648935
1.001001001001,1.59504001589373
1,-1.13047452527526
