"bfp_output.P","bfp_output.logBF"
1000,0.961775299375963
993.109181374979,1.07360850841137
986.265846131283,1.11960933705503
979.46966706954,1.10252813987818
972.720319245055,1.02757713694557
966.017479952265,0.899644830503168
959.360828709315,0.721055530139258
952.75004724273,0.49087800567897
946.184819472201,0.206088335450308
939.66483149547,-0.135705001308575
933.189771573324,-0.532717621038596
926.759330114689,-0.975801669045846
920.373199661823,-1.44705511422834
914.031074875623,-1.92130464409579
907.732652521023,-2.37030114006238
901.477631452492,-2.76794895281314
895.26571259964,-3.09429017082418
889.096598952916,-3.33680628537096
882.969995549409,-3.48920960217638
876.885609458743,-3.54909949385894
870.843149769073,-3.51621998049368
864.842327573172,-3.39277552752868
858.882855954625,-3.18646841271682
852.964449974103,-2.9152044583942
847.086826655741,-2.6097969542571
841.249704973612,-2.30997667556759
835.452805838287,-2.05324417697168
829.695852083491,-1.86340368221984
823.978568452852,-1.74682893306588
818.300681586739,-1.69733744033426
812.661920009195,-1.70422850528017
807.06201411495,-1.75835770855339
801.500696156541,-1.85431413628616
795.977700231499,-1.98845998833668
790.492762269642,-2.1532206630783
785.045620020451,-2.3310277820599
779.636013040523,-2.49615134322441
774.263682681127,-2.62770777964259
768.928372075831,-2.72104538235272
763.629826128224,-2.7853699116756
758.367791499719,-2.83388258885408
753.142016597437,-2.87685477038466
747.952251562182,-2.91920866769324
742.798248256492,-2.9594995947301
737.679760252773,-2.98803059777988
732.596542821523,-2.98534627897639
727.548352919623,-2.92968822263914
722.534949178721,-2.8235321447686
717.556091893692,-2.7130381702215
712.611543011175,-2.65290595723244
707.701066118189,-2.66210651772796
702.824426430835,-2.72991877168102
697.981390783066,-2.83843390297455
693.17172761554,-2.97032840999664
688.39520696455,-3.10554949739038
683.651600451024,-3.21583099998009
678.940681269611,-3.26449938570483
674.262224177835,-3.21850801175388
669.616005485322,-3.06949587400801
665.001803043112,-2.84330551513026
660.419396233031,-2.58420887301191
655.868565957143,-2.33102720051867
651.349094627281,-2.1074493119881
646.860766154633,-1.92666987880785
642.40336593942,-1.79902562557158
637.976680860628,-1.73512427536753
633.580499265825,-1.74341065867319
629.214610961035,-1.82577265686278
624.878807200689,-1.97566011524243
620.57288067765,-2.17921907951524
616.296625513294,-2.41636293774426
612.04983724767,-2.66054595980089
607.832312829723,-2.88001282425908
603.643850607587,-3.04299035925485
599.484250318941,-3.12390764605642
595.353313081437,-3.10482320418064
591.250841383188,-2.97144634509645
587.176639073326,-2.71120574221704
583.130511352622,-2.32405607097383
579.112264764176,-1.84883558092114
575.121707184161,-1.38026754336679
571.158647812643,-1.03288728571935
567.222897164454,-0.870123812403942
563.314267060136,-0.883230430607834
559.432570616938,-1.03174981754217
555.577622239888,-1.28148702404537
551.749237612913,-1.60872621020304
547.947233690029,-1.98404127899247
544.171428686589,-2.36088188749808
540.421642070592,-2.68227215117848
536.697694554048,-2.89318782918768
532.999408084409,-2.94328698254715
529.326605836056,-2.79068919484488
525.679112201842,-2.4280610997272
522.056752784698,-1.91927317364347
518.459354389291,-1.39003346717704
514.886745013749,-0.957075160214212
511.338753841433,-0.674423795955117
507.815211232767,-0.545625374611073
504.315948717136,-0.561190224615369
500.840798984821,-0.715362981513304
500,-0.772855497386966
497.389595879006,-0.997571098379306
493.962174387832,-1.38439276779765
490.558370636505,-1.84840292205969
487.178021879463,-2.36231656976058
483.820966492595,-2.87823467817152
480.487043965513,-3.3010076129439
477.176094893875,-3.50707201325177
473.887960971765,-3.42952488309775
470.622484984128,-3.11764615071213
467.379510799247,-2.68885616033635
464.158883361278,-2.25040534969922
460.960448682844,-1.87239176505686
457.784053837662,-1.59217474890435
454.62954695324,-1.41705678719411
451.49677720361,-1.33310572501146
448.385594802119,-1.33100732805458
445.295850994266,-1.42771341277172
442.22739805059,-1.65778715764615
439.180089259609,-2.02913681463813
436.153778920801,-2.47917168001926
433.14832233764,-2.89961669377673
430.16357581068,-3.21449454288286
427.199396630678,-3.41348742910749
424.255643071778,-3.52541251535431
421.332174384729,-3.58470406132575
418.428850790158,-3.61599723574504
415.545533471888,-3.63276178535973
412.682084570296,-3.64066779765541
409.838367175726,-3.63988867531749
407.014245321944,-3.6259416413995
404.209583979631,-3.59156508123614
401.424249049932,-3.52648194819208
398.658107358044,-3.41418505408471
395.911026646846,-3.2412161933294
393.182875570577,-3.03339379722142
390.473523688556,-2.87447333605662
387.782841458946,-2.821740987169
385.110700232557,-2.83551281882704
382.4569722467,-2.82081000240178
379.821530619074,-2.65842605604042
377.2042493417,-2.28595278148087
374.605003274899,-1.94037484010534
372.023668141307,-1.94893293330109
369.46012051993,-2.26268874016575
366.914237840249,-2.61380721748877
364.385898376355,-2.49569259716808
361.874981241128,-1.41867841112558
359.381366380463,-0.170918229209756
356.904934567523,0.209006355165163
354.445567397043,-0.344462057660063
352.003147279668,-1.51660924370763
349.577557436327,-2.5921924932155
347.168681892656,-2.92207427288435
344.776405473446,-2.78799178966578
342.400613797142,-2.669706309255
340.041193270371,-2.48967038861202
337.698031082509,-1.76807544477152
335.371015200293,-0.173182163715079
333.333333333333,1.79475823998859
333.060034362459,2.07567452398208
330.764978074424,4.23603440451045
328.485736603004,5.06384362870124
326.222200971167,3.47801474353482
323.97426295282,0.552422258061161
321.741815067637,-1.64749226203015
319.524750575921,-2.48880277081012
317.322963473498,-2.12549892913769
315.136348486648,-0.8873116999364
312.964801067075,0.501729835377991
310.808217386907,1.29945777491664
308.666494333727,1.39260934010692
306.539529505653,1.00278677327835
304.42722120643,0.555916262143616
302.329468440578,0.784203528021796
300.246170908555,2.20336771200299
298.177229001967,4.14633036514407
296.122543798804,4.72985182565752
294.082017058706,3.64814408180975
292.055551218275,2.62463745863393
290.043049386399,2.23508585913583
288.04441533963,1.6597452059889
286.059553517574,0.955370725669913
284.08836901833,1.40397705767318
282.130767593947,3.24397836203558
280.18665564592,4.37105874315769
278.255940220713,3.20492968549276
276.338529005317,0.696737656714807
274.434330322837,-1.46633550038068
272.543253128103,-1.98053288787063
270.665207003324,0.265956068731147
268.800102153761,5.48251454751342
266.947849403432,11.6920092151986
265.001910968426,15.1720487936581
263.281546564802,13.2941786737427
261.467321180109,7.05147562729902
259.665597293487,0.0804928024218059
257.87628875938,-3.29176405293903
256.099310025846,-2.55549770512409
254.334576130465,0.013949775564801
252.582002696278,2.83801091022641
250.841505927754,5.15093239321813
250,5.6982414809866
249.113002606779,5.41805378767838
247.396410088681,1.59539779408594
245.691646298279,-2.39533268638955
243.998629725955,-2.81839988204011
242.31727942376,-1.95145281509634
240.647515001542,-1.16572174041847
238.989256623105,-0.700972081276443
237.342425002387,-1.12931292169945
235.706941399673,-2.04484170705391
234.082727617829,-1.3210307251464
232.469705998565,0.380313001116225
230.867799418717,0.942665820271391
229.276931286565,-0.496206270640708
227.697025538168,-2.38050800139249
226.128006633728,-2.65904170450274
224.569799553977,-0.528934112718171
223.022329796594,3.36754370783605
221.485523372636,7.29571644112953
219.959306803008,7.95264689740408
218.443607114943,3.52775223963808
216.938351838519,-1.37704966736085
215.443469003188,-2.76802932801813
213.958887134342,-0.907417846300841
212.484535249888,2.21889962850434
211.02034285686,3.56062582096796
209.566239948043,2.16801050410404
208.122156998634,-0.0340769876314182
206.688024962908,-1.88253483561585
205.263775270925,-2.41336621239561
203.849339825246,-1.9429491574087
202.44465099768,-1.92470184571188
201.04964162605,-2.72464793674457
200,-3.23015867094356
199.664245010979,-3.31886740983229
198.288394912707,-3.32414959181612
196.922025547917,-3.13159667569657
195.565071586595,-3.23678599106234
194.217468148903,-3.45694286582688
192.879150802078,-3.49422895333977
191.550055557353,-3.47437645895941
190.230118866895,-3.42144572256624
188.919277620767,-3.48805208617297
187.617469143912,-3.65123374840582
186.324631193156,-3.44445656509999
185.04070195423,-3.17127238034841
183.765620038817,-2.71723837888366
182.499324481615,-2.43045870173706
181.241754737424,-2.65687799269797
179.992850678248,-2.39721195810979
178.752552590424,-2.23141846153559
177.520801171764,-2.79472781385619
176.297537528721,-2.77098071910127
175.082703173572,-2.01086925550147
173.876240021625,-0.34869923122046
172.678090388436,0.961221906774786
171.488196987054,-0.38647127253726
170.306502925284,-2.13879396511795
169.132951702965,-3.12130388544703
167.967487209265,-2.75141487402392
166.810053720006,-1.45475154922833
166.666666666667,-1.29636792370355
165.660595894991,-0.107460681440226
164.519058775366,1.80515982069595
163.385387780986,3.72399785579488
162.259528707809,0.900579865356993
161.141427725302,-2.81591282523366
160.03103137387,-0.101633982248027
158.928286562298,4.94668382619317
157.833140565212,7.79583022550382
156.745541020559,2.95767086100493
155.665435927106,-2.98994849988015
154.592773641948,-1.43742809983969
153.527502878042,3.30117909305783
152.469572701757,4.63528432248301
151.418932530435,0.867091646980545
150.375532129974,-2.96107678958254
149.339321612425,-1.53457920719732
148.310251433611,-0.511743985474662
147.28827239075,-1.57730287327454
146.273335620113,-2.9821568002503
145.265392594678,-1.47955234575859
144.264395121816,-1.04974970259586
143.270295340983,-1.33413463402114
142.857142857143,-1.67755034817498
142.283045721435,-1.85484416655232
141.302599059953,-0.941039072274729
140.328908478587,-1.89763221140928
139.361927422414,-0.897383989270177
138.401609657313,3.27572397900146
137.447909267754,5.92408728573823
136.500780654601,1.28105903788471
135.560178532937,-2.98254937632269
134.626057929891,-0.0985729307251786
133.698374182495,4.87533053987248
132.777082935543,1.5335368843753
131.862140139475,-2.26471964124509
130.953502048267,-3.44255041060371
130.051125217341,-3.25065499267283
129.154966501488,-2.90688599884789
128.264983052806,-2.72295389727561
127.381132318648,-3.38597232280325
126.50337203959,-3.28103700027249
125.631660247412,-2.1547591628571
125,-1.66785959835543
124.765955263087,-1.88444367387809
123.906215694792,-3.42989003261304
123.052400435926,-3.21602196779305
122.204468663149,-1.99375744803323
121.362379834424,-1.90057694651137
120.526093687084,-2.98335899870274
119.695570235904,-3.50164402825088
118.87076977119,-3.08199315894232
118.051652856881,-2.60957123521357
117.23818032866,-2.65688855876972
116.430313292088,-3.34562670264843
115.628013120738,-3.66199326840931
114.831241454351,-3.22508095269164
114.039960197003,-2.82963278014203
113.254131515281,-3.10764229462508
112.473717836475,-3.66066894079672
111.698681846782,-2.74503999625783
111.111111111111,-1.19927205169712
110.928986489522,-0.839458310816108
110.164594963366,-0.702476315774827
109.405470720574,-2.98572974999602
108.651577465254,-3.18424958023185
107.902879151618,-1.23964442315254
107.159339982267,-0.73503919049396
106.420924406472,-2.88403716129785
105.68759711848,-2.37148700878226
104.959323055823,-1.36911531623131
104.23606739764,-3.37004979764286
103.517795563018,-2.5737295752334
102.804473209331,0.662844612856323
102.096066230605,-0.499708098723526
101.392540755882,-2.36226720856116
100.693863147603,-0.756275673269566
100,-0.396515381901149
100,-0.396515381901234
99.310918137498,-0.979281641384669
98.6265846131283,-2.22968544590811
97.946966706954,-2.23794904617871
97.2720319245054,-2.25493147104303
96.6017479952265,-3.59269945264027
95.9360828709315,-2.73318688948943
95.2750047242729,-2.46390896935979
94.61848194722,-3.62622263783386
93.966483149547,-0.449497029414526
93.3189771573324,-0.625391918483142
92.6759330114688,-3.45711853437721
92.0373199661823,-1.73032054746589
91.4031074875623,-1.04229028006709
90.9090909090909,-1.82826549464421
90.7732652521023,-1.79535325632706
90.1477631452492,-2.84095805649228
89.526571259964,-2.8972667017811
88.9096598952916,0.733644385282209
88.2969995549409,-0.397738643121254
87.6885609458743,-3.58768112775852
87.0843149769073,-1.26324197176707
86.4842327573172,-1.67145770522775
85.8882855954625,-2.50901513081719
85.2964449974102,-1.67395982951997
84.7086826655741,-2.62444941124239
84.1249704973612,-1.6720232737595
83.5452805838287,-3.58957112903964
83.3333333333333,-2.87327091447001
82.9695852083491,-1.40175887870954
82.3978568452852,-3.59035225190184
81.8300681586739,1.46059514410702
81.2661920009194,-1.03391712996064
80.706201411495,-0.504737771214432
80.150069615654,9.61208717734634
79.5977700231498,-0.839810083244354
79.0492762269642,-1.23577796989174
78.5045620020451,0.331824071215597
77.9636013040523,1.92558624087012
77.4263682681127,-3.55386892726672
76.9230769230769,1.7217840579181
76.8928372075831,2.02843332954639
76.3629826128224,-3.30185452506386
75.8367791499719,-1.57965749144578
75.3142016597437,-2.62619299453386
74.7952251562182,-2.67197894311407
74.2798248256491,-2.67427367909935
73.7679760252773,-3.02801496262456
73.2596542821523,-2.53523422635733
72.7548352919623,-3.31235308745444
72.2534949178722,-3.52247811564198
71.7556091893693,-2.78335277962314
71.4285714285714,-1.74411668551248
71.2611543011175,-2.15493398648747
70.7701066118189,-3.22501404965989
70.2824426430835,-1.38297002388695
69.7981390783066,-2.14652314080161
69.3171727615541,-3.25313277887973
68.839520696455,-3.39083677024275
68.3651600451024,-1.02344641450388
67.8940681269611,-2.96359802974898
67.4262224177834,-2.1478916462395
66.9616005485322,-3.17589621522519
66.6666666666667,1.35130938615892
66.5001803043112,1.42922863395559
66.0419396233031,-1.91702065704087
65.5868565957143,0.548079164135705
65.134909462728,-0.980279615753527
64.6860766154633,-2.31749721073684
64.2403365939419,-1.52956404167976
63.7976680860628,-3.07015937509807
63.3580499265825,-0.0547378217884313
62.9214610961034,-2.63475925634882
62.5,-1.95906732576169
62.4878807200689,-2.02244274878525
62.057288067765,-3.13766981598881
61.6296625513294,-2.54469304413466
61.204983724767,-3.52812839925844
60.7832312829723,-2.16489143282488
60.3643850607587,-3.37653383262288
59.9484250318941,-3.03831438149346
59.5353313081437,-3.66059009641658
59.1250841383188,-3.60656171158659
58.8235294117647,-3.04238352346548
58.7176639073326,-1.71458385173694
58.3130511352622,-2.40922496235505
57.9112264764176,-2.60845450284712
57.5121707184161,-2.32138604780526
57.1158647812643,-3.65709609450986
56.7222897164454,-2.98557056086757
56.3314267060136,-2.31461685904655
55.9432570616938,-2.4088031876915
55.5577622239888,-1.9766974721502
55.5555555555556,-1.94680662759604
55.1749237612912,-1.32488784981767
54.7947233690029,-3.1290468062704
54.4171428686589,-2.79853425732953
54.0421642070592,-2.89928230495063
53.6697694554048,-3.17748883423111
53.2999408084409,-3.52452829404266
52.9326605836056,-2.42116435469596
52.6315789473684,-3.02370915138941
52.5679112201842,-3.2591229190731
52.2056752784698,-1.60837844304147
51.8459354389291,-3.33568888445343
51.488674501375,-3.55647911632009
51.1338753841433,-2.66809697164858
50.7815211232767,-2.56560200025252
50.4315948717136,-0.270945843326937
50.0840798984821,-3.27790183924638
50,-2.92186574581212
49.7389595879007,-3.26584584639876
49.3962174387832,-2.6300601551646
49.0558370636505,-2.93091979663155
48.7178021879463,-2.67269463698231
48.3820966492596,-3.15383465911817
48.0487043965513,-0.275828095534773
47.7176094893875,-2.96389659194134
47.6190476190476,-2.02389930774309
47.3887960971765,-2.27526930355226
47.0622484984128,-3.31729655722024
46.7379510799246,1.02904517158375
46.4158883361278,-2.47689497734221
46.0960448682843,-2.34743266341389
45.7784053837662,-2.93829937747624
45.462954695324,-2.63270534179353
45.4545454545455,-2.62581591313055
45.149677720361,-2.65628989519957
44.8385594802119,-1.8094549392831
44.5295850994266,-2.26147803362285
44.222739805059,9.64688418553225
43.9180089259609,-0.468925231706019
43.6153778920801,-0.991739329518718
43.4782608695652,-2.12644803275198
43.314832233764,-2.24470421082638
43.016357581068,-3.62946610750849
42.7199396630678,-1.26609168950552
42.4255643071778,-2.0633632956469
42.1332174384729,-0.169191116341504
41.8428850790158,-1.32605235313288
41.6666666666667,-3.034530164581
41.5545533471888,-1.50285714297136
41.2682084570295,-3.34590172505009
40.9838367175726,-1.86520468270454
40.7014245321944,-2.76086113314063
40.4209583979631,-3.47259315212799
40.1424249049932,0.417304193632693
40,-2.95672485190009
39.8658107358044,-1.59304510249465
39.5911026646846,-2.66519524868219
39.3182875570577,-1.99017991440634
39.0473523688556,-0.409001513346747
38.7782841458946,-2.86393546701897
38.5110700232557,-3.32122837687485
38.4615384615385,-3.62161659747037
38.24569722467,-1.63037255307985
37.9821530619073,-1.30954375590765
37.72042493417,-3.09693619105219
37.4605003274899,-1.74897506146034
37.2023668141307,-3.11412680698747
37.037037037037,-3.57716854842654
36.946012051993,-3.30190591974128
36.6914237840249,-1.83251734602127
36.4385898376355,-2.69761885309834
36.1874981241128,-2.80575238900949
35.9381366380463,-3.4001589112738
35.7142857142857,-2.79250564216702
35.6904934567523,-3.12635831327172
35.4445567397043,-0.512675637339849
35.2003147279668,-2.12683887458398
34.9577557436328,-3.18581070283674
34.7168681892656,-3.42430505232069
34.4827586206897,-3.34072950522782
34.4776405473446,-3.26518638946301
34.2400613797142,-3.04173676670576
34.0041193270371,-0.987703123458611
33.7698031082509,-3.48704211711317
33.5371015200293,-2.11280109299231
33.3333333333333,-2.26405298276721
33.3060034362459,-0.147642835558041
33.0764978074424,-3.32391596746505
32.8485736603004,-2.8974520136817
32.6222200971167,-2.74787667076778
32.397426295282,1.11179619734923
32.258064516129,-3.0875907000118
32.1741815067637,-0.561387651921204
31.9524750575921,-3.25706736645226
31.7322963473498,-3.65933975909011
31.5136348486648,-3.25776396784807
31.2964801067075,-2.41696840550999
31.25,-3.40966294015869
31.0808217386906,-3.1727645488847
30.8666494333727,-3.57117608507145
30.6539529505653,-3.06920325706589
30.442722120643,-0.364748419840008
30.3030303030303,-3.65334231645944
30.2329468440578,-2.77152527469893
30.0246170908555,-3.08666709514126
29.8177229001967,-3.17239023713189
29.6122543798804,-3.03117762493694
29.4117647058824,-2.78158515922361
29.4082017058706,-2.70898455978969
29.2055551218275,-3.06440559188929
29.0043049386399,-2.52903786642333
28.804441533963,-1.33084162399974
28.6059553517574,-2.7306527037298
28.5714285714286,-3.59201735904348
28.408836901833,-3.45998664072779
28.2130767593947,-2.92020573049204
28.018665564592,-3.40133338457356
27.8255940220712,-3.2353450024468
27.7777777777778,-3.63871834290209
27.6338529005317,-1.31046739902952
27.4434330322836,-0.618466420022354
27.2543253128103,-1.70703293851612
27.0665207003324,1.10618812117118
27.027027027027,-1.305256796107
26.8800102153761,2.85525333595483
26.6947849403432,1.86196804324253
26.5108360190854,-2.90716621422909
26.3281546564802,-1.94006814147674
26.3157894736842,-0.732777612502228
26.1467321180109,-1.73307182256259
25.9665597293487,-2.68055601714148
25.787628875938,-1.05551772116699
25.6410256410256,-2.23623731221637
25.6099310025846,-2.77213004471111
25.4334576130465,-2.63841422423685
25.2582002696278,1.5588781124384
25.0841505927754,0.23979920610076
25,7.62383977274364
24.9113002606779,4.09669445674213
24.7396410088681,3.74080541273004
24.5691646298279,-2.45069347535805
24.3998629725955,-1.46496264991587
24.390243902439,-1.87688049964724
24.231727942376,-2.2897951795539
24.0647515001542,-2.28476039805538
23.8989256623105,-3.48143450596659
23.8095238095238,-3.43732672867712
23.7342425002387,-1.75105492176418
23.5706941399673,-1.06834301335591
23.4082727617829,-0.669542903126977
23.2558139534884,-3.12737662728243
23.2469705998565,-3.57013797412396
23.0867799418717,-3.08789600541631
22.9276931286565,-2.38418692116276
22.7697025538168,-1.90120481064518
22.7272727272727,-3.35229678247706
22.6128006633728,-2.29374111954858
22.4569799553977,-2.1889864524751
22.3022329796594,-3.00289701801331
22.2222222222222,-3.33409416231886
22.1485523372636,-0.316085436511609
21.9959306803007,-2.11616948073621
21.8443607114943,-3.03023578866033
21.7391304347826,-3.51908643618541
21.6938351838518,0.0956451910475566
21.5443469003188,-2.4042165204617
21.3958887134342,-3.10608354362635
21.2765957446809,-1.02225675671731
21.2484535249888,-1.29331241870689
21.102034285686,-3.19883340243087
20.9566239948043,-2.79958085969362
20.8333333333333,-2.82957892614113
20.8122156998634,-3.45588836447912
20.6688024962908,-2.89150164035463
20.5263775270925,-1.47267298328743
20.4081632653061,-2.29742099200778
20.3849339825246,1.05794582351043
20.244465099768,-1.44464065067002
20.104964162605,-0.904529861027366
20,-2.39123209008032
19.9664245010979,-3.23200957077928
19.8288394912707,-3.12064213614444
19.6922025547917,-3.59911333415674
19.6078431372549,-3.19437894856459
19.5565071586595,-2.69485404977437
19.4217468148903,-3.40655512428655
19.2879150802078,-2.60730357683066
19.2307692307692,-1.82219223554555
19.1550055557353,-2.5459395724042
19.0230118866894,-3.50429326202255
18.8919277620767,-2.92008900823334
18.8679245283019,-1.69744851923796
18.7617469143912,-3.63117806365501
18.6324631193156,-0.270146204622317
18.5185185185185,-3.46120188842935
18.504070195423,-3.01393279910196
18.3765620038817,-0.360748663429784
18.2499324481615,-3.28343582879132
18.1818181818182,-3.57647111831532
18.1241754737424,-3.0615846382084
17.9992850678248,-2.97316450938164
17.8752552590424,-3.09788457390716
17.8571428571429,-2.70576319624775
17.7520801171764,-3.36060213512139
17.6297537528721,-3.29000079843216
17.5438596491228,-0.58663070214494
17.5082703173572,-1.10535461720265
17.3876240021625,-1.85098242590693
17.2678090388436,-3.015435220815
17.2413793103448,-2.15271028225093
17.1488196987054,-3.10784417481822
17.0306502925284,-0.624946738164151
16.9491525423729,2.88313988602808
16.9132951702965,-2.1027556702238
16.7967487209265,-3.58840959798813
16.6810053720006,0.835887402550488
16.6666666666667,-1.64883387412361
16.5660595894991,-3.27318053499895
16.4519058775366,-2.47026678499015
16.3934426229508,-3.07197957308206
16.3385387780986,-3.40589790897639
16.2259528707809,-3.37324817690135
16.1290322580645,-0.509982748565856
16.1141427725302,-0.576838508751659
16.003103137387,-3.5409903074151
15.8928286562298,-3.31706572248147
15.8730158730159,0.0198813133696278
15.7833140565212,-1.50220964828379
15.674554102056,-2.49191206960115
15.625,-1.15629751716518
15.5665435927106,-1.31531533280362
15.4592773641948,-2.33602556346518
15.3846153846154,-0.278760004954175
15.3527502878042,-3.48061563821046
15.2469572701757,-2.66336880563532
15.1515151515152,-0.338751347506228
15.1418932530435,-1.55417465543148
15.0375532129974,-2.37070625401342
14.9339321612425,-0.553867779368441
14.9253731343284,-0.197181637050686
14.831025143361,-2.66352496012071
14.728827239075,-2.22096292648576
14.7058823529412,-2.47464660606665
14.6273335620113,-3.64580196679462
14.5265392594678,-1.62499524020013
14.4927536231884,-3.40875228455796
14.4264395121816,-3.44295199865446
14.3270295340983,-1.39159582064486
14.2857142857143,-0.412574098277882
14.2283045721435,0.232653543879043
14.1302599059953,-1.6871881709723
14.0845070422535,-0.698677416382462
14.0328908478587,0.789406569373729
13.9361927422414,-1.61281969558116
13.8888888888889,-2.62708840658619
13.8401609657313,-0.501283896200145
13.7447909267754,-3.1385386599692
13.6986301369863,-3.12657057066248
13.6500780654601,-1.892344960387
13.5560178532937,-0.617066838803832
13.5135135135135,-0.891338116672851
13.4626057929891,-1.13426863452819
13.3698374182495,-1.19938573862482
13.3333333333333,4.13948944688515
13.2777082935543,-1.01977108254037
13.1862140139475,-1.73672427400457
13.1578947368421,-1.33539610810173
13.0953502048267,0.942805958958975
13.0051125217341,-3.45027501559191
12.987012987013,-1.69712768572991
12.9154966501488,-3.38350482205136
12.8264983052806,1.8650797780572
12.8205128205128,2.95199987681996
12.7381132318648,-2.8190491879349
12.6582278481013,-1.44309560209977
12.650337203959,-0.252007702463469
12.5631660247412,-3.19091133887526
12.5,-1.78590940855052
12.4765955263087,-3.38761130448953
12.3906215694792,-3.61687896478086
12.3456790123457,-2.79439457127431
12.3052400435926,-3.20816964978651
12.2204468663149,-0.422392831814999
12.1951219512195,-1.29853750545869
12.1362379834424,-1.0965634620406
12.0526093687084,-0.456447715613005
12.0481927710843,-0.930027778386015
11.9695570235904,4.92802668232399
11.9047619047619,-3.57613571893601
11.887076977119,-2.26177494404781
11.8051652856881,-1.95585184307789
11.7647058823529,-3.17242277094631
11.723818032866,-2.69710838796463
11.6430313292088,0.558322863583091
11.6279069767442,-3.02246742026098
11.5628013120738,-2.5443669005363
11.4942528735632,-1.36173842582586
11.4831241454351,-0.772237702409011
11.4039960197003,-3.64574818931656
11.3636363636364,-3.60640527485686
11.3254131515281,-3.26736167620545
11.2473717836475,-3.13140654669275
11.2359550561798,-3.43761121754319
11.1698681846782,-3.38948809992844
11.1111111111111,-1.88384852491422
11.0928986489522,-3.44972856044749
11.0164594963366,-2.61305457397803
10.989010989011,-0.21480926381643
10.9405470720574,-2.58757651062084
10.8695652173913,-1.13447116857376
10.8651577465254,-1.48875830551192
10.7902879151618,-2.86363016944106
10.752688172043,-2.89397754693685
10.7159339982267,-2.92127273558956
10.6420924406472,-3.01957300880222
10.6382978723404,-2.59296726563157
10.568759711848,-3.02848076417895
10.5263157894737,-3.37427690066449
10.4959323055823,-2.97616288252415
10.423606739764,-1.88326162046895
10.4166666666667,-2.77989179087602
10.3517795563018,-1.6163587277159
10.3092783505155,-2.96202586327233
10.2804473209331,-2.56434845121025
10.2096066230605,-2.82346570770387
10.2040816326531,-2.67076616217293
10.1392540755882,-0.114363240479046
10.1010101010101,-3.65261990520112
10.0693863147603,-3.52532436585441
10,-1.847102038723
10,-1.84710203872286
9.9310918137498,-2.67700336780744
9.9009900990099,1.31077559878635
9.86265846131282,0.395932787383107
9.80392156862745,-3.14523242700433
9.79469667069539,-0.251579580900748
9.72720319245054,-2.69266615571866
9.70873786407767,-3.36671863221006
9.66017479952265,-1.90352558556425
9.61538461538461,-3.07231473775222
9.59360828709314,-2.70903651513158
9.52750047242729,-1.77299505402102
9.52380952380952,-2.28145406694334
9.461848194722,-2.05858353417117
9.43396226415094,-3.40074135815096
9.39664831495469,-3.4453662429059
9.34579439252336,-2.87513704786239
9.33189771573324,-3.14367019399453
9.26759330114688,-0.848962272578357
9.25925925925926,-0.246140442116608
9.20373199661822,-2.09829580935563
9.1743119266055,-3.61527287219037
9.14031074875623,-3.44810808247881
9.09090909090909,-0.808475477872075
9.07732652521023,-3.46832832949853
9.01477631452492,-2.94885990858129
9.00900900900901,-3.58038675958697
8.9526571259964,-1.71392978603931
8.92857142857143,-3.20819075310943
8.89096598952916,-2.912897345855
8.84955752212389,0.779824640913252
8.82969995549409,-0.6674062229152
8.7719298245614,-2.40493427582031
8.76885609458743,-3.22186897707597
8.70843149769072,-3.37191614852979
8.69565217391304,-3.44890607376167
8.64842327573172,0.98494636508308
8.62068965517241,-1.25986300489877
8.58882855954625,-1.10043144908961
8.54700854700855,1.35757314062888
8.52964449974102,-0.379653658710207
8.47457627118644,-2.40764093747391
8.47086826655741,-3.6494768439684
8.41249704973612,-3.16500677027373
8.40336134453781,-1.93047597075322
8.35452805838287,1.84608337083047
8.33333333333333,2.27869127562049
8.29695852083491,-2.90749983425031
8.26446280991736,-2.48379323962491
8.23978568452852,-3.06117231697344
8.19672131147541,-3.58038236972744
8.18300681586739,-3.32969983302926
8.13008130081301,-3.09112476201944
8.12661920009195,-3.09309720066188
8.0706201411495,-2.58043290729237
8.06451612903226,-2.099155605332
8.01500696156541,-3.66012167696594
8,-3.66157004337692
7.95977700231498,-3.17420088053934
7.93650793650794,-2.71207559892873
7.90492762269642,-3.18482862236088
7.8740157480315,0.581100205878603
7.85045620020451,-3.41146443284027
7.8125,-3.408306508958
7.79636013040523,-3.0640892702864
7.75193798449612,-3.05152362846821
7.74263682681127,-3.10971108100254
7.69230769230769,-3.6116413543436
7.68928372075831,-3.17944028050071
7.63629826128224,-2.71964834345281
7.63358778625954,-2.74767083388432
7.58367791499719,-3.31018955245964
7.57575757575758,-3.05915962453714
7.53142016597437,-3.13508546156732
7.5187969924812,-2.63902056650097
7.47952251562182,-2.17893200528898
7.46268656716418,-3.54698745880385
7.42798248256492,-3.23073150897114
7.40740740740741,-2.7260450182873
7.37679760252773,-3.28385487615055
7.35294117647059,1.22928815035015
7.32596542821523,-3.45255951071759
7.2992700729927,-3.47758735368513
7.27548352919623,-3.12577753503096
7.2463768115942,-2.52059529397674
7.22534949178722,-1.89598370238628
7.19424460431655,1.0728658368587
7.17556091893693,-1.485498350837
7.14285714285714,-2.77498698075827
7.12611543011175,-2.77029305624923
7.09219858156028,-2.5401034732166
7.07701066118189,-2.48757483734631
7.04225352112676,-0.739318701937957
7.02824426430835,-2.64722059924359
6.99300699300699,0.230146313911139
6.97981390783066,-2.54100585457446
6.94444444444444,-1.96320276306723
6.93171727615541,-3.46894447640748
6.89655172413793,-3.01292836143953
6.8839520696455,-2.90219943685177
6.84931506849315,-1.93683349226601
6.83651600451024,-1.54511212516008
6.80272108843537,-2.92096708051563
6.78940681269611,-1.64744222480219
6.75675675675676,-0.345913293883551
6.74262224177834,-3.08818068234968
6.71140939597315,-2.83224388479082
6.69616005485322,-2.91369033374415
6.66666666666667,-2.65267118449917
6.65001803043112,-2.40870023117121
6.62251655629139,-2.48215981438876
6.6041939623303,-3.6371442573115
6.57894736842105,-3.07805200538506
6.55868565957143,-0.40950024963369
6.5359477124183,-2.04747360682965
6.5134909462728,-2.76748745547654
6.49350649350649,-0.995257216663201
6.46860766154633,-1.68720866753317
6.45161290322581,-1.29758469774007
6.42403365939419,-3.59244470491673
6.41025641025641,-2.60386266556123
6.37976680860628,-2.85406481645343
6.36942675159236,-2.82537190427014
6.33580499265825,0.168726178736269
6.32911392405063,-1.76372232735208
6.29214610961034,-3.21752154136304
6.28930817610063,-2.4070286783655
6.25,-3.4377924883209
6.24878807200689,-3.35543318447001
6.2111801242236,-1.6749051788734
6.2057288067765,-1.9943161764889
6.17283950617284,-2.45333866176712
6.16296625513294,-3.46543705441281
6.13496932515337,-3.12257021045304
6.1204983724767,-1.74545024272616
6.09756097560976,-3.58421049803165
6.07832312829723,-2.00022892983703
6.06060606060606,-3.46380615487102
6.03643850607587,-3.18494810933445
6.02409638554217,-2.37358219174099
5.99484250318941,-2.51154848466781
5.98802395209581,-3.0336264136831
5.95353313081437,-2.70002579826207
5.95238095238095,-2.94279170907593
5.91715976331361,-2.65272060711738
5.91250841383188,-3.15464150167737
5.88235294117647,-3.34001666397038
5.87176639073326,-3.3903780781179
5.84795321637427,-2.52245074261064
5.83130511352622,-1.81460865755114
5.81395348837209,-3.51290394950045
5.79112264764176,-3.37185601756262
5.78034682080925,-3.52045660544267
5.75121707184161,-3.36909030629594
5.74712643678161,-1.59911957712252
5.71428571428571,-3.0422706370259
5.71158647812643,-2.85158315415806
5.68181818181818,-2.22484487483204
5.67222897164454,-2.95782904113171
5.64971751412429,1.20715463278411
5.63314267060136,-2.56906519451753
5.61797752808989,-2.00923027305604
5.59432570616938,-3.07076540348624
5.58659217877095,-2.18028422450818
5.55577622239888,0.606376928032707
5.55555555555556,0.0810266256257153
5.52486187845304,-2.53703333781645
5.51749237612913,-3.53054372964048
5.49450549450549,-2.59139197507333
5.47947233690029,-1.95576324184951
5.46448087431694,-3.63873519421697
5.44171428686589,-2.08216197550292
5.43478260869565,-3.23375299417425
5.40540540540541,-3.12966649141803
5.40421642070592,-2.8562513872843
5.37634408602151,-3.65990241734626
5.36697694554048,-2.42936072386204
5.3475935828877,-2.84793442289129
5.32999408084409,-2.78924831171376
5.31914893617021,-3.50361081226979
5.29326605836056,-3.25539907459331
5.29100529100529,-3.07811034906053
5.26315789473684,-3.51608359988402
5.25679112201842,-3.0509852484531
5.23560209424084,-2.08926697357326
5.22056752784698,-2.02089282615365
5.20833333333333,-2.04902600589018
5.18459354389291,-3.35240058280767
5.18134715025907,-3.55295821208837
5.15463917525773,-1.9824367092206
5.14886745013749,-1.20250376815353
5.12820512820513,-1.87894607956526
5.11338753841433,-3.12477404142474
5.10204081632653,-3.01379861228717
5.07815211232767,-3.32802331954501
5.0761421319797,-0.947400081088158
5.05050505050505,-3.46861145022045
5.04315948717136,-3.57583500990041
5.0251256281407,-3.32985530344488
5.00840798984821,-3.48286178017754
5,-3.36591195908035
4.97512437810945,-3.51285431283314
4.97389595879006,-2.86940129867103
4.95049504950495,-3.37219723846719
4.93962174387832,-3.164475507336
4.92610837438424,-2.93382100892576
4.90558370636505,-2.96126298391531
4.90196078431372,-3.37147617663562
4.8780487804878,-0.666092226214981
4.87178021879463,-3.41101169946343
4.85436893203883,-0.670097394383883
4.83820966492596,-1.64186604819302
4.83091787439613,-3.4494858579324
4.80769230769231,-3.64884617266234
4.80487043965513,-2.72508015316087
4.78468899521531,-2.42036061275764
4.77176094893875,-3.55757398021027
4.76190476190476,-3.36106372545718
4.739336492891,-3.22221813918433
4.73887960971765,-3.10582622938521
4.71698113207547,-3.65102715088313
4.70622484984128,-3.58559283456715
4.69483568075117,-3.62274769096124
4.67379510799246,-3.43086060050269
4.67289719626168,-1.73266526682586
4.65116279069767,-2.67939293499095
4.64158883361278,-2.9629524077806
4.62962962962963,-2.51069563072427
4.60960448682843,-2.55356380138853
4.60829493087558,-1.60236120135756
4.58715596330275,-1.22110513689953
4.57784053837662,-2.13868987518766
4.5662100456621,-2.84251090860733
4.5462954695324,-3.2188944139978
4.54545454545455,-3.01199516158756
4.52488687782805,-1.99109672003778
4.5149677720361,0.316252188754182
4.5045045045045,-0.48510921278024
4.48430493273543,-1.44104673177302
4.48385594802119,-1.62936644315443
4.46428571428571,-2.05486790633183
4.45295850994265,-1.88018534134055
4.44444444444444,-2.78787404179497
4.42477876106195,-3.36247090751102
4.4222739805059,-3.64975830865087
4.40528634361233,-3.14049986372852
4.39180089259609,-3.26335714880532
4.3859649122807,-2.40270349542062
4.36681222707424,-3.65463618722382
4.361537789208,-3.30398849848386
4.34782608695652,-2.76512449643691
4.3314832233764,-1.33167457625573
4.32900432900433,-3.58421998483997
4.31034482758621,-2.87972006678042
4.30163575810679,-0.941795658024641
4.29184549356223,-2.8561215013987
4.27350427350427,-2.89077416246765
4.27199396630678,-3.52051742137469
4.25531914893617,-1.3044799235496
4.24255643071778,-3.57118075148038
4.23728813559322,-3.4966902176112
4.21940928270042,-2.98198179666177
4.21332174384729,-3.64539081390601
4.20168067226891,-1.19751834766243
4.18428850790158,-2.4216855097121
4.18410041841004,-2.09491827297246
4.16666666666667,-1.50388782972696
4.15545533471888,-3.09403975963805
4.149377593361,-1.90693601557275
4.13223140495868,-3.13169372367407
4.12682084570295,-3.01475890599432
4.11522633744856,-3.50414667918043
4.09838367175726,-3.53874517689739
4.0983606557377,-3.53150697088703
4.08163265306122,-3.54162593077491
4.07014245321944,-3.65755809939578
4.0650406504065,-3.6312889356473
4.04858299595142,-3.22478619481067
4.04209583979631,-3.07100631887523
4.03225806451613,-3.65852654622695
4.01606425702811,-3.12746358120522
4.01424249049932,-3.35494132470798
4,-2.44853632451044
3.98658107358044,-2.99065979227673
3.98406374501992,-3.31986697531168
3.96825396825397,-3.00924854262031
3.95911026646846,-1.68612074900643
3.95256916996047,-2.03741268133309
3.93700787401575,-3.44498186558696
3.93182875570577,-3.01057519586119
3.92156862745098,-3.02203911772208
3.90625,-0.750484803370777
3.90473523688556,-2.82466724352515
3.89105058365759,-3.33527939051539
3.87782841458946,-2.49012002764105
3.87596899224806,1.47244652936771
3.86100386100386,-3.12048258592479
3.85110700232557,-3.66344451816921
3.84615384615385,-3.51238718163453
3.83141762452107,-2.4575797660437
3.824569722467,-3.03504906181662
3.81679389312977,-2.64531016767686
3.80228136882129,-3.36641744843511
3.79821530619074,-1.68069680941
3.78787878787879,-3.56277623645236
3.77358490566038,-3.62610205630041
3.772042493417,-2.20827609113381
3.7593984962406,-3.21625334270611
3.74605003274899,-2.96087157844907
3.74531835205992,-1.79483650254052
3.73134328358209,-2.77370402408671
3.72023668141307,-2.64009095129749
3.71747211895911,-3.30820537571047
3.7037037037037,-1.40624611178132
3.6946012051993,-3.27182956742639
3.690036900369,-3.65480858095797
3.67647058823529,-3.46975086486351
3.66914237840249,-2.95644475078107
3.66300366300366,-3.58803672807219
3.64963503649635,-3.65253074255441
3.64385898376355,1.054252070393
3.63636363636364,-2.17054366628521
3.6231884057971,-2.98787998736266
3.61874981241128,-3.61308456821258
3.6101083032491,-2.19716440125678
3.59712230215827,-3.02758498092991
3.59381366380463,-3.400013287264
3.584229390681,-1.99822291176379
3.57142857142857,-1.90799607585414
3.56904934567523,-2.32422257588395
3.55871886120996,-3.34974196193799
3.54609929078014,-2.92490074214241
3.54445567397043,-3.13696978841791
3.53356890459364,-3.54440386184045
3.52112676056338,-1.28454581431545
3.52003147279668,-3.39992322724846
3.50877192982456,-3.11228906987942
3.4965034965035,-3.47283542961407
3.49577557436328,-3.63211960389229
3.48432055749129,-1.94362840241144
3.47222222222222,-3.39945324083667
3.47168681892656,-2.49676769097128
3.46020761245675,-3.18441027839328
3.44827586206897,-3.54587748310298
3.44776405473446,-2.76654016252952
3.43642611683849,-3.33472188630516
3.42465753424658,-3.08464697753125
3.42400613797142,-3.17550188241428
3.41296928327645,-1.62870238416591
3.40136054421769,-1.49333212916478
3.40041193270371,-3.00474025744135
3.38983050847458,-2.29813212688286
3.37837837837838,1.76242264521013
3.37698031082509,-2.98595580036816
3.36700336700337,-2.446285330164
3.35570469798658,-3.52908093644948
3.35371015200293,-3.62349100983836
3.34448160535117,-0.0555745066775257
3.33333333333333,-1.42671457817219
3.33060034362459,-1.73955714976018
3.32225913621262,-2.35786488744672
3.3112582781457,-2.09570097263547
3.30764978074424,-3.14550432031167
3.3003300330033,-1.86770822054428
3.28947368421053,-3.57925817952509
3.28485736603004,-2.84491235349032
3.27868852459016,-3.28000818685806
3.26797385620915,-3.43891827960364
3.26222200971167,-3.47468894263674
3.25732899022801,-2.59584951664545
3.24675324675325,-2.21903337477824
3.2397426295282,-1.53213121952107
3.23624595469256,-2.91822111661964
3.2258064516129,-3.31152677598676
3.21741815067637,-1.69553766898393
3.21543408360129,1.02437987356679
3.20512820512821,-1.56241052452178
3.19524750575921,-3.25317350293021
3.19488817891374,-2.69790054083812
3.18471337579618,-1.98724618210305
3.17460317460317,-2.8766704119359
3.17322963473498,-3.3201594119203
3.16455696202532,-2.81081203834553
3.15457413249211,-3.34933799663706
3.15136348486648,-3.37600706206542
3.14465408805031,-2.27848945572658
3.13479623824451,1.24860570577885
3.12964801067075,-1.35742594594962
3.125,-3.64062844208326
3.11526479750779,-3.27872513545888
3.10808217386906,-1.33907061470573
3.1055900621118,-3.3391832411235
3.09597523219814,-2.51585245657393
3.08666494333727,-3.03889543189755
3.08641975308642,-2.83541413386517
3.07692307692308,-3.48296177978092
3.06748466257669,-3.62144783688255
3.06539529505653,-2.96243729039555
3.05810397553517,-3.46539114679906
3.04878048780488,-1.49294097155065
3.0442722120643,-3.52725208315301
3.03951367781155,-3.49880969155826
3.03030303030303,-2.54014117571863
3.02329468440578,-1.92286206742655
3.02114803625378,-1.63029824542319
3.01204819277108,-3.55580003795061
3.003003003003,-3.64315302014345
3.00246170908555,-3.13219486561963
2.9940119760479,-3.03120240790711
2.98507462686567,-3.42313909972757
2.98177229001967,-2.43856022699604
2.97619047619048,-2.89804911036743
2.9673590504451,-2.76565038473886
2.96122543798803,-3.56887707939684
2.9585798816568,-3.37230092278805
2.94985250737463,-3.56025419248585
2.94117647058824,-2.28320696755953
2.94082017058706,-3.44852127984482
2.93255131964809,-3.16297084766095
2.92397660818713,-3.48757712962729
2.92055551218275,-3.23978306527239
2.91545189504373,-2.44563734245461
2.90697674418605,-3.29989958499324
2.90043049386399,-3.37231992353822
2.89855072463768,-3.04128182247602
2.89017341040462,-2.61152231749422
2.88184438040346,-3.37517517049543
2.8804441533963,-3.51169581811639
2.8735632183908,-3.4735508341336
2.86532951289398,-3.50673679957786
2.86059553517574,-2.05646786416913
2.85714285714286,-3.48494571970447
2.84900284900285,-3.40989960139366
2.84090909090909,-2.89264633291985
2.8408836901833,-2.97138366532776
2.8328611898017,-3.65068781251555
2.82485875706215,-2.63988753294141
2.82130767593947,-2.85213440585882
2.8169014084507,-1.46352893250046
2.80898876404494,-1.83705521843232
2.8018665564592,-2.27633458871135
2.80112044817927,-1.6851917201066
2.79329608938547,-2.59662867057211
2.78551532033426,-2.85830932736702
2.78255940220712,-3.20816212899536
2.77777777777778,-2.20926463797611
2.77008310249307,-3.10258483905691
2.76338529005317,-2.6838139384899
2.76243093922652,-2.12674209319881
2.75482093663912,-1.80994892394856
2.74725274725275,-3.52404686861781
2.74434330322836,-3.61551593272419
2.73972602739726,-3.56280196386389
2.73224043715847,-3.07851841760235
2.72543253128103,-3.58302215348918
2.72479564032698,-3.00674250967627
2.71739130434783,-1.57854761808921
2.710027100271,-3.48350623476532
2.70665207003324,-3.55039827711728
2.7027027027027,-3.39339501064465
2.69541778975741,-3.14875994429796
2.68817204301075,-1.50443957038494
2.68800102153761,-1.77693263190251
2.68096514745308,-1.180232679988
2.67379679144385,-1.57214892826199
2.66947849403432,-3.49766622926254
2.66666666666667,0.759120965377424
2.65957446808511,-2.16304824738621
2.6525198938992,-3.0040430150248
2.65108360190854,-3.36177432325523
2.64550264550265,-1.89211513367622
2.63852242744063,-1.36596019738785
2.63281546564802,-3.44911609223
2.63157894736842,-1.81830042012389
2.6246719160105,-2.16102892393441
2.61780104712042,-2.96662915254241
2.61467321180109,-2.00314216598015
2.61096605744125,-3.64889855812874
2.60416666666667,-3.46716793431029
2.5974025974026,-2.41754813069287
2.59665597293487,-3.40932542496769
2.59067357512953,-3.53545127736141
2.58397932816537,-1.88862860930829
2.5787628875938,-2.98395390951238
2.57731958762887,-3.02500786481378
2.5706940874036,-2.73657894171007
2.56410256410256,-1.45566955488276
2.56099310025846,-2.97618135323229
2.55754475703325,-1.31252257452995
2.55102040816327,-2.00475287055211
2.54452926208651,-2.0064719950419
2.54334576130465,-3.17135510471065
2.53807106598985,-3.60658339335883
2.53164556962025,-2.08122896298571
2.52582002696278,-3.48669972504835
2.52525252525253,-3.14432192342836
2.51889168765743,-3.53938057045421
2.51256281407035,-2.84614365213484
2.50841505927754,-2.52718475252736
2.5062656641604,-3.40241562114427
2.5,-3.25182492194814
2.49376558603491,-3.42169318155997
2.49113002606779,-3.47160215872706
2.48756218905473,-2.87651394351071
2.48138957816377,-3.64952746908407
2.47524752475248,-1.85428169311715
2.47396410088681,-3.09559507362006
2.46913580246914,-3.49623288417397
2.46305418719212,-3.50330239527782
2.45700245700246,-0.60126859925209
2.45691646298279,-0.220887873210851
2.45098039215686,-3.36283905058898
2.44498777506112,-3.15483979381583
2.43998629725955,-2.48629718097818
2.4390243902439,-2.95180496532468
2.4330900243309,-2.97813688016982
2.42718446601942,-3.65577853863526
2.4231727942376,-2.91736784210094
2.42130750605327,-3.48541766353325
2.41545893719807,-3.28452825642303
2.40963855421687,-3.40687046931266
2.40647515001542,-3.23011881273238
2.40384615384615,-2.16319186914314
2.39808153477218,-2.74932597224061
2.39234449760766,-2.78518908887103
2.38989256623105,-2.92721904265256
2.38663484486874,-1.93682658462118
2.38095238095238,-3.20001385757463
2.37529691211401,-3.64954084393089
2.37342425002387,-3.57240964147247
2.3696682464455,-3.4474993100945
2.36406619385343,-1.77246531786424
2.35849056603774,-3.06141680146653
2.35706941399673,-3.21153327461361
2.35294117647059,-3.31065553285192
2.34741784037559,-3.29168141882748
2.34192037470726,-2.67301214919838
2.34082727617829,-3.6617442077901
2.33644859813084,-2.53737592399029
2.33100233100233,-2.67600612448264
2.32558139534884,-3.48198894314971
2.32469705998565,-3.66272700233643
2.32018561484919,-1.51363154871445
2.31481481481481,-2.90945411139084
2.3094688221709,-3.27232866481541
2.30867799418717,-3.16118860068634
2.30414746543779,-3.07317678892307
2.29885057471264,-2.65920288765819
2.29357798165138,-0.20491696235096
2.29276931286565,-2.07926782084236
2.2883295194508,-3.4899561807838
2.28310502283105,-3.64861432480567
2.27790432801822,-1.05101887084491
2.27697025538168,-2.54826802077063
2.27272727272727,-2.8099074874308
2.26757369614512,-3.36123980530455
2.26244343891403,-2.39524624350538
2.26128006633728,-3.10945168990345
2.25733634311512,-3.66343208482148
2.25225225225225,-3.07484375190365
2.24719101123596,-3.18586519292144
2.24569799553977,-3.33606676371285
2.24215246636771,-3.64236398656031
2.23713646532438,-3.39682091556296
2.23214285714286,-2.03596272726859
2.23022329796594,-3.19940433702318
2.2271714922049,-3.56046028992874
2.22222222222222,-2.75833607247879
2.21729490022173,-0.0207851722878258
2.21485523372636,-3.49085528373207
2.21238938053097,-3.54417476680107
2.2075055187638,-3.17648003176982
2.20264317180617,-2.28831345788351
2.19959306803007,-2.46038812433302
2.1978021978022,-3.48833410268504
2.19298245614035,-3.17362755965619
2.18818380743982,-3.57216832782243
2.18443607114943,-1.39770557919526
2.18340611353712,-2.80291189055056
2.17864923747277,-3.4685232071295
2.17391304347826,-3.2577499562961
2.16938351838518,-3.37976020137016
2.16919739696312,-3.53997825302069
2.16450216450216,-3.59512126715542
2.15982721382289,-1.29597555115411
2.1551724137931,-3.33710706079456
2.15443469003188,-3.03472817993129
2.1505376344086,-3.2307768633341
2.14592274678112,-3.3345386826942
2.14132762312634,-3.20820661269392
2.13958887134342,-3.34753344907245
2.13675213675214,-1.70476042412157
2.13219616204691,-3.33312038450235
2.12765957446809,-2.29720359140451
2.12484535249888,-3.29264243880528
2.12314225053079,-2.11919525285326
2.11864406779661,-3.29228557116276
2.11416490486258,-3.52888679939228
2.1102034285686,-2.32949535845857
2.10970464135021,-3.4063505952093
2.10526315789474,-3.31196632276497
2.10084033613445,-3.33498188638712
2.09643605870021,-3.51232950853709
2.09566239948043,-3.39526703442778
2.09205020920502,-3.27193366848764
2.08768267223382,-2.53978486444431
2.08333333333333,-1.31978647169863
2.08122156998634,-3.20830485697642
2.07900207900208,-3.48754451637971
2.0746887966805,-3.18268545496313
2.0703933747412,-3.233472488618
2.06688024962908,-3.61213346006799
2.06611570247934,-3.29606972812807
2.06185567010309,-3.20940041081273
2.05761316872428,-2.73230428942064
2.05338809034908,-3.37468993573723
2.05263775270925,-2.03090001222695
2.04918032786885,-3.49588995914662
2.04498977505112,-2.73476133581094
2.04081632653061,-3.57272570478021
2.03849339825246,-3.57006775279866
2.03665987780041,-3.63310533277449
2.03252032520325,-2.62683289238698
2.02839756592292,-3.33688519089101
2.0244465099768,-3.21006556315411
2.02429149797571,-2.84777415886118
2.02020202020202,-3.12353337508538
2.01612903225806,-3.51074710853826
2.01207243460765,-1.83781098269405
2.0104964162605,-2.5508110291225
2.00803212851406,-2.93265334892477
2.00400801603206,-3.63848626430787
2,-3.60957173339527
1.99664245010979,-3.62253288333649
1.99600798403194,-3.38554644882098
1.99203187250996,-3.54079961239018
1.98807157057654,-3.35177855409391
1.98412698412698,-3.58468055379928
1.98288394912707,-3.51299716414659
1.98019801980198,-3.26863833455844
1.97628458498024,-2.42319437725883
1.9723865877712,-3.10936464353405
1.96922025547917,-2.85731642927991
1.96850393700787,-3.01776353564777
1.96463654223969,-3.4048117576432
1.96078431372549,-3.39134793455976
1.95694716242661,-3.2666892311213
1.95565071586595,-2.62036488756921
1.953125,-3.23847312087507
1.94931773879142,-2.60982873736527
1.94552529182879,-3.49359942676703
1.94217468148903,-3.36726151192574
1.94174757281553,-3.06784221288076
1.93798449612403,-3.43190703726152
1.93423597678917,-3.5024255666314
1.93050193050193,-3.47064193330088
1.92879150802078,-2.99450827387299
1.92678227360308,-3.28941962283262
1.92307692307692,-2.48556067945166
1.91938579654511,-2.44833781644318
1.91570881226054,-3.14217301381431
1.91550055557353,-3.51025317699556
1.91204588910134,-3.00718576285611
1.90839694656489,-2.42876600502428
1.9047619047619,-3.57800498012538
1.90230118866894,-3.64725773191524
1.90114068441065,-3.52922266192648
1.89753320683112,-3.46392756866571
1.89393939393939,-3.42303341877986
1.89035916824197,-2.68936528587745
1.88919277620767,-2.95267244813813
1.88679245283019,-2.78162339755867
1.88323917137476,-3.34305693974305
1.8796992481203,-0.592734533185602
1.87617469143912,-3.06413854919317
1.87617260787992,-3.06875015427719
1.87265917602996,-3.489825768182
1.86915887850467,-3.31350765604757
1.86567164179104,-3.55606026491393
1.86324631193156,-3.41305636151416
1.86219739292365,-3.15421230042296
1.85873605947955,-3.59845052698547
1.85528756957328,-3.39869962379582
1.85185185185185,-3.56466198840705
1.8504070195423,-3.20045416949126
1.84842883548983,-2.16814706483155
1.8450184501845,-2.74382021511975
1.84162062615101,-3.45726520386982
1.83823529411765,-2.74925890752594
1.83765620038817,-3.63134927705176
1.8348623853211,-3.30979610947021
1.83150183150183,-3.58239803840355
1.82815356489945,-2.5069170602985
1.82499324481615,-3.11823012492631
1.82481751824817,-3.35206100085334
1.82149362477231,-2.04264215729365
1.81818181818182,-2.5260515514998
1.81488203266788,-3.59778207693385
1.81241754737424,-1.66816580252709
1.81159420289855,-2.40598972259435
1.80831826401447,-3.50164002724564
1.80505415162455,-3.61808160073356
1.8018018018018,-2.76966141958233
1.79992850678248,-2.31807315089297
1.79856115107914,-3.27554530021284
1.79533213644524,-3.61437243065968
1.7921146953405,-3.57782686604316
1.78890876565295,-3.23584648088673
1.78752552590424,-3.14364909096347
1.78571428571429,-3.61162704136218
1.7825311942959,-2.40189571736415
1.77935943060498,-3.21313215479922
1.77619893428064,-3.08882991505139
1.77520801171763,-2.71332240428951
1.77304964539007,-0.0452116507278033
1.76991150442478,-3.47697179275688
1.76678445229682,-2.42342633661535
1.7636684303351,-2.17547968372663
1.76297537528721,-3.54445797076728
1.76056338028169,-2.51897046555974
1.75746924428822,-3.60872720934746
1.75438596491228,-3.56839597063962
1.75131348511384,-2.48056978700209
1.75082703173572,-1.9417405627564
1.74825174825175,-3.13765256769882
1.74520069808028,-2.72979640264857
1.74216027874564,-2.46959080472437
1.73913043478261,-3.65377900669771
1.73876240021625,-3.62642336326787
1.73611111111111,-2.62003745501878
1.73310225303293,-2.00963149109115
1.73010380622837,-3.52256770331486
1.72711571675302,-3.14290040878803
1.72678090388436,-2.76722816335448
1.72413793103448,-2.46200498223349
1.72117039586919,-3.40380168168091
1.71821305841924,-2.19938488219692
1.71526586620926,-1.03192496051697
1.71488196987054,-3.26688628200794
1.71232876712329,-2.76541353020597
1.70940170940171,-1.52964961203942
1.70648464163823,-3.63216880506227
1.70357751277683,-3.50708911254578
1.70306502925284,-3.61254472696539
1.70068027210884,-3.26591775246468
1.69779286926995,-3.21638740252818
1.69491525423729,-2.89005581651549
1.69204737732657,-3.57009402492515
1.69132951702965,-3.5333137926908
1.68918918918919,-2.96217817541399
1.68634064080944,-2.51318553767224
1.68350168350168,-3.29686712141496
1.68067226890756,-1.87939279163624
1.67967487209265,-3.46072616840503
1.67785234899329,-2.51198400835109
1.6750418760469,-3.29016913272097
1.67224080267559,-3.33894920270675
1.669449081803,-2.67185535666699
1.66810053720006,-3.3845522615755
1.66666666666667,-3.55814274458497
1.66389351081531,-3.56713741498687
1.66112956810631,-2.17513461374527
1.65837479270315,-3.57342284454735
1.65660595894991,-3.46820037015841
1.65562913907285,-2.04283434886583
1.65289256198347,-2.50086797118071
1.65016501650165,-3.64028577799733
1.64744645799012,-3.08428165740123
1.64519058775366,-2.85705372534441
1.64473684210526,-1.66698823952218
1.64203612479475,-3.32903990746736
1.63934426229508,-3.28242448835941
1.6366612111293,-0.0705078717341037
1.63398692810458,-2.78535451806844
1.63385387780986,-3.56840787212628
1.63132137030995,-2.68364468805698
1.62866449511401,-2.87747954156644
1.6260162601626,-3.0550610711971
1.62337662337662,-3.31799747594548
1.62259528707809,-3.35386427436857
1.62074554294976,-3.56267480479299
1.61812297734628,-3.65952653207979
1.61550888529887,-3.47726036516583
1.61290322580645,-1.92506267401201
1.61141427725302,-3.45417381082027
1.61030595813205,-2.26978450257591
1.60771704180064,-3.17857747897115
1.60513643659711,-1.0413562111881
1.6025641025641,-1.66554106823916
1.6003103137387,-2.33770098098123
1.6,-1.0852739211444
1.59744408945687,-1.78297639745225
1.59489633173844,0.35175325483947
1.59235668789809,-0.798736968661227
1.58982511923688,-3.12920005951669
1.58928286562298,-1.42089915715514
1.58730158730159,-2.77934334434932
1.58478605388273,-2.87796347760767
1.58227848101266,-0.876968162782343
1.57977883096367,-3.30891644722071
1.57833140565212,-3.59888311349503
1.57728706624606,-1.53832278938192
1.5748031496063,-3.26071172892396
1.57232704402516,-3.35353401822017
1.56985871271586,-2.48204898285651
1.5674554102056,-2.55087369229518
1.56739811912226,-2.07429040381713
1.56494522691706,-1.5532006551975
1.5625,-1.59035357083134
1.5600624024961,-3.57972205908843
1.55763239875389,-3.17728532504425
1.55665435927106,-3.33385962797088
1.5552099533437,-1.34881392141342
1.5527950310559,-1.63476469043355
1.55038759689922,-1.7272293221191
1.54798761609907,-0.0455710537458556
1.54592773641948,-2.722214087001
1.54559505409583,-3.28009928025629
1.54320987654321,-2.95484304553768
1.54083204930663,-2.8843161490541
1.53846153846154,-3.54703771392881
1.53609831029186,-1.71668579819741
1.53527502878042,-0.883962114727249
1.53374233128834,-3.3469821883247
1.53139356814701,-3.59527981935311
1.52905198776758,-3.56303166789719
1.52671755725191,-2.66770835375193
1.52469572701757,-3.62500180260478
1.52439024390244,-2.89092255140535
1.5220700152207,-3.5736980186022
1.51975683890577,-2.46983138620963
1.51745068285281,-2.07934790476666
1.51515151515152,-2.05506676840634
1.51418932530435,-3.57791734039581
1.51285930408472,-3.38069143295017
1.51057401812689,-2.71308355166606
1.50829562594268,-1.46044638103269
1.50602409638554,-3.51070384632556
1.50375939849624,-3.35000912880782
1.50375532129974,-3.38358128712148
1.5015015015015,-3.20937148901943
1.49925037481259,-3.27880872709242
1.49700598802395,-3.32734289150742
1.49476831091181,-2.04578180407541
1.49339321612425,-1.74151707714774
1.49253731343284,-3.64639344849025
1.4903129657228,-3.06384891600721
1.48809523809524,-1.33939275696558
1.48588410104012,-3.62436641435728
1.48367952522255,-3.39036328435098
1.4831025143361,-3.2992041946167
1.48148148148148,-3.11156756516884
1.4792899408284,-3.18148993794203
1.47710487444609,-3.40886247083828
1.47492625368732,-3.22197559435669
1.4728827239075,-3.35158882747823
1.47275405007364,-3.59704387597237
1.47058823529412,-3.63446811102987
1.46842878120411,1.23166634044215
1.46627565982405,-2.71927565738492
1.46412884333821,-2.20156288896275
1.46273335620113,-2.28861317220481
1.46198830409357,-1.48982812797739
1.45985401459854,-3.07081279682843
1.45772594752187,-3.5568465056392
1.45560407569141,-1.91499758162477
1.45348837209302,-0.692785539131857
1.45265392594678,-3.32632954426752
1.45137880986938,-0.151570931099694
1.44927536231884,-3.33549596360977
1.44717800289436,-1.50267673852006
1.44508670520231,-0.967247072280155
1.44300144300144,-2.7672238003749
1.44264395121816,-3.35774675138633
1.44092219020173,-3.23521280097683
1.43884892086331,-1.22172606125728
1.4367816091954,-3.50652957023949
1.43472022955524,-2.38473082290399
1.43270295340983,-3.38581930217587
1.43266475644699,-3.32512217453755
1.43061516452074,-1.84584843055084
1.42857142857143,2.94551302686096
1.4265335235378,0.228675845925769
1.42450142450142,-2.24445669094883
1.42283045721435,-0.579979559739011
1.42247510668563,-2.04012027673961
1.42045454545455,-0.561763832627018
1.41843971631206,-3.06178450443512
1.41643059490085,0.036261251249603
1.41442715700141,0.0111004325145148
1.41302599059953,-0.53312949697992
1.41242937853107,-2.25864350349489
1.41043723554302,-3.0646193569985
1.40845070422535,-3.45909653172303
1.40646976090014,-3.00487643891365
1.40449438202247,-2.65790041289882
1.40328908478587,-1.3894640901786
1.40252454417952,-3.60421196643461
1.40056022408964,-3.44944562585031
1.3986013986014,-3.28073359217218
1.39664804469274,-1.96080332855901
1.39470013947001,-2.42048390990264
1.39361927422414,-0.0274113399982907
1.39275766016713,-3.06432902246125
1.39082058414465,-1.71619984001198
1.38888888888889,-2.00510738914037
1.3869625520111,-2.91841140121759
1.38504155124654,-2.57299514350766
1.38401609657313,-1.24321091281036
1.38312586445367,-1.88582344050875
1.38121546961326,-2.79937094041226
1.37931034482759,-2.81066669654914
1.37741046831956,-3.60763164943769
1.37551581843191,-3.47614493545349
1.37447909267754,-2.27029323489814
1.37362637362637,-3.53621138133688
1.37174211248285,-3.38774040183177
1.36986301369863,-2.02340457663122
1.36798905608755,-3.59675875798002
1.36612021857923,-3.03573904698821
1.36500780654601,-2.5256989598519
1.36425648021828,-2.35066592521285
1.36239782016349,-2.83664488412758
1.36054421768707,-3.02574645289668
1.35869565217391,-3.50884053252106
1.35685210312076,-3.36659065610562
1.35560178532937,-2.6950336945744
1.3550135501355,-2.77620010677448
1.3531799729364,-3.28212891769281
1.35135135135135,-3.3059766266176
1.34952766531714,-3.36880283443149
1.34770889487871,-0.931881461303855
1.34626057929891,-2.40425390979537
1.34589502018843,-3.00288494277136
1.34408602150538,-1.18463740778928
1.34228187919463,-3.19186114984013
1.34048257372654,-3.42828132285752
1.33868808567604,-3.0173554786604
1.33698374182495,-2.74826693888887
1.33689839572193,-3.41661253161002
1.33511348464619,-3.13016666509592
1.33333333333333,-2.03650654586736
1.33155792276964,-2.67176770982935
1.32978723404255,-3.30271534094531
1.32802124833997,-3.23211225734952
1.32777082935543,-3.29135258874576
1.3262599469496,-3.56593661531611
1.32450331125828,-2.35437704737169
1.32275132275132,-2.68220368981734
1.32100396301189,-3.46377212214524
1.31926121372032,-2.86640885932531
1.31862140139475,-3.61882694381763
1.31752305665349,-2.59884899543492
1.31578947368421,-2.6696691598875
1.31406044678055,-0.563554728986939
1.31233595800525,0.236231318539144
1.31061598951507,-1.59241234132959
1.30953502048267,-2.89532125378293
1.30890052356021,-2.96742175755186
1.30718954248366,-1.33331842056235
1.30548302872063,-1.41069764394571
1.30378096479791,-3.37718658746668
1.30208333333333,-1.97118825691067
1.30051125217341,-2.46293363013315
1.30039011703511,-2.71118579924895
1.2987012987013,-3.27196382296845
1.2970168612192,-3.60914239517198
1.29533678756477,-2.62800197988822
1.29366106080207,-2.38677407761245
1.29198966408269,-3.44116118289169
1.29154966501488,-2.03921443182288
1.29032258064516,-3.13206681292301
1.28865979381443,-3.22313628161389
1.28700128700129,-2.5332483482971
1.2853470437018,1.08691524172237
1.28369704749679,-2.52445621392983
1.28264983052806,-3.53343677238326
1.28205128205128,-2.46957208494124
1.28040973111396,1.53873350999563
1.27877237851662,-1.82043844013115
1.27713920817369,-2.0822020713271
1.27551020408163,-1.95966320197563
1.27388535031847,-1.45443584094947
1.27381132318648,-2.0526558516568
1.27226463104326,-2.7619958309712
1.27064803049555,-3.64546030249407
1.26903553299492,-3.4600493879948
1.26742712294043,-2.93398589906867
1.26582278481013,-2.22123385368108
1.2650337203959,-3.41073141191553
1.26422250316056,-1.40225872613761
1.26262626262626,-3.30777042292105
1.26103404791929,-3.3154247680962
1.25944584382872,-1.91789284659965
1.25786163522013,-1.67479295520043
1.25631660247412,-2.94840119644685
1.25628140703518,-2.62538767430554
1.25470514429109,-1.53230120010955
1.2531328320802,-3.17824115452573
1.25156445556946,-2.67846208652234
1.25,-3.11326120765146
1.24843945068664,-2.83152701365635
1.24765955263087,-3.0237294182986
1.24688279301746,-3.40140850202264
1.2453300124533,-2.6347532944856
1.24378109452736,-2.58363441083496
1.24223602484472,-3.17056601574974
1.24069478908189,-2.66164630154902
1.23915737298637,-3.09676972537921
1.23906215694792,-3.04272637856097
1.23762376237624,-2.27876753755946
1.23609394313968,-3.03283455366819
1.23456790123457,-3.04755122982645
1.23304562268804,-0.81248905137114
1.23152709359606,-3.56748783228123
1.23052400435926,-2.46598204315121
1.230012300123,-2.28214935175158
1.22850122850123,-3.59359039828281
1.22699386503067,-3.29201331804829
1.22549019607843,-2.28378205977831
1.22399020807834,-3.25278584061011
1.22249388753056,-2.3491610225915
1.22204468663149,-3.42576619292056
1.22100122100122,-1.99122008479857
1.21951219512195,-1.96098915984374
1.21802679658952,-2.58545230358204
1.21654501216545,-1.00827066441137
1.21506682867558,0.958552940784348
1.21362379834424,-2.36801380926947
1.21359223300971,-3.21024269404792
1.21212121212121,-2.61524227498999
1.21065375302663,-0.749330513045872
1.20918984280532,-2.93752298441167
1.20772946859903,-3.34548338132749
1.20627261761158,-2.8104374097896
1.20526093687084,-3.64513875029216
1.20481927710843,-3.435229972339
1.20336943441637,-3.08576732994056
1.20192307692308,-2.83312940167753
1.20048019207683,-3.39575381135792
1.19904076738609,-1.07892683324398
1.19760479041916,-3.54921104878319
1.19695570235904,-3.05544916424118
1.19617224880383,-3.53144901018437
1.194743130227,-2.5346333540662
1.19331742243437,-2.81338938680714
1.19189511323004,-0.859339799003105
1.19047619047619,-3.18626022738867
1.18906064209275,-2.29126820999495
1.1887076977119,-3.31703270341988
1.18764845605701,-0.682613685608156
1.18623962040332,-2.92857970075387
1.18483412322275,-2.45385987451008
1.18343195266272,-1.35795747782019
1.18203309692671,-0.887568633062055
1.18063754427391,-1.43015431342227
1.18051652856881,-3.42864713627356
1.17924528301887,-1.60589618033601
1.17785630153121,-2.67101699289635
1.17647058823529,-2.82385755777419
1.17508813160987,-2.89793123877022
1.17370892018779,-1.39515460577196
1.1723818032866,-2.2882978943994
1.17233294255569,-1.19486681806934
1.17096018735363,-2.82512925848531
1.16959064327485,-3.49194176552298
1.16822429906542,-2.3543823308051
1.16686114352392,1.68102350821788
1.16550116550117,-1.82531592929298
1.16430313292088,-3.42814794672376
1.16414435389988,-2.9012944153723
1.16279069767442,-0.441224441371342
1.16144018583043,-1.79515108568564
1.16009280742459,-3.16263267464337
1.15874855156431,-3.15139135037922
1.15740740740741,-0.892620869027733
1.15628013120738,-3.37430546914056
1.15606936416185,-2.68024802679359
1.15473441108545,-3.27617467964067
1.15340253748558,-2.34049254517633
1.15207373271889,-3.23358846282805
1.15074798619102,-1.86347803996038
1.14942528735632,-3.44425437686358
1.14831241454351,-3.05606073640599
1.14810562571757,-3.47938422211883
1.14678899082569,-2.25036749550234
1.1454753722795,-3.26296002998903
1.1441647597254,-3.03842375830218
1.14285714285714,-3.49461946104692
1.14155251141553,-1.82948102132617
1.14039960197003,-1.72643155931326
1.14025085518814,-3.29211477466496
1.13895216400911,-3.29741357652797
1.13765642775882,-1.94426276297916
1.13636363636364,-0.830534083550542
1.13507377979569,-3.22389928643473
1.13378684807256,-0.743705819915117
1.13254131515281,4.65865220070844
1.13250283125708,2.94966758088082
1.13122171945701,-2.95456239504714
1.12994350282486,-3.38028660742763
1.12866817155756,-2.20384591076619
1.12739571589628,-0.413807208153609
1.12612612612613,-2.60130546064321
1.12485939257593,-3.19601332322533
1.12473717836475,-2.87089513935724
1.12359550561798,-2.18898471705556
1.12233445566779,-3.23382007855148
1.12107623318386,-1.52036159000427
1.11982082866741,-3.61155184333837
1.11856823266219,-3.20241491836638
1.11731843575419,-0.853874893277758
1.11698681846782,-3.36012123590715
1.11607142857143,-3.60886391299077
1.11482720178372,-3.43500268709753
1.11358574610245,-2.4479082782489
1.11234705228031,0.537343855233208
1.11111111111111,-1.7355497091011
1.10987791342952,-2.78953262705304
1.10928986489522,-2.59362592489544
1.10864745011086,-1.56537868537419
1.10741971207087,-3.63624601707643
1.10619469026549,-2.89760752326255
1.10497237569061,-2.87843625332296
1.1037527593819,-3.6153467146061
1.10253583241455,-3.00759353861109
1.10164594963366,-3.37359790529647
1.10132158590308,-3.03502075843052
1.1001100110011,0.672614608894141
1.0989010989011,-3.1446885886104
1.09769484083425,-2.9008429882124
1.09649122807018,-3.62198261731559
1.09529025191676,-2.57945275332723
1.09409190371991,-3.43384648599881
1.09405470720574,-3.34876653341415
1.09289617486339,-3.08058860115143
1.09170305676856,-3.36590631755838
1.09051254089422,-2.57195414174044
1.08932461873638,-0.77417587290024
1.08813928182807,-3.23331581413408
1.08695652173913,-1.45541532081723
1.08651577465254,-0.899058310759936
1.085776330076,-0.101674617865295
1.08459869848156,-3.25886033837657
1.08342361863489,-2.27562227597938
1.08225108225108,-1.86078890701865
1.08108108108108,-0.458298308788282
1.07991360691145,-1.32153418812949
1.07902879151618,-1.38784247501105
1.07874865156419,-2.81059511559483
1.07758620689655,-1.40946036289771
1.07642626480086,-2.16620694359828
1.0752688172043,-2.71262295260594
1.07411385606874,-2.97774186860236
1.07296137339056,-2.35643942062948
1.07181136120043,-1.58241817285322
1.07159339982267,-1.91247965094966
1.07066381156317,-3.00047259464138
1.06951871657754,-0.379276936958443
1.06837606837607,-1.0052365991563
1.06723585912487,-1.36408808929961
1.06609808102345,-0.632614882091853
1.06496272630458,-3.36310136878422
1.06420924406472,-2.73274543604169
1.06382978723404,-2.39932473582739
1.06269925611052,-0.664727518208632
1.06157112526539,-3.24076989533035
1.06044538706257,-1.46092313151866
1.0593220338983,-1.28686641202021
1.05820105820106,-2.62914054372744
1.05708245243129,-2.90254756293886
1.0568759711848,-3.41806463248353
1.05596620908131,-3.50968611876761
1.05485232067511,-2.66454262598672
1.05374077976818,-3.00820271544414
1.05263157894737,-2.77741809392212
1.0515247108307,-2.73907580666953
1.05042016806723,-2.68726920709467
1.04959323055823,-3.22009226803111
1.04931794333683,-2.19426051648862
1.0482180293501,-2.23269369543935
1.04712041884817,-2.86913317675374
1.04602510460251,-3.05751048176178
1.04493207941484,-2.91679545505321
1.04384133611691,-3.55684856912027
1.04275286757039,-2.59090128977486
1.0423606739764,-1.30831938477767
1.04166666666667,2.59821357484511
1.04058272632674,-0.925154760245372
1.03950103950104,0.385242541906895
1.03842159916926,1.65573694141959
1.03734439834025,-2.41482548421045
1.03626943005181,-3.57424687777866
1.0351966873706,-2.24121511665676
1.03517795563018,-1.77848717239037
1.03412616339193,-3.57969733458041
1.03305785123967,-2.112137365071
1.03199174406605,-2.9897092920933
1.03092783505155,-3.37456772154017
1.02986611740474,-3.46069863921975
1.02880658436214,-3.01702064830281
1.02804473209331,-0.210892385155613
1.02774922918808,-3.3581229891882
1.02669404517454,-3.47042169957991
1.02564102564103,-3.41781981797085
1.02459016393443,-3.0937755335009
1.02354145342886,-2.94130701658816
1.02249488752556,-3.66303660709867
1.02145045965271,-1.58937797917208
1.02096066230605,-3.37708804921045
1.02040816326531,-3.02433798943671
1.01936799184506,-3.30392920251317
1.0183299389002,-2.49571653826238
1.01729399796541,-3.5000462451418
1.01626016260163,-2.74330819561375
1.01522842639594,-2.73981986654648
1.01419878296146,-3.31253537305475
1.01392540755882,-3.26583779614928
1.01317122593718,-0.484526834318369
1.01214574898785,-3.23920627175159
1.01112234580384,-1.83933064821279
1.01010101010101,-0.940376883546302
1.00908173562059,-2.24406798899771
1.00806451612903,-0.444835018187244
1.00704934541793,-1.97954311188139
1.00693863147603,-3.30834655496714
1.00603621730382,-3.18841351562873
1.00502512562814,-3.01196139426552
1.00401606425703,1.62351923624341
1.00300902708124,-0.710609702434719
1.00200400801603,0.296610175078873
1.001001001001,5.14065929331465
1,-2.2809336944547
