"bfp_output.P","bfp_output.logBF"
1000,-0.298364441136765
993.109181374979,-0.168757947234279
986.265846131283,-0.0915635929438094
979.46966706954,-0.0634362965036628
972.720319245055,-0.0779277476599516
966.017479952265,-0.12849811185411
959.360828709315,-0.21131524142741
952.75004724273,-0.326771700678147
946.184819472201,-0.479285602176229
939.66483149547,-0.675454948754814
933.189771573324,-0.920948063975866
926.759330114689,-1.21687247681536
920.373199661823,-1.55683081406154
914.031074875623,-1.9260496953667
907.732652521023,-2.30331206479887
901.477631452492,-2.66500996376596
895.26571259964,-2.98944701246405
889.096598952916,-3.2595675367615
882.969995549409,-3.46346634481837
876.885609458743,-3.59336323906096
870.843149769073,-3.64444317592069
864.842327573172,-3.61498845121964
858.882855954625,-3.50863873299125
852.964449974103,-3.3381441336805
847.086826655741,-3.12769020126849
841.249704973612,-2.90981204523872
835.452805838287,-2.71623309881455
829.695852083491,-2.5680400395223
823.978568452852,-2.47193923137619
818.300681586739,-2.42368548858881
812.661920009195,-2.41449927323405
807.06201411495,-2.43634776728076
801.500696156541,-2.48456466173006
795.977700231499,-2.55769570822649
790.492762269642,-2.65445153298104
785.045620020451,-2.76868280721812
779.636013040523,-2.88698873564861
774.263682681127,-2.99393464505298
768.928372075831,-3.08053113070464
763.629826128224,-3.14657830067999
758.367791499719,-3.19657183812778
753.142016597437,-3.23501494294747
747.952251562182,-3.26372143452614
742.798248256492,-3.2802272302158
737.679760252773,-3.27636265702354
732.596542821523,-3.23863365054894
727.548352919623,-3.15696647491311
722.534949178721,-3.04521517856768
717.556091893692,-2.94679855552063
712.611543011175,-2.89913400478847
707.701066118189,-2.90681933880391
702.824426430835,-2.95642542880118
697.981390783066,-3.03545872038797
693.17172761554,-3.13649875942879
688.39520696455,-3.25320088771304
683.651600451024,-3.37407637381623
678.940681269611,-3.47761163014759
674.262224177835,-3.53444694877204
669.616005485322,-3.52027927833681
665.001803043112,-3.43024143879414
660.419396233031,-3.27943603974274
655.868565957143,-3.09116799143704
651.349094627281,-2.8875513343964
646.860766154633,-2.6886066559566
642.40336593942,-2.51502818045581
637.976680860628,-2.38817610730733
633.580499265825,-2.32507927232846
629.214610961035,-2.33228943496236
624.878807200689,-2.40466781736277
620.57288067765,-2.52989037595578
616.296625513294,-2.69332788199231
612.04983724767,-2.87890826219886
607.832312829723,-3.06703362880064
603.643850607587,-3.23363433884752
599.484250318941,-3.35208746026454
595.353313081437,-3.39547943304741
591.250841383188,-3.3369922876049
587.176639073326,-3.15195356504965
583.130511352622,-2.83045901840664
579.112264764176,-2.4043560642708
575.121707184161,-1.96495009779052
571.158647812643,-1.6267086153022
567.222897164454,-1.45347887078524
563.314267060136,-1.43441341366217
559.432570616938,-1.52559898880063
555.577622239888,-1.69373469260112
551.749237612913,-1.9273691963004
547.947233690029,-2.22221399921885
544.171428686589,-2.55911298413975
540.421642070592,-2.8946092971564
536.697694554048,-3.16782851174592
532.999408084409,-3.31014472767758
529.326605836056,-3.25671573278522
525.679112201842,-2.97662100702412
522.056752784698,-2.51475030977626
518.459354389291,-1.9895875598484
514.886745013749,-1.52240751878123
511.338753841433,-1.17359764991964
507.815211232767,-0.946738248399764
504.315948717136,-0.82954558918659
500.840798984821,-0.823854727213937
500,-0.841081973373245
497.389595879006,-0.945697990111607
493.962174387832,-1.20570248964851
490.558370636505,-1.59815397354624
487.178021879463,-2.1020728417893
483.820966492595,-2.66909482284056
480.487043965513,-3.19792634868032
477.176094893875,-3.54468160924584
473.887960971765,-3.60641582052257
470.622484984128,-3.39568139703176
467.379510799247,-3.00700602904451
464.158883361278,-2.53913125095884
460.960448682844,-2.06604091928984
457.784053837662,-1.64634979530548
454.62954695324,-1.32604043871414
451.49677720361,-1.12952840715969
448.385594802119,-1.06623581731359
445.295850994266,-1.15136825909543
442.22739805059,-1.40584497757119
439.180089259609,-1.81753683122759
436.153778920801,-2.30417831569924
433.14832233764,-2.74922547366314
430.16357581068,-3.0829186055552
427.199396630678,-3.3057265308593
424.255643071778,-3.45060405540907
421.332174384729,-3.5467599872412
418.428850790158,-3.60973098298971
415.545533471888,-3.64621293288094
412.682084570296,-3.65910541298417
409.838367175726,-3.64982635055808
407.014245321944,-3.62107272223242
404.209583979631,-3.57487960617901
401.424249049932,-3.50059648412938
398.658107358044,-3.36956213120139
395.911026646846,-3.15069243863153
393.182875570577,-2.86126832266849
390.473523688556,-2.60921429247635
387.782841458946,-2.49256748688527
385.110700232557,-2.47787743126021
382.4569722467,-2.43184313510839
379.821530619074,-2.15628987336107
377.2042493417,-1.50176206124653
374.605003274899,-0.796845090958906
372.023668141307,-0.629942642101791
369.46012051993,-1.01636073205871
366.914237840249,-1.60939134575697
364.385898376355,-1.75005790242126
361.874981241128,-0.622851462953132
359.381366380463,1.0481735721714
356.904934567523,1.7522212791585
354.445567397043,1.09217774280446
352.003147279668,-0.605936182153395
349.577557436327,-2.24778459111335
347.168681892656,-2.75866024813903
344.776405473446,-2.47910720349169
342.400613797142,-2.20770635207516
340.041193270371,-2.04482206058854
337.698031082509,-1.47540694660897
335.371015200293,-0.0389158455166791
333.333333333333,1.83817150531919
333.060034362459,2.10902625678363
330.764978074424,4.16187921807192
328.485736603004,4.78105704645102
326.222200971167,2.99981414596509
323.97426295282,0.102002200820142
321.741815067637,-1.91499076091001
319.524750575921,-2.55726430947071
317.322963473498,-2.03885777080078
315.136348486648,-0.729007322365855
312.964801067075,0.595540094719031
310.808217386907,1.18063136288076
308.666494333727,0.981127291197301
306.539529505653,0.332667771035138
304.42722120643,-0.265972230889655
302.329468440578,-0.147280278736882
300.246170908555,1.09099051971056
298.177229001967,2.83840448785857
296.122543798804,3.46046243101755
294.082017058706,2.54940519898712
292.055551218275,1.44439474457524
290.043049386399,0.767844987367131
288.04441533963,0.105235695589745
286.059553517574,-0.38521174121531
284.08836901833,0.268168170674319
282.130767593947,2.1143006236088
280.18665564592,3.29730647616559
278.255940220713,2.43152757395312
276.338529005317,0.175771417833251
274.434330322837,-2.00966495572912
272.543253128103,-2.82778284515582
270.665207003324,-1.24180118315457
268.800102153761,2.85232609852652
266.947849403432,7.78019836398558
264.398832986803,10.8950397109037
263.281546564802,9.79106899454972
261.467321180109,5.06308160044255
259.665597293487,-0.673531946260151
257.87628875938,-3.52906473818994
256.099310025846,-2.81396660405506
254.334576130465,-0.470644849758894
252.582002696278,2.11541869632767
250.841505927754,4.23687447525102
250,4.77327977884871
249.113002606779,4.59317559991145
247.396410088681,1.1622615909166
245.691646298279,-2.7768341215302
243.998629725955,-3.39583727644212
242.31727942376,-2.57986948209664
240.647515001542,-1.69909245348368
238.989256623105,-1.21556550098527
237.342425002387,-1.58020566101079
235.706941399673,-2.46856324096533
234.082727617829,-2.07287508829612
232.469705998565,-0.73116746312679
230.867799418717,-0.106243116719251
229.276931286565,-1.18261991886039
227.697025538168,-2.9101490901174
226.128006633728,-3.20815772608769
224.569799553977,-1.14328601873158
223.022329796594,2.66978884226343
221.485523372636,6.87771484780113
219.959306803008,8.403674862199
218.443607114943,4.16693708636187
216.938351838519,-1.32748262169933
215.443469003188,-3.30621387943479
213.958887134342,-1.90689473814855
212.484535249888,1.13685801170142
211.02034285686,3.07452291818537
209.566239948043,2.0744952077592
208.122156998634,-0.202084007550705
206.688024962908,-2.13088997331961
205.263775270925,-2.70360033454265
203.849339825246,-2.17429757080715
202.44465099768,-1.95683462412291
201.04964162605,-2.68099069663206
200,-3.24626979700225
199.664245010979,-3.36729430033311
198.288394912707,-3.50666984589541
196.922025547917,-3.28022169777382
195.565071586595,-3.23246331113081
194.217468148903,-3.32941667248066
192.879150802078,-3.32674308449576
191.550055557353,-3.3895388339579
190.230118866895,-3.300070791777
188.919277620767,-3.30811274349714
187.617469143912,-3.54417835281118
186.324631193156,-3.31136069420348
185.04070195423,-3.04476465136032
183.765620038817,-2.36640654698372
182.499324481615,-1.60882749315554
181.241754737424,-1.96349535199816
179.992850678248,-2.16739740598863
178.752552590424,-2.40377613671377
177.520801171764,-3.06462124668759
176.297537528721,-2.62835027919793
175.082703173572,-1.46954142007219
173.876240021625,0.212525603156128
172.678090388436,0.87234802810021
171.488196987054,-0.921616067755802
170.306502925284,-2.50043025699277
169.132951702965,-3.169593000136
167.967487209265,-2.73121327382018
166.810053720006,-1.66232844755178
166.666666666667,-1.51826670016397
165.660595894991,-0.178776070792973
164.519058775366,2.17275236080686
163.385387780986,3.77037600473817
162.259528707809,0.349114552705619
161.141427725302,-3.36881439746129
160.03103137387,-0.640530109349338
158.928286562298,4.87564162213763
157.833140565212,7.47347074772403
156.745541020559,2.50997366039527
155.665435927106,-3.24534165815022
154.592773641948,-1.72981651577204
153.527502878042,2.42790335636586
152.469572701757,3.1323871712735
151.418932530435,-0.37065750925306
150.375532129974,-3.2940866237041
149.339321612425,-1.6480223664369
148.310251433611,-0.778351471780392
147.28827239075,-1.91342989819209
146.273335620113,-3.29980178086252
145.265392594678,-2.25855293856874
144.264395121816,-1.85788347229991
143.270295340983,-1.77852373359591
142.857142857143,-1.85314706635891
142.283045721435,-1.77921029220202
141.302599059953,-1.13550100497785
140.328908478587,-2.44838915123777
139.361927422414,-1.5181285743334
138.401609657313,2.90285052296124
137.447909267754,6.30529972677418
136.500780654601,1.78209566378935
135.560178532937,-3.16053363185092
134.626057929891,-0.637278925128423
133.698374182495,4.58213326802171
132.777082935543,2.02180877291987
131.862140139475,-2.18560054439005
130.953502048267,-3.43871824876318
130.051125217341,-3.44202117740165
129.154966501488,-3.00628805808206
128.264983052806,-2.59947563583197
127.381132318648,-3.09788052606522
126.50337203959,-3.00794444387484
125.631660247412,-1.74580919078358
125,-0.940510431374558
124.765955263087,-1.13511555883603
123.906215694792,-3.24805286777173
123.052400435926,-3.43304853707026
122.204468663149,-2.13426542649237
121.362379834424,-1.873124696255
120.526093687084,-2.84888785762622
119.695570235904,-3.35889128962567
118.87076977119,-3.09830433845586
118.051652856881,-2.92311182478199
117.23818032866,-2.79972619904161
116.430313292088,-3.28647843500228
115.628013120738,-3.66308531093896
114.831241454351,-3.02257854110807
114.039960197003,-2.47603543333825
113.254131515281,-2.82908701700363
112.473717836475,-3.6408111024417
111.698681846782,-2.57446675441779
111.111111111111,-0.929328080453852
110.928986489522,-0.539319522442507
110.164594963366,-0.773537400810436
109.405470720574,-3.19946907534127
108.651577465254,-2.92777341320284
107.902879151618,-1.26721688514952
107.159339982267,-1.07530221610771
106.420924406472,-2.81236154267206
105.68759711848,-1.93304883625766
104.959323055823,-0.818196922763273
104.23606739764,-3.14528814424387
103.517795563018,-2.73116196598836
102.804473209331,1.35576570160756
102.096066230605,-0.0432541299329428
101.392540755882,-2.63069027232747
100.693863147603,-1.01833012393227
100,-0.856051609798736
100,-0.856051609798736
99.310918137498,-1.43549321666996
98.6265846131283,-2.17311169866376
97.946966706954,-2.49615375067379
97.2720319245054,-2.40016952018844
96.6017479952265,-3.5382660935564
95.9360828709315,-2.78659881108974
95.2750047242729,-2.28299676571809
94.61848194722,-3.54847717690024
93.966483149547,-0.228596643030339
93.3189771573324,-0.245550651625829
92.6759330114688,-3.48305045478089
92.0373199661823,-1.67704261054898
91.4031074875623,-0.843746164363419
90.9090909090909,-2.03289986544926
90.7732652521023,-2.01329692658721
90.1477631452492,-2.79608583633741
89.526571259964,-2.92577192651892
88.9096598952916,1.02875748862663
88.2969995549409,-0.189442354400721
87.6885609458743,-3.4940341099486
87.0843149769073,-0.72190846027605
86.4842327573172,-1.51696778760803
85.8882855954625,-2.72946151803738
85.2964449974102,-1.90859017158798
84.7086826655741,-2.92610354565285
84.1249704973612,-2.1810226403406
83.5452805838287,-3.56938433666216
83.3333333333333,-2.90419020920528
82.9695852083491,-1.61189716483157
82.3978568452852,-3.36748280795252
81.8300681586739,2.09738459331199
81.2661920009194,-0.570208229489491
80.706201411495,-0.92271471058613
80.150069615654,9.1892707790292
79.5977700231498,-1.4638717732604
79.0492762269642,-1.43916336648563
78.5045620020451,-0.679989559745006
77.9636013040523,0.85016601981484
77.4263682681127,-3.65648722724056
76.9230769230769,1.41705235538267
76.8928372075831,1.78276045044301
76.3629826128224,-3.16102746042697
75.8367791499719,-1.33294755509381
75.3142016597437,-2.53634763580988
74.7952251562182,-2.53487404247964
74.2798248256491,-2.64839134427795
73.7679760252773,-3.02092608065679
73.2596542821523,-2.23458548839765
72.7548352919623,-3.39277894346894
72.2534949178722,-3.61638346690956
71.7556091893693,-2.275591883828
71.4285714285714,-0.909436022588618
71.2611543011175,-1.71505246776156
70.7701066118189,-3.02800888618905
70.2824426430835,-1.21226019004278
69.7981390783066,-2.54394531190492
69.3171727615541,-3.33497125641353
68.839520696455,-3.54389777612645
68.3651600451024,-1.22347994764602
67.8940681269611,-2.59058749762412
67.4262224177834,-2.15919266855003
66.9616005485322,-2.97995410879296
66.6666666666667,1.13686363897618
66.5001803043112,0.917507891126225
66.0419396233031,-1.96597124666344
65.5868565957143,-0.670795553916956
65.134909462728,-1.62059408926568
64.6860766154633,-2.60853159624305
64.2403365939419,-2.13696299181269
63.7976680860628,-3.14475573758331
63.3580499265825,0.138659379370314
62.9214610961034,-2.33333264968051
62.5,-1.93000451414296
62.4878807200689,-1.98877876954752
62.057288067765,-3.12617604263716
61.6296625513294,-2.91112330984394
61.204983724767,-3.53515336842183
60.7832312829723,-1.89363080556724
60.3643850607587,-3.55102781676795
59.9484250318941,-2.74967824509666
59.5353313081437,-3.65517223403209
59.1250841383188,-3.65948627332061
58.8235294117647,-2.90332452807216
58.7176639073326,-1.86323729971654
58.3130511352622,-2.67145679936938
57.9112264764176,-2.84772683334306
57.5121707184161,-2.07001124334782
57.1158647812643,-3.6434183067178
56.7222897164454,-2.9890574194588
56.3314267060136,-2.75261446783706
55.9432570616938,-2.50599361694405
55.5577622239888,-2.51548522153594
55.5555555555556,-2.49021484253084
55.1749237612912,-1.51985053450287
54.7947233690029,-3.10861456851252
54.4171428686589,-3.01216155710447
54.0421642070592,-2.99570814948417
53.6697694554048,-3.16770300995641
53.2999408084409,-3.56921737213723
52.9326605836056,-2.12702463378197
52.6315789473684,-2.93953476970831
52.5679112201842,-3.09524125192182
52.2056752784698,-1.10806243806983
51.8459354389291,-3.27620780218863
51.488674501375,-3.56275746794558
51.1338753841433,-2.89824488610064
50.7815211232767,-2.39468788174356
50.4315948717136,-0.604697887046437
50.0840798984821,-3.34223817000157
50,-3.10105313513658
49.7389595879007,-3.21767292038684
49.3962174387832,-2.45056640433547
49.0558370636505,-2.77832854314003
48.7178021879463,-3.12520784026553
48.3820966492596,-3.05765478046059
48.0487043965513,0.0456383165656478
47.7176094893875,-3.06054709719534
47.6190476190476,-1.94961873146188
47.3887960971765,-2.32977963347006
47.0622484984128,-3.41613799794687
46.7379510799246,2.08828780463871
46.4158883361278,-2.01677524379066
46.0960448682843,-1.92173951277588
45.7784053837662,-2.87218484147972
45.462954695324,-2.9029905032642
45.4545454545455,-2.9027935792434
45.149677720361,-2.64113195993947
44.8385594802119,-2.04741995416968
44.5295850994266,-2.72348957846641
44.222739805059,9.32893160764745
43.9180089259609,-0.774573058265172
43.6153778920801,-1.01125486414791
43.4782608695652,-2.04400388079646
43.314832233764,-2.33792194637901
43.016357581068,-3.59866906935103
42.7199396630678,-1.40537154987866
42.4255643071778,-2.02825690709126
42.1332174384729,-0.558761192675159
41.8428850790158,-0.648053505233729
41.6666666666667,-3.09990550136846
41.5545533471888,-1.34305265043663
41.2682084570295,-3.23396375871659
40.9838367175726,-1.38213681715537
40.7014245321944,-2.76981827850862
40.4209583979631,-3.43979021225153
40.1424249049932,0.47545257128751
40,-3.26905884051448
39.8658107358044,-1.21281563647731
39.5911026646846,-2.98273724181807
39.3182875570577,-2.425254382418
39.0473523688556,-0.969951957511237
38.7782841458946,-2.93890219259729
38.5110700232557,-3.31090346405123
38.4615384615385,-3.47990562183302
38.24569722467,-1.71959354236939
37.9821530619073,-1.47142918552789
37.72042493417,-3.31783714618826
37.4605003274899,-1.76155504608085
37.2023668141307,-3.11128587278948
37.037037037037,-3.58417574596127
36.946012051993,-3.1884885970589
36.6914237840249,-1.8688361924696
36.4385898376355,-2.80584696409597
36.1874981241128,-2.45513123584105
35.9381366380463,-3.0850286811992
35.7142857142857,-2.77255189554789
35.6904934567523,-3.05773501834444
35.4445567397043,-0.574958108447514
35.2003147279668,-1.85646424936491
34.9577557436328,-3.03781355205391
34.7168681892656,-3.51547187486225
34.4827586206897,-3.45935290995113
34.4776405473446,-3.38744643233833
34.2400613797142,-3.19019542461772
34.0041193270371,-0.9684632899427
33.7698031082509,-3.47999624267826
33.5371015200293,-1.23211143892997
33.3333333333333,-1.93006335925038
33.3060034362459,0.195142679984191
33.0764978074424,-3.09704159671061
32.8485736603004,-3.23631707842032
32.6222200971167,-2.65818092701452
32.397426295282,1.39246075393472
32.258064516129,-2.89607430445936
32.1741815067637,0.127887251212248
31.9524750575921,-3.16530612177815
31.7322963473498,-3.6415937004691
31.5136348486648,-3.23755827610197
31.2964801067075,-2.77570217588596
31.25,-3.35999081822974
31.0808217386906,-3.01704227509655
30.8666494333727,-3.48598680512536
30.6539529505653,-3.13880504304692
30.442722120643,-0.5293786430618
30.3030303030303,-3.65864947909177
30.2329468440578,-2.77786456639596
30.0246170908555,-3.35869053851267
29.8177229001967,-3.18088670297659
29.6122543798804,-3.1346919505235
29.4117647058824,-3.10463272393205
29.4082017058706,-3.05063747979726
29.2055551218275,-3.20841560661607
29.0043049386399,-2.87589949134358
28.804441533963,-2.10382818407056
28.6059553517574,-2.79871097298875
28.5714285714286,-3.5741841583695
28.408836901833,-3.59114782392872
28.2130767593947,-3.17771307513901
28.018665564592,-3.46058454861788
27.8255940220712,-2.85575447061744
27.7777777777778,-3.6322385025028
27.6338529005317,-1.15892674689384
27.4434330322836,-1.01210176440189
27.2543253128103,-1.46622349266057
27.0665207003324,0.787687952774538
27.027027027027,-1.27598059479278
26.8800102153761,1.69966897747888
26.6947849403432,0.810018651346856
26.5108360190854,-2.99258005005994
26.3281546564802,-2.21362460749456
26.3157894736842,-1.01694623532192
26.1467321180109,-2.17436137023311
25.9665597293487,-3.32618389346437
25.787628875938,-1.11597861985534
25.6410256410256,-2.05925395702671
25.6099310025846,-2.37996601096581
25.4334576130465,-2.29747310646679
25.2582002696278,2.15686756662503
25.0841505927754,-0.029511952685918
25,6.51389292004992
24.9113002606779,3.73525641620039
24.7396410088681,2.37464517500998
24.5691646298279,-2.71914287759428
24.3998629725955,-2.05235273388576
24.390243902439,-2.53985803547443
24.231727942376,-2.64016662524132
24.0647515001542,-2.17287859290455
23.8989256623105,-3.33691869133117
23.8095238095238,-3.48546029542713
23.7342425002387,-1.46342245194323
23.5706941399673,-1.51784493962001
23.4082727617829,-0.842007071408527
23.2558139534884,-3.25059561927319
23.2469705998565,-3.57931927459894
23.0867799418717,-3.08038404750574
22.9276931286565,-2.10149123715889
22.7697025538168,-2.22698489959314
22.7272727272727,-3.27579801075923
22.6128006633728,-2.30707511519195
22.4569799553977,-1.43246389780726
22.3022329796594,-2.73733177799114
22.2222222222222,-3.34218430914533
22.1485523372636,-0.0688341451118317
21.9959306803007,-2.34080595301448
21.8443607114943,-3.11973145344613
21.7391304347826,-3.40653695737502
21.6938351838518,0.16336023058138
21.5443469003188,-2.70676743273902
21.3958887134342,-2.98133366134264
21.2765957446809,-0.0614637671613236
21.2484535249888,-0.675397103466604
21.102034285686,-3.32151308983979
20.9566239948043,-2.71242082198922
20.8333333333333,-2.68950322519582
20.8122156998634,-3.28379218737372
20.6688024962908,-3.37849124403059
20.5263775270925,-1.66555302914106
20.4081632653061,-2.54328488625962
20.3849339825246,0.185264989954068
20.244465099768,-2.0888222041121
20.104964162605,0.335645106870023
20,-2.54208575600547
19.9664245010979,-3.39713475747662
19.8288394912707,-2.83064616194589
19.6922025547917,-3.55128265923359
19.6078431372549,-3.46831553768943
19.5565071586595,-2.81460631463978
19.4217468148903,-3.09419068329098
19.2879150802078,-3.05989032916546
19.2307692307692,-2.07202684767317
19.1550055557353,-2.65606418348117
19.0230118866894,-3.62387266954478
18.8919277620767,-2.42767718286684
18.8679245283019,-1.14560004779538
18.7617469143912,-3.55895572322047
18.6324631193156,-0.973140378775621
18.5185185185185,-3.60982920482091
18.504070195423,-3.16766516343248
18.3765620038817,-1.23736878387832
18.2499324481615,-3.39568727743484
18.1818181818182,-3.57618221629375
18.1241754737424,-2.77022611809961
17.9992850678248,-3.09755690426926
17.8752552590424,-3.30516947782409
17.8571428571429,-2.72235444907566
17.7520801171764,-3.36407704170541
17.6297537528721,-3.3156405367708
17.5438596491228,-0.565682120567895
17.5082703173572,-1.86961832590454
17.3876240021625,-2.24749131299027
17.2678090388436,-3.0016724972733
17.2413793103448,-2.02988700805674
17.1488196987054,-3.09753874758654
17.0306502925284,-0.316934227726231
16.9491525423729,2.06886761542031
16.9132951702965,-2.38767662790586
16.7967487209265,-3.57717296721669
16.6810053720006,0.356461174644058
16.6666666666667,-1.76462279712963
16.5660595894991,-3.28047941922774
16.4519058775366,-2.73640203515309
16.3934426229508,-3.02163306570209
16.3385387780986,-3.44046677795974
16.2259528707809,-3.5795213388714
16.1290322580645,-0.934455472650408
16.1141427725302,-0.194934844130993
16.003103137387,-3.46962969853937
15.8928286562298,-3.40401527403695
15.8730158730159,-0.37143108061566
15.7833140565212,-2.25634082713649
15.674554102056,-2.46012776866383
15.625,-1.10683543068346
15.5665435927106,-1.50960946159683
15.4592773641948,-2.76985480940284
15.3846153846154,-0.130408657669487
15.3527502878042,-3.4762743304531
15.2469572701757,-2.32144907963937
15.1515151515152,0.708256104819118
15.1418932530435,-1.175672014677
15.0375532129974,-2.54418820299405
14.9339321612425,-0.762417204053984
14.9253731343284,-0.512237514061279
14.831025143361,-3.07020261794157
14.728827239075,-2.34941265702134
14.7058823529412,-2.51410814454634
14.6273335620113,-3.65974443824283
14.5265392594678,-1.43177316633337
14.4927536231884,-3.4842583024543
14.4264395121816,-3.57888170088698
14.3270295340983,-1.23612708426186
14.2857142857143,-0.44224076762482
14.2283045721435,-0.409962197166474
14.1302599059953,-1.23613850050524
14.0845070422535,-0.582266107613388
14.0328908478587,0.983865111343978
13.9361927422414,-1.69029227705753
13.8888888888889,-2.87217957143589
13.8401609657313,-0.85896559939503
13.7447909267754,-3.17442940730221
13.6986301369863,-3.42943612073521
13.6500780654601,-1.57969500678568
13.5560178532937,-0.836024186949071
13.5135135135135,-0.914963969702977
13.4626057929891,-1.40762853729985
13.3698374182495,-1.81137782596862
13.3333333333333,3.84297785733493
13.2777082935543,-1.75567360444732
13.1862140139475,-2.28439377376777
13.1578947368421,-1.3184948039303
13.0953502048267,1.38495187102642
13.0051125217341,-3.17651539883023
12.987012987013,-1.91539174590435
12.9154966501488,-3.42495706703458
12.8264983052806,1.06442224890306
12.8205128205128,1.62263760365112
12.7381132318648,-2.68986947251407
12.6582278481013,-2.19599790310336
12.650337203959,-0.856927758550692
12.5631660247412,-3.2957412028863
12.5,-1.80258328971326
12.4765955263087,-2.97474394685845
12.3906215694792,-3.49411931971779
12.3456790123457,-2.85759275961065
12.3052400435926,-3.29701666240795
12.2204468663149,-0.363897596237517
12.1951219512195,-1.53269399053938
12.1362379834424,-1.01403666985861
12.0526093687084,-1.05148574546545
12.0481927710843,-1.38676460782194
11.9695570235904,6.08461475935825
11.9047619047619,-3.56649504788497
11.887076977119,-1.74093149673022
11.8051652856881,-2.00634515189592
11.7647058823529,-3.31084894078502
11.723818032866,-2.22735591421185
11.6430313292088,1.0284827809624
11.6279069767442,-3.0998360123864
11.5628013120738,-2.51543850747002
11.4942528735632,-0.840740927583918
11.4831241454351,-0.436837245270236
11.4039960197003,-3.65838217265583
11.3636363636364,-3.64412923787809
11.3254131515281,-3.29274520794926
11.2473717836475,-3.26845267758516
11.2359550561798,-3.50882164241413
11.1698681846782,-3.181593265686
11.1111111111111,-1.69459242018832
11.0928986489522,-3.41453118950578
11.0164594963366,-2.36724205170473
10.989010989011,-0.639632881533326
10.9405470720574,-2.48184656959945
10.8695652173913,-1.13343492327523
10.8651577465254,-1.28529119092574
10.7902879151618,-2.83700539119307
10.752688172043,-2.76191991105248
10.7159339982267,-2.52829795730629
10.6420924406472,-2.87813991194578
10.6382978723404,-2.5650362182432
10.568759711848,-3.08779093779851
10.5263157894737,-3.48368361827003
10.4959323055823,-2.73213839578177
10.423606739764,-1.58963379884791
10.4166666666667,-2.19176282056246
10.3517795563018,-1.39372986889732
10.3092783505155,-3.21766901545557
10.2804473209331,-2.6234669743862
10.2096066230605,-2.89581705799064
10.2040816326531,-2.89940944699633
10.1392540755882,0.0276519328092393
10.1010101010101,-3.65703653046223
10.0693863147603,-3.55674312541752
10,-1.87088494183554
10,-1.87088494183542
9.9310918137498,-2.93593334235065
9.9009900990099,1.06026690204015
9.86265846131282,0.235410570719712
9.80392156862745,-3.28887079708739
9.79469667069539,0.950885996108231
9.72720319245054,-2.95630314599212
9.70873786407767,-3.45634907275994
9.66017479952265,-1.63163952540527
9.61538461538461,-3.05903594363555
9.59360828709314,-3.06176012935939
9.52750047242729,-1.93152369564767
9.52380952380952,-2.23229490087901
9.461848194722,-2.37429751198332
9.43396226415094,-3.35015723343225
9.39664831495469,-3.3371724461691
9.34579439252336,-2.95203820945268
9.33189771573324,-2.99873183788646
9.26759330114688,-1.25515981142039
9.25925925925926,-0.586395732438443
9.20373199661822,-2.52400058226898
9.1743119266055,-3.44145188453534
9.14031074875623,-3.55523912111546
9.09090909090909,-0.962460737374623
9.07732652521023,-3.35440218262995
9.01477631452492,-3.12448283535631
9.00900900900901,-3.64312574274227
8.9526571259964,-1.71045118035856
8.92857142857143,-3.26323195046528
8.89096598952916,-2.68772891002218
8.84955752212389,1.05394867945227
8.82969995549409,-1.5219497166603
8.7719298245614,-2.62200473562678
8.76885609458743,-3.43480473737541
8.70843149769072,-3.40539164736459
8.69565217391304,-3.48973932128193
8.64842327573172,1.04519758304999
8.62068965517241,-1.92010230390737
8.58882855954625,-0.961828668247146
8.54700854700855,0.584476200471149
8.52964449974102,-0.39520254849172
8.47457627118644,-2.11872197087002
8.47086826655741,-3.59260259243309
8.41249704973612,-3.490673088255
8.40336134453781,-2.01421467454959
8.35452805838287,1.4815605219816
8.33333333333333,1.05770638498594
8.29695852083491,-3.148468958868
8.26446280991736,-2.39342962753961
8.23978568452852,-3.38510261040356
8.19672131147541,-3.36749589943885
8.18300681586739,-3.49445263766502
8.13008130081301,-3.13977505746278
8.12661920009195,-2.99122952511326
8.0706201411495,-2.63064960350023
8.06451612903226,-2.12573928463619
8.01500696156541,-3.63520539223789
8,-3.63876179128338
7.95977700231498,-3.21294774022611
7.93650793650794,-2.7516916596523
7.90492762269642,-3.07384737726361
7.8740157480315,0.832129991303352
7.85045620020451,-3.2509611410931
7.8125,-3.59480451715212
7.79636013040523,-3.25868386476058
7.75193798449612,-3.08329284873623
7.74263682681127,-2.96772717644502
7.69230769230769,-3.60289154270795
7.68928372075831,-3.03998825130342
7.63629826128224,-2.54840348295657
7.63358778625954,-2.39776969309055
7.58367791499719,-3.33003311108056
7.57575757575758,-3.1664786198978
7.53142016597437,-3.02071280487273
7.5187969924812,-2.68233144429184
7.47952251562182,-2.12602987469442
7.46268656716418,-3.49676969687347
7.42798248256492,-3.11102415398279
7.40740740740741,-2.73541693789773
7.37679760252773,-3.0895767311931
7.35294117647059,1.95791613126885
7.32596542821523,-3.52673636434421
7.2992700729927,-3.43684909159843
7.27548352919623,-3.07348829769166
7.2463768115942,-2.81288656250502
7.22534949178722,-1.80481386014049
7.19424460431655,0.0779218019427406
7.17556091893693,-1.88855397965856
7.14285714285714,-3.02286678747493
7.12611543011175,-2.57390257369097
7.09219858156028,-2.65508987517672
7.07701066118189,-2.40371993768475
7.04225352112676,-0.893218742658017
7.02824426430835,-2.66408967265228
6.99300699300699,0.401374671992234
6.97981390783066,-2.90013332153124
6.94444444444444,-1.48492176969851
6.93171727615541,-3.50416832754315
6.89655172413793,-3.08939535766494
6.8839520696455,-2.9134154384803
6.84931506849315,-2.38979804982771
6.83651600451024,-1.01329969295581
6.80272108843537,-2.9493481517327
6.78940681269611,-1.60928327345156
6.75675675675676,-0.516861065379184
6.74262224177834,-3.18873027519144
6.71140939597315,-2.47901470768265
6.69616005485322,-2.97787334028656
6.66666666666667,-2.9380440118248
6.65001803043112,-2.08811888826981
6.62251655629139,-2.93512690198726
6.6041939623303,-3.64706473534987
6.57894736842105,-2.96185098316495
6.55868565957143,-0.337298976020445
6.5359477124183,-1.9484154005482
6.5134909462728,-2.84691725612232
6.49350649350649,-1.01158721116361
6.46860766154633,-1.15816977349324
6.45161290322581,-1.4579801596105
6.42403365939419,-3.5135817241567
6.41025641025641,-2.77175619606207
6.37976680860628,-2.76274869959552
6.36942675159236,-2.5869863314998
6.33580499265825,-0.388403057143402
6.32911392405063,-2.33270657216918
6.29214610961034,-3.43314257916223
6.28930817610063,-2.6932710313648
6.25,-3.38791316646286
6.24878807200689,-3.30988634091504
6.2111801242236,-1.46008464531165
6.2057288067765,-2.43200566291714
6.17283950617284,-1.9725648235947
6.16296625513294,-3.41674522646106
6.13496932515337,-3.30898344878646
6.1204983724767,-1.88577374194834
6.09756097560976,-3.50347823013429
6.07832312829723,-1.75434653060391
6.06060606060606,-3.47429112429473
6.03643850607587,-3.20218153128952
6.02409638554217,-1.97218945541332
5.99484250318941,-2.62137795920661
5.98802395209581,-3.07522831443002
5.95353313081437,-3.18050552334675
5.95238095238095,-3.36921322332297
5.91715976331361,-2.78401781265004
5.91250841383188,-3.15274623779284
5.88235294117647,-3.20157576713289
5.87176639073326,-3.27500415758088
5.84795321637427,-2.26135234808471
5.83130511352622,-1.83882519001834
5.81395348837209,-3.54386962926172
5.79112264764176,-3.35523232513863
5.78034682080925,-3.52645942166798
5.75121707184161,-3.57427553870458
5.74712643678161,-1.04966820275699
5.71428571428571,-3.1370904013621
5.71158647812643,-2.84518186173404
5.68181818181818,-2.47521810428379
5.67222897164454,-3.16459123908241
5.64971751412429,-0.25933223702746
5.63314267060136,-2.80613632897767
5.61797752808989,-2.37224748660345
5.59432570616938,-3.20264309294044
5.58659217877095,-1.9611467746822
5.55577622239888,0.0164148233137853
5.55555555555556,-0.437189894315803
5.52486187845304,-2.61071687352041
5.51749237612913,-3.41594690545294
5.49450549450549,-2.96312622331736
5.47947233690029,-2.21862133405862
5.46448087431694,-3.5918078790804
5.44171428686589,-2.5292969848469
5.43478260869565,-3.38021495180176
5.40540540540541,-3.28357152617714
5.40421642070592,-3.208667982063
5.37634408602151,-3.65990927355598
5.36697694554048,-2.14058099331977
5.3475935828877,-2.96501898983648
5.32999408084409,-3.13312669217045
5.31914893617021,-3.61120785933779
5.29326605836056,-3.47938864292261
5.29100529100529,-3.0550304488663
5.26315789473684,-3.53803585330912
5.25679112201842,-3.03199101569624
5.23560209424084,-2.09434204025045
5.22056752784698,-2.02531895992082
5.20833333333333,-1.96429116859791
5.18459354389291,-3.4966605231197
5.18134715025907,-3.60362860683612
5.15463917525773,-2.01334366912182
5.14886745013749,-1.69486419688696
5.12820512820513,-2.2643735382535
5.11338753841433,-3.399743157624
5.10204081632653,-3.12573357504531
5.07815211232767,-3.18689569210739
5.0761421319797,-0.707389887948362
5.05050505050505,-3.40011029517931
5.04315948717136,-3.49692519362203
5.0251256281407,-3.11766236588137
5.00840798984821,-3.41962098613352
5,-3.43869973757212
4.97512437810945,-3.47632749906098
4.97389595879006,-2.6032833953614
4.95049504950495,-3.514293348944
4.93962174387832,-3.31088204681724
4.92610837438424,-2.78165492396483
4.90558370636505,-2.82151730034785
4.90196078431372,-2.9674563721196
4.8780487804878,-0.771832765149308
4.87178021879463,-3.57432207713027
4.85436893203883,0.180157669967078
4.83820966492596,-1.09513228994093
4.83091787439613,-3.48919458726898
4.80769230769231,-3.63025866385778
4.80487043965513,-2.87311998278137
4.78468899521531,-2.5373149074909
4.77176094893875,-3.37323610721365
4.76190476190476,-3.27513948363939
4.739336492891,-3.31636623260253
4.73887960971765,-3.30233294773457
4.71698113207547,-3.64565729455661
4.70622484984128,-3.56708846537988
4.69483568075117,-3.65775099013494
4.67379510799246,-3.45466654179118
4.67289719626168,-2.10352654214314
4.65116279069767,-2.45893133970584
4.64158883361278,-3.16085928201575
4.62962962962963,-2.55259139627578
4.60960448682843,-2.46677160169893
4.60829493087558,-1.05801255218234
4.58715596330275,-1.26483443338459
4.57784053837662,-2.24749962194074
4.5662100456621,-3.37624456040713
4.5462954695324,-3.35438215521357
4.54545454545455,-3.05521979631963
4.52488687782805,-2.44779142646724
4.5149677720361,-0.556055982771322
4.5045045045045,-0.0730537388179853
4.48430493273543,-0.880662181115478
4.48385594802119,-1.19728701207004
4.46428571428571,-2.21130104859393
4.45295850994265,-2.00159592127305
4.44444444444444,-2.7524031691524
4.42477876106195,-3.33187100972524
4.4222739805059,-3.60135271979429
4.40528634361233,-3.09607825449957
4.39180089259609,-3.4277545082816
4.3859649122807,-2.62625103602256
4.36681222707424,-3.64191275291734
4.361537789208,-3.28806295831627
4.34782608695652,-2.91342511936356
4.3314832233764,-1.09130118020517
4.32900432900433,-3.59540570458803
4.31034482758621,-2.89544448690919
4.30163575810679,-1.14732257801399
4.29184549356223,-3.24498825014107
4.27350427350427,-2.94226077053075
4.27199396630678,-3.35867255955797
4.25531914893617,-1.29265022002259
4.24255643071778,-3.51354194396633
4.23728813559322,-3.53466334219278
4.21940928270042,-3.08072693694576
4.21332174384729,-3.64975303748325
4.20168067226891,-1.3934662227429
4.18428850790158,-2.62070157231589
4.18410041841004,-2.24976764015461
4.16666666666667,-1.48621446379759
4.15545533471888,-2.86164499900103
4.149377593361,-1.612016197143
4.13223140495868,-3.12989565272069
4.12682084570295,-2.76616940494868
4.11522633744856,-3.42389639404423
4.09838367175726,-3.55889091331521
4.0983606557377,-3.54610419395741
4.08163265306122,-3.48651991519726
4.07014245321944,-3.61832576316028
4.0650406504065,-3.61235747463094
4.04858299595142,-3.17441158938596
4.04209583979631,-3.18330394094768
4.03225806451613,-3.65786180043555
4.01606425702811,-2.87813186045623
4.01424249049932,-3.22870404841096
4,-2.25494453575784
3.98658107358044,-2.70032799577809
3.98406374501992,-3.37997474568224
3.96825396825397,-2.89150191307295
3.95911026646846,-1.41693338396173
3.95256916996047,-2.31713178256283
3.93700787401575,-3.27489574255902
3.93182875570577,-2.96924081682588
3.92156862745098,-3.02996309813106
3.90625,-1.25708850126552
3.90473523688556,-2.62383620543015
3.89105058365759,-3.16765386835031
3.87782841458946,-2.60652744095837
3.87596899224806,0.151374513081142
3.86100386100386,-3.18776833093612
3.85110700232557,-3.6622798692022
3.84615384615385,-3.53571104286972
3.83141762452107,-2.34390204230446
3.824569722467,-3.08905180151579
3.81679389312977,-1.94723347478021
3.80228136882129,-3.3445513054856
3.79821530619074,-2.21330083822572
3.78787878787879,-3.51175026681103
3.77358490566038,-3.65629926913858
3.772042493417,-2.27102968916442
3.7593984962406,-3.31509153642694
3.74605003274899,-2.37282649015064
3.74531835205992,-1.61923023748362
3.73134328358209,-2.85817470250542
3.72023668141307,-2.24609350383703
3.71747211895911,-3.22192808064828
3.7037037037037,-1.60134160481142
3.6946012051993,-3.25600967602132
3.690036900369,-3.66216278299059
3.67647058823529,-3.63043389150549
3.66914237840249,-3.19148697852129
3.66300366300366,-3.53161966164547
3.64963503649635,-3.56228757095424
3.64385898376355,1.39056091034066
3.63636363636364,-2.10033616538949
3.6231884057971,-3.11464731381387
3.61874981241128,-3.49950532947742
3.6101083032491,-2.17403312654308
3.59712230215827,-2.63302137998086
3.59381366380463,-3.37850546350715
3.584229390681,-1.71299330432522
3.57142857142857,-1.79733695361936
3.56904934567523,-2.13455033655536
3.55871886120996,-3.31656130214865
3.54609929078014,-3.16863241001452
3.54445567397043,-3.08949381349874
3.53356890459364,-3.46414002637034
3.52112676056338,-0.63915461847743
3.52003147279668,-3.11560938282634
3.50877192982456,-3.0075245434523
3.4965034965035,-3.4177342910557
3.49577557436328,-3.58310306572384
3.48432055749129,-2.12547619795417
3.47222222222222,-3.49366669277496
3.47168681892656,-2.66233194884706
3.46020761245675,-3.1599390559687
3.44827586206897,-3.60096623172488
3.44776405473446,-2.71860732687987
3.43642611683849,-3.17379696815221
3.42465753424658,-3.23037347212535
3.42400613797142,-3.05132284826437
3.41296928327645,-1.87586041834164
3.40136054421769,-1.6148704873823
3.40041193270371,-2.84435554073762
3.38983050847458,-2.4273242040049
3.37837837837838,1.77173469779094
3.37698031082509,-3.01989578552654
3.36700336700337,-2.43032735253505
3.35570469798658,-3.47231648214342
3.35371015200293,-3.57213550817932
3.34448160535117,-0.254292967731241
3.33333333333333,-1.72638968434508
3.33060034362459,-1.6495099838233
3.32225913621262,-2.26767843647083
3.3112582781457,-1.60364429203708
3.30764978074424,-3.23807325529726
3.3003300330033,-1.88154352666033
3.28947368421053,-3.52802717961155
3.28485736603004,-2.82811903054526
3.27868852459016,-2.96450856551753
3.26797385620915,-3.39927421361564
3.26222200971167,-3.49812807118102
3.25732899022801,-2.26234449052994
3.24675324675325,-2.46735516298484
3.2397426295282,-2.06423729847672
3.23624595469256,-3.31190893149938
3.2258064516129,-3.15092592209806
3.21741815067637,-2.14428391799687
3.21543408360129,0.760452352763271
3.20512820512821,-0.931330459485973
3.19524750575921,-3.23873086520812
3.19488817891374,-2.80169689715513
3.18471337579618,-2.12525349621849
3.17460317460317,-2.96487040096609
3.17322963473498,-3.30931034224023
3.16455696202532,-2.95099671252104
3.15457413249211,-3.09709848719678
3.15136348486648,-3.09400739667732
3.14465408805031,-1.80981199673065
3.13479623824451,1.00213825601926
3.12964801067075,-0.942477322006179
3.125,-3.60947260866719
3.11526479750779,-3.2395504180737
3.10808217386906,-1.60120310858802
3.1055900621118,-3.37432149656383
3.09597523219814,-2.3122226468419
3.08666494333727,-2.46418087065605
3.08641975308642,-2.26007388965162
3.07692307692308,-3.58026505196998
3.06748466257669,-3.57953856990884
3.06539529505653,-2.9516599989793
3.05810397553517,-3.61667297890288
3.04878048780488,-1.89554957365693
3.0442722120643,-3.51163082468507
3.03951367781155,-3.43368969879058
3.03030303030303,-2.4290579011387
3.02329468440578,-1.69486716504447
3.02114803625378,-1.34831069205772
3.01204819277108,-3.62291952308929
3.003003003003,-3.61800104264493
3.00246170908555,-3.10534498489447
2.9940119760479,-3.23082955390604
2.98507462686567,-3.43098482471207
2.98177229001967,-2.54906043571124
2.97619047619048,-2.50445378647496
2.9673590504451,-3.00479120217907
2.96122543798803,-3.29646550844434
2.9585798816568,-3.54384327234448
2.94985250737463,-3.51957332247262
2.94117647058824,-1.84651576114349
2.94082017058706,-3.18314453095577
2.93255131964809,-3.17365064635184
2.92397660818713,-3.5354937104535
2.92055551218275,-3.16767630594903
2.91545189504373,-2.31594611044637
2.90697674418605,-3.3662705332449
2.90043049386399,-3.27740517976492
2.89855072463768,-2.68466031181317
2.89017341040462,-2.92343013141838
2.88184438040346,-3.38821695354296
2.8804441533963,-3.34507960692822
2.8735632183908,-3.47499646290926
2.86532951289398,-3.44394125032623
2.86059553517574,-1.79834490082986
2.85714285714286,-3.41062398989002
2.84900284900285,-3.50547340864709
2.84090909090909,-2.93613321029515
2.8408836901833,-3.02919885078354
2.8328611898017,-3.63971950115113
2.82485875706215,-2.45131212174412
2.82130767593947,-2.53376734725053
2.8169014084507,-1.19495071279767
2.80898876404494,-2.10160353894066
2.8018665564592,-2.14644053708626
2.80112044817927,-1.69376911996816
2.79329608938547,-2.19287036439833
2.78551532033426,-2.77507498210623
2.78255940220712,-3.20183131824423
2.77777777777778,-2.35548842563498
2.77008310249307,-3.1827636726105
2.76338529005317,-2.83645725145136
2.76243093922652,-1.72551790832837
2.75482093663912,-1.5364270773489
2.74725274725275,-3.45217490830192
2.74434330322836,-3.64400986997093
2.73972602739726,-3.56418204173012
2.73224043715847,-2.91056546261087
2.72543253128103,-3.55102694132737
2.72479564032698,-2.49926942398137
2.71739130434783,-1.70603760754546
2.710027100271,-3.54073132982667
2.70665207003324,-3.50570256426776
2.7027027027027,-3.45473579261191
2.69541778975741,-3.39895902180252
2.68817204301075,-1.26787511575516
2.68800102153761,-1.41459283694054
2.68096514745308,-0.4660590460774
2.67379679144385,-1.42935641961419
2.66947849403432,-3.53713258977687
2.66666666666667,0.987464519276178
2.65957446808511,-2.32583803977279
2.6525198938992,-3.1634361154886
2.65108360190854,-3.25039740638537
2.64550264550265,-2.13793094455685
2.63852242744063,-1.23480957517524
2.63281546564802,-3.14144399329775
2.63157894736842,-0.958114784187369
2.6246719160105,-2.2252979576737
2.61780104712042,-3.25702089158146
2.61467321180109,-1.82549697282844
2.61096605744125,-3.66241334581631
2.60416666666667,-3.38619673063486
2.5974025974026,-2.41677569245153
2.59665597293487,-3.15112440979125
2.59067357512953,-3.2509472032721
2.58397932816537,-2.27066299573026
2.5787628875938,-3.24485302839234
2.57731958762887,-3.19752436441176
2.5706940874036,-2.71784624529668
2.56410256410256,-1.37344999229684
2.56099310025846,-3.25965366049065
2.55754475703325,-1.28933387188938
2.55102040816327,-1.54965305508351
2.54452926208651,-2.00096517537257
2.54334576130465,-3.40238448751388
2.53807106598985,-3.64673661950858
2.53164556962025,-2.44714619086987
2.52582002696278,-3.38888470691328
2.52525252525253,-3.2543285081678
2.51889168765743,-3.64881729946058
2.51256281407035,-2.85193076815654
2.50841505927754,-2.1958914278248
2.5062656641604,-3.36551013386169
2.5,-3.17208311445317
2.49376558603491,-3.21390470102373
2.49113002606779,-3.25119623707466
2.48756218905473,-2.75673678219375
2.48138957816377,-3.65274585944952
2.47524752475248,-2.15725588635091
2.47396410088681,-3.11181431635618
2.46913580246914,-3.45271483558552
2.46305418719212,-3.40254580250537
2.45700245700246,-0.30622497542934
2.45691646298279,0.297384365422166
2.45098039215686,-3.31809913200943
2.44498777506112,-3.201699266776
2.43998629725955,-2.72800183288892
2.4390243902439,-3.13378725472937
2.4330900243309,-2.84639189265415
2.42718446601942,-3.63760711635653
2.4231727942376,-3.08299000501556
2.42130750605327,-3.63817993924017
2.41545893719807,-3.00477963680849
2.40963855421687,-3.25348028052754
2.40647515001542,-2.63365530006892
2.40384615384615,-2.23637513766901
2.39808153477218,-2.75294725403843
2.39234449760766,-2.5595287263162
2.38989256623105,-2.72165888666965
2.38663484486874,-1.27873411855397
2.38095238095238,-3.50120305570887
2.37529691211401,-3.62991273279051
2.37342425002387,-3.53332481901587
2.3696682464455,-3.54011219190276
2.36406619385343,-1.7501561404931
2.35849056603774,-2.70842157804936
2.35706941399673,-3.12138984393119
2.35294117647059,-3.18590939628443
2.34741784037559,-3.43281620216949
2.34192037470726,-2.82987651824053
2.34082727617829,-3.64794790098581
2.33644859813084,-1.86342400005285
2.33100233100233,-2.38715136626486
2.32558139534884,-3.45368568498038
2.32469705998565,-3.52504967636342
2.32018561484919,-1.75310315324075
2.31481481481481,-3.31014340712688
2.3094688221709,-3.04450684761762
2.30867799418717,-2.87265407580271
2.30414746543779,-3.14564028724181
2.29885057471264,-2.29718483222275
2.29357798165138,-0.113743898701453
2.29276931286565,-2.01781382890719
2.2883295194508,-3.32918756412821
2.28310502283105,-3.64459390068007
2.27790432801822,-1.62700425192882
2.27697025538168,-2.71696196885058
2.27272727272727,-3.12951462582766
2.26757369614512,-3.47128877897743
2.26244343891403,-2.52631622746487
2.26128006633728,-3.03805269492163
2.25733634311512,-3.64587987908787
2.25225225225225,-2.94351192883077
2.24719101123596,-3.16362765650923
2.24569799553977,-3.07592549810188
2.24215246636771,-3.6137517958853
2.23713646532438,-3.25179581329133
2.23214285714286,-2.02330508725815
2.23022329796594,-3.28667387725404
2.2271714922049,-3.55902470445407
2.22222222222222,-2.98449619780369
2.21729490022173,-0.18054455252071
2.21485523372636,-3.50252654722855
2.21238938053097,-3.48102066233126
2.2075055187638,-3.07942222592798
2.20264317180617,-1.96788509438575
2.19959306803007,-1.73334432670641
2.1978021978022,-3.59339060009087
2.19298245614035,-3.30702899389105
2.18818380743982,-3.61058764778407
2.18443607114943,-1.53052968410843
2.18340611353712,-2.51257738320684
2.17864923747277,-3.3294270683494
2.17391304347826,-3.19120061364277
2.16938351838518,-3.44077927508756
2.16919739696312,-3.55714898149339
2.16450216450216,-3.43065928790521
2.15982721382289,-1.26594323570806
2.1551724137931,-3.24213764525568
2.15443469003188,-2.89347948720639
2.1505376344086,-3.34010933861837
2.14592274678112,-3.44578599834419
2.14132762312634,-3.16365239041427
2.13958887134342,-3.41135485117008
2.13675213675214,-0.83156546074387
2.13219616204691,-3.35859948250878
2.12765957446809,-2.18576233926579
2.12484535249888,-3.42241960963805
2.12314225053079,-2.23995003450885
2.11864406779661,-3.29371547622336
2.11416490486258,-3.55963445598176
2.1102034285686,-2.7997285753713
2.10970464135021,-3.47958312496369
2.10526315789474,-3.16195195004924
2.10084033613445,-3.3654081592836
2.09643605870021,-3.23439185053005
2.09566239948043,-3.38711323165794
2.09205020920502,-3.35640790026651
2.08768267223382,-2.2999366005864
2.08333333333333,-1.47374286076755
2.08122156998634,-2.92475349737246
2.07900207900208,-3.18842265516615
2.0746887966805,-3.1229662118594
2.0703933747412,-3.45777703081203
2.06688024962908,-3.61260103977194
2.06611570247934,-3.12691944920793
2.06185567010309,-3.03288569630701
2.05761316872428,-2.56699487513687
2.05338809034908,-3.31813388244178
2.05263775270925,-2.0438697209566
2.04918032786885,-3.55952512238552
2.04498977505112,-2.66404044387316
2.04081632653061,-3.60038794558634
2.03849339825246,-3.5477408223755
2.03665987780041,-3.61111120582656
2.03252032520325,-2.76633441785686
2.02839756592292,-3.25602094916091
2.0244465099768,-3.25253198399893
2.02429149797571,-3.04153895843903
2.02020202020202,-3.01103861378162
2.01612903225806,-3.4187609959158
2.01207243460765,-1.80817198853698
2.0104964162605,-2.39502387265078
2.00803212851406,-2.91516785155271
2.00400801603206,-3.62769894117603
2,-3.62763800803669
1.99664245010979,-3.5951867041394
1.99600798403194,-3.47938754830941
1.99203187250996,-3.63549175341576
1.98807157057654,-3.40931670739628
1.98412698412698,-3.59947959747567
1.98288394912707,-3.45250238673388
1.98019801980198,-3.22269372302373
1.97628458498024,-2.47503596419962
1.9723865877712,-2.89941377133506
1.96922025547917,-3.1291201104468
1.96850393700787,-3.3237943471834
1.96463654223969,-3.41705592751073
1.96078431372549,-3.41902454043228
1.95694716242661,-3.28454992700911
1.95565071586595,-2.73249947861062
1.953125,-3.26722450242824
1.94931773879142,-2.61345804399282
1.94552529182879,-3.36885433506795
1.94217468148903,-2.99128648232128
1.94174757281553,-2.92817101115774
1.93798449612403,-3.42730454664304
1.93423597678917,-3.46888987912082
1.93050193050193,-3.3795589138695
1.92879150802078,-3.15479485945159
1.92678227360308,-3.30293661299448
1.92307692307692,-2.44940002486937
1.91938579654511,-2.07131599337658
1.91570881226054,-3.28094057583835
1.91550055557353,-3.52521143256093
1.91204588910134,-3.13826813577868
1.90839694656489,-2.13733839892925
1.9047619047619,-3.48392488176004
1.90230118866894,-3.60221808297698
1.90114068441065,-3.55708008388681
1.89753320683112,-3.39820839561089
1.89393939393939,-3.42400136479663
1.89035916824197,-2.80602822643182
1.88919277620767,-3.33538587129398
1.88679245283019,-2.50264236240333
1.88323917137476,-3.39835612146141
1.8796992481203,0.112510258803657
1.87617469143912,-2.72982581694587
1.87617260787992,-2.73683747928392
1.87265917602996,-3.36160639760434
1.86915887850467,-3.33513072759531
1.86567164179104,-3.45227706349082
1.86324631193156,-3.5416096795213
1.86219739292365,-3.29771099361444
1.85873605947955,-3.42812589528252
1.85528756957328,-3.31834674257764
1.85185185185185,-3.44822490564264
1.8504070195423,-3.31116980759806
1.84842883548983,-1.98435378902389
1.8450184501845,-2.13711661497588
1.84162062615101,-3.47954578202414
1.83823529411765,-2.67678830233207
1.83765620038817,-3.60879861857053
1.8348623853211,-3.48602274554734
1.83150183150183,-3.60505913027363
1.82815356489945,-2.26874856371095
1.82499324481615,-3.00097747124421
1.82481751824817,-3.35567171228963
1.82149362477231,-1.76250844005535
1.81818181818182,-2.59597969540222
1.81488203266788,-3.60397238400405
1.81241754737424,-1.58415574585599
1.81159420289855,-2.69025662983433
1.80831826401447,-3.55641630264868
1.80505415162455,-3.58877513418001
1.8018018018018,-2.59993468162728
1.79992850678248,-1.81494716877112
1.79856115107914,-3.13273014752884
1.79533213644524,-3.60730179945356
1.7921146953405,-3.59134573631847
1.78890876565295,-3.29910130152767
1.78752552590424,-3.01759646394539
1.78571428571429,-3.54998782497405
1.7825311942959,-2.64392845565616
1.77935943060498,-3.22558629045734
1.77619893428064,-3.37834751691825
1.77520801171763,-2.71392292840137
1.77304964539007,-0.610104212777212
1.76991150442478,-3.3877834994174
1.76678445229682,-2.5940010656469
1.7636684303351,-1.57381328303837
1.76297537528721,-3.55324487673011
1.76056338028169,-2.86733147320912
1.75746924428822,-3.54746420841989
1.75438596491228,-3.55364735772927
1.75131348511384,-2.60710389491639
1.75082703173572,-2.51008342015127
1.74825174825175,-2.90145328646632
1.74520069808028,-3.0034596874875
1.74216027874564,-2.73150566370448
1.73913043478261,-3.63990226148631
1.73876240021625,-3.62390045950111
1.73611111111111,-2.25154321170073
1.73310225303293,-1.84753546929026
1.73010380622837,-3.34678205788488
1.72711571675302,-2.99746244546399
1.72678090388436,-2.98048464850002
1.72413793103448,-2.71276429429075
1.72117039586919,-3.3592817021228
1.71821305841924,-2.40842012954088
1.71526586620926,-1.4057941817574
1.71488196987054,-3.39967161020739
1.71232876712329,-2.79864083464438
1.70940170940171,-1.05997769140078
1.70648464163823,-3.63318756352227
1.70357751277683,-3.65837267283409
1.70306502925284,-3.49904910087933
1.70068027210884,-3.03200069909674
1.69779286926995,-2.8913780384601
1.69491525423729,-2.95939834818391
1.69204737732657,-3.61844196391284
1.69132951702965,-3.48302997236264
1.68918918918919,-3.14764395447694
1.68634064080944,-2.68265328900066
1.68350168350168,-2.97176837244147
1.68067226890756,-1.28550194215556
1.67967487209265,-3.49343624963346
1.67785234899329,-2.59915261439896
1.6750418760469,-3.01844250785588
1.67224080267559,-3.50241189019136
1.669449081803,-2.64737633223542
1.66810053720006,-3.23910454715353
1.66666666666667,-3.44003066670619
1.66389351081531,-3.57070986717941
1.66112956810631,-1.99395704175698
1.65837479270315,-3.65222147709586
1.65660595894991,-3.42805075369783
1.65562913907285,-1.84699134353813
1.65289256198347,-2.65159477814482
1.65016501650165,-3.61480956426019
1.64744645799012,-3.10772080126467
1.64519058775366,-3.11094885560349
1.64473684210526,-1.77985155415659
1.64203612479475,-3.25028919913982
1.63934426229508,-3.10660046299325
1.6366612111293,-0.223350721850816
1.63398692810458,-2.8131440539655
1.63385387780986,-3.43451143304604
1.63132137030995,-3.05471493552549
1.62866449511401,-2.75862406534945
1.6260162601626,-3.14904267763752
1.62337662337662,-3.36915816359588
1.62259528707809,-3.41926942796065
1.62074554294976,-3.57507577537821
1.61812297734628,-3.65392767134009
1.61550888529887,-3.48255193564598
1.61290322580645,-1.76268237138874
1.61141427725302,-3.25739688532432
1.61030595813205,-2.26723361619649
1.60771704180064,-3.39523529138834
1.60513643659711,-1.21303314591462
1.6025641025641,-2.2471278802334
1.6003103137387,-2.7316678090486
1.6,-0.700216958779985
1.59744408945687,-1.68079944675098
1.59489633173844,0.792624028609329
1.59235668789809,-0.352084892084643
1.58982511923688,-3.15785757421853
1.58928286562298,-1.89083137057879
1.58730158730159,-2.75174186110167
1.58478605388273,-3.04288769348617
1.58227848101266,-1.1291373759246
1.57977883096367,-3.39448600313492
1.57833140565212,-3.60107696818316
1.57728706624606,-1.23816829191993
1.5748031496063,-3.26599233397736
1.57232704402516,-3.32011338940883
1.56985871271586,-1.94184224232121
1.5674554102056,-2.27179731412091
1.56739811912226,-1.70786083601545
1.56494522691706,-1.61698425138105
1.5625,-1.93139201236986
1.5600624024961,-3.47081154708247
1.55763239875389,-3.46563820199178
1.55665435927106,-3.2991092342476
1.5552099533437,-1.60539865283546
1.5527950310559,-1.50842571121698
1.55038759689922,-1.52662195076801
1.54798761609907,0.226434640292685
1.54592773641948,-3.11803437702211
1.54559505409583,-3.28822024045042
1.54320987654321,-2.98162301149896
1.54083204930663,-3.14836683960412
1.53846153846154,-3.48686884884246
1.53609831029186,-1.62653448946291
1.53527502878042,-0.834054476228299
1.53374233128834,-3.44378816323411
1.53139356814701,-3.59019077693646
1.52905198776758,-3.52668351245743
1.52671755725191,-2.16318736408383
1.52469572701757,-3.55660997358636
1.52439024390244,-2.81215680214212
1.5220700152207,-3.51730297411127
1.51975683890577,-2.54383194511446
1.51745068285281,-2.48764503111435
1.51515151515152,-1.75629040971433
1.51418932530435,-3.57701558769174
1.51285930408472,-3.41706762037925
1.51057401812689,-2.94442372234395
1.50829562594268,-1.65275229673467
1.50602409638554,-3.43628273619397
1.50375939849624,-3.25867197284976
1.50375532129974,-3.29597970455516
1.5015015015015,-3.33934984613817
1.49925037481259,-3.11033948238518
1.49700598802395,-3.35043670007304
1.49476831091181,-2.42649977629228
1.49339321612425,-1.11233120061329
1.49253731343284,-3.60572779608621
1.4903129657228,-3.03197973430509
1.48809523809524,-1.28944472781152
1.48588410104012,-3.46846296378983
1.48367952522255,-3.33437244320346
1.4831025143361,-3.14586982490958
1.48148148148148,-3.27491962057483
1.4792899408284,-3.18488333854968
1.47710487444609,-3.233426717819
1.47492625368732,-3.29902238983363
1.4728827239075,-3.25899185811569
1.47275405007364,-3.61438805053605
1.47058823529412,-3.64152794077016
1.46842878120411,0.848405513594789
1.46627565982405,-2.2282598781333
1.46412884333821,-1.66246047523672
1.46273335620113,-2.17265755530071
1.46198830409357,-1.31822083035841
1.45985401459854,-3.08482438529954
1.45772594752187,-3.64868282064598
1.45560407569141,-2.18820902428619
1.45348837209302,-0.188368215214278
1.45265392594678,-3.31253978244198
1.45137880986938,-0.332349550823788
1.44927536231884,-2.91282021062117
1.44717800289436,-2.00006780043843
1.44508670520231,-1.80366228731445
1.44300144300144,-2.43006564628034
1.44264395121816,-3.1366934591919
1.44092219020173,-3.26348006804239
1.43884892086331,-0.612032625510504
1.4367816091954,-3.50193028169742
1.43472022955524,-2.44215437456132
1.43270295340983,-3.25434803543744
1.43266475644699,-3.22060564392286
1.43061516452074,-1.65931593667413
1.42857142857143,2.88906619428657
1.4265335235378,0.0813985731759788
1.42450142450142,-2.07493404872779
1.42283045721435,-1.17125710557896
1.42247510668563,-2.47976658400521
1.42045454545455,-0.409235273600141
1.41843971631206,-3.11755861755993
1.41643059490085,-0.45607038619509
1.41442715700141,0.337302349391128
1.41302599059953,-0.554497525080516
1.41242937853107,-2.37395469464179
1.41043723554302,-2.96432028475014
1.40845070422535,-3.54795924158871
1.40646976090014,-3.23215295526323
1.40449438202247,-2.53693620855575
1.40328908478587,-1.05577652815897
1.40252454417952,-3.61693847948872
1.40056022408964,-3.45741697033456
1.3986013986014,-3.37279524550116
1.39664804469274,-1.58838904481398
1.39470013947001,-2.0841756729953
1.39361927422414,-0.0249222268812259
1.39275766016713,-3.10947204760351
1.39082058414465,-1.60896946387605
1.38888888888889,-2.45327187189668
1.3869625520111,-2.83199433541717
1.38504155124654,-2.31710600855517
1.38401609657313,-1.34477699680364
1.38312586445367,-1.46096465688249
1.38121546961326,-2.73588807249915
1.37931034482759,-2.82704743718953
1.37741046831956,-3.65561076425829
1.37551581843191,-3.4536451749765
1.37447909267754,-2.28205096290911
1.37362637362637,-3.64479972597219
1.37174211248285,-3.21705219326356
1.36986301369863,-2.32963579685467
1.36798905608755,-3.61810957929124
1.36612021857923,-3.08544382105377
1.36500780654601,-2.33539422830865
1.36425648021828,-2.23070562181074
1.36239782016349,-3.01048736199918
1.36054421768707,-2.8648521812013
1.35869565217391,-3.39687284797024
1.35685210312076,-3.52391083612091
1.35560178532937,-2.62245975620545
1.3550135501355,-2.00074318719468
1.3531799729364,-3.21038871692592
1.35135135135135,-3.3668056779155
1.34952766531714,-3.39844164345318
1.34770889487871,-1.3486571216588
1.34626057929891,-2.57360616165597
1.34589502018843,-2.71575646647302
1.34408602150538,-1.54102155182018
1.34228187919463,-3.19248773103713
1.34048257372654,-3.47698756301802
1.33868808567604,-3.38944349959724
1.33698374182495,-2.91322563168641
1.33689839572193,-3.38535206199729
1.33511348464619,-3.40734075282834
1.33333333333333,-2.10725290037559
1.33155792276964,-2.19749635938582
1.32978723404255,-3.29524654717015
1.32802124833997,-3.25909053817174
1.32777082935543,-3.44412849234997
1.3262599469496,-3.55463591738639
1.32450331125828,-2.18414278361358
1.32275132275132,-2.28346862601289
1.32100396301189,-3.22806343142211
1.31926121372032,-2.98729054215273
1.31862140139475,-3.61333272084372
1.31752305665349,-2.83269987843532
1.31578947368421,-2.47585836760062
1.31406044678055,-0.478899586796056
1.31233595800525,0.38851171872965
1.31061598951507,-1.61344081331411
1.30953502048267,-2.9466295228015
1.30890052356021,-2.72199606331575
1.30718954248366,-1.20038427703526
1.30548302872063,-1.58856226428211
1.30378096479791,-3.56683595570037
1.30208333333333,-2.03571877452834
1.30051125217341,-2.08039441922646
1.30039011703511,-2.74040234293606
1.2987012987013,-3.4616481721823
1.2970168612192,-3.61817520225774
1.29533678756477,-2.7842125177636
1.29366106080207,-2.33656649828647
1.29198966408269,-3.49576158732905
1.29154966501488,-2.23648388726725
1.29032258064516,-3.22369323979695
1.28865979381443,-3.33496678011751
1.28700128700129,-2.32333162778847
1.2853470437018,2.33849189926692
1.28369704749679,-2.53465661038636
1.28264983052806,-3.58836356023361
1.28205128205128,-2.39816085566441
1.28040973111396,-0.132221545888977
1.27877237851662,-2.29616657051367
1.27713920817369,-1.91735925279483
1.27551020408163,-2.06929892135356
1.27388535031847,-0.81969088061184
1.27381132318648,-1.57659190737437
1.27226463104326,-2.89047588171631
1.27064803049555,-3.52149340604329
1.26903553299492,-3.50345361733717
1.26742712294043,-3.20848742755119
1.26582278481013,-2.38804946805741
1.2650337203959,-3.48807330976053
1.26422250316056,-1.40374807307542
1.26262626262626,-3.38951241431389
1.26103404791929,-3.37780110865129
1.25944584382872,-1.5671585153694
1.25786163522013,-1.70475685802064
1.25631660247412,-2.56558535834277
1.25628140703518,-2.11296791591995
1.25470514429109,-0.906800247589881
1.2531328320802,-3.19449737336349
1.25156445556946,-2.79731792044599
1.25,-3.41592672998156
1.24843945068664,-2.74457859515972
1.24765955263087,-2.91336884849336
1.24688279301746,-3.50948760282095
1.2453300124533,-2.39239389863156
1.24378109452736,-2.44251636216522
1.24223602484472,-3.27827484565246
1.24069478908189,-2.50624734392896
1.23915737298637,-3.22799839844226
1.23906215694792,-3.18254755217607
1.23762376237624,-2.09797680534275
1.23609394313968,-3.10653073532633
1.23456790123457,-3.38176377141049
1.23304562268804,-1.33832995190086
1.23152709359606,-3.42983567160074
1.23052400435926,-2.63105963133513
1.230012300123,-1.96827264062785
1.22850122850123,-3.60867012624923
1.22699386503067,-3.3338432905072
1.22549019607843,-2.63046949017744
1.22399020807834,-3.26162945878273
1.22249388753056,-2.85287880522072
1.22204468663149,-3.42418397620888
1.22100122100122,-2.22683567204215
1.21951219512195,-2.3506251376648
1.21802679658952,-2.25657346711794
1.21654501216545,-1.17079195344486
1.21506682867558,-0.27544069490862
1.21362379834424,-2.65178477099904
1.21359223300971,-3.36085942190673
1.21212121212121,-2.73205597659141
1.21065375302663,-0.798008324793936
1.20918984280532,-2.78444232809913
1.20772946859903,-3.35514623766128
1.20627261761158,-2.8442391524572
1.20526093687084,-3.56403349072029
1.20481927710843,-3.58737854995051
1.20336943441637,-2.97260626954154
1.20192307692308,-3.00474149043783
1.20048019207683,-3.21965473369617
1.19904076738609,-0.772527990403243
1.19760479041916,-3.6007368380544
1.19695570235904,-2.84586308994535
1.19617224880383,-3.63066699410588
1.194743130227,-2.67463924984956
1.19331742243437,-2.63423433862267
1.19189511323004,-0.643460924534945
1.19047619047619,-2.88236692927101
1.18906064209275,-2.4544628025181
1.1887076977119,-3.25486664181296
1.18764845605701,-1.48062819393673
1.18623962040332,-2.60133609949271
1.18483412322275,-2.93044096686581
1.18343195266272,-1.49171744026962
1.18203309692671,-0.652401023253513
1.18063754427391,-1.47956414851408
1.18051652856881,-3.3479951288612
1.17924528301887,-1.38978496969802
1.17785630153121,-3.13575706185547
1.17647058823529,-3.11197541424458
1.17508813160987,-2.89814028367318
1.17370892018779,-1.48114635226885
1.1723818032866,-2.28025814319069
1.17233294255569,-1.23029501628626
1.17096018735363,-2.88577259475799
1.16959064327485,-3.29247402771646
1.16822429906542,-2.10959526905914
1.16686114352392,1.90773638941905
1.16550116550117,-2.20775202195729
1.16430313292088,-3.29947809865224
1.16414435389988,-2.45271786315002
1.16279069767442,-0.912376129905662
1.16144018583043,-2.39580767926499
1.16009280742459,-3.33450446981886
1.15874855156431,-3.21848855316496
1.15740740740741,-0.402418176472604
1.15628013120738,-3.46540169512469
1.15606936416185,-2.44275185689984
1.15473441108545,-3.29923803092528
1.15340253748558,-2.23938769899059
1.15207373271889,-3.3347145140368
1.15074798619102,-1.95723321353266
1.14942528735632,-3.46745690096752
1.14831241454351,-3.19865281512578
1.14810562571757,-3.44376160806179
1.14678899082569,-2.12946427447427
1.1454753722795,-3.0819857818132
1.1441647597254,-2.8343014388936
1.14285714285714,-3.60220903292268
1.14155251141553,-1.94211359287975
1.14039960197003,-1.41649700577853
1.14025085518814,-3.18816288808632
1.13895216400911,-3.28235130951718
1.13765642775882,-2.43226886056051
1.13636363636364,-1.53510711095596
1.13507377979569,-3.33998017178952
1.13378684807256,-0.572022111049232
1.13254131515281,4.03491323395763
1.13250283125708,2.87176118521443
1.13122171945701,-3.18471042633721
1.12994350282486,-3.46218241471949
1.12866817155756,-2.82301329076908
1.12739571589628,-1.00538229391155
1.12612612612613,-2.61686781329957
1.12485939257593,-3.19147904645986
1.12473717836475,-3.08414847515037
1.12359550561798,-2.14991232406102
1.12233445566779,-3.44670489988494
1.12107623318386,-1.52200007659045
1.11982082866741,-3.61294832758777
1.11856823266219,-3.35523254823375
1.11731843575419,-0.600568052363609
1.11698681846782,-3.35384356142624
1.11607142857143,-3.50866385420003
1.11482720178372,-3.57545749620761
1.11358574610245,-2.82191171304008
1.11234705228031,-0.0594752748287801
1.11111111111111,-1.73571676527221
1.10987791342952,-2.70362434018035
1.10928986489522,-2.8279958575457
1.10864745011086,-1.55369104073311
1.10741971207087,-3.65798245667868
1.10619469026549,-2.36416252060844
1.10497237569061,-3.19639355086737
1.1037527593819,-3.56049083096634
1.10253583241455,-2.94152568550812
1.10164594963366,-3.39109822823259
1.10132158590308,-2.93126072588906
1.1001100110011,0.154709008449136
1.0989010989011,-3.31049685908026
1.09769484083425,-3.03276937408604
1.09649122807018,-3.58365850256838
1.09529025191676,-2.06061027290213
1.09409190371991,-3.29821017973928
1.09405470720574,-3.3132288805513
1.09289617486339,-3.00930165102103
1.09170305676856,-3.31206649502139
1.09051254089422,-3.02439134711328
1.08932461873638,-1.13469358142187
1.08813928182807,-3.05246936388984
1.08695652173913,-1.31609609567401
1.08651577465254,-0.82486002563014
1.085776330076,-0.681119929685177
1.08459869848156,-3.43265117780994
1.08342361863489,-2.68134399032628
1.08225108225108,-2.16146600367092
1.08108108108108,-0.526704571922589
1.07991360691145,-1.06583041183698
1.07902879151618,-1.16752348473566
1.07874865156419,-2.92648556076453
1.07758620689655,-1.99210445027991
1.07642626480086,-2.38430393448403
1.0752688172043,-2.61289075641887
1.07411385606874,-2.9095299807676
1.07296137339056,-2.16376593638908
1.07181136120043,-1.47991226823448
1.07159339982267,-2.3314499237624
1.07066381156317,-2.66299367934364
1.06951871657754,-0.546985843151343
1.06837606837607,-1.04545829991725
1.06723585912487,-1.17085007287572
1.06609808102345,-0.439142558763119
1.06496272630458,-3.30713160492167
1.06420924406472,-2.53433382295587
1.06382978723404,-2.57219746918211
1.06269925611052,-0.515116574691016
1.06157112526539,-3.30274038006278
1.06044538706257,-1.3855403793333
1.0593220338983,-1.10615298012923
1.05820105820106,-2.48023953898022
1.05708245243129,-3.24457933399013
1.0568759711848,-3.55876722936507
1.05596620908131,-3.32305166171745
1.05485232067511,-2.7991707155307
1.05374077976818,-3.2028940837291
1.05263157894737,-2.77227243436517
1.0515247108307,-3.00231829885468
1.05042016806723,-2.69584901378597
1.04959323055823,-3.30412247686423
1.04931794333683,-1.25749139092452
1.0482180293501,-2.52528770790594
1.04712041884817,-2.88822212895202
1.04602510460251,-2.89560249863727
1.04493207941484,-3.05509218203955
1.04384133611691,-3.59224776809396
1.04275286757039,-3.0042525042041
1.0423606739764,-1.76678899199727
1.04166666666667,2.08507996545096
1.04058272632674,-0.732442530554304
1.03950103950104,-0.154523948742518
1.03842159916926,1.23665081412775
1.03734439834025,-2.75741071865415
1.03626943005181,-3.56449958073282
1.0351966873706,-2.32367972916164
1.03517795563018,-1.71776100536762
1.03412616339193,-3.51699643663984
1.03305785123967,-2.52641508877955
1.03199174406605,-3.27823112524463
1.03092783505155,-3.16716724021579
1.02986611740474,-3.53259523846166
1.02880658436214,-2.79767354324435
1.02804473209331,-0.0638489000161639
1.02774922918808,-3.36870419865296
1.02669404517454,-3.54896954599614
1.02564102564103,-3.3851867006186
1.02459016393443,-3.14303083857039
1.02354145342886,-3.11302982341167
1.02249488752556,-3.59579980268516
1.02145045965271,-1.97889222142053
1.02096066230605,-3.44756749015344
1.02040816326531,-3.04872542863792
1.01936799184506,-3.24254201036397
1.0183299389002,-2.45435205666832
1.01729399796541,-3.44792034106213
1.01626016260163,-2.98915873367069
1.01522842639594,-2.96836618924463
1.01419878296146,-3.1792954496159
1.01392540755882,-3.26000901535682
1.01317122593718,-0.393711521441484
1.01214574898785,-3.04574994808312
1.01112234580384,-2.05012391739553
1.01010101010101,-1.68583325159717
1.00908173562059,-2.29378308614589
1.00806451612903,-0.0915092333395178
1.00704934541793,-1.68135505411946
1.00693863147603,-3.48636244772275
1.00603621730382,-2.99186778001676
1.00502512562814,-3.15309749326446
1.00401606425703,1.17762062686801
1.00300902708124,-0.414269959433777
1.00200400801603,0.0194976243136482
1.001001001001,3.03934573986475
1,-1.38952867116596
