"bfp_output.P","bfp_output.logBF"
1000,-0.480340869580981
993.109181374979,-0.375379682756953
986.265846131283,-0.319715435051317
979.46966706954,-0.310949423622769
972.720319245055,-0.344102449614705
966.017479952265,-0.414127656086559
959.360828709315,-0.518164594886922
952.75004724273,-0.656612872119392
946.184819472201,-0.8326688827896
939.66483149547,-1.0504449745225
933.189771573324,-1.31211924721243
926.759330114689,-1.61491000282406
920.373199661823,-1.9490137627999
914.031074875623,-2.29762778306208
907.732652521023,-2.63941209546455
901.477631452492,-2.95246712135001
895.26571259964,-3.21804861174523
889.096598952916,-3.42254335949969
882.969995549409,-3.55742473531044
876.885609458743,-3.61804833128069
870.843149769073,-3.60265741431833
864.842327573172,-3.5128327229951
858.882855954625,-3.35590300464126
852.964449974103,-3.14829523244513
847.086826655741,-2.91672209175773
841.249704973612,-2.69370597221713
835.452805838287,-2.50791366668714
829.695852083491,-2.37543779623796
823.978568452852,-2.29808568715937
818.300681586739,-2.26840682263387
812.661920009195,-2.27664062771658
807.06201411495,-2.3157609983
801.500696156541,-2.38351177190166
795.977700231499,-2.48127607909494
790.492762269642,-2.60925747234041
785.045620020451,-2.75920341905809
779.636013040523,-2.9115512273578
774.263682681127,-3.04395355403541
768.928372075831,-3.14397748298786
763.629826128224,-3.21213448898659
758.367791499719,-3.25552363222119
753.142016597437,-3.28103555778078
747.952251562182,-3.29183409984044
742.798248256492,-3.28586556886118
737.679760252773,-3.25518106491726
732.596542821523,-3.18803498380116
727.548352919623,-3.08019006148846
722.534949178721,-2.95519461588865
717.556091893692,-2.86219923457862
712.611543011175,-2.83393466853725
707.701066118189,-2.86610678412036
702.824426430835,-2.93980017954528
697.981390783066,-3.04070670608156
693.17172761554,-3.16062870726322
688.39520696455,-3.29139336408535
683.651600451024,-3.41752712423409
678.940681269611,-3.51168330638928
674.262224177835,-3.53937931883631
669.616005485322,-3.47582442512101
665.001803043112,-3.32187376542499
660.419396233031,-3.10174974769189
655.868565957143,-2.84733115783548
651.349094627281,-2.58728815078912
646.860766154633,-2.34675271444415
642.40336593942,-2.15043943627763
637.976680860628,-2.02164627077631
633.580499265825,-1.9758245546463
629.214610961035,-2.01461413089059
624.878807200689,-2.12713692750988
620.57288067765,-2.29739847835763
616.296625513294,-2.51002266167627
612.04983724767,-2.74945886740702
607.832312829723,-2.99521130725879
603.643850607587,-3.21928408403648
599.484250318941,-3.38868122018438
595.353313081437,-3.46951222375845
591.250841383188,-3.42874668243798
587.176639073326,-3.23692706828343
583.130511352622,-2.88241288973223
579.112264764176,-2.40238975220678
575.121707184161,-1.9038663038127
571.158647812643,-1.52174636988895
567.222897164454,-1.33143403088665
563.314267060136,-1.31891927020394
559.432570616938,-1.42920378745942
555.577622239888,-1.61818734327887
551.749237612913,-1.86757097004043
547.947233690029,-2.17110107984625
544.171428686589,-2.5119613938918
540.421642070592,-2.85094596043173
536.697694554048,-3.13058660956254
532.999408084409,-3.28381410479782
529.326605836056,-3.24601812408413
525.679112201842,-2.98579962282703
522.056752784698,-2.54706579241887
518.459354389291,-2.04711886049734
514.886745013749,-1.60647594363455
511.338753841433,-1.28540793779338
507.815211232767,-1.08726804063833
504.315948717136,-0.998106250358727
500.840798984821,-1.01591132656871
500,-1.03761115245113
497.389595879006,-1.152010385303
493.962174387832,-1.41407326716093
490.558370636505,-1.79561911988305
487.178021879463,-2.27523089287974
483.820966492595,-2.80439842941102
480.487043965513,-3.28565317620733
477.176094893875,-3.58664326579203
473.887960971765,-3.62060234372232
470.622484984128,-3.41175077544245
467.379510799247,-3.05687215149565
464.158883361278,-2.64948242294012
460.960448682844,-2.25273957538986
457.784053837662,-1.90930132213422
454.62954695324,-1.64868950490181
451.49677720361,-1.48646453301857
448.385594802119,-1.43237275047273
445.295850994266,-1.50473605297976
442.22739805059,-1.72598878205043
439.180089259609,-2.08680305552415
436.153778920801,-2.51356476651399
433.14832233764,-2.90120389460507
430.16357581068,-3.18649738866484
427.199396630678,-3.37000875737005
424.255643071778,-3.4829072857935
421.332174384729,-3.55415889578823
418.428850790158,-3.60046771435132
415.545533471888,-3.62992338464546
412.682084570296,-3.64678925382655
409.838367175726,-3.65294251173055
407.014245321944,-3.64722803130278
404.209583979631,-3.62408857507786
401.424249049932,-3.56967745623192
398.658107358044,-3.45665545274106
395.911026646846,-3.25202158437359
393.182875570577,-2.96481129852291
390.473523688556,-2.69805377189548
387.782841458946,-2.56121222951257
385.110700232557,-2.53961076624959
382.4569722467,-2.51305186709744
379.821530619074,-2.28733040806137
377.2042493417,-1.68864942015856
374.605003274899,-0.984105411810741
372.023668141307,-0.755215827594252
369.46012051993,-1.07863317748554
366.914237840249,-1.64480149074337
364.385898376355,-1.7912146304542
361.874981241128,-0.647489873856453
359.381366380463,1.1132173527568
356.904934567523,1.9297733055923
354.445567397043,1.33118940729292
352.003147279668,-0.391258011283536
349.577557436327,-2.11692496088333
347.168681892656,-2.70412573018192
344.776405473446,-2.46924008453841
342.400613797142,-2.23007840763996
340.041193270371,-2.09385806332979
337.698031082509,-1.5235007976485
335.371015200293,-0.0347015963440169
333.333333333333,1.92594004830948
333.060034362459,2.20912000486256
330.764978074424,4.34756602109254
328.485736603004,4.95622227632321
326.222200971167,3.05487967111445
323.97426295282,0.0414510809944391
321.741815067637,-2.03656864570602
319.524750575921,-2.71294354761168
317.322963473498,-2.21076828877998
315.136348486648,-0.870149101117657
312.964801067075,0.558199822335912
310.808217386907,1.27642536622539
308.666494333727,1.16687352490785
306.539529505653,0.541213207699163
304.42722120643,-0.0743045530977424
302.329468440578,0.036487465125437
300.246170908555,1.30675907346866
298.177229001967,3.10596804560125
296.122543798804,3.71849208249411
294.082017058706,2.70915897224804
292.055551218275,1.47946883078446
290.043049386399,0.693361686692517
288.04441533963,-0.031637439020936
286.059553517574,-0.483431847947069
284.08836901833,0.353734725709747
282.130767593947,2.47833584076917
280.18665564592,3.83536439416374
278.255940220713,2.92227116864628
276.338529005317,0.504591583119482
274.434330322837,-1.83518755188713
272.543253128103,-2.73400023736404
270.665207003324,-1.10548026849507
268.800102153761,3.17808281194552
266.947849403432,8.36474994051283
264.398832986803,11.481589830873
263.281546564802,10.1584158513119
261.467321180109,5.02466493287928
259.665597293487,-0.864007246688554
257.87628875938,-3.58968651717977
256.099310025846,-2.63464005683305
254.334576130465,-0.0685801813143696
252.582002696278,2.66489036747966
250.841505927754,4.79235471568491
250,5.2431651148177
249.113002606779,4.89334635865722
247.396410088681,1.07603695861242
245.691646298279,-2.89294329139896
243.998629725955,-3.33840552096667
242.31727942376,-2.39023153971963
240.647515001542,-1.48307764998206
238.989256623105,-1.10077193895107
237.342425002387,-1.65763873523762
235.706941399673,-2.61855102521603
234.082727617829,-2.00718739764163
232.469705998565,-0.423459436952679
230.867799418717,0.343327323888777
229.276931286565,-0.738055922832653
227.697025538168,-2.67234274864976
226.128006633728,-3.23473256018984
224.569799553977,-1.34688219266441
223.022329796594,2.35661119482386
221.485523372636,6.38355044288362
219.959306803008,7.73873114318419
218.443607114943,3.6332189970017
216.938351838519,-1.57557506212698
215.443469003188,-3.31265433930333
213.958887134342,-1.77165293536818
212.484535249888,1.25738570110527
211.02034285686,3.02591528296266
209.566239948043,1.88665205019364
208.122156998634,-0.413512040709956
206.688024962908,-2.27438016257825
205.263775270925,-2.77369026658651
203.849339825246,-2.27285712482411
202.44465099768,-2.15500786749221
201.04964162605,-2.87624613367198
200,-3.36326041079884
199.664245010979,-3.45266456012946
198.288394912707,-3.45408555918142
196.922025547917,-3.15054997995802
195.565071586595,-3.14577930562073
194.217468148903,-3.29578427066975
192.879150802078,-3.2863774251909
191.550055557353,-3.34589536360296
190.230118866895,-3.24770509883937
188.919277620767,-3.25678645860178
187.617469143912,-3.50849296066554
186.324631193156,-3.2218163323444
185.04070195423,-2.9798302076568
183.765620038817,-2.47742237403677
182.499324481615,-1.7731107547758
181.241754737424,-2.02024954313721
179.992850678248,-2.04534226985738
178.752552590424,-2.10393663273559
177.520801171764,-2.92738282872015
176.297537528721,-2.83346536196923
175.082703173572,-1.86827597247661
173.876240021625,-0.179776710399447
172.678090388436,0.755351581551271
171.488196987054,-0.828922902393951
170.306502925284,-2.40845118761684
169.132951702965,-3.14696220228954
167.967487209265,-2.77197898188053
166.810053720006,-1.69628853974616
166.666666666667,-1.54981898298147
165.660595894991,-0.196306515836606
164.519058775366,2.22585336389854
163.385387780986,4.04974816535632
162.259528707809,0.68576037008835
161.141427725302,-3.338250937326
160.03103137387,-0.770417902770713
158.928286562298,4.97762089484327
157.833140565212,7.96913355737879
156.745541020559,2.9275242456868
155.665435927106,-3.21996295022275
154.592773641948,-1.73252051280754
153.527502878042,2.69483119597796
152.469572701757,3.5044642534695
151.418932530435,-0.287431966952066
150.375532129974,-3.41487362446189
149.339321612425,-1.60369392675615
148.310251433611,-0.577847319154539
147.28827239075,-1.81708492880535
146.273335620113,-3.31068087780077
145.265392594678,-2.17276003072406
144.264395121816,-1.74586876891869
143.270295340983,-1.80429636142558
142.857142857143,-1.93376938806251
142.283045721435,-1.86539434379641
141.302599059953,-1.11196312399242
140.328908478587,-2.38683617101581
139.361927422414,-1.57391528346686
138.401609657313,2.70119443669016
137.447909267754,5.96299661730861
136.500780654601,1.48898095212262
135.560178532937,-3.27223261613447
134.626057929891,-0.746796517410512
133.698374182495,4.01233202228982
132.777082935543,1.41429519134464
131.862140139475,-2.33020971448537
130.953502048267,-3.42882040582692
130.051125217341,-3.48024480237954
129.154966501488,-3.13487974680673
128.264983052806,-2.75286928992095
127.381132318648,-3.20742390511161
126.50337203959,-3.06291121780573
125.631660247412,-1.89288574471716
125,-1.26124791619081
124.765955263087,-1.48671195977426
123.906215694792,-3.39288531400062
123.052400435926,-3.39550043925469
122.204468663149,-2.0957205794876
121.362379834424,-1.83817066829568
120.526093687084,-2.85147662293583
119.695570235904,-3.43601963654158
118.87076977119,-3.26288140613017
118.051652856881,-2.92982442799321
117.23818032866,-2.73958476369831
116.430313292088,-3.33544901051125
115.628013120738,-3.658671074129
114.831241454351,-3.02322794496159
114.039960197003,-2.54872748473197
113.254131515281,-2.8185980634263
112.473717836475,-3.6069792607151
111.698681846782,-2.69205391976972
111.111111111111,-1.19324829472016
110.928986489522,-0.797218545114343
110.164594963366,-0.775040004602867
109.405470720574,-3.09412558264047
108.651577465254,-2.91406555163901
107.902879151618,-1.29099685600748
107.159339982267,-1.06324751789368
106.420924406472,-2.80227532442204
105.68759711848,-1.72986864140982
104.959323055823,-0.792036058739636
104.23606739764,-3.20237067915833
103.517795563018,-2.60091902429617
102.804473209331,1.26762128896794
102.096066230605,-0.542830985170336
101.392540755882,-2.85745276529765
100.693863147603,-1.03407008814834
100,-0.873918592362155
100,-0.873918592362268
99.310918137498,-1.67178574629745
98.6265846131283,-2.50737120226479
97.946966706954,-2.6939873422484
97.2720319245054,-2.56184669266882
96.6017479952265,-3.57789255532726
95.9360828709315,-2.80712351514519
95.2750047242729,-2.47790281945863
94.61848194722,-3.54824520518461
93.966483149547,0.175802537863736
93.3189771573324,-0.247679203449631
92.6759330114688,-3.5571692981661
92.0373199661823,-1.53504519322636
91.4031074875623,-1.02202136856045
90.9090909090909,-2.04717305974681
90.7732652521023,-1.94822240740977
90.1477631452492,-2.61169384469364
89.526571259964,-3.0548232744692
88.9096598952916,0.848943607610456
88.2969995549409,-0.327999925535958
87.6885609458743,-3.47834116990789
87.0843149769073,-0.627729917661422
86.4842327573172,-1.55391757516675
85.8882855954625,-2.82108500193525
85.2964449974102,-1.99952055485211
84.7086826655741,-2.79956936678654
84.1249704973612,-2.04424268613895
83.5452805838287,-3.51864142920233
83.3333333333333,-2.73316054757727
82.9695852083491,-1.22589993568918
82.3978568452852,-3.34977645539173
81.8300681586739,2.38333954890714
81.2661920009194,-0.565025858746405
80.706201411495,-0.700101803266175
80.150069615654,9.23995398392644
79.5977700231498,-1.86630464197794
79.0492762269642,-1.35237134423242
78.5045620020451,-0.589347355583281
77.9636013040523,0.788201804895825
77.4263682681127,-3.6408672359724
76.9230769230769,1.51614756671804
76.8928372075831,1.84656968634865
76.3629826128224,-3.27185649541506
75.8367791499719,-1.3121198811299
75.3142016597437,-2.71834227894059
74.7952251562182,-2.22729352012619
74.2798248256491,-2.44588302320774
73.7679760252773,-3.07567480549248
73.2596542821523,-2.33845048152774
72.7548352919623,-3.40615167948827
72.2534949178722,-3.57837018064621
71.7556091893693,-2.62596059214688
71.4285714285714,-1.35307487631503
71.2611543011175,-1.93808648132598
70.7701066118189,-3.03261939814164
70.2824426430835,-1.1406100518965
69.7981390783066,-2.45122814959707
69.3171727615541,-3.29202354123695
68.839520696455,-3.58720413012785
68.3651600451024,-1.1397421040866
67.8940681269611,-2.55176235735056
67.4262224177834,-1.99901454490769
66.9616005485322,-2.95526004548453
66.6666666666667,1.38030415214495
66.5001803043112,0.964997114693905
66.0419396233031,-1.94744272314876
65.5868565957143,-0.637590832733006
65.134909462728,-1.68672294754937
64.6860766154633,-2.61275043970819
64.2403365939419,-1.98332712118288
63.7976680860628,-3.16782722924121
63.3580499265825,-0.0963026035215178
62.9214610961034,-2.29761316848124
62.5,-2.06358829341333
62.4878807200689,-2.12126311508062
62.057288067765,-2.92566098985356
61.6296625513294,-2.88445901005864
61.204983724767,-3.48449483737134
60.7832312829723,-2.01317744018821
60.3643850607587,-3.52074599488348
59.9484250318941,-2.89111756410996
59.5353313081437,-3.62484107603388
59.1250841383188,-3.64962575047455
58.8235294117647,-2.92827492988628
58.7176639073326,-1.9014151181188
58.3130511352622,-2.81383664258508
57.9112264764176,-2.82807445285699
57.5121707184161,-2.41610150137954
57.1158647812643,-3.63969966851222
56.7222897164454,-3.05461234497964
56.3314267060136,-2.76535063348832
55.9432570616938,-2.63180922165203
55.5577622239888,-2.53342714802865
55.5555555555556,-2.50967699092363
55.1749237612912,-1.75408827868544
54.7947233690029,-3.09643360069115
54.4171428686589,-3.04486067809507
54.0421642070592,-3.10471013878684
53.6697694554048,-3.23792300055997
53.2999408084409,-3.59800812459018
52.9326605836056,-1.95642131289103
52.6315789473684,-2.86459625497271
52.5679112201842,-3.08709887316636
52.2056752784698,-1.10896652228588
51.8459354389291,-3.31776261674845
51.488674501375,-3.5334314035352
51.1338753841433,-2.96166745930482
50.7815211232767,-2.48144148310167
50.4315948717136,-0.876569245030036
50.0840798984821,-3.36362823222999
50,-2.91938087131886
49.7389595879007,-3.31231125294208
49.3962174387832,-2.41680823594303
49.0558370636505,-2.64130961789648
48.7178021879463,-3.19162241108436
48.3820966492596,-3.06757535628519
48.0487043965513,-0.385865682963849
47.7176094893875,-3.07356011442671
47.6190476190476,-2.09865616791891
47.3887960971765,-2.47982431931099
47.0622484984128,-3.52852892023521
46.7379510799246,1.88736810017044
46.4158883361278,-1.99558049982279
46.0960448682843,-1.81989417618744
45.7784053837662,-2.78781284056644
45.462954695324,-2.80038114815904
45.4545454545455,-2.79399898279631
45.149677720361,-2.64810841294946
44.8385594802119,-2.06256059578949
44.5295850994266,-2.57727321279504
44.222739805059,8.52927322761558
43.9180089259609,-0.107806265727656
43.6153778920801,-1.20988918072477
43.4782608695652,-1.96967560778865
43.314832233764,-2.35432182833382
43.016357581068,-3.52480691221346
42.7199396630678,-1.50102274808976
42.4255643071778,-2.23829832647341
42.1332174384729,-0.785335296737553
41.8428850790158,-0.720477633775867
41.6666666666667,-3.30654422458307
41.5545533471888,-1.72208672565831
41.2682084570295,-3.15903252142395
40.9838367175726,-1.2788842320164
40.7014245321944,-2.82262263390832
40.4209583979631,-3.43440824831741
40.1424249049932,0.687917099088044
40,-3.20498218533906
39.8658107358044,-1.24373357888201
39.5911026646846,-3.01020794524508
39.3182875570577,-2.49076245712235
39.0473523688556,-0.803815144215927
38.7782841458946,-3.11744215186909
38.5110700232557,-3.23143709716406
38.4615384615385,-3.54511089667887
38.24569722467,-1.91658962149314
37.9821530619073,-1.74383332054655
37.72042493417,-3.40278602025112
37.4605003274899,-1.75639358189833
37.2023668141307,-3.1360108118087
37.037037037037,-3.52301236029732
36.946012051993,-3.13778430314779
36.6914237840249,-1.96768816096955
36.4385898376355,-2.6554188786943
36.1874981241128,-2.41160589190276
35.9381366380463,-3.18888361011148
35.7142857142857,-2.67262297070122
35.6904934567523,-2.97360218470122
35.4445567397043,-0.468012539206749
35.2003147279668,-1.74839290931574
34.9577557436328,-3.1289951964771
34.7168681892656,-3.53571820996434
34.4827586206897,-3.50465643473187
34.4776405473446,-3.4413157775936
34.2400613797142,-3.05092640099168
34.0041193270371,-1.09801979544364
33.7698031082509,-3.44908482783957
33.5371015200293,-1.44218114030711
33.3333333333333,-1.94979967142772
33.3060034362459,0.0574354102386581
33.0764978074424,-3.07261150396352
32.8485736603004,-3.19982406393121
32.6222200971167,-2.44953370054103
32.397426295282,1.68382874793365
32.258064516129,-2.77346528025107
32.1741815067637,0.426675572727636
31.9524750575921,-3.12310407723289
31.7322963473498,-3.65259961374617
31.5136348486648,-3.30705977535085
31.2964801067075,-2.8055069152938
31.25,-3.40460555218068
31.0808217386906,-3.0898735549225
30.8666494333727,-3.44731137730899
30.6539529505653,-3.1113249345794
30.442722120643,-0.739940099342259
30.3030303030303,-3.65147704766506
30.2329468440578,-2.69303896520251
30.0246170908555,-3.29613950057897
29.8177229001967,-3.16320000205492
29.6122543798804,-3.2247741983429
29.4117647058824,-3.01374109040746
29.4082017058706,-2.95970236406914
29.2055551218275,-3.25074054149318
29.0043049386399,-3.04250665315849
28.804441533963,-2.18524220724869
28.6059553517574,-3.02351171616437
28.5714285714286,-3.63960755461174
28.408836901833,-3.62129386131032
28.2130767593947,-3.11397465297973
28.018665564592,-3.45966762060204
27.8255940220712,-2.94505296144434
27.7777777777778,-3.63772767547824
27.6338529005317,-1.41598381298096
27.4434330322836,-1.25156527578472
27.2543253128103,-1.51894504431599
27.0665207003324,0.396809712162896
27.027027027027,-1.53263784256374
26.8800102153761,1.53105186946231
26.6947849403432,1.12493386619271
26.5108360190854,-3.0916342388087
26.3281546564802,-2.12964548149797
26.3157894736842,-0.860484286710213
26.1467321180109,-1.87568405519543
25.9665597293487,-3.1879967190991
25.787628875938,-1.08823194451979
25.6410256410256,-1.95198859738847
25.6099310025846,-2.39981905672671
25.4334576130465,-2.44957765809824
25.2582002696278,1.5835082178774
25.0841505927754,-0.3411725142066
25,7.00817295768646
24.9113002606779,3.54899820272933
24.7396410088681,2.67208825814599
24.5691646298279,-2.76602415160495
24.3998629725955,-1.72920823566961
24.390243902439,-2.28380694964384
24.231727942376,-2.59526544953273
24.0647515001542,-2.06514187669067
23.8989256623105,-3.37373669879433
23.8095238095238,-3.41468570598145
23.7342425002387,-1.63624407232343
23.5706941399673,-1.70509444384246
23.4082727617829,-0.621449456946816
23.2558139534884,-3.13601357135287
23.2469705998565,-3.53377334752495
23.0867799418717,-2.99269453946912
22.9276931286565,-2.25644360612481
22.7697025538168,-2.18679154783085
22.7272727272727,-3.39428549788682
22.6128006633728,-2.30397659924518
22.4569799553977,-1.61903885485027
22.3022329796594,-2.88561049608712
22.2222222222222,-3.32386632497416
22.1485523372636,-0.377928934774938
21.9959306803007,-2.33442401587682
21.8443607114943,-3.13636151020124
21.7391304347826,-3.3263414736018
21.6938351838518,0.439843892058936
21.5443469003188,-2.90561254679038
21.3958887134342,-3.04756494297633
21.2765957446809,-0.172532673305521
21.2484535249888,-0.7574984692619
21.102034285686,-3.31881022531705
20.9566239948043,-2.75217772684727
20.8333333333333,-2.81430529559661
20.8122156998634,-3.2770209522974
20.6688024962908,-3.41283711018066
20.5263775270925,-1.46979781696528
20.4081632653061,-2.45568682906098
20.3849339825246,0.44357138348578
20.244465099768,-1.68962941224863
20.104964162605,0.0605697607438076
20,-2.36304721238299
19.9664245010979,-3.40706874850629
19.8288394912707,-2.8497368218692
19.6922025547917,-3.55159423437295
19.6078431372549,-3.50190656959686
19.5565071586595,-2.90813775150736
19.4217468148903,-3.2263675485715
19.2879150802078,-3.0413832504153
19.2307692307692,-2.26538953605147
19.1550055557353,-2.56876788900881
19.0230118866894,-3.58778793638715
18.8919277620767,-2.55246985973404
18.8679245283019,-1.05806676053102
18.7617469143912,-3.54330281061801
18.6324631193156,-1.05437198757398
18.5185185185185,-3.5098937613577
18.504070195423,-2.9196301768798
18.3765620038817,-1.2838569438576
18.2499324481615,-3.33744559572944
18.1818181818182,-3.57871574411386
18.1241754737424,-2.81108033115559
17.9992850678248,-2.98491836568972
17.8752552590424,-3.31233854884389
17.8571428571429,-2.79191448244155
17.7520801171764,-3.43708853248888
17.6297537528721,-3.433221961172
17.5438596491228,-0.537745458968611
17.5082703173572,-1.84590710807545
17.3876240021625,-1.95965228863944
17.2678090388436,-2.97860711537178
17.2413793103448,-2.05709674487083
17.1488196987054,-3.18643178497349
17.0306502925284,-0.426216548400599
16.9491525423729,2.77851311623524
16.9132951702965,-2.58340799538181
16.7967487209265,-3.60624159519174
16.6810053720006,0.0487885682319318
16.6666666666667,-1.98153856513265
16.5660595894991,-3.16419577118752
16.4519058775366,-2.59177816272954
16.3934426229508,-3.13515887869364
16.3385387780986,-3.50947947242336
16.2259528707809,-3.61801084319977
16.1290322580645,-1.00624269511389
16.1141427725302,-0.365720707237226
16.003103137387,-3.51581773302508
15.8928286562298,-3.4493302649637
15.8730158730159,-0.0600213859322407
15.7833140565212,-2.03439670066505
15.674554102056,-2.29019884541277
15.625,-1.10114855839687
15.5665435927106,-1.44013228631605
15.4592773641948,-2.76764145821776
15.3846153846154,-0.00880417051045423
15.3527502878042,-3.45197129981592
15.2469572701757,-2.30057117064525
15.1515151515152,0.482346005190483
15.1418932530435,-1.21824578440329
15.0375532129974,-2.45803462805527
14.9339321612425,-0.723624104027304
14.9253731343284,-0.577127957845486
14.831025143361,-3.1411008513585
14.728827239075,-2.42166998922572
14.7058823529412,-2.57105666858093
14.6273335620113,-3.65523995841267
14.5265392594678,-1.70044452555514
14.4927536231884,-3.35489399943922
14.4264395121816,-3.51223828984477
14.3270295340983,-1.44657855199231
14.2857142857143,-0.731875774432477
14.2283045721435,-0.653755896176061
14.1302599059953,-1.58792560570005
14.0845070422535,-0.686468097399749
14.0328908478587,0.669559468057845
13.9361927422414,-1.3445606342794
13.8888888888889,-2.9458660493975
13.8401609657313,-1.10875481193183
13.7447909267754,-3.29332193829888
13.6986301369863,-3.33649230078059
13.6500780654601,-1.59404976529673
13.5560178532937,-1.04689950835923
13.5135135135135,-1.23201928977759
13.4626057929891,-1.46338799786276
13.3698374182495,-1.63214895801407
13.3333333333333,3.79349994522893
13.2777082935543,-1.90505852390175
13.1862140139475,-2.02581714983388
13.1578947368421,-1.30919813423541
13.0953502048267,1.3585647000438
13.0051125217341,-3.26897275153605
12.987012987013,-2.10455372098958
12.9154966501488,-3.38507381264106
12.8264983052806,1.15845951164248
12.8205128205128,1.8805570734984
12.7381132318648,-2.71086104192308
12.6582278481013,-2.39400378329976
12.650337203959,-1.10076765313651
12.5631660247412,-3.18585919234469
12.5,-1.8673829239572
12.4765955263087,-3.0122425987776
12.3906215694792,-3.46671644256069
12.3456790123457,-2.91560006927876
12.3052400435926,-3.31022143747775
12.2204468663149,-0.730572007891293
12.1951219512195,-1.59526150777166
12.1362379834424,-0.949026861635427
12.0526093687084,-1.17518438455273
12.0481927710843,-1.555116811398
11.9695570235904,6.15723905454921
11.9047619047619,-3.54781722792724
11.887076977119,-1.83540728782078
11.8051652856881,-1.98877024741939
11.7647058823529,-3.37836707809945
11.723818032866,-2.35400088186283
11.6430313292088,0.783334956518833
11.6279069767442,-3.21363862692213
11.5628013120738,-2.52230689951569
11.4942528735632,-0.954963426585105
11.4831241454351,-0.653968586520572
11.4039960197003,-3.65271087943112
11.3636363636364,-3.63389781050558
11.3254131515281,-3.40499438489912
11.2473717836475,-3.17956571265584
11.2359550561798,-3.38151078263685
11.1698681846782,-3.23800294311793
11.1111111111111,-1.80456119240567
11.0928986489522,-3.29303101506947
11.0164594963366,-2.42487363965723
10.989010989011,-0.700432285908799
10.9405470720574,-2.32445610632403
10.8695652173913,-1.11218711632845
10.8651577465254,-1.36765925455473
10.7902879151618,-2.85112069567061
10.752688172043,-2.9955801661073
10.7159339982267,-2.46198316337999
10.6420924406472,-2.82174023838773
10.6382978723404,-2.54222198332097
10.568759711848,-3.02208647965618
10.5263157894737,-3.42667927311377
10.4959323055823,-2.99093255731621
10.423606739764,-1.76584980747692
10.4166666666667,-2.39125607001203
10.3517795563018,-1.63600076580094
10.3092783505155,-3.09939220845002
10.2804473209331,-2.52408332777749
10.2096066230605,-2.81317823933302
10.2040816326531,-2.87150535013556
10.1392540755882,-0.175178533750663
10.1010101010101,-3.65797267837599
10.0693863147603,-3.47743337850168
10,-1.9662990566034
10,-1.96629905660329
9.9310918137498,-2.98790709441787
9.9009900990099,1.13456377714677
9.86265846131282,0.368235200787372
9.80392156862745,-3.19089492503461
9.79469667069539,0.71920381230682
9.72720319245054,-3.01426096300919
9.70873786407767,-3.43249752372769
9.66017479952265,-1.63462004383633
9.61538461538461,-3.03753693574107
9.59360828709314,-2.95577270412484
9.52750047242729,-1.79043866163267
9.52380952380952,-2.4578145597204
9.461848194722,-1.99541372021597
9.43396226415094,-3.41684046608007
9.39664831495469,-3.35156709025177
9.34579439252336,-2.82809801969629
9.33189771573324,-3.10597367406565
9.26759330114688,-1.35006862251223
9.25925925925926,-0.121427521953886
9.20373199661822,-2.41088925071609
9.1743119266055,-3.52463401705672
9.14031074875623,-3.56665680400134
9.09090909090909,-0.839223326756932
9.07732652521023,-3.145782954815
9.01477631452492,-3.21089778571764
9.00900900900901,-3.63327830758116
8.9526571259964,-1.65029242270405
8.92857142857143,-3.25452703574053
8.89096598952916,-2.8186846382684
8.84955752212389,0.81011813523141
8.82969995549409,-1.32254237296062
8.7719298245614,-2.371209015323
8.76885609458743,-3.42745048505433
8.70843149769072,-3.48931727172747
8.69565217391304,-3.55461555898533
8.64842327573172,0.613039681078154
8.62068965517241,-1.8389849407376
8.58882855954625,-1.08732853381268
8.54700854700855,0.85033812161682
8.52964449974102,-0.259475133605984
8.47457627118644,-2.34431233193846
8.47086826655741,-3.60299892545531
8.41249704973612,-3.51845920336897
8.40336134453781,-1.98644981840443
8.35452805838287,1.35758471387878
8.33333333333333,1.44143335458999
8.29695852083491,-3.15789425975977
8.26446280991736,-2.33712502948928
8.23978568452852,-3.38973923097536
8.19672131147541,-3.4607798854732
8.18300681586739,-3.50630806347551
8.13008130081301,-3.13169662124947
8.12661920009195,-2.95756605270766
8.0706201411495,-2.69356993476314
8.06451612903226,-1.8687235918375
8.01500696156541,-3.6294185885783
8,-3.61246801295278
7.95977700231498,-3.03388793250515
7.93650793650794,-2.55735179317288
7.90492762269642,-3.05333340858185
7.8740157480315,0.936315997552261
7.85045620020451,-3.26761097939099
7.8125,-3.592807015209
7.79636013040523,-3.13158425970719
7.75193798449612,-2.83806196527466
7.74263682681127,-2.95037164519153
7.69230769230769,-3.59466708297573
7.68928372075831,-3.0616650906664
7.63629826128224,-2.67126003688643
7.63358778625954,-2.5656252136974
7.58367791499719,-3.25749953404268
7.57575757575758,-3.25526940543134
7.53142016597437,-2.93113888428241
7.5187969924812,-2.6225496187706
7.47952251562182,-2.17826834596276
7.46268656716418,-3.52476478984233
7.42798248256492,-3.04249889240846
7.40740740740741,-2.72792360471446
7.37679760252773,-3.25655066998557
7.35294117647059,1.75332072675996
7.32596542821523,-3.55470183475553
7.2992700729927,-3.35291802576311
7.27548352919623,-3.08112050438684
7.2463768115942,-2.83311430413432
7.22534949178722,-1.88382586918614
7.19424460431655,0.195824509545607
7.17556091893693,-1.68634695228068
7.14285714285714,-2.9244628761525
7.12611543011175,-2.57686232466541
7.09219858156028,-2.71341250317355
7.07701066118189,-2.51644975767492
7.04225352112676,-0.993819232035444
7.02824426430835,-2.54033186186289
6.99300699300699,0.635609734586912
6.97981390783066,-2.76689995642364
6.94444444444444,-1.43939216688333
6.93171727615541,-3.55998421340002
6.89655172413793,-3.00132806177528
6.8839520696455,-2.83558812897557
6.84931506849315,-2.35334510110458
6.83651600451024,-1.18846700865138
6.80272108843537,-3.06477745437554
6.78940681269611,-1.98414500398293
6.75675675675676,-0.614203240630199
6.74262224177834,-3.24355155562146
6.71140939597315,-2.72815584440591
6.69616005485322,-3.04523951407271
6.66666666666667,-2.95627908681272
6.65001803043112,-2.21485369877119
6.62251655629139,-3.02410355906751
6.6041939623303,-3.62947373686394
6.57894736842105,-2.9133314867568
6.55868565957143,-0.660472922445716
6.5359477124183,-2.21590209788318
6.5134909462728,-2.85581385855472
6.49350649350649,-1.52120216755732
6.46860766154633,-1.09539402247371
6.45161290322581,-1.60382989514217
6.42403365939419,-3.47889326082848
6.41025641025641,-2.89072805708464
6.37976680860628,-2.96328880482612
6.36942675159236,-2.55571211192391
6.33580499265825,-0.337656910957416
6.32911392405063,-2.36637321665908
6.29214610961034,-3.44689820486711
6.28930817610063,-2.68760671910597
6.25,-3.37432737124898
6.24878807200689,-3.2828580798173
6.2111801242236,-1.66966514341753
6.2057288067765,-2.24030491597746
6.17283950617284,-2.29770335612495
6.16296625513294,-3.38871794426172
6.13496932515337,-3.10050527809424
6.1204983724767,-1.81764112515243
6.09756097560976,-3.44768175400243
6.07832312829723,-1.99393913204001
6.06060606060606,-3.47683446448128
6.03643850607587,-3.13772717445066
6.02409638554217,-2.30004125601736
5.99484250318941,-2.63708537822056
5.98802395209581,-3.2581778271727
5.95353313081437,-2.97158269448986
5.95238095238095,-3.18902819438967
5.91715976331361,-2.54224886315255
5.91250841383188,-3.22672788275777
5.88235294117647,-3.11580113279832
5.87176639073326,-3.19417020721989
5.84795321637427,-2.47496790026373
5.83130511352622,-1.59048903163933
5.81395348837209,-3.4993933674316
5.79112264764176,-3.34148014560834
5.78034682080925,-3.50921545724655
5.75121707184161,-3.53743843394308
5.74712643678161,-1.27446023101477
5.71428571428571,-3.0707841911856
5.71158647812643,-2.92348096716178
5.68181818181818,-2.30363144711019
5.67222897164454,-3.1554084530674
5.64971751412429,-0.13145338871352
5.63314267060136,-2.8946682473087
5.61797752808989,-2.25620029215669
5.59432570616938,-3.20852496985286
5.58659217877095,-1.77583466940551
5.55577622239888,0.190445032370367
5.55555555555556,-0.300642121526731
5.52486187845304,-2.87030977744125
5.51749237612913,-3.41339908616861
5.49450549450549,-2.87795682920766
5.47947233690029,-2.21549792914082
5.46448087431694,-3.55627973459563
5.44171428686589,-2.61582084547411
5.43478260869565,-3.36022722026906
5.40540540540541,-3.1872218889142
5.40421642070592,-3.1093518759222
5.37634408602151,-3.6516029935057
5.36697694554048,-2.36594280030935
5.3475935828877,-2.72200374243614
5.32999408084409,-3.08869330239652
5.31914893617021,-3.55638354163797
5.29326605836056,-3.55180951566679
5.29100529100529,-3.13033432218243
5.26315789473684,-3.47309020302607
5.25679112201842,-3.05101716433837
5.23560209424084,-1.96257227973528
5.22056752784698,-2.23831649723634
5.20833333333333,-1.91662127546108
5.18459354389291,-3.49728051557902
5.18134715025907,-3.61512297915886
5.15463917525773,-2.05947884691521
5.14886745013749,-1.5577454664007
5.12820512820513,-2.06770101949716
5.11338753841433,-3.3633411411058
5.10204081632653,-3.05684991262823
5.07815211232767,-3.36143345614162
5.0761421319797,-1.01496809051785
5.05050505050505,-3.27069386058711
5.04315948717136,-3.53855004428793
5.0251256281407,-3.01315791758672
5.00840798984821,-3.54805656787682
5,-3.35090614144196
4.97512437810945,-3.55242671865202
4.97389595879006,-2.82077691311074
4.95049504950495,-3.49698611598357
4.93962174387832,-3.14706647149357
4.92610837438424,-2.80819070818195
4.90558370636505,-2.7274024425014
4.90196078431372,-3.0809396935743
4.8780487804878,-0.581716656184692
4.87178021879463,-3.49108899473147
4.85436893203883,0.458861163861816
4.83820966492596,-1.25109672542576
4.83091787439613,-3.44344435373393
4.80769230769231,-3.61995940419542
4.80487043965513,-2.82097719502867
4.78468899521531,-2.50900825193385
4.77176094893875,-3.30943840130963
4.76190476190476,-3.42776084040552
4.739336492891,-3.33089148897461
4.73887960971765,-3.25224782780016
4.71698113207547,-3.65363963120408
4.70622484984128,-3.5756966182699
4.69483568075117,-3.63838396906884
4.67379510799246,-3.46274272155021
4.67289719626168,-1.84660418033603
4.65116279069767,-2.52726387337462
4.64158883361278,-2.97611113223719
4.62962962962963,-2.66021129829225
4.60960448682843,-2.77525713345416
4.60829493087558,-1.50389266231052
4.58715596330275,-1.06610835091065
4.57784053837662,-2.40678243377529
4.5662100456621,-3.38503637427281
4.5462954695324,-3.32278260846153
4.54545454545455,-3.02648244636769
4.52488687782805,-2.2399462962115
4.5149677720361,-0.600037357190625
4.5045045045045,-0.0960161011114833
4.48430493273543,-1.12780442295623
4.48385594802119,-1.38124954817435
4.46428571428571,-1.96704464907394
4.45295850994265,-1.8660992177548
4.44444444444444,-2.85046115941499
4.42477876106195,-3.2146462102968
4.4222739805059,-3.63031588010024
4.40528634361233,-3.18951221015613
4.39180089259609,-3.49266294640308
4.3859649122807,-2.89012365560832
4.36681222707424,-3.66037923177187
4.361537789208,-3.33002429379764
4.34782608695652,-3.14397916232023
4.3314832233764,-1.36610564354514
4.32900432900433,-3.60299242701323
4.31034482758621,-3.06141267974173
4.30163575810679,-1.13318281862466
4.29184549356223,-3.20405196919598
4.27350427350427,-3.03505311523592
4.27199396630678,-3.1805838477676
4.25531914893617,-1.3420897353147
4.24255643071778,-3.48427030051429
4.23728813559322,-3.61707764239433
4.21940928270042,-3.01900579578377
4.21332174384729,-3.65236764476422
4.20168067226891,-1.53461480196146
4.18428850790158,-2.5815420824495
4.18410041841004,-2.19001977527928
4.16666666666667,-1.21414040551108
4.15545533471888,-3.11899903520362
4.149377593361,-1.60770650777375
4.13223140495868,-3.05014560385761
4.12682084570295,-2.76847458383697
4.11522633744856,-3.47377192778843
4.09838367175726,-3.62608421231176
4.0983606557377,-3.62040561465663
4.08163265306122,-3.54125669120985
4.07014245321944,-3.61262428748038
4.0650406504065,-3.61381893153502
4.04858299595142,-3.15888775495408
4.04209583979631,-3.26776700558919
4.03225806451613,-3.64382505818311
4.01606425702811,-2.97249132782981
4.01424249049932,-3.24704098228024
4,-2.33863149846844
3.98658107358044,-2.83483834083746
3.98406374501992,-3.24784299796935
3.96825396825397,-2.87962310845325
3.95911026646846,-1.6866680604722
3.95256916996047,-2.0976218301589
3.93700787401575,-3.30464150499419
3.93182875570577,-3.20128687136669
3.92156862745098,-3.19105696807444
3.90625,-1.20868077877766
3.90473523688556,-2.80965327471484
3.89105058365759,-3.20483509027057
3.87782841458946,-2.60181098228365
3.87596899224806,-0.0382280993798174
3.86100386100386,-3.12126996151256
3.85110700232557,-3.62588975739372
3.84615384615385,-3.51981476889032
3.83141762452107,-1.89748446527214
3.824569722467,-3.00439024786349
3.81679389312977,-1.99334337920969
3.80228136882129,-3.39922293152453
3.79821530619074,-2.3013242815664
3.78787878787879,-3.46516667053664
3.77358490566038,-3.63677520986068
3.772042493417,-2.13591429326994
3.7593984962406,-3.41712307151443
3.74605003274899,-2.43109935189467
3.74531835205992,-1.6881119847023
3.73134328358209,-2.68508220874535
3.72023668141307,-2.19637222369173
3.71747211895911,-3.19134468878722
3.7037037037037,-1.70149099845689
3.6946012051993,-3.26137882212408
3.690036900369,-3.66132678715114
3.67647058823529,-3.63643674121208
3.66914237840249,-3.23931381379814
3.66300366300366,-3.55919869413431
3.64963503649635,-3.54254795159387
3.64385898376355,0.785076114751935
3.63636363636364,-2.19317955623482
3.6231884057971,-2.97566055468333
3.61874981241128,-3.50128478921134
3.6101083032491,-1.83787163391117
3.59712230215827,-2.67840431588977
3.59381366380463,-3.24418295129937
3.584229390681,-1.63980015841012
3.57142857142857,-1.55758328614372
3.56904934567523,-1.89453588229115
3.55871886120996,-3.20618025584856
3.54609929078014,-3.11471301643497
3.54445567397043,-3.11303328125329
3.53356890459364,-3.43491509246568
3.52112676056338,-0.668134748249609
3.52003147279668,-3.04243648492278
3.50877192982456,-3.01853943884312
3.4965034965035,-3.46331770280771
3.49577557436328,-3.57723392830634
3.48432055749129,-1.91380000658121
3.47222222222222,-3.54221558745784
3.47168681892656,-2.63442748179586
3.46020761245675,-3.18744755449002
3.44827586206897,-3.55703079187291
3.44776405473446,-2.63582402051288
3.43642611683849,-3.40683188486185
3.42465753424658,-3.30419883875571
3.42400613797142,-2.99785877703125
3.41296928327645,-1.97881981899153
3.40136054421769,-1.70107133733078
3.40041193270371,-2.95509335084143
3.38983050847458,-2.15110258033082
3.37837837837838,2.39595186397985
3.37698031082509,-3.03303635963554
3.36700336700337,-2.2912241502667
3.35570469798658,-3.49291816512156
3.35371015200293,-3.56024320039613
3.34448160535117,-0.29856243950483
3.33333333333333,-1.67699294724498
3.33060034362459,-1.84741833734902
3.32225913621262,-2.33609228851965
3.3112582781457,-1.72039848564152
3.30764978074424,-3.30621461148111
3.3003300330033,-1.8090430454559
3.28947368421053,-3.52712533607983
3.28485736603004,-2.77675783904213
3.27868852459016,-3.20420999256667
3.26797385620915,-3.47863971044576
3.26222200971167,-3.31309847030466
3.25732899022801,-2.32043168832923
3.24675324675325,-2.64930494894666
3.2397426295282,-1.95296293484194
3.23624595469256,-3.38117654449168
3.2258064516129,-3.09854167377717
3.21741815067637,-1.80827978503533
3.21543408360129,0.56235909785524
3.20512820512821,-0.908447911210213
3.19524750575921,-3.26578576803227
3.19488817891374,-2.75055743594795
3.18471337579618,-1.85383418030186
3.17460317460317,-2.90948083020448
3.17322963473498,-3.21290700968138
3.16455696202532,-2.98917418723688
3.15457413249211,-3.13611472526851
3.15136348486648,-3.23557612272667
3.14465408805031,-1.90218135245869
3.13479623824451,0.754627419140964
3.12964801067075,-0.826645935137104
3.125,-3.61988424602905
3.11526479750779,-3.26607594029449
3.10808217386906,-1.50037166133303
3.1055900621118,-3.30113002344832
3.09597523219814,-2.38604682082827
3.08666494333727,-2.76738377369729
3.08641975308642,-2.5299000922492
3.07692307692308,-3.58416342563582
3.06748466257669,-3.62961153473445
3.06539529505653,-2.88252602321408
3.05810397553517,-3.54919671990079
3.04878048780488,-1.76020159500591
3.0442722120643,-3.46967461276189
3.03951367781155,-3.4117359952627
3.03030303030303,-2.29584474586174
3.02329468440578,-1.55045296907694
3.02114803625378,-1.3088362781297
3.01204819277108,-3.61973737799449
3.003003003003,-3.60613063475251
3.00246170908555,-3.23331128579177
2.9940119760479,-3.36466447545503
2.98507462686567,-3.37965884900292
2.98177229001967,-2.62763842062538
2.97619047619048,-2.38592959174242
2.9673590504451,-2.95691857327945
2.96122543798803,-3.25324353643428
2.9585798816568,-3.52402753043055
2.94985250737463,-3.42201381799644
2.94117647058824,-1.73546788536923
2.94082017058706,-3.24678425929077
2.93255131964809,-3.1665936046766
2.92397660818713,-3.41970237410011
2.92055551218275,-3.0261981240033
2.91545189504373,-2.33229740169413
2.90697674418605,-3.30365118149724
2.90043049386399,-3.24782823939311
2.89855072463768,-2.71195985966666
2.89017341040462,-2.66034693277411
2.88184438040346,-3.24952354690184
2.8804441533963,-3.30351096302423
2.8735632183908,-3.46332796108585
2.86532951289398,-3.4318395093331
2.86059553517574,-1.8186179555323
2.85714285714286,-3.34632858576496
2.84900284900285,-3.56900172316885
2.84090909090909,-2.79779306748695
2.8408836901833,-2.88694817684462
2.8328611898017,-3.629941087152
2.82485875706215,-2.59680814853719
2.82130767593947,-2.47800554621501
2.8169014084507,-1.05688916228767
2.80898876404494,-1.96916984454675
2.8018665564592,-2.1182641897961
2.80112044817927,-1.29652134940796
2.79329608938547,-2.04690179586556
2.78551532033426,-2.57473347982237
2.78255940220712,-3.16231154342607
2.77777777777778,-2.3597170912176
2.77008310249307,-3.07981367878876
2.76338529005317,-2.63990598337933
2.76243093922652,-1.7555020508456
2.75482093663912,-1.75213734466477
2.74725274725275,-3.51152420051006
2.74434330322836,-3.63519601518082
2.73972602739726,-3.49639230867877
2.73224043715847,-2.62705574448666
2.72543253128103,-3.45372604187922
2.72479564032698,-2.72656789483225
2.71739130434783,-1.86132458306447
2.710027100271,-3.55642909280997
2.70665207003324,-3.48698734564958
2.7027027027027,-3.54691506379011
2.69541778975741,-3.33812266557642
2.68817204301075,-1.51131386596596
2.68800102153761,-1.70062083738356
2.68096514745308,-0.557775232758483
2.67379679144385,-1.32413404081542
2.66947849403432,-3.44301238894955
2.66666666666667,1.32311340034496
2.65957446808511,-2.14252663342283
2.6525198938992,-3.07346748473973
2.65108360190854,-3.27597262070087
2.64550264550265,-1.93781068503024
2.63852242744063,-1.37194740586669
2.63281546564802,-3.01827084884386
2.63157894736842,-1.43766465911666
2.6246719160105,-1.92045940338285
2.61780104712042,-3.37166556792975
2.61467321180109,-1.76808248625299
2.61096605744125,-3.63743403143333
2.60416666666667,-3.39467327523514
2.5974025974026,-2.72776168543676
2.59665597293487,-3.184721543061
2.59067357512953,-3.38693249052379
2.58397932816537,-2.58595708383923
2.5787628875938,-3.33437292382028
2.57731958762887,-3.15235332726941
2.5706940874036,-2.69758040992978
2.56410256410256,-1.1749655663083
2.56099310025846,-3.31108206722434
2.55754475703325,-1.18126591670478
2.55102040816327,-1.32019615846651
2.54452926208651,-1.94077153300624
2.54334576130465,-3.33120455091473
2.53807106598985,-3.63300580966959
2.53164556962025,-2.53870643194765
2.52582002696278,-3.33475528764724
2.52525252525253,-3.09627735182421
2.51889168765743,-3.57286814303181
2.51256281407035,-3.00777520553229
2.50841505927754,-1.79775978415416
2.5062656641604,-3.44170449009787
2.5,-3.06410395658018
2.49376558603491,-3.06613849870952
2.49113002606779,-3.18964519914185
2.48756218905473,-2.71281417446475
2.48138957816377,-3.65836123698919
2.47524752475248,-2.14761282569249
2.47396410088681,-2.93476646907139
2.46913580246914,-3.400468884325
2.46305418719212,-3.44000592461092
2.45700245700246,-0.218990047626913
2.45691646298279,0.338446002019301
2.45098039215686,-3.19609128342882
2.44498777506112,-3.11127204772354
2.43998629725955,-2.78076777503021
2.4390243902439,-3.18838697934738
2.4330900243309,-2.85742359802175
2.42718446601942,-3.62755537663052
2.4231727942376,-3.05894940961174
2.42130750605327,-3.6410126684813
2.41545893719807,-2.88747455081609
2.40963855421687,-3.41363617143541
2.40647515001542,-3.01458640808108
2.40384615384615,-1.91422045392651
2.39808153477218,-2.53608529974572
2.39234449760766,-2.46033991331422
2.38989256623105,-2.49659134992244
2.38663484486874,-1.49046390759836
2.38095238095238,-3.36452937548945
2.37529691211401,-3.61362523972583
2.37342425002387,-3.52784646904363
2.3696682464455,-3.50594927160553
2.36406619385343,-1.62438172679473
2.35849056603774,-2.74031925285997
2.35706941399673,-3.22514742808273
2.35294117647059,-3.14152203202841
2.34741784037559,-3.43460917551759
2.34192037470726,-2.67768928215228
2.34082727617829,-3.65154525122586
2.33644859813084,-1.97004136734237
2.33100233100233,-2.33617887178802
2.32558139534884,-3.41990244022763
2.32469705998565,-3.57313615009148
2.32018561484919,-1.7425294832917
2.31481481481481,-3.22495024163306
2.3094688221709,-3.08707551580631
2.30867799418717,-3.06045193005401
2.30414746543779,-3.17899103031597
2.29885057471264,-2.3847130054314
2.29357798165138,0.0972380828173032
2.29276931286565,-1.7843839965338
2.2883295194508,-3.38568322652004
2.28310502283105,-3.64554449418248
2.27790432801822,-1.50009600889241
2.27697025538168,-2.62105890395757
2.27272727272727,-3.1143367202937
2.26757369614512,-3.47839936094241
2.26244343891403,-2.33813683368335
2.26128006633728,-3.22493921121331
2.25733634311512,-3.59949512174223
2.25225225225225,-2.58249593113201
2.24719101123596,-2.89040176191748
2.24569799553977,-3.10565280691288
2.24215246636771,-3.64432646840357
2.23713646532438,-3.2240428862397
2.23214285714286,-2.31386559153905
2.23022329796594,-2.9570855305396
2.2271714922049,-3.47890190857693
2.22222222222222,-3.0169410078097
2.21729490022173,-0.104232108661345
2.21485523372636,-3.59507883224334
2.21238938053097,-3.41623905418417
2.2075055187638,-3.05848964388103
2.20264317180617,-2.09037386760344
2.19959306803007,-1.83219977690005
2.1978021978022,-3.52473648697248
2.19298245614035,-3.34916455342865
2.18818380743982,-3.62571800940902
2.18443607114943,-1.34671231174714
2.18340611353712,-2.5908854787378
2.17864923747277,-3.33935520509108
2.17391304347826,-2.96811654550295
2.16938351838518,-3.29694421681689
2.16919739696312,-3.45706398197204
2.16450216450216,-3.29585368455859
2.15982721382289,-1.33787205605789
2.1551724137931,-3.22319170123107
2.15443469003188,-2.96065863432984
2.1505376344086,-3.33407066082382
2.14592274678112,-3.47641178708293
2.14132762312634,-3.23907120431651
2.13958887134342,-3.35668864811408
2.13675213675214,-1.20504154778963
2.13219616204691,-3.40328592147871
2.12765957446809,-2.03035949273318
2.12484535249888,-3.45206604961804
2.12314225053079,-2.23308627384555
2.11864406779661,-3.28921518355359
2.11416490486258,-3.56713420632586
2.1102034285686,-2.65426641707598
2.10970464135021,-3.48255249060001
2.10526315789474,-3.3159332902578
2.10084033613445,-3.48965355263884
2.09643605870021,-3.22200690605105
2.09566239948043,-3.44540897642905
2.09205020920502,-3.1084901144069
2.08768267223382,-1.83665655329674
2.08333333333333,-1.31101490816523
2.08122156998634,-2.94567927945219
2.07900207900208,-3.38695444946056
2.0746887966805,-3.08744226533538
2.0703933747412,-3.46908043840819
2.06688024962908,-3.5442167185795
2.06611570247934,-3.13445872415731
2.06185567010309,-2.93063914299158
2.05761316872428,-2.55361336957172
2.05338809034908,-3.35268881724498
2.05263775270925,-1.82700855737921
2.04918032786885,-3.59802830414624
2.04498977505112,-2.826533690266
2.04081632653061,-3.62514982238074
2.03849339825246,-3.484765377376
2.03665987780041,-3.55638808245073
2.03252032520325,-2.81697662261571
2.02839756592292,-3.33003788952599
2.0244465099768,-3.20976114016694
2.02429149797571,-2.7980284453131
2.02020202020202,-2.88463750295913
2.01612903225806,-3.44209330457694
2.01207243460765,-1.47284894734237
2.0104964162605,-2.28334733816852
2.00803212851406,-2.8646325148379
2.00400801603206,-3.61886287486875
2,-3.57079167098992
1.99664245010979,-3.61051674085563
1.99600798403194,-3.48424353783401
1.99203187250996,-3.64784954895928
1.98807157057654,-3.37232037303392
1.98412698412698,-3.60200756356918
1.98288394912707,-3.40351941744414
1.98019801980198,-3.15604213113583
1.97628458498024,-2.16835174229736
1.9723865877712,-2.99681244074274
1.96922025547917,-3.17753346135693
1.96850393700787,-3.23862270533776
1.96463654223969,-3.45184481335967
1.96078431372549,-3.40017220981003
1.95694716242661,-3.35903709067248
1.95565071586595,-2.78483707712753
1.953125,-3.32934945876517
1.94931773879142,-2.43374833984974
1.94552529182879,-3.2742038706764
1.94217468148903,-3.2296284238801
1.94174757281553,-2.94267896242873
1.93798449612403,-3.39743161378289
1.93423597678917,-3.35146822314619
1.93050193050193,-3.38036087162693
1.92879150802078,-3.23115031357311
1.92678227360308,-3.12841716824839
1.92307692307692,-2.44182053264425
1.91938579654511,-1.80061134092416
1.91570881226054,-3.09196205416545
1.91550055557353,-3.51995336844937
1.91204588910134,-2.84132627112107
1.90839694656489,-2.45072603213274
1.9047619047619,-3.52383397518799
1.90230118866894,-3.5343846486436
1.90114068441065,-3.57320540935101
1.89753320683112,-3.49512927246304
1.89393939393939,-3.43409917551277
1.89035916824197,-2.81249783025886
1.88919277620767,-3.41166470047245
1.88679245283019,-2.55956531739495
1.88323917137476,-3.37957306581513
1.8796992481203,0.16132503260808
1.87617469143912,-2.7782149461036
1.87617260787992,-2.78437483185352
1.87265917602996,-3.33532089101912
1.86915887850467,-3.39121552667889
1.86567164179104,-3.51946304316256
1.86324631193156,-3.49264156414589
1.86219739292365,-3.35834176764935
1.85873605947955,-3.49198559771529
1.85528756957328,-3.21250669519589
1.85185185185185,-3.23486718651626
1.8504070195423,-3.428282828495
1.84842883548983,-1.82344356704562
1.8450184501845,-2.27165996478457
1.84162062615101,-3.53364773251594
1.83823529411765,-2.77256113784294
1.83765620038817,-3.63764575484957
1.8348623853211,-3.37784265467489
1.83150183150183,-3.61981142304303
1.82815356489945,-2.16587017236263
1.82499324481615,-2.91891010781618
1.82481751824817,-3.30346189058822
1.82149362477231,-1.7694595101763
1.81818181818182,-2.75672985207178
1.81488203266788,-3.63423139656056
1.81241754737424,-1.67340281151665
1.81159420289855,-2.93227058642629
1.80831826401447,-3.52583253476713
1.80505415162455,-3.53431020554775
1.8018018018018,-2.57950843511291
1.79992850678248,-1.99605416984594
1.79856115107914,-2.89935226617969
1.79533213644524,-3.55102955492832
1.7921146953405,-3.50668888934556
1.78890876565295,-3.19357608546563
1.78752552590424,-2.95505162358325
1.78571428571429,-3.6093651827597
1.7825311942959,-2.58535661340717
1.77935943060498,-3.14772286911603
1.77619893428064,-3.39266594650347
1.77520801171763,-2.69805778696356
1.77304964539007,-0.275360232947302
1.76991150442478,-3.47898980040953
1.76678445229682,-2.63090353108923
1.7636684303351,-1.76347410378291
1.76297537528721,-3.50789311822454
1.76056338028169,-2.79458852121065
1.75746924428822,-3.55325826977504
1.75438596491228,-3.51667450676539
1.75131348511384,-2.55700120204799
1.75082703173572,-2.69183988459603
1.74825174825175,-2.88841506598238
1.74520069808028,-2.93618821930699
1.74216027874564,-2.55856836958743
1.73913043478261,-3.61344802590925
1.73876240021625,-3.62894092795413
1.73611111111111,-2.33421897363159
1.73310225303293,-1.79890136643611
1.73010380622837,-3.35019264614847
1.72711571675302,-3.04068269290256
1.72678090388436,-3.06160246554681
1.72413793103448,-2.3677929783367
1.72117039586919,-3.45340352077268
1.71821305841924,-2.32482233856178
1.71526586620926,-1.10608484057949
1.71488196987054,-3.38742102375086
1.71232876712329,-2.63470488557941
1.70940170940171,-1.49404160727307
1.70648464163823,-3.6231848017782
1.70357751277683,-3.63555682876914
1.70306502925284,-3.60940094284639
1.70068027210884,-3.07581586408075
1.69779286926995,-2.73960527549526
1.69491525423729,-2.91392868566482
1.69204737732657,-3.63109024269111
1.69132951702965,-3.48069496226209
1.68918918918919,-2.86899449823887
1.68634064080944,-2.72734603648886
1.68350168350168,-3.07855437286524
1.68067226890756,-1.01649932527986
1.67967487209265,-3.51394951198999
1.67785234899329,-2.6377018831187
1.6750418760469,-2.93665055371967
1.67224080267559,-3.43714894623669
1.669449081803,-2.49913625168285
1.66810053720006,-3.10951705345685
1.66666666666667,-3.49670331015811
1.66389351081531,-3.61956822859828
1.66112956810631,-1.85268275900314
1.65837479270315,-3.60258856829627
1.65660595894991,-3.46390951719799
1.65562913907285,-1.74033781885511
1.65289256198347,-2.97042493587967
1.65016501650165,-3.62774996111618
1.64744645799012,-3.07644596144849
1.64519058775366,-3.03834488438617
1.64473684210526,-1.64066365035485
1.64203612479475,-3.27187810016435
1.63934426229508,-2.95252400310347
1.6366612111293,0.0887674506369267
1.63398692810458,-2.74042568160847
1.63385387780986,-3.42294185717544
1.63132137030995,-3.13643575341545
1.62866449511401,-2.66343960069839
1.6260162601626,-3.39431992338749
1.62337662337662,-3.49300395080895
1.62259528707809,-3.44408988944555
1.62074554294976,-3.51127039548931
1.61812297734628,-3.62552340178207
1.61550888529887,-3.37452157662851
1.61290322580645,-2.13589381668971
1.61141427725302,-3.17590020086912
1.61030595813205,-2.42394221494861
1.60771704180064,-3.28488451438117
1.60513643659711,-1.22687567319708
1.6025641025641,-2.21542453281655
1.6003103137387,-2.5720161166799
1.6,-0.40720830462315
1.59744408945687,-1.613159658388
1.59489633173844,0.89939030380332
1.59235668789809,-0.708807223375326
1.58982511923688,-3.11205773559056
1.58928286562298,-1.77527163278968
1.58730158730159,-2.50974883493167
1.58478605388273,-3.13958184375586
1.58227848101266,-1.17587200686212
1.57977883096367,-3.40740841781972
1.57833140565212,-3.63667942456378
1.57728706624606,-1.22604393417266
1.5748031496063,-3.31766484353023
1.57232704402516,-3.43605004663409
1.56985871271586,-2.14272287024748
1.5674554102056,-2.26043151154864
1.56739811912226,-1.77996220374088
1.56494522691706,-1.70287771098624
1.5625,-2.06003530821082
1.5600624024961,-3.48595982241376
1.55763239875389,-3.4047179160844
1.55665435927106,-3.19091091349066
1.5552099533437,-1.42861262293327
1.5527950310559,-1.37125418254309
1.55038759689922,-1.10532177204
1.54798761609907,0.100713173963801
1.54592773641948,-3.18125893355294
1.54559505409583,-3.34209593253602
1.54320987654321,-2.92363912153011
1.54083204930663,-3.170326597786
1.53846153846154,-3.45944139182184
1.53609831029186,-1.46638475525084
1.53527502878042,-1.05263687761022
1.53374233128834,-3.35838210814496
1.53139356814701,-3.55277224899343
1.52905198776758,-3.61050882509421
1.52671755725191,-2.27331773712227
1.52469572701757,-3.60487898192538
1.52439024390244,-2.80963213249386
1.5220700152207,-3.5054786795544
1.51975683890577,-2.46280286832377
1.51745068285281,-2.4340104763561
1.51515151515152,-1.5670141550368
1.51418932530435,-3.58950562551565
1.51285930408472,-3.29792989799152
1.51057401812689,-2.73117862716132
1.50829562594268,-1.51701110103358
1.50602409638554,-3.55269915406195
1.50375939849624,-3.24409957109146
1.50375532129974,-3.27857970407559
1.5015015015015,-3.49647094060186
1.49925037481259,-2.77363263152544
1.49700598802395,-3.33729690417909
1.49476831091181,-2.57687538179597
1.49339321612425,-1.24896265071986
1.49253731343284,-3.61739607533188
1.4903129657228,-3.06335838687415
1.48809523809524,-1.15020779990321
1.48588410104012,-3.44261067311318
1.48367952522255,-3.24903261744573
1.4831025143361,-3.17659325203659
1.48148148148148,-3.25898157834815
1.4792899408284,-3.26977009810512
1.47710487444609,-3.39367889873109
1.47492625368732,-3.21280418189563
1.4728827239075,-3.22407780941163
1.47275405007364,-3.59285561043473
1.47058823529412,-3.59983496020068
1.46842878120411,0.820615867690624
1.46627565982405,-2.25238986722094
1.46412884333821,-1.65970465726955
1.46273335620113,-2.56263159332276
1.46198830409357,-1.34835644035324
1.45985401459854,-3.00080894616904
1.45772594752187,-3.60651919715731
1.45560407569141,-2.04123789012892
1.45348837209302,-0.162268886673739
1.45265392594678,-3.1202921218031
1.45137880986938,-0.45753073821525
1.44927536231884,-3.1320141063973
1.44717800289436,-2.08486993042829
1.44508670520231,-1.87826551319879
1.44300144300144,-2.30769547888267
1.44264395121816,-3.17138555741202
1.44092219020173,-3.38483418880868
1.43884892086331,-1.28875244599366
1.4367816091954,-3.48288093618479
1.43472022955524,-2.47749264280896
1.43270295340983,-3.29152393312826
1.43266475644699,-3.26133804038441
1.43061516452074,-1.72332304212092
1.42857142857143,3.23027861231178
1.4265335235378,-0.050612516617643
1.42450142450142,-2.04493955957916
1.42283045721435,-1.12373778811574
1.42247510668563,-2.60690823257327
1.42045454545455,-0.343312419039004
1.41843971631206,-3.11133161580876
1.41643059490085,-0.0827323871421397
1.41442715700141,0.300946710289641
1.41302599059953,-0.074968516218358
1.41242937853107,-2.41155611871415
1.41043723554302,-3.20616236832738
1.40845070422535,-3.5657670561239
1.40646976090014,-3.26126160642989
1.40449438202247,-2.77240459330381
1.40328908478587,-1.42739757051252
1.40252454417952,-3.60523926397867
1.40056022408964,-3.50648404222913
1.3986013986014,-3.34877855340771
1.39664804469274,-1.46491853035716
1.39470013947001,-2.07711178114955
1.39361927422414,-0.442953644141805
1.39275766016713,-3.10868093180162
1.39082058414465,-1.47503179991714
1.38888888888889,-2.46862957876437
1.3869625520111,-2.86527103952987
1.38504155124654,-2.29533464588449
1.38401609657313,-0.905861294909196
1.38312586445367,-1.10880571340108
1.38121546961326,-2.69716441310858
1.37931034482759,-2.86546934343844
1.37741046831956,-3.63916465701929
1.37551581843191,-3.44177233945545
1.37447909267754,-2.35455700247673
1.37362637362637,-3.57273055878958
1.37174211248285,-3.10504225834405
1.36986301369863,-2.42452492985062
1.36798905608755,-3.62157564307004
1.36612021857923,-2.99226038131807
1.36500780654601,-2.5129473785076
1.36425648021828,-2.30683243610541
1.36239782016349,-3.12018041113385
1.36054421768707,-2.80434887982924
1.35869565217391,-3.43784973915582
1.35685210312076,-3.44006367454885
1.35560178532937,-2.64363397520786
1.3550135501355,-2.27039314258753
1.3531799729364,-3.12930661750591
1.35135135135135,-3.31876694782094
1.34952766531714,-3.3963960268674
1.34770889487871,-1.46487141918306
1.34626057929891,-2.71912543309362
1.34589502018843,-2.74642245838508
1.34408602150538,-1.48527209009653
1.34228187919463,-3.3103693373465
1.34048257372654,-3.44369184747076
1.33868808567604,-3.25476646657209
1.33698374182495,-3.03105616515311
1.33689839572193,-3.45667927657301
1.33511348464619,-3.29603106327208
1.33333333333333,-2.16085856805757
1.33155792276964,-2.43656834183396
1.32978723404255,-3.27004543247851
1.32802124833997,-3.16148338667027
1.32777082935543,-3.39749172596081
1.3262599469496,-3.55774133226079
1.32450331125828,-1.89295024019331
1.32275132275132,-2.5930609796781
1.32100396301189,-3.30865198136685
1.31926121372032,-3.16905773367155
1.31862140139475,-3.51122748887628
1.31752305665349,-2.70616425511927
1.31578947368421,-2.39659494650881
1.31406044678055,-0.455557642839135
1.31233595800525,0.600083251652099
1.31061598951507,-1.32202001634742
1.30953502048267,-2.85447438485927
1.30890052356021,-2.92554726323651
1.30718954248366,-1.35100847103181
1.30548302872063,-1.54227507473966
1.30378096479791,-3.55593951989031
1.30208333333333,-2.21736617860905
1.30051125217341,-2.18971986296047
1.30039011703511,-2.98135088939734
1.2987012987013,-3.54638955621594
1.2970168612192,-3.55826984511499
1.29533678756477,-2.94899602562817
1.29366106080207,-2.59994383759776
1.29198966408269,-3.48272485005692
1.29154966501488,-2.46954691559729
1.29032258064516,-3.34561009135119
1.28865979381443,-3.33434690533555
1.28700128700129,-2.37820367681938
1.2853470437018,2.570406201817
1.28369704749679,-2.37031850708659
1.28264983052806,-3.59160504406712
1.28205128205128,-2.33954366744673
1.28040973111396,0.0419868589111632
1.27877237851662,-2.15045527980321
1.27713920817369,-2.27486236643891
1.27551020408163,-2.26283073958772
1.27388535031847,-0.972908750727707
1.27381132318648,-1.85377518310964
1.27226463104326,-2.83157706127518
1.27064803049555,-3.5258011217242
1.26903553299492,-3.50022409609816
1.26742712294043,-3.28952930152603
1.26582278481013,-2.33155342812072
1.2650337203959,-3.4949213457174
1.26422250316056,-1.67249273420073
1.26262626262626,-3.38742056844252
1.26103404791929,-3.34405898949081
1.25944584382872,-1.43419506451935
1.25786163522013,-1.5598580872241
1.25631660247412,-2.75302738136433
1.25628140703518,-2.29580226218205
1.25470514429109,-0.622229357384906
1.2531328320802,-3.18671158152703
1.25156445556946,-2.86098671234025
1.25,-3.35787015184088
1.24843945068664,-2.61355228655189
1.24765955263087,-2.94303234262751
1.24688279301746,-3.53332121400022
1.2453300124533,-2.75288285010701
1.24378109452736,-2.46883888896222
1.24223602484472,-3.27490012035819
1.24069478908189,-2.69519524019752
1.23915737298637,-3.30934905199141
1.23906215694792,-3.12388692865018
1.23762376237624,-2.18108353951176
1.23609394313968,-3.06695544287426
1.23456790123457,-3.20897998311089
1.23304562268804,-1.37974071944698
1.23152709359606,-3.33669263559859
1.23052400435926,-2.36529037605193
1.230012300123,-1.80677103634205
1.22850122850123,-3.60952356312039
1.22699386503067,-3.24314533041508
1.22549019607843,-2.5464164539377
1.22399020807834,-3.26049368669693
1.22249388753056,-2.74783197909802
1.22204468663149,-3.46126868880112
1.22100122100122,-2.44677204140343
1.21951219512195,-2.21358994755858
1.21802679658952,-2.27887721079697
1.21654501216545,-1.21659247985751
1.21506682867558,-0.188171422652554
1.21362379834424,-2.57941255677927
1.21359223300971,-3.35563934734172
1.21212121212121,-2.71282684441651
1.21065375302663,-0.909782786728253
1.20918984280532,-2.5966330824725
1.20772946859903,-3.23812119055635
1.20627261761158,-2.96861274615689
1.20526093687084,-3.53705237549904
1.20481927710843,-3.60161985368695
1.20336943441637,-2.8300387640687
1.20192307692308,-2.79201262540941
1.20048019207683,-3.29378113005172
1.19904076738609,-0.891787051547804
1.19760479041916,-3.61140268692211
1.19695570235904,-3.03164435660569
1.19617224880383,-3.64000157084747
1.194743130227,-2.65679742443931
1.19331742243437,-2.83678645140189
1.19189511323004,-0.74190915561051
1.19047619047619,-2.9794790043381
1.18906064209275,-2.37445941069056
1.1887076977119,-3.26304812043612
1.18764845605701,-1.46574304446339
1.18623962040332,-2.60701058078059
1.18483412322275,-2.90148587567189
1.18343195266272,-1.84503769699573
1.18203309692671,-1.24996934108587
1.18063754427391,-1.45408838013663
1.18051652856881,-3.28333209167992
1.17924528301887,-1.35514584143864
1.17785630153121,-3.19015432932711
1.17647058823529,-2.96623622276207
1.17508813160987,-2.94867922941681
1.17370892018779,-2.00805320865926
1.1723818032866,-2.35944544202622
1.17233294255569,-1.31027798163619
1.17096018735363,-3.01775117066536
1.16959064327485,-3.3396859459939
1.16822429906542,-2.06606766782532
1.16686114352392,1.81765778672845
1.16550116550117,-2.09888075185354
1.16430313292088,-3.35665329130041
1.16414435389988,-2.59338488461354
1.16279069767442,-0.763165023409225
1.16144018583043,-2.35770151116879
1.16009280742459,-3.28952490775053
1.15874855156431,-2.99845898413492
1.15740740740741,-0.661788728408804
1.15628013120738,-3.39162724127466
1.15606936416185,-2.56899721942495
1.15473441108545,-3.1789658882656
1.15340253748558,-2.20183173563297
1.15207373271889,-3.42768626099031
1.15074798619102,-1.93688693772627
1.14942528735632,-3.43581739331934
1.14831241454351,-3.23275261381896
1.14810562571757,-3.32641987075844
1.14678899082569,-2.36075289907516
1.1454753722795,-3.23912843694221
1.1441647597254,-2.73896639733367
1.14285714285714,-3.63608825062515
1.14155251141553,-1.66185127170199
1.14039960197003,-1.47353434398833
1.14025085518814,-3.28996860258946
1.13895216400911,-3.33929583880218
1.13765642775882,-2.34950719054198
1.13636363636364,-1.39036503405652
1.13507377979569,-3.24463044683589
1.13378684807256,-0.707692921079636
1.13254131515281,4.19776389680046
1.13250283125708,3.19821134576462
1.13122171945701,-3.20626764522906
1.12994350282486,-3.41958219805521
1.12866817155756,-2.6145881499966
1.12739571589628,-1.25274049424901
1.12612612612613,-2.60192693931533
1.12485939257593,-3.05288870672397
1.12473717836475,-3.15935334804847
1.12359550561798,-1.95929801721921
1.12233445566779,-3.5003147166728
1.12107623318386,-1.57994907957568
1.11982082866741,-3.62542332758185
1.11856823266219,-3.30398153939636
1.11731843575419,-0.533327114845643
1.11698681846782,-3.38373774818792
1.11607142857143,-3.53355117460385
1.11482720178372,-3.53927842664417
1.11358574610245,-2.74237783595926
1.11234705228031,-0.016932300155001
1.11111111111111,-1.79154645873079
1.10987791342952,-2.92278567075511
1.10928986489522,-2.72878424426669
1.10864745011086,-1.41952227498841
1.10741971207087,-3.65653270876735
1.10619469026549,-2.51185758374019
1.10497237569061,-2.92970452747972
1.1037527593819,-3.53743410134949
1.10253583241455,-2.97989580442607
1.10164594963366,-3.43588280929184
1.10132158590308,-3.05640343023431
1.1001100110011,-0.0146237332414314
1.0989010989011,-3.35468811385725
1.09769484083425,-2.80308162203449
1.09649122807018,-3.58847527754859
1.09529025191676,-2.43925831035308
1.09409190371991,-3.40884115401236
1.09405470720574,-3.38660885214166
1.09289617486339,-3.10110171913855
1.09170305676856,-3.32199181981884
1.09051254089422,-3.0057082086928
1.08932461873638,-0.976153422140963
1.08813928182807,-3.03678468080171
1.08695652173913,-1.48260574543952
1.08651577465254,-0.632420224886867
1.085776330076,-0.945232452848596
1.08459869848156,-3.50492562355101
1.08342361863489,-2.84101346746832
1.08225108225108,-2.21529853438987
1.08108108108108,-0.464642225627624
1.07991360691145,-1.1027203247098
1.07902879151618,-1.21532402296257
1.07874865156419,-2.79220617894101
1.07758620689655,-1.97871834751187
1.07642626480086,-2.55759627208557
1.0752688172043,-2.75076136054717
1.07411385606874,-2.81094268583369
1.07296137339056,-2.37209132260186
1.07181136120043,-1.66366023951756
1.07159339982267,-2.44446158078197
1.07066381156317,-2.771173235798
1.06951871657754,-0.475169671483154
1.06837606837607,-1.0435977736207
1.06723585912487,-0.947937734275381
1.06609808102345,-0.448299809106014
1.06496272630458,-3.33630910455953
1.06420924406472,-2.4417007159101
1.06382978723404,-2.77606507000813
1.06269925611052,-0.447424917947425
1.06157112526539,-3.26075915175219
1.06044538706257,-1.38890353224537
1.0593220338983,-1.02096606121021
1.05820105820106,-2.29800145430128
1.05708245243129,-3.15483534110127
1.0568759711848,-3.53194118141281
1.05596620908131,-3.39126830818612
1.05485232067511,-2.99384250429413
1.05374077976818,-3.29008912023768
1.05263157894737,-2.62566387196379
1.0515247108307,-3.00988310168652
1.05042016806723,-2.76578600436518
1.04959323055823,-3.1738142398437
1.04931794333683,-1.4743910866514
1.0482180293501,-2.37647737296175
1.04712041884817,-2.84919165112178
1.04602510460251,-3.09647834083041
1.04493207941484,-2.97653218824528
1.04384133611691,-3.54975385684851
1.04275286757039,-2.95385354464865
1.0423606739764,-1.59262915553479
1.04166666666667,2.46703757308992
1.04058272632674,-0.54150817298203
1.03950103950104,-0.262519220270785
1.03842159916926,1.11551615401563
1.03734439834025,-2.67614038237088
1.03626943005181,-3.6355011282249
1.0351966873706,-2.31097883454192
1.03517795563018,-1.71980836067579
1.03412616339193,-3.51316329518077
1.03305785123967,-2.59153044676968
1.03199174406605,-3.18228093547041
1.03092783505155,-3.30534136088608
1.02986611740474,-3.53815886261331
1.02880658436214,-2.78941791931497
1.02804473209331,-0.19073232192748
1.02774922918808,-3.27984205055425
1.02669404517454,-3.57233270744062
1.02564102564103,-3.26604852991685
1.02459016393443,-3.27937097220167
1.02354145342886,-3.08507817143252
1.02249488752556,-3.59405395960625
1.02145045965271,-2.05384906818029
1.02096066230605,-3.50440417921346
1.02040816326531,-2.83757553576326
1.01936799184506,-3.17751357907936
1.0183299389002,-2.59596357856482
1.01729399796541,-3.42146168825733
1.01626016260163,-3.08715640138267
1.01522842639594,-2.94749432926424
1.01419878296146,-3.39924040950781
1.01392540755882,-3.28973266701946
1.01317122593718,-0.518598405417843
1.01214574898785,-2.93162758878283
1.01112234580384,-2.19294653220806
1.01010101010101,-1.71802043748074
1.00908173562059,-2.37805652356398
1.00806451612903,-0.386216580186793
1.00704934541793,-1.6641506042968
1.00693863147603,-3.55515657679426
1.00603621730382,-3.03325350166811
1.00502512562814,-3.19890045790266
1.00401606425703,1.41926459971238
1.00300902708124,-0.598315303173233
1.00200400801603,0.021142730324347
1.001001001001,3.33616861416958
1,-1.34816024994181
