"bfp_output.P","bfp_output.logBF"
1000,0.31989113388055
993.109181374979,0.445416932676825
986.265846131283,0.511121361431653
979.46966706954,0.521288460249385
972.720319245055,0.482654927773628
966.017479952265,0.401158724136072
959.360828709315,0.279286541592275
952.75004724273,0.11506387339124
946.184819472201,-0.0969933159229397
939.66483149547,-0.363193536875154
933.189771573324,-0.686863338902337
926.759330114689,-1.06447139538049
920.373199661823,-1.48317284434536
914.031074875623,-1.92117145625663
907.732652521023,-2.35121529309428
901.477631452492,-2.74587605315126
895.26571259964,-3.08226713776009
889.096598952916,-3.34439009894414
882.969995549409,-3.52286694545527
876.885609458743,-3.61320469840386
870.843149769073,-3.61427241920112
864.842327573172,-3.52846243954503
858.882855954625,-3.36416009825161
852.964449974103,-3.13948589571755
847.086826655741,-2.88391180139133
841.249704973612,-2.63375956522453
835.452805838287,-2.42175425732493
829.695852083491,-2.26717660123556
823.978568452852,-2.17348736282654
818.300681586739,-2.1334938420165
812.661920009195,-2.13688904521869
807.06201411495,-2.17582266034897
801.500696156541,-2.24714874982949
795.977700231499,-2.35117828054491
790.492762269642,-2.4866185561214
785.045620020451,-2.64336749423823
779.636013040523,-2.80042983324749
774.263682681127,-2.93538470358835
768.928372075831,-3.03706511401354
763.629826128224,-3.10767915955769
758.367791499719,-3.15573065226944
753.142016597437,-3.18910199195728
747.952251562182,-3.21167709321117
742.798248256492,-3.2218534358244
737.679760252773,-3.21140302487178
732.596542821523,-3.16633707914341
727.548352919623,-3.07681165740901
722.534949178721,-2.95924529973511
717.556091893692,-2.86129973941074
712.611543011175,-2.82254288540706
707.701066118189,-2.84622284953233
702.824426430835,-2.91606382317978
697.981390783066,-3.0164010445563
693.17172761554,-3.13578169709354
688.39520696455,-3.26202747696224
683.651600451024,-3.37598616142109
678.940681269611,-3.44899678026918
674.262224177835,-3.45019459109228
669.616005485322,-3.36373191593632
665.001803043112,-3.20083810447546
660.419396233031,-2.99220131513278
655.868565957143,-2.77014863417234
651.349094627281,-2.55902901486909
646.860766154633,-2.37674482599298
642.40336593942,-2.23930872032276
637.976680860628,-2.16170052531582
633.580499265825,-2.15399162316099
629.214610961035,-2.21689305898077
624.878807200689,-2.34150858124532
620.57288067765,-2.512878726256
616.296625513294,-2.71272251736108
612.04983724767,-2.91912287119716
607.832312829723,-3.10579301214052
603.643850607587,-3.24439470828848
599.484250318941,-3.30901238192497
595.353313081437,-3.27836921519086
591.250841383188,-3.13464551890071
587.176639073326,-2.86486618803532
583.130511352622,-2.47423808462484
579.112264764176,-2.01193182385723
575.121707184161,-1.58101562137203
571.158647812643,-1.29193323329472
567.222897164454,-1.19093141754585
563.314267060136,-1.25085043746092
559.432570616938,-1.42141936544054
555.577622239888,-1.66858545060647
551.749237612913,-1.97660883013732
547.947233690029,-2.32825641505154
544.171428686589,-2.68697173915272
540.421642070592,-2.99764403025098
536.697694554048,-3.1992628147686
532.999408084409,-3.23342182501623
529.326605836056,-3.05459115795106
525.679112201842,-2.66053252890567
522.056752784698,-2.12791031759006
518.459354389291,-1.59376800706878
514.886745013749,-1.17436935514221
511.338753841433,-0.911035896904262
507.815211232767,-0.790354538394165
504.315948717136,-0.790426811259077
500.840798984821,-0.905144103544681
500,-0.950777141128536
497.389595879006,-1.13772926148082
493.962174387832,-1.48282259362063
490.558370636505,-1.92195316390969
487.178021879463,-2.42606905683872
483.820966492595,-2.94247814671403
480.487043965513,-3.3745561811359
477.176094893875,-3.60091382488995
473.887960971765,-3.55547143304657
470.622484984128,-3.28216381566939
467.379510799247,-2.88730390273364
464.158883361278,-2.46509447887451
460.960448682844,-2.07562587278029
457.784053837662,-1.75609235567888
454.62954695324,-1.52729522248846
451.49677720361,-1.39496072713875
448.385594802119,-1.36243615455968
445.295850994266,-1.44709339498699
442.22739805059,-1.67468153033523
439.180089259609,-2.04080911049534
436.153778920801,-2.47482095721075
433.14832233764,-2.8705230387397
430.16357581068,-3.16172708078117
427.199396630678,-3.34798418991856
424.255643071778,-3.46241153465835
421.332174384729,-3.53681915123003
418.428850790158,-3.58909174811709
415.545533471888,-3.62590761917574
412.682084570296,-3.64773874817798
409.838367175726,-3.65085696761083
407.014245321944,-3.63033859614337
404.209583979631,-3.58442204422941
401.424249049932,-3.50734458238916
398.658107358044,-3.37866203283782
395.911026646846,-3.17376214980284
393.182875570577,-2.90903234906339
390.473523688556,-2.67780338271369
387.782841458946,-2.5633409705503
385.110700232557,-2.5395641173704
382.4569722467,-2.50732116378701
379.821530619074,-2.33707449667584
377.2042493417,-1.95592004410248
374.605003274899,-1.60480400595845
372.023668141307,-1.63794089225665
369.46012051993,-2.02724734217885
366.914237840249,-2.49984032278605
364.385898376355,-2.46491299553103
361.874981241128,-1.22844732294909
359.381366380463,0.419151851070457
356.904934567523,1.12515310472636
354.445567397043,0.646611554008463
352.003147279668,-0.712481008071147
349.577557436327,-2.09235182960701
347.168681892656,-2.62694260557374
344.776405473446,-2.57584451526715
342.400613797142,-2.54120372258002
340.041193270371,-2.50816853684456
337.698031082509,-1.9493639968246
335.371015200293,-0.445792743805849
333.333333333333,1.52955898601134
333.060034362459,1.81654603236784
330.764978074424,4.04459964554947
328.485736603004,4.90532660709328
326.222200971167,3.29910078436207
323.97426295282,0.369966785389257
321.741815067637,-1.80960038274365
319.524750575921,-2.63754225521184
317.322963473498,-2.26631561313387
315.136348486648,-0.999938749774041
312.964801067075,0.433344760471688
310.808217386907,1.22259731155917
308.666494333727,1.21026511917375
306.539529505653,0.66465058214833
304.42722120643,0.0847469143354447
302.329468440578,0.216145122344234
300.246170908555,1.56152857779036
298.177229001967,3.5137462546294
296.122543798804,4.25743352623524
294.082017058706,3.31828516551177
292.055551218275,2.22519641261376
290.043049386399,1.62004867600301
288.04441533963,0.921761578644284
286.059553517574,0.31493140439061
284.08836901833,1.01850768691704
282.130767593947,3.17307094185616
280.18665564592,4.568590394597
278.255940220713,3.50285361459583
276.338529005317,0.878534978907983
274.434330322837,-1.54379143017872
272.543253128103,-2.34623855731281
270.665207003324,-0.354897488164975
268.800102153761,4.69160790329501
266.947849403432,10.9728337473979
264.398832986803,14.9309240934739
263.281546564802,13.3210911382826
261.467321180109,7.06649020729204
259.665597293487,0.00565721172823874
257.87628875938,-3.39029220780064
256.099310025846,-2.61255187188324
254.334576130465,0.0598598811695767
252.582002696278,3.01521904286769
250.841505927754,5.41422129735092
250,5.97935718724147
249.113002606779,5.68228878723945
247.396410088681,1.65189417208588
245.691646298279,-2.5958442574949
243.998629725955,-3.1019621110223
242.31727942376,-2.15991652237586
240.647515001542,-1.2717126984604
238.989256623105,-0.826207858068396
237.342425002387,-1.31537743433408
235.706941399673,-2.32302913520185
234.082727617829,-1.77047853552751
232.469705998565,-0.182324227245725
230.867799418717,0.474085670652376
229.276931286565,-0.821565326463523
227.697025538168,-2.73072946395863
226.128006633728,-3.03980099810981
224.569799553977,-0.866757805341659
223.022329796594,3.05190844012272
221.485523372636,7.0498853786457
219.959306803008,7.83607950214149
218.443607114943,3.26824544525225
216.938351838519,-1.79057643306772
215.443469003188,-3.18714894302571
213.958887134342,-1.33898368447968
212.484535249888,1.82704973647278
211.02034285686,3.37471030117085
209.566239948043,1.95929403453731
208.122156998634,-0.430820613491089
206.688024962908,-2.28146364372842
205.263775270925,-2.7023348758418
203.849339825246,-2.10929042841174
202.44465099768,-1.95441530483081
201.04964162605,-2.70707805020661
200,-3.23369074230323
199.664245010979,-3.33455654753946
198.288394912707,-3.39272044670134
196.922025547917,-3.19674797305226
195.565071586595,-3.24635984285767
194.217468148903,-3.40026453602733
192.879150802078,-3.41833446239839
191.550055557353,-3.46295823199302
190.230118866895,-3.4353642311914
188.919277620767,-3.48384587169415
187.617469143912,-3.57526151672094
186.324631193156,-3.23372242359219
185.04070195423,-3.08391544947871
183.765620038817,-2.82384953603185
182.499324481615,-2.47458948019918
181.241754737424,-2.55386746777738
179.992850678248,-2.1383819755221
178.752552590424,-1.94097326735992
177.520801171764,-2.74008353059686
176.297537528721,-2.91774817233822
175.082703173572,-2.16968778771338
173.876240021625,-0.417101144472308
172.678090388436,0.873705720971988
171.488196987054,-0.565706914715785
170.306502925284,-2.26707361450921
169.132951702965,-3.12601706073756
167.967487209265,-2.71959834819084
166.810053720006,-1.52079557805619
166.666666666667,-1.37571397468725
165.660595894991,-0.20167811808174
164.519058775366,1.88706138644766
163.385387780986,3.87489631435081
162.259528707809,0.801237428718697
161.141427725302,-3.00967409434248
160.03103137387,-0.0963136187808784
158.928286562298,5.5526536932686
157.833140565212,8.58746198387995
156.745541020559,3.09541882372573
155.665435927106,-3.09147681132468
154.592773641948,-1.15825348883579
153.527502878042,3.98151060783762
152.469572701757,5.07581213214705
151.418932530435,0.737240804105103
150.375532129974,-3.04130815389073
149.339321612425,-1.1325817576225
148.310251433611,0.0362917813145787
147.28827239075,-1.25418161957641
146.273335620113,-3.04294871414713
145.265392594678,-1.68928287501752
144.264395121816,-1.28069446908851
143.270295340983,-1.50238607887369
142.857142857143,-1.73059356646216
142.283045721435,-1.78218832582474
141.302599059953,-0.914975562234569
140.328908478587,-2.18765050391003
139.361927422414,-1.54065953387178
138.401609657313,2.75332962412917
137.447909267754,5.95032922168015
136.500780654601,1.36658520633371
135.560178532937,-3.19124699345714
134.626057929891,-0.308145742400636
133.698374182495,4.62755868096464
132.777082935543,1.42095740035648
131.862140139475,-2.33847820162584
130.953502048267,-3.45572632033112
130.051125217341,-3.25506990214081
129.154966501488,-2.80318085847038
128.264983052806,-2.45638605858071
127.381132318648,-3.1991626693411
126.50337203959,-3.23073050625838
125.631660247412,-2.07832427078959
125,-1.50349837356749
124.765955263087,-1.72636795798546
123.906215694792,-3.44352649682399
123.052400435926,-3.36432399067199
122.204468663149,-2.24866716336809
121.362379834424,-2.25436571092923
120.526093687084,-3.14191250345298
119.695570235904,-3.50117023826472
118.87076977119,-3.20158655344839
118.051652856881,-2.8534917595485
117.23818032866,-2.81955402279125
116.430313292088,-3.37299960500128
115.628013120738,-3.65429718440414
114.831241454351,-3.09894837030357
114.039960197003,-2.68052597466201
113.254131515281,-3.00677495245624
112.473717836475,-3.6613987831631
111.698681846782,-2.62177649749791
111.111111111111,-1.00447152165519
110.928986489522,-0.637602724102275
110.164594963366,-0.699529576611648
109.405470720574,-3.1308633354986
108.651577465254,-3.0125729020953
107.902879151618,-0.92829800940198
107.159339982267,-0.554407366174426
106.420924406472,-2.88052952602355
105.68759711848,-2.23239223225037
104.959323055823,-1.02383944801322
104.23606739764,-3.19856788703198
103.517795563018,-2.82770934261402
102.804473209331,0.57238363465432
102.096066230605,-0.55173728654331
101.392540755882,-2.62467208652542
100.693863147603,-1.2035082463616
100,-0.772585730160624
100,-0.772585730160624
99.310918137498,-1.28170628917207
98.6265846131283,-2.33362936395299
97.946966706954,-2.37020834089683
97.2720319245054,-2.23789415906189
96.6017479952265,-3.55647736014903
95.9360828709315,-2.69532323480926
95.2750047242729,-2.14073745745658
94.61848194722,-3.5940233055053
93.966483149547,-0.653869144950629
93.3189771573324,-0.446508992234281
92.6759330114688,-3.51461077309507
92.0373199661823,-1.82336469384519
91.4031074875623,-1.16127133717431
90.9090909090909,-2.20111591539982
90.7732652521023,-2.17223145354374
90.1477631452492,-2.89781578980283
89.526571259964,-2.932527907411
88.9096598952916,0.770725263937313
88.2969995549409,-0.45453802953197
87.6885609458743,-3.49477473471638
87.0843149769073,-0.815378417448168
86.4842327573172,-1.70872822376172
85.8882855954625,-2.59611754876375
85.2964449974102,-1.67694466136465
84.7086826655741,-2.64722220980986
84.1249704973612,-1.79429105107912
83.5452805838287,-3.51177064144825
83.3333333333333,-2.61287430478877
82.9695852083491,-0.938350402758469
82.3978568452852,-3.51970220674154
81.8300681586739,2.09775245744739
81.2661920009194,-0.600472748072785
80.706201411495,-0.870666673278332
80.150069615654,8.49962492586399
79.5977700231498,-1.469541203485
79.0492762269642,-1.4359464145353
78.5045620020451,-0.518158683722713
77.9636013040523,1.22561106130353
77.4263682681127,-3.61041058114342
76.9230769230769,1.81639635359322
76.8928372075831,2.14315764514082
76.3629826128224,-3.27718990588105
75.8367791499719,-1.3897596434685
75.3142016597437,-2.50585481865202
74.7952251562182,-2.66872479111579
74.2798248256491,-2.67051954089332
73.7679760252773,-3.14158751430899
73.2596542821523,-2.55053663292856
72.7548352919623,-3.43194275268716
72.2534949178722,-3.61784819640662
71.7556091893693,-2.67252274129531
71.4285714285714,-1.51884404536186
71.2611543011175,-1.98308968173047
70.7701066118189,-2.99864647638183
70.2824426430835,-1.33656811428083
69.7981390783066,-2.37606668726444
69.3171727615541,-3.3441945996535
68.839520696455,-3.47282440757204
68.3651600451024,-1.15437493679688
67.8940681269611,-2.91647117403165
67.4262224177834,-1.80347621785223
66.9616005485322,-3.07671408743884
66.6666666666667,1.71597758859374
66.5001803043112,1.34158606542035
66.0419396233031,-1.99255934210965
65.5868565957143,-0.349514605239317
65.134909462728,-1.42514571137461
64.6860766154633,-2.68091475345288
64.2403365939419,-1.96113695865558
63.7976680860628,-3.12157167401686
63.3580499265825,-0.284962745940486
62.9214610961034,-2.33788500278929
62.5,-2.08236935885226
62.4878807200689,-2.14723341164459
62.057288067765,-3.07801025310193
61.6296625513294,-2.7256704836078
61.204983724767,-3.52048907718538
60.7832312829723,-2.14891427969901
60.3643850607587,-3.54961803100927
59.9484250318941,-3.00800759523234
59.5353313081437,-3.64020796863688
59.1250841383188,-3.55165168819512
58.8235294117647,-3.00346200510703
58.7176639073326,-1.78828087830008
58.3130511352622,-2.47762148868331
57.9112264764176,-2.84395593180956
57.5121707184161,-2.32012082200505
57.1158647812643,-3.65160618449867
56.7222897164454,-3.00258633693086
56.3314267060136,-2.429472927626
55.9432570616938,-2.50583782171982
55.5577622239888,-2.31242439885288
55.5555555555556,-2.28688127631038
55.1749237612912,-1.56792981793798
54.7947233690029,-3.16976730053052
54.4171428686589,-3.04030741722537
54.0421642070592,-3.04533400556563
53.6697694554048,-3.26704400981999
53.2999408084409,-3.55473842034136
52.9326605836056,-2.19998089765012
52.6315789473684,-2.8964598129511
52.5679112201842,-3.07955737116235
52.2056752784698,-1.5611695570585
51.8459354389291,-3.19182917224047
51.488674501375,-3.63868134016634
51.1338753841433,-2.87100598775232
50.7815211232767,-2.19484882841898
50.4315948717136,-0.230594601496544
50.0840798984821,-3.35151271416954
50,-2.98647572665636
49.7389595879007,-3.28204762781597
49.3962174387832,-2.6284573413446
49.0558370636505,-2.6877376186316
48.7178021879463,-2.62433471569635
48.3820966492596,-3.1606815565655
48.0487043965513,0.174642365188039
47.7176094893875,-2.99019661326117
47.6190476190476,-1.94350833828623
47.3887960971765,-2.33409610546839
47.0622484984128,-3.40555428105035
46.7379510799246,1.18446657380749
46.4158883361278,-2.10951824568469
46.0960448682843,-2.20464202962601
45.7784053837662,-2.74549698103273
45.462954695324,-2.55941515313149
45.4545454545455,-2.54423345136173
45.149677720361,-2.44451201990686
44.8385594802119,-1.90677268619752
44.5295850994266,-2.3013165141417
44.222739805059,9.93293486538865
43.9180089259609,-0.417594997076161
43.6153778920801,-1.03533730527975
43.4782608695652,-2.16674411246766
43.314832233764,-2.04564724899957
43.016357581068,-3.6614530846012
42.7199396630678,-1.27899121226737
42.4255643071778,-1.74739149711656
42.1332174384729,-0.255356663818513
41.8428850790158,-1.04595735891781
41.6666666666667,-3.15995849338047
41.5545533471888,-1.55398356265608
41.2682084570295,-3.28203313331711
40.9838367175726,-1.82066057773785
40.7014245321944,-2.58310851784502
40.4209583979631,-3.52762083606172
40.1424249049932,0.414646206958214
40,-3.12582406940312
39.8658107358044,-1.30875599991524
39.5911026646846,-2.8569339571233
39.3182875570577,-2.25906253879127
39.0473523688556,-0.916478652354054
38.7782841458946,-3.07250938951834
38.5110700232557,-3.36527145471849
38.4615384615385,-3.51321288978446
38.24569722467,-1.6273056290836
37.9821530619073,-1.39844294374266
37.72042493417,-3.26751612401516
37.4605003274899,-1.98041119321952
37.2023668141307,-3.18793463403859
37.037037037037,-3.60505276735942
36.946012051993,-3.20100019291221
36.6914237840249,-1.76197710668593
36.4385898376355,-2.72228562272367
36.1874981241128,-2.73214783621007
35.9381366380463,-3.24777822910705
35.7142857142857,-2.86632675961165
35.6904934567523,-3.12826080136075
35.4445567397043,-0.578671544897086
35.2003147279668,-2.16496756233532
34.9577557436328,-3.27450162220689
34.7168681892656,-3.51346749172064
34.4827586206897,-3.45211107837455
34.4776405473446,-3.37889890230748
34.2400613797142,-3.13294282422607
34.0041193270371,-1.14241158626934
33.7698031082509,-3.48680555126067
33.5371015200293,-1.8191839899727
33.3333333333333,-1.99433796956522
33.3060034362459,0.121345230941803
33.0764978074424,-3.08981822358423
32.8485736603004,-3.06279736786727
32.6222200971167,-2.63896707843765
32.397426295282,1.41877564813457
32.258064516129,-2.97376922400566
32.1741815067637,-0.189271392444634
31.9524750575921,-3.24629557316752
31.7322963473498,-3.65066642349263
31.5136348486648,-3.35455839766503
31.2964801067075,-2.80784826687973
31.25,-3.43472426696295
31.0808217386906,-3.13526338887352
30.8666494333727,-3.50773947026029
30.6539529505653,-3.21117555857172
30.442722120643,-0.719938820854803
30.3030303030303,-3.65742696347022
30.2329468440578,-2.78198632829337
30.0246170908555,-3.23264288779002
29.8177229001967,-3.23738015655662
29.6122543798804,-3.03209727678576
29.4117647058824,-2.79501768193812
29.4082017058706,-2.73786779144281
29.2055551218275,-3.1986609856625
29.0043049386399,-2.89746715460064
28.804441533963,-2.02140191991897
28.6059553517574,-2.80892463768638
28.5714285714286,-3.61700823022106
28.408836901833,-3.57534493878854
28.2130767593947,-3.24401083529541
28.018665564592,-3.50142617429891
27.8255940220712,-3.03960537549996
27.7777777777778,-3.66225515171437
27.6338529005317,-1.35290815718291
27.4434330322836,-0.636336205338874
27.2543253128103,-1.37725200502374
27.0665207003324,0.80657202121741
27.027027027027,-1.53581302619609
26.8800102153761,1.71653564021476
26.6947849403432,1.28995695620678
26.5108360190854,-2.91981533064758
26.3281546564802,-2.03366277119933
26.3157894736842,-0.800877950395129
26.1467321180109,-1.98741084316346
25.9665597293487,-3.13868675939046
25.787628875938,-1.05643053310448
25.6410256410256,-2.21998807319202
25.6099310025846,-2.69685406355121
25.4334576130465,-2.55043741977688
25.2582002696278,1.39968239541942
25.0841505927754,-0.169861608846598
25,5.94790154106859
24.9113002606779,4.09586820386752
24.7396410088681,3.81071190055066
24.5691646298279,-2.56606783286018
24.3998629725955,-1.61898954512064
24.390243902439,-2.17439543718693
24.231727942376,-2.62727790623209
24.0647515001542,-2.24553795716566
23.8989256623105,-3.48698959536419
23.8095238095238,-3.46232698543839
23.7342425002387,-1.4867726093468
23.5706941399673,-1.48359306917002
23.4082727617829,-0.991993834774244
23.2558139534884,-3.28065064792549
23.2469705998565,-3.6181963833617
23.0867799418717,-3.0503613452784
22.9276931286565,-2.53396086641284
22.7697025538168,-2.28633775031049
22.7272727272727,-3.42383970198049
22.6128006633728,-2.26394482870595
22.4569799553977,-1.94691708334413
22.3022329796594,-2.89549833274658
22.2222222222222,-3.3404886817854
22.1485523372636,-0.365864948193386
21.9959306803007,-2.38753542657256
21.8443607114943,-3.17920442015763
21.7391304347826,-3.50168135925837
21.6938351838518,0.460828429424358
21.5443469003188,-2.87564916319412
21.3958887134342,-3.12202558962702
21.2765957446809,-0.0463597799548081
21.2484535249888,-0.689854570227634
21.102034285686,-3.22769851207418
20.9566239948043,-2.59887266502481
20.8333333333333,-2.61076963478724
20.8122156998634,-3.49655403514843
20.6688024962908,-3.19430578832974
20.5263775270925,-1.53843370967406
20.4081632653061,-2.34244293110249
20.3849339825246,0.943149186288498
20.244465099768,-2.03414109425669
20.104964162605,0.183785336187971
20,-2.20836490372953
19.9664245010979,-3.22574468078995
19.8288394912707,-2.76037606642246
19.6922025547917,-3.57602139392427
19.6078431372549,-3.22039294217141
19.5565071586595,-2.71894794455964
19.4217468148903,-3.27605247785892
19.2879150802078,-2.72829496588347
19.2307692307692,-2.04008075927565
19.1550055557353,-2.62814966121503
19.0230118866894,-3.51130778393333
18.8919277620767,-2.62132158943343
18.8679245283019,-1.33473350632856
18.7617469143912,-3.64863644153429
18.6324631193156,-0.387841371560493
18.5185185185185,-3.55811663606847
18.504070195423,-3.07803893494416
18.3765620038817,-0.328119520816766
18.2499324481615,-3.27718384586673
18.1818181818182,-3.56228953443677
18.1241754737424,-3.02971421287098
17.9992850678248,-2.99025330434106
17.8752552590424,-3.0645151822293
17.8571428571429,-2.64663102081452
17.7520801171764,-3.31698087877994
17.6297537528721,-3.30961012696978
17.5438596491228,-0.422814778988065
17.5082703173572,-0.952017946531025
17.3876240021625,-1.92715013849597
17.2678090388436,-3.04980716728432
17.2413793103448,-2.02797962089646
17.1488196987054,-3.15444399530314
17.0306502925284,-0.392332530160966
16.9491525423729,2.50198198651207
16.9132951702965,-2.14470302760374
16.7967487209265,-3.55506722737213
16.6810053720006,0.620782124557413
16.6666666666667,-1.83075412206675
16.5660595894991,-3.30448267471852
16.4519058775366,-2.50288526212104
16.3934426229508,-3.03858177238974
16.3385387780986,-3.33368112661379
16.2259528707809,-3.48794490860792
16.1290322580645,-0.77216775355394
16.1141427725302,-0.694805700597281
16.003103137387,-3.55128260731264
15.8928286562298,-3.46458056426341
15.8730158730159,-0.293749506541768
15.7833140565212,-1.92630721661605
15.674554102056,-2.02821632849391
15.625,-0.765514503051075
15.5665435927106,-1.17706834584585
15.4592773641948,-2.33087169646607
15.3846153846154,-0.272305123115141
15.3527502878042,-3.43159818084832
15.2469572701757,-2.45990768577029
15.1515151515152,-0.0278893070066983
15.1418932530435,-1.44787166422033
15.0375532129974,-2.15683513428804
14.9339321612425,-0.577332683186095
14.9253731343284,-0.297554170461875
14.831025143361,-2.72776384087841
14.728827239075,-1.94103703375186
14.7058823529412,-2.44091799843597
14.6273335620113,-3.66065106936021
14.5265392594678,-1.77250882295204
14.4927536231884,-3.38916964866577
14.4264395121816,-3.42645952197442
14.3270295340983,-1.34585831055649
14.2857142857143,-0.594522255007329
14.2283045721435,-0.260254810117355
14.1302599059953,-1.59310867420622
14.0845070422535,-0.878064590578599
14.0328908478587,0.544507278120013
13.9361927422414,-1.35964965718845
13.8888888888889,-2.75439190014013
13.8401609657313,-0.606499097473384
13.7447909267754,-3.24157027328605
13.6986301369863,-3.09851994085211
13.6500780654601,-1.6128622866755
13.5560178532937,-1.04349739039433
13.5135135135135,-1.17196876354141
13.4626057929891,-1.22016624397191
13.3698374182495,-1.5105254284653
13.3333333333333,3.92256434109347
13.2777082935543,-1.46998248602865
13.1862140139475,-2.04495971244504
13.1578947368421,-1.00298880882546
13.0953502048267,1.00791974495148
13.0051125217341,-3.18811983366974
12.987012987013,-2.07687143889022
12.9154966501488,-3.36899550180773
12.8264983052806,1.30829707811468
12.8205128205128,2.4201236976319
12.7381132318648,-2.67085777704478
12.6582278481013,-1.99437710142778
12.650337203959,-0.833191748486864
12.5631660247412,-3.39474147704764
12.5,-1.93845940633077
12.4765955263087,-3.13641089089462
12.3906215694792,-3.49238096478184
12.3456790123457,-2.72468564391705
12.3052400435926,-3.18925432498132
12.2204468663149,-0.618564744344279
12.1951219512195,-1.43811486639002
12.1362379834424,-1.13080464829708
12.0526093687084,-0.365915617936177
12.0481927710843,-0.798897215480262
11.9695570235904,5.94411582925482
11.9047619047619,-3.60733910981584
11.887076977119,-2.16673094832494
11.8051652856881,-1.83089104338104
11.7647058823529,-3.22562181972848
11.723818032866,-2.40566915119738
11.6430313292088,0.730193645759631
11.6279069767442,-2.96367442585385
11.5628013120738,-2.40325716717448
11.4942528735632,-0.90952307434777
11.4831241454351,-0.707301370731595
11.4039960197003,-3.64049855445783
11.3636363636364,-3.61948440687878
11.3254131515281,-3.27628628031912
11.2473717836475,-3.21747922863833
11.2359550561798,-3.53633168991548
11.1698681846782,-3.27283541024918
11.1111111111111,-1.70198256517618
11.0928986489522,-3.49379578733767
11.0164594963366,-2.44901447708558
10.989010989011,-0.325387379795226
10.9405470720574,-2.4238333953951
10.8695652173913,-1.24697225340746
10.8651577465254,-1.42859765877342
10.7902879151618,-3.04368142824641
10.752688172043,-2.76501142511331
10.7159339982267,-2.86700816981182
10.6420924406472,-2.86881835796408
10.6382978723404,-2.59140286491246
10.568759711848,-2.9465770644462
10.5263157894737,-3.33908287970767
10.4959323055823,-2.94511536471763
10.423606739764,-2.07190713332995
10.4166666666667,-2.77469934536175
10.3517795563018,-1.29757775091683
10.3092783505155,-3.14754273003303
10.2804473209331,-2.59508760601887
10.2096066230605,-2.69340990333024
10.2040816326531,-2.8308375322381
10.1392540755882,-0.150061816535849
10.1010101010101,-3.6252272108329
10.0693863147603,-3.54984174455471
10,-1.96897242103334
10,-1.9689724210332
9.9310918137498,-2.71953902523905
9.9009900990099,0.598796116172072
9.86265846131282,0.250973128342214
9.80392156862745,-3.06253403978361
9.79469667069539,0.334956284825087
9.72720319245054,-2.9357920472603
9.70873786407767,-3.4862505487833
9.66017479952265,-1.91585840248483
9.61538461538461,-3.26881409355222
9.59360828709314,-3.14810883692975
9.52750047242729,-1.72170833678113
9.52380952380952,-2.41377213562243
9.461848194722,-2.23236221961398
9.43396226415094,-3.2604878443732
9.39664831495469,-3.38397313500756
9.34579439252336,-2.7356063960325
9.33189771573324,-3.13411593251972
9.26759330114688,-0.987388417568307
9.25925925925926,-0.187570852820452
9.20373199661822,-2.42689599320702
9.1743119266055,-3.59439136537589
9.14031074875623,-3.51516394386639
9.09090909090909,-0.330887048938687
9.07732652521023,-3.20970427761314
9.01477631452492,-2.76284718019134
9.00900900900901,-3.62748199143909
8.9526571259964,-1.73674601059481
8.92857142857143,-3.15368083490166
8.89096598952916,-2.79386480358719
8.84955752212389,0.721642989359215
8.82969995549409,-0.990475647355804
8.7719298245614,-2.6979457559281
8.76885609458743,-3.3771135099348
8.70843149769072,-3.38219545601622
8.69565217391304,-3.42940895249871
8.64842327573172,0.67902403118227
8.62068965517241,-1.39851127219425
8.58882855954625,-0.803990783574799
8.54700854700855,1.28443979498876
8.52964449974102,-0.245364347195628
8.47457627118644,-2.63556198571957
8.47086826655741,-3.64658762027538
8.41249704973612,-3.34474622518858
8.40336134453781,-1.58927775446933
8.35452805838287,1.25914932999776
8.33333333333333,1.62060466903613
8.29695852083491,-2.954963824247
8.26446280991736,-2.58250826453398
8.23978568452852,-3.2395953623462
8.19672131147541,-3.52399256672212
8.18300681586739,-3.33594636463875
8.13008130081301,-3.16154255653931
8.12661920009195,-3.17979181555857
8.0706201411495,-2.74028493391394
8.06451612903226,-2.06373635347004
8.01500696156541,-3.64563632234923
8,-3.59895466771449
7.95977700231498,-3.17163770003109
7.93650793650794,-2.70445805842517
7.90492762269642,-3.09773649156734
7.8740157480315,0.692732669651083
7.85045620020451,-3.38479232509477
7.8125,-3.61472642570568
7.79636013040523,-3.21164320248043
7.75193798449612,-3.20009981904307
7.74263682681127,-3.10600729907368
7.69230769230769,-3.56673629895813
7.68928372075831,-3.03383226471287
7.63629826128224,-2.63294714119057
7.63358778625954,-2.66860037685914
7.58367791499719,-3.2901868528806
7.57575757575758,-3.00106258059925
7.53142016597437,-3.02378757580017
7.5187969924812,-2.53522067351725
7.47952251562182,-2.03911244234974
7.46268656716418,-3.56607171819224
7.42798248256492,-3.19461153742064
7.40740740740741,-2.67895594352261
7.37679760252773,-3.16680223506635
7.35294117647059,1.9004452813018
7.32596542821523,-3.54032934272071
7.2992700729927,-3.46290916610378
7.27548352919623,-3.27168846566947
7.2463768115942,-2.5405013641177
7.22534949178722,-1.9248001767409
7.19424460431655,0.770474021777621
7.17556091893693,-1.84529539391623
7.14285714285714,-3.02510551563098
7.12611543011175,-2.6789634826038
7.09219858156028,-2.65368940867678
7.07701066118189,-2.77791668475522
7.04225352112676,-0.286590521197335
7.02824426430835,-2.29177970408314
6.99300699300699,0.185284154232467
6.97981390783066,-2.64757310117305
6.94444444444444,-1.73762838322618
6.93171727615541,-3.57048158803137
6.89655172413793,-2.99080523034238
6.8839520696455,-3.06781092415072
6.84931506849315,-2.14307810215804
6.83651600451024,-1.05381134278893
6.80272108843537,-3.08351770259541
6.78940681269611,-1.52907773376468
6.75675675675676,-0.534618926562142
6.74262224177834,-3.33549289056524
6.71140939597315,-2.65341775776279
6.69616005485322,-2.8753676165936
6.66666666666667,-2.85120644788874
6.65001803043112,-2.28077479685755
6.62251655629139,-2.72060163483122
6.6041939623303,-3.63741666102176
6.57894736842105,-3.05302206550651
6.55868565957143,-0.512036615805708
6.5359477124183,-2.12542762488216
6.5134909462728,-3.02602117528313
6.49350649350649,-1.21550344699584
6.46860766154633,-1.4236680337225
6.45161290322581,-1.53842440068301
6.42403365939419,-3.55413993313099
6.41025641025641,-2.72549257471477
6.37976680860628,-2.82739656025994
6.36942675159236,-2.82356912871755
6.33580499265825,-0.209590801441247
6.32911392405063,-2.07358260083567
6.29214610961034,-3.49761181393411
6.28930817610063,-2.59906647194186
6.25,-3.29722421423782
6.24878807200689,-3.20936701570086
6.2111801242236,-1.36341459666978
6.2057288067765,-2.25091905029289
6.17283950617284,-2.25086174172078
6.16296625513294,-3.41608933265304
6.13496932515337,-3.12060217011246
6.1204983724767,-1.37390526701692
6.09756097560976,-3.57665797040793
6.07832312829723,-1.98676522828562
6.06060606060606,-3.50514976787793
6.03643850607587,-3.14453149702471
6.02409638554217,-2.34148791500787
5.99484250318941,-2.71750117096552
5.98802395209581,-3.01929376688208
5.95353313081437,-2.96976986606445
5.95238095238095,-3.19543611284019
5.91715976331361,-2.83219543054529
5.91250841383188,-3.02452265448134
5.88235294117647,-3.27943132965323
5.87176639073326,-3.45780406478117
5.84795321637427,-2.42641298475818
5.83130511352622,-1.78448260735329
5.81395348837209,-3.48764919445555
5.79112264764176,-3.4581768144247
5.78034682080925,-3.5345257698715
5.75121707184161,-3.47566771959874
5.74712643678161,-1.28139568436772
5.71428571428571,-3.18860497994136
5.71158647812643,-2.91404707053662
5.68181818181818,-2.28856307551957
5.67222897164454,-2.81713971791181
5.64971751412429,0.715419041958303
5.63314267060136,-2.61043605575598
5.61797752808989,-2.12746930762325
5.59432570616938,-3.14050695203162
5.58659217877095,-1.95107113635002
5.55577622239888,0.458759346817506
5.55555555555556,-0.0703047248059745
5.52486187845304,-2.62561371346582
5.51749237612913,-3.46735719283522
5.49450549450549,-2.98785097968995
5.47947233690029,-2.19468607802819
5.46448087431694,-3.62847050484624
5.44171428686589,-2.48075079393852
5.43478260869565,-3.35304765242047
5.40540540540541,-3.27342240019065
5.40421642070592,-3.00996273509274
5.37634408602151,-3.64326817667942
5.36697694554048,-2.37505263811651
5.3475935828877,-2.74555921665411
5.32999408084409,-2.86595210676658
5.31914893617021,-3.60304303267584
5.29326605836056,-3.42224278504555
5.29100529100529,-3.28615590562883
5.26315789473684,-3.57279095849499
5.25679112201842,-2.93507068789439
5.23560209424084,-2.03088649154896
5.22056752784698,-2.19662556416948
5.20833333333333,-2.34791443912719
5.18459354389291,-3.42035627630288
5.18134715025907,-3.55590423545358
5.15463917525773,-2.07320911951576
5.14886745013749,-1.38738619507255
5.12820512820513,-2.13408729052376
5.11338753841433,-3.20563869835085
5.10204081632653,-3.1127241878715
5.07815211232767,-3.31073317179202
5.0761421319797,-0.893366277967838
5.05050505050505,-3.36475457994585
5.04315948717136,-3.54820704887195
5.0251256281407,-3.16350667873804
5.00840798984821,-3.59061569369951
5,-3.34071759863256
4.97512437810945,-3.55199915186641
4.97389595879006,-2.81957542012536
4.95049504950495,-3.39600634809748
4.93962174387832,-3.22318165498954
4.92610837438424,-2.70197703204125
4.90558370636505,-2.88421184978254
4.90196078431372,-3.2371725663291
4.8780487804878,-0.29553142630355
4.87178021879463,-3.55822322016159
4.85436893203883,-0.584534809212339
4.83820966492596,-1.4561081749856
4.83091787439613,-3.54247382758568
4.80769230769231,-3.60153467588251
4.80487043965513,-2.77305806976174
4.78468899521531,-2.66246462754513
4.77176094893875,-3.39856784944892
4.76190476190476,-3.33195160890646
4.739336492891,-3.26961821134709
4.73887960971765,-3.14861673263565
4.71698113207547,-3.65642175340279
4.70622484984128,-3.62707555802363
4.69483568075117,-3.65616669101116
4.67379510799246,-3.47820891993554
4.67289719626168,-1.85333812997167
4.65116279069767,-2.67634654319066
4.64158883361278,-3.15557328722904
4.62962962962963,-2.40513834392744
4.60960448682843,-2.64418839653633
4.60829493087558,-1.50137935182998
4.58715596330275,-1.35721589232692
4.57784053837662,-2.35144597841169
4.5662100456621,-3.03257083252832
4.5462954695324,-3.33230238385165
4.54545454545455,-3.01898831880005
4.52488687782805,-2.20375905827789
4.5149677720361,-0.0744960600313034
4.5045045045045,-0.155346358301084
4.48430493273543,-1.12032813551876
4.48385594802119,-1.2789760747833
4.46428571428571,-2.12461764889918
4.45295850994265,-1.58783740639323
4.44444444444444,-2.82587753862689
4.42477876106195,-3.39451006999969
4.4222739805059,-3.64711440760355
4.40528634361233,-3.13501110244179
4.39180089259609,-3.41004805769527
4.3859649122807,-2.80573153017799
4.36681222707424,-3.63614936442336
4.361537789208,-3.35153913494839
4.34782608695652,-2.82419393919009
4.3314832233764,-1.63641178438759
4.32900432900433,-3.63971692682828
4.31034482758621,-2.86772450240225
4.30163575810679,-1.19647539244782
4.29184549356223,-2.91868760890925
4.27350427350427,-3.00317841627968
4.27199396630678,-3.41593751787148
4.25531914893617,-1.15435867451508
4.24255643071778,-3.55457364740236
4.23728813559322,-3.51678526381125
4.21940928270042,-2.97082168721463
4.21332174384729,-3.58067602683574
4.20168067226891,-1.450102304112
4.18428850790158,-2.40951108269165
4.18410041841004,-1.99178926334808
4.16666666666667,-1.01515976180387
4.15545533471888,-3.13809913875378
4.149377593361,-1.8505938638553
4.13223140495868,-2.92383364558374
4.12682084570295,-2.87460159806103
4.11522633744856,-3.4943298929458
4.09838367175726,-3.61638861688594
4.0983606557377,-3.60852435821915
4.08163265306122,-3.5508021140299
4.07014245321944,-3.63533655720174
4.0650406504065,-3.56770756156804
4.04858299595142,-3.30849141450276
4.04209583979631,-3.07815087032766
4.03225806451613,-3.66311945303174
4.01606425702811,-3.10186995603167
4.01424249049932,-3.3011054343291
4,-2.41601277964819
3.98658107358044,-2.83768067762396
3.98406374501992,-3.36881357473497
3.96825396825397,-2.96198277275009
3.95911026646846,-1.53595356321797
3.95256916996047,-2.04836019334568
3.93700787401575,-3.41367166803688
3.93182875570577,-2.90438448170893
3.92156862745098,-3.12206229019328
3.90625,-0.867496330947527
3.90473523688556,-2.73965895388205
3.89105058365759,-3.29391367079328
3.87782841458946,-2.63258270773754
3.87596899224806,0.432107116331129
3.86100386100386,-3.06528115508901
3.85110700232557,-3.66276600964742
3.84615384615385,-3.56363774711913
3.83141762452107,-2.12971778409344
3.824569722467,-3.05896051151377
3.81679389312977,-2.44311975697816
3.80228136882129,-3.4450185986772
3.79821530619074,-2.21172135430985
3.78787878787879,-3.43743158144231
3.77358490566038,-3.60866825569611
3.772042493417,-2.49186225553337
3.7593984962406,-3.19117171053069
3.74605003274899,-2.67373993468034
3.74531835205992,-1.69525190019395
3.73134328358209,-2.83203991147392
3.72023668141307,-2.55373060696767
3.71747211895911,-3.34106269767134
3.7037037037037,-1.84359072618598
3.6946012051993,-3.31406838570289
3.690036900369,-3.66274191995616
3.67647058823529,-3.58868570978039
3.66914237840249,-3.12295720564843
3.66300366300366,-3.61231263935808
3.64963503649635,-3.62013622969372
3.64385898376355,1.39727398887282
3.63636363636364,-2.29555911000305
3.6231884057971,-2.95526637925151
3.61874981241128,-3.60403161215019
3.6101083032491,-2.05098957270676
3.59712230215827,-2.79403966791095
3.59381366380463,-3.37476143858377
3.584229390681,-1.60507477922335
3.57142857142857,-1.93226121413685
3.56904934567523,-2.13016760883728
3.55871886120996,-3.31710405522012
3.54609929078014,-2.87325920186448
3.54445567397043,-3.16643082115005
3.53356890459364,-3.4852041975006
3.52112676056338,-0.971569604421499
3.52003147279668,-3.22708388320275
3.50877192982456,-3.08766366133586
3.4965034965035,-3.44342628732259
3.49577557436328,-3.60969943154243
3.48432055749129,-2.3233928344061
3.47222222222222,-3.50023009221327
3.47168681892656,-2.67381407408389
3.46020761245675,-3.1989493853719
3.44827586206897,-3.59432301053446
3.44776405473446,-2.74749546642523
3.43642611683849,-3.37906823790466
3.42465753424658,-3.35610633070307
3.42400613797142,-3.25716061490619
3.41296928327645,-1.50136464899792
3.40136054421769,-1.62849566983889
3.40041193270371,-2.88934328099038
3.38983050847458,-2.37327173560866
3.37837837837838,2.2969220276835
3.37698031082509,-3.09534320114373
3.36700336700337,-2.29429165654541
3.35570469798658,-3.53129887935445
3.35371015200293,-3.59420904511081
3.34448160535117,-0.453767471981744
3.33333333333333,-1.34029515205604
3.33060034362459,-1.46916625612907
3.32225913621262,-2.33496881442827
3.3112582781457,-1.95755884505747
3.30764978074424,-3.14745846501416
3.3003300330033,-1.58705319182969
3.28947368421053,-3.56417837571511
3.28485736603004,-2.80808747154323
3.27868852459016,-3.22720606081988
3.26797385620915,-3.43795993230794
3.26222200971167,-3.42940451435548
3.25732899022801,-2.39366900447196
3.24675324675325,-2.46324297209075
3.2397426295282,-1.90271267529264
3.23624595469256,-3.28992972512342
3.2258064516129,-3.40889517442919
3.21741815067637,-1.95721497761125
3.21543408360129,1.00352747000754
3.20512820512821,-1.40457997331718
3.19524750575921,-3.26349006257355
3.19488817891374,-2.5901393175436
3.18471337579618,-1.70616759357751
3.17460317460317,-2.91291824709442
3.17322963473498,-3.21093404904858
3.16455696202532,-2.90052987103125
3.15457413249211,-3.21286944253414
3.15136348486648,-3.2702788548609
3.14465408805031,-2.11630015309695
3.13479623824451,0.943289884957029
3.12964801067075,-0.880702326428501
3.125,-3.63287255702816
3.11526479750779,-3.2032076577674
3.10808217386906,-1.56020400802226
3.1055900621118,-3.39407686039966
3.09597523219814,-2.62871353517591
3.08666494333727,-2.75337402637329
3.08641975308642,-2.47296710248916
3.07692307692308,-3.39246120079776
3.06748466257669,-3.65018119311621
3.06539529505653,-2.74681815950582
3.05810397553517,-3.51191898890108
3.04878048780488,-1.26147593347742
3.0442722120643,-3.54828067105766
3.03951367781155,-3.42037735657815
3.03030303030303,-2.34901464674528
3.02329468440578,-1.57675125523316
3.02114803625378,-1.44523569876817
3.01204819277108,-3.61975662127399
3.003003003003,-3.62988306879547
3.00246170908555,-3.28214680055903
2.9940119760479,-3.21665826665965
2.98507462686567,-3.28443520846941
2.98177229001967,-2.45265789874746
2.97619047619048,-2.63724033069998
2.9673590504451,-2.7988833804227
2.96122543798803,-3.40961018485533
2.9585798816568,-3.4947584130595
2.94985250737463,-3.3558371306283
2.94117647058824,-1.96724165780405
2.94082017058706,-3.4434042356484
2.93255131964809,-3.13656923839759
2.92397660818713,-3.43610922495729
2.92055551218275,-3.09015054945477
2.91545189504373,-2.37520872465476
2.90697674418605,-3.30917766178593
2.90043049386399,-3.26899595905261
2.89855072463768,-2.86392988915137
2.89017341040462,-2.71087140785623
2.88184438040346,-3.39916721691405
2.8804441533963,-3.46814576590325
2.8735632183908,-3.52020376359304
2.86532951289398,-3.45206546780941
2.86059553517574,-1.9070500152692
2.85714285714286,-3.35623175108348
2.84900284900285,-3.49830315168272
2.84090909090909,-2.92983204610747
2.8408836901833,-3.00868965189057
2.8328611898017,-3.63208754211102
2.82485875706215,-2.52839422543336
2.82130767593947,-2.5443387518941
2.8169014084507,-1.60715226908838
2.80898876404494,-1.83531100152946
2.8018665564592,-2.08010200498689
2.80112044817927,-1.2327295149101
2.79329608938547,-2.57596486907196
2.78551532033426,-2.5818647603081
2.78255940220712,-3.21919534303721
2.77777777777778,-2.03010640853555
2.77008310249307,-3.15649362331775
2.76338529005317,-2.53737267432571
2.76243093922652,-1.9593038417811
2.75482093663912,-1.68963116301181
2.74725274725275,-3.49938278281131
2.74434330322836,-3.64402072332809
2.73972602739726,-3.54271544893127
2.73224043715847,-3.03945003511715
2.72543253128103,-3.55034586601262
2.72479564032698,-2.87549896258833
2.71739130434783,-1.64856776462896
2.710027100271,-3.58478962524792
2.70665207003324,-3.45168514191401
2.7027027027027,-3.38436894763272
2.69541778975741,-3.20729556730778
2.68817204301075,-1.61324526131484
2.68800102153761,-1.91402805050334
2.68096514745308,-1.07310727345795
2.67379679144385,-1.26617599275725
2.66947849403432,-3.53179080012689
2.66666666666667,0.689519402103817
2.65957446808511,-2.05930410537463
2.6525198938992,-3.07021802992564
2.65108360190854,-3.38395935286401
2.64550264550265,-1.78133132152434
2.63852242744063,-1.35020791238942
2.63281546564802,-3.2914638286093
2.63157894736842,-1.55934755988074
2.6246719160105,-2.12948979502057
2.61780104712042,-3.16388553251901
2.61467321180109,-1.67228202238
2.61096605744125,-3.65697445090926
2.60416666666667,-3.43584956898386
2.5974025974026,-2.48632716508377
2.59665597293487,-3.34103918070597
2.59067357512953,-3.48013327509802
2.58397932816537,-2.05917166208117
2.5787628875938,-3.1756384192618
2.57731958762887,-3.00511526737715
2.5706940874036,-2.84257706988252
2.56410256410256,-1.36612409068733
2.56099310025846,-3.10547776194245
2.55754475703325,-1.16249889774765
2.55102040816327,-1.66944132688227
2.54452926208651,-1.8929178028262
2.54334576130465,-3.25169596600984
2.53807106598985,-3.61352555181663
2.53164556962025,-2.2280967106965
2.52582002696278,-3.41369503760672
2.52525252525253,-3.16766205911695
2.51889168765743,-3.59860292471334
2.51256281407035,-2.92535582238112
2.50841505927754,-2.17443298713256
2.5062656641604,-3.39599819178327
2.5,-3.09381441223355
2.49376558603491,-3.30842258127118
2.49113002606779,-3.30884754025059
2.48756218905473,-2.75359040339536
2.48138957816377,-3.64376517495684
2.47524752475248,-2.00222912218741
2.47396410088681,-2.86469106554197
2.46913580246914,-3.44034243334037
2.46305418719212,-3.44092569983324
2.45700245700246,-0.0842710914869071
2.45691646298279,0.325737263976539
2.45098039215686,-3.3223161999402
2.44498777506112,-3.11267353276282
2.43998629725955,-2.44439968535915
2.4390243902439,-2.93900157143191
2.4330900243309,-2.96429957143375
2.42718446601942,-3.64522289479238
2.4231727942376,-2.97533169269858
2.42130750605327,-3.5913059362109
2.41545893719807,-3.09266223783647
2.40963855421687,-3.44253094645161
2.40647515001542,-3.14100069534994
2.40384615384615,-2.19023195278994
2.39808153477218,-2.62230163429687
2.39234449760766,-2.5432513224013
2.38989256623105,-2.68544768074487
2.38663484486874,-1.64872389579407
2.38095238095238,-3.29893851431917
2.37529691211401,-3.65481585572804
2.37342425002387,-3.56327017470793
2.3696682464455,-3.50488891231775
2.36406619385343,-1.83060997805212
2.35849056603774,-2.84204222256075
2.35706941399673,-3.09631078170603
2.35294117647059,-3.2285997569637
2.34741784037559,-3.29586619810469
2.34192037470726,-2.70500794338779
2.34082727617829,-3.66115048172933
2.33644859813084,-2.35601643420075
2.33100233100233,-2.55943313329392
2.32558139534884,-3.39841711596598
2.32469705998565,-3.61560012872711
2.32018561484919,-1.48029740433345
2.31481481481481,-3.1695072916935
2.3094688221709,-3.24791650273634
2.30867799418717,-3.06371889136498
2.30414746543779,-3.03750300957411
2.29885057471264,-2.57353872851869
2.29357798165138,-0.290321867589209
2.29276931286565,-2.05528900902508
2.2883295194508,-3.41533867615812
2.28310502283105,-3.65733203448463
2.27790432801822,-1.39131159786838
2.27697025538168,-2.61057907550387
2.27272727272727,-3.04224565769253
2.26757369614512,-3.31929276499319
2.26244343891403,-2.48316567409908
2.26128006633728,-3.17952443506006
2.25733634311512,-3.61923135997075
2.25225225225225,-2.97055102251864
2.24719101123596,-2.98028187739119
2.24569799553977,-3.14329005879874
2.24215246636771,-3.6467362134028
2.23713646532438,-3.32245288434633
2.23214285714286,-1.94964762627672
2.23022329796594,-3.14985413235176
2.2271714922049,-3.46542688127208
2.22222222222222,-2.88363080097973
2.21729490022173,-0.266217361790932
2.21485523372636,-3.62243284375243
2.21238938053097,-3.47923850515989
2.2075055187638,-3.13218220587371
2.20264317180617,-2.06842799144361
2.19959306803007,-2.11545020629846
2.1978021978022,-3.48791032116987
2.19298245614035,-3.30343991315707
2.18818380743982,-3.52426464706071
2.18443607114943,-1.36969601082812
2.18340611353712,-2.52100473227749
2.17864923747277,-3.49656899752172
2.17391304347826,-3.15028429327178
2.16938351838518,-3.47001721906805
2.16919739696312,-3.58211036944261
2.16450216450216,-3.33626497909078
2.15982721382289,-1.52639155110098
2.1551724137931,-3.1693646128064
2.15443469003188,-2.99042597297612
2.1505376344086,-3.23494090125721
2.14592274678112,-3.40729543878318
2.14132762312634,-3.32511801826147
2.13958887134342,-3.32294828844824
2.13675213675214,-1.35927536347323
2.13219616204691,-3.33634261618819
2.12765957446809,-2.32309621539984
2.12484535249888,-3.38018785674775
2.12314225053079,-2.02226903345548
2.11864406779661,-3.40781077974556
2.11416490486258,-3.58931323628105
2.1102034285686,-2.59679938254474
2.10970464135021,-3.45661167106258
2.10526315789474,-2.99836830005635
2.10084033613445,-3.50745056535764
2.09643605870021,-3.31931781892363
2.09566239948043,-3.41873767145001
2.09205020920502,-3.37926839396392
2.08768267223382,-2.11252911607159
2.08333333333333,-1.11737534284127
2.08122156998634,-3.20875440518428
2.07900207900208,-3.34339923343095
2.0746887966805,-2.95205072226501
2.0703933747412,-3.36463243707321
2.06688024962908,-3.59808172434456
2.06611570247934,-3.2567596550373
2.06185567010309,-3.06534484052598
2.05761316872428,-2.58085791128645
2.05338809034908,-3.36404433558003
2.05263775270925,-2.14085802101514
2.04918032786885,-3.5173810727213
2.04498977505112,-2.83235776335145
2.04081632653061,-3.63933602479419
2.03849339825246,-3.5900904853196
2.03665987780041,-3.61572529722688
2.03252032520325,-2.99136765978626
2.02839756592292,-3.38262405981903
2.0244465099768,-3.30979281267791
2.02429149797571,-2.73996083487621
2.02020202020202,-3.07728281027637
2.01612903225806,-3.50432186000905
2.01207243460765,-1.48754240296135
2.0104964162605,-2.6502311307512
2.00803212851406,-2.87424279006806
2.00400801603206,-3.62496640334107
2,-3.60816589154409
1.99664245010979,-3.65554739898341
1.99600798403194,-3.37358238449867
1.99203187250996,-3.60723861059763
1.98807157057654,-3.3194641067232
1.98412698412698,-3.56761378981728
1.98288394912707,-3.36253493567922
1.98019801980198,-3.15991578820681
1.97628458498024,-2.32512019413759
1.9723865877712,-3.16848150822785
1.96922025547917,-2.77281672872474
1.96850393700787,-3.18857831547801
1.96463654223969,-3.4580572322598
1.96078431372549,-3.41918396765372
1.95694716242661,-3.30004958160553
1.95565071586595,-2.72223943933811
1.953125,-3.34185163966002
1.94931773879142,-2.4295580745625
1.94552529182879,-3.41883834742274
1.94217468148903,-3.16404929892659
1.94174757281553,-2.8379350035678
1.93798449612403,-3.44578222897051
1.93423597678917,-3.36893005340967
1.93050193050193,-3.40220556979527
1.92879150802078,-3.06504591601093
1.92678227360308,-3.23240801328124
1.92307692307692,-2.35499103893563
1.91938579654511,-2.2015862318622
1.91570881226054,-3.27720807835045
1.91550055557353,-3.50024669886592
1.91204588910134,-2.8367175855564
1.90839694656489,-2.62751721023541
1.9047619047619,-3.51654537568377
1.90230118866894,-3.58992343812799
1.90114068441065,-3.55363120633772
1.89753320683112,-3.50119511860499
1.89393939393939,-3.48962908381905
1.89035916824197,-2.63260743599083
1.88919277620767,-3.24936162876967
1.88679245283019,-2.60277575372684
1.88323917137476,-3.36417102029098
1.8796992481203,0.159505377582993
1.87617469143912,-3.09904190672334
1.87617260787992,-3.10375499325012
1.87265917602996,-3.41554104035061
1.86915887850467,-3.31429475520947
1.86567164179104,-3.41102628607275
1.86324631193156,-3.4761545752177
1.86219739292365,-3.3528125626252
1.85873605947955,-3.4399210726137
1.85528756957328,-3.42663652466113
1.85185185185185,-3.45737611837334
1.8504070195423,-3.23864584460032
1.84842883548983,-2.30484936474131
1.8450184501845,-2.40424796240914
1.84162062615101,-3.47551438130408
1.83823529411765,-2.86396826332925
1.83765620038817,-3.64754917617092
1.8348623853211,-3.34522414013569
1.83150183150183,-3.52268692911634
1.82815356489945,-2.28977494261654
1.82499324481615,-3.01105178323977
1.82481751824817,-3.31932787337346
1.82149362477231,-1.72546269040965
1.81818181818182,-2.69504382560678
1.81488203266788,-3.55101280798756
1.81241754737424,-1.82398415841201
1.81159420289855,-2.43867183226409
1.80831826401447,-3.55031812541857
1.80505415162455,-3.50008681077629
1.8018018018018,-2.56554439412293
1.79992850678248,-2.21725331983655
1.79856115107914,-3.35388275015377
1.79533213644524,-3.50442733133731
1.7921146953405,-3.48394606601327
1.78890876565295,-3.23446489803687
1.78752552590424,-3.12589149842615
1.78571428571429,-3.59092405127778
1.7825311942959,-2.36951309777994
1.77935943060498,-3.18068676705796
1.77619893428064,-3.16660766515802
1.77520801171763,-2.50510169274754
1.77304964539007,-0.338561173595518
1.76991150442478,-3.45178086325565
1.76678445229682,-2.34006819581019
1.7636684303351,-2.07158061999588
1.76297537528721,-3.52497250643578
1.76056338028169,-2.72337794008144
1.75746924428822,-3.60621951366532
1.75438596491228,-3.57389758929345
1.75131348511384,-2.69669866406538
1.75082703173572,-2.26876885555155
1.74825174825175,-3.01639655002891
1.74520069808028,-3.01894959209833
1.74216027874564,-2.61867282826027
1.73913043478261,-3.64011229022555
1.73876240021625,-3.61700171087697
1.73611111111111,-2.54241111717478
1.73310225303293,-1.88780753839653
1.73010380622837,-3.48505339539538
1.72711571675302,-2.89275450310175
1.72678090388436,-2.7382483582633
1.72413793103448,-2.28482519964661
1.72117039586919,-3.36584201315797
1.71821305841924,-2.26069780406847
1.71526586620926,-0.954976659902012
1.71488196987054,-3.32795262464181
1.71232876712329,-2.65935955027696
1.70940170940171,-1.55512997524017
1.70648464163823,-3.63375129371768
1.70357751277683,-3.60743585259494
1.70306502925284,-3.5861677620865
1.70068027210884,-3.16299594541557
1.69779286926995,-3.06369097668827
1.69491525423729,-2.94598112563643
1.69204737732657,-3.60412862314355
1.69132951702965,-3.47354613260553
1.68918918918919,-2.9945772860177
1.68634064080944,-2.56441095614333
1.68350168350168,-3.13186318780195
1.68067226890756,-1.57168497217612
1.67967487209265,-3.55262274879284
1.67785234899329,-2.47592180760294
1.6750418760469,-3.23530421247328
1.67224080267559,-3.38570137828172
1.669449081803,-2.73684935808431
1.66810053720006,-3.39411656671116
1.66666666666667,-3.42507678159107
1.66389351081531,-3.58905640468135
1.66112956810631,-2.27403496247585
1.65837479270315,-3.62211221197416
1.65660595894991,-3.40849665462396
1.65562913907285,-1.90532005381699
1.65289256198347,-2.7104649297624
1.65016501650165,-3.62787208384999
1.64744645799012,-3.10854238841911
1.64519058775366,-2.87218950745413
1.64473684210526,-1.48762610292531
1.64203612479475,-3.2185314917407
1.63934426229508,-3.05166799667297
1.6366612111293,-0.167872222713139
1.63398692810458,-2.65416035849166
1.63385387780986,-3.56306913803466
1.63132137030995,-2.8894007845535
1.62866449511401,-2.85990918187256
1.6260162601626,-3.19195133927983
1.62337662337662,-3.35148566245628
1.62259528707809,-3.41839230534104
1.62074554294976,-3.593693011328
1.61812297734628,-3.66309295022806
1.61550888529887,-3.45313677725978
1.61290322580645,-1.912408526822
1.61141427725302,-3.46773275492681
1.61030595813205,-2.21040932259408
1.60771704180064,-3.17882427370229
1.60513643659711,-1.16334298703309
1.6025641025641,-1.75266791804271
1.6003103137387,-2.51964818988163
1.6,-0.957070671681588
1.59744408945687,-1.64794770251312
1.59489633173844,0.633600069767614
1.59235668789809,-0.927593324667337
1.58982511923688,-3.00240480376642
1.58928286562298,-1.86824186679142
1.58730158730159,-2.89819745148982
1.58478605388273,-3.12467039872829
1.58227848101266,-1.12736787916445
1.57977883096367,-3.33626222588723
1.57833140565212,-3.5656658974956
1.57728706624606,-1.64900201570726
1.5748031496063,-3.29915034753683
1.57232704402516,-3.39267847701016
1.56985871271586,-2.4207630572492
1.5674554102056,-2.3454014159772
1.56739811912226,-1.87915040859256
1.56494522691706,-1.76862452108356
1.5625,-1.66849290037306
1.5600624024961,-3.4798794216776
1.55763239875389,-3.30554978800863
1.55665435927106,-3.30361042251247
1.5552099533437,-0.978736196542324
1.5527950310559,-1.45031791753801
1.55038759689922,-1.57053236962021
1.54798761609907,0.168425509638856
1.54592773641948,-3.10902272377306
1.54559505409583,-3.31926582728773
1.54320987654321,-3.02553535696556
1.54083204930663,-3.01633553012727
1.53846153846154,-3.49260473197215
1.53609831029186,-1.7614915638192
1.53527502878042,-0.959481142160381
1.53374233128834,-3.39717711646399
1.53139356814701,-3.5981686253525
1.52905198776758,-3.58553321454788
1.52671755725191,-2.47943211576283
1.52469572701757,-3.58378749690983
1.52439024390244,-2.84842671676396
1.5220700152207,-3.45294209830451
1.51975683890577,-2.65848538308138
1.51745068285281,-2.25710804624348
1.51515151515152,-1.93679912548996
1.51418932530435,-3.57938260356751
1.51285930408472,-3.31935137738138
1.51057401812689,-2.85908831400421
1.50829562594268,-1.47559196610346
1.50602409638554,-3.54487740833401
1.50375939849624,-3.23683912265603
1.50375532129974,-3.27408596928539
1.5015015015015,-3.37052273307706
1.49925037481259,-3.04853554360055
1.49700598802395,-3.30541736508145
1.49476831091181,-2.40197535056667
1.49339321612425,-1.71440507774023
1.49253731343284,-3.62174055753065
1.4903129657228,-3.07822175507142
1.48809523809524,-1.00316900632431
1.48588410104012,-3.60366569102318
1.48367952522255,-3.27362080830899
1.4831025143361,-3.34129851269055
1.48148148148148,-3.02534539438742
1.4792899408284,-3.04251641678827
1.47710487444609,-3.43621769562035
1.47492625368732,-3.17094684234935
1.4728827239075,-3.16406945654311
1.47275405007364,-3.6107150502071
1.47058823529412,-3.64512463191341
1.46842878120411,0.746249187357269
1.46627565982405,-2.4521050008018
1.46412884333821,-1.79599936769555
1.46273335620113,-2.48706038863768
1.46198830409357,-1.3786355776253
1.45985401459854,-3.13152870746317
1.45772594752187,-3.54562149068935
1.45560407569141,-1.81057012795783
1.45348837209302,-0.78504811358827
1.45265392594678,-3.25863157715453
1.45137880986938,-0.103556041272053
1.44927536231884,-3.3609133308404
1.44717800289436,-2.08463658851839
1.44508670520231,-1.50898092709469
1.44300144300144,-2.64156639350052
1.44264395121816,-3.22205343402036
1.44092219020173,-3.35395601263867
1.43884892086331,-1.23306863581181
1.4367816091954,-3.47593761699424
1.43472022955524,-2.31510544739468
1.43270295340983,-3.28384706492077
1.43266475644699,-3.22195670803795
1.43061516452074,-1.6797235168098
1.42857142857143,3.17756358096533
1.4265335235378,-0.151251728942479
1.42450142450142,-2.08666691459917
1.42283045721435,-0.991304323849145
1.42247510668563,-2.1244856553635
1.42045454545455,-0.319767945828384
1.41843971631206,-3.21029752207506
1.41643059490085,-0.00176677879341991
1.41442715700141,0.407546880629202
1.41302599059953,-0.609516297444098
1.41242937853107,-2.7035766923018
1.41043723554302,-3.18473890520009
1.40845070422535,-3.49577017423466
1.40646976090014,-3.22230665597904
1.40449438202247,-2.8585530787803
1.40328908478587,-1.34428145823217
1.40252454417952,-3.6497946907573
1.40056022408964,-3.43792914465787
1.3986013986014,-3.31786613228241
1.39664804469274,-1.93512136694057
1.39470013947001,-2.04408736260943
1.39361927422414,-0.475851501154902
1.39275766016713,-2.91308648308272
1.39082058414465,-1.78423237922031
1.38888888888889,-2.19711931761496
1.3869625520111,-2.80868729689719
1.38504155124654,-2.39468533846154
1.38401609657313,-1.2085072402926
1.38312586445367,-1.53481376291493
1.38121546961326,-2.47460395842354
1.37931034482759,-2.86165961551752
1.37741046831956,-3.63260193425271
1.37551581843191,-3.45905796168905
1.37447909267754,-2.28733532481716
1.37362637362637,-3.5852972826088
1.37174211248285,-3.32905787925382
1.36986301369863,-2.4974534729706
1.36798905608755,-3.64266159694751
1.36612021857923,-3.11995892137777
1.36500780654601,-2.66453230934304
1.36425648021828,-2.4258705156554
1.36239782016349,-2.69343417775085
1.36054421768707,-2.7916332827482
1.35869565217391,-3.493992002311
1.35685210312076,-3.37767216639916
1.35560178532937,-2.94441948740897
1.3550135501355,-2.67924464928977
1.3531799729364,-3.23031461475933
1.35135135135135,-3.31880449492699
1.34952766531714,-3.46373315702821
1.34770889487871,-1.50403211720119
1.34626057929891,-2.51428792509518
1.34589502018843,-2.9574791284506
1.34408602150538,-1.15106061742842
1.34228187919463,-3.30026829765661
1.34048257372654,-3.38116301901003
1.33868808567604,-3.14279923929014
1.33698374182495,-2.81743390811537
1.33689839572193,-3.38808848050611
1.33511348464619,-3.2552177792409
1.33333333333333,-2.12827729343693
1.33155792276964,-2.6130952061565
1.32978723404255,-3.28641335498828
1.32802124833997,-3.2988652079921
1.32777082935543,-3.4561258029279
1.3262599469496,-3.59790518198362
1.32450331125828,-2.10942901088616
1.32275132275132,-2.633401966134
1.32100396301189,-3.31346048936968
1.31926121372032,-2.88126134501966
1.31862140139475,-3.56148366572755
1.31752305665349,-2.6859246627723
1.31578947368421,-2.33223619396973
1.31406044678055,-0.382364657990574
1.31233595800525,0.435540684409166
1.31061598951507,-1.3856841130089
1.30953502048267,-3.04364573196168
1.30890052356021,-2.93758541409648
1.30718954248366,-1.30130241578275
1.30548302872063,-1.71046125949611
1.30378096479791,-3.37353587504931
1.30208333333333,-2.03398870110037
1.30051125217341,-2.54279304714954
1.30039011703511,-3.0630275659259
1.2987012987013,-3.44793328486504
1.2970168612192,-3.50293310612384
1.29533678756477,-2.95658770780626
1.29366106080207,-2.58374360195803
1.29198966408269,-3.37470490666048
1.29154966501488,-2.2907369184801
1.29032258064516,-3.22998812720051
1.28865979381443,-3.36906072841326
1.28700128700129,-2.537848866694
1.2853470437018,2.08519380373362
1.28369704749679,-2.4361719375738
1.28264983052806,-3.50177807771253
1.28205128205128,-2.4184657019138
1.28040973111396,1.2771786015078
1.27877237851662,-2.04450371540015
1.27713920817369,-2.25654252427465
1.27551020408163,-1.86079359238986
1.27388535031847,-1.0444523512797
1.27381132318648,-1.79488177553956
1.27226463104326,-2.90676252743684
1.27064803049555,-3.60561791478117
1.26903553299492,-3.45992828207779
1.26742712294043,-3.17612152108826
1.26582278481013,-2.49039732069734
1.2650337203959,-3.49684944164981
1.26422250316056,-1.39005939601987
1.26262626262626,-3.41092338602057
1.26103404791929,-3.48052680277491
1.25944584382872,-2.16625689558758
1.25786163522013,-1.14606271190059
1.25631660247412,-2.91314744721403
1.25628140703518,-2.52346464244728
1.25470514429109,-1.06067961800546
1.2531328320802,-2.97561312777524
1.25156445556946,-2.98753632434973
1.25,-3.31305651150962
1.24843945068664,-2.67429791546273
1.24765955263087,-3.08881699158517
1.24688279301746,-3.57744841323422
1.2453300124533,-2.69753826711824
1.24378109452736,-2.54660000669601
1.24223602484472,-3.29311447398721
1.24069478908189,-2.75908732737958
1.23915737298637,-3.1400500895467
1.23906215694792,-3.08664607174269
1.23762376237624,-2.17209757224073
1.23609394313968,-3.07655299078219
1.23456790123457,-3.17424922524485
1.23304562268804,-1.67000959528915
1.23152709359606,-3.49672936420388
1.23052400435926,-2.46236222239046
1.230012300123,-2.05090115629833
1.22850122850123,-3.61449108534624
1.22699386503067,-3.36719460227728
1.22549019607843,-2.53736582416611
1.22399020807834,-3.27164313214017
1.22249388753056,-2.8136261590226
1.22204468663149,-3.39263196545918
1.22100122100122,-2.27351001418368
1.21951219512195,-2.16933898612795
1.21802679658952,-2.4799919808819
1.21654501216545,-1.10190885362182
1.21506682867558,0.325774375493542
1.21362379834424,-2.43873792678688
1.21359223300971,-3.24050027704079
1.21212121212121,-2.75744658559615
1.21065375302663,-0.820801392673824
1.20918984280532,-2.79979113983743
1.20772946859903,-3.32936145616888
1.20627261761158,-2.83569963075616
1.20526093687084,-3.61783683794983
1.20481927710843,-3.50001500723563
1.20336943441637,-3.0710225631572
1.20192307692308,-2.87898395218233
1.20048019207683,-3.26665119533318
1.19904076738609,-1.12764881204175
1.19760479041916,-3.60408477099728
1.19695570235904,-3.0537639281368
1.19617224880383,-3.53159176754896
1.194743130227,-2.60459356837851
1.19331742243437,-2.89555193092287
1.19189511323004,-0.585998257574668
1.19047619047619,-3.01803101989075
1.18906064209275,-2.48016911425598
1.1887076977119,-3.37185037718605
1.18764845605701,-0.87885436169493
1.18623962040332,-2.85345843678526
1.18483412322275,-2.68045728899095
1.18343195266272,-1.60416500528894
1.18203309692671,-0.943357608273952
1.18063754427391,-1.63533394581757
1.18051652856881,-3.40527287474368
1.17924528301887,-1.56155642880141
1.17785630153121,-2.83613913013753
1.17647058823529,-2.95561931008357
1.17508813160987,-2.94525634493426
1.17370892018779,-1.33531505239382
1.1723818032866,-2.42709171612305
1.17233294255569,-1.25772496783896
1.17096018735363,-2.92239061651663
1.16959064327485,-3.45601649482087
1.16822429906542,-2.18255151704561
1.16686114352392,1.46363423724184
1.16550116550117,-1.89228359056677
1.16430313292088,-3.19556189126113
1.16414435389988,-2.73447859135596
1.16279069767442,-0.740678979202623
1.16144018583043,-2.04641868539589
1.16009280742459,-3.21117474227857
1.15874855156431,-3.0941004940437
1.15740740740741,-0.783715011257651
1.15628013120738,-3.55859717353861
1.15606936416185,-2.45389220419231
1.15473441108545,-3.24981847812624
1.15340253748558,-2.37420121635058
1.15207373271889,-3.32309601365953
1.15074798619102,-1.87602663141741
1.14942528735632,-3.40055885529342
1.14831241454351,-3.12797963479918
1.14810562571757,-3.49652296283049
1.14678899082569,-2.20255566260409
1.1454753722795,-3.16314540866982
1.1441647597254,-3.01170686792433
1.14285714285714,-3.5127124140347
1.14155251141553,-1.62269879209834
1.14039960197003,-1.75070934147832
1.14025085518814,-3.29595454659003
1.13895216400911,-3.40906713346898
1.13765642775882,-2.34641783733344
1.13636363636364,-1.49821253497494
1.13507377979569,-3.14602460554381
1.13378684807256,-1.00520751414067
1.13254131515281,4.41347831249813
1.13250283125708,2.77990900268016
1.13122171945701,-3.01680803381269
1.12994350282486,-3.45912659261019
1.12866817155756,-2.68369057632129
1.12739571589628,-1.09874451739345
1.12612612612613,-2.42897744709328
1.12485939257593,-3.25821195668784
1.12473717836475,-2.90737062884299
1.12359550561798,-2.08824300225593
1.12233445566779,-3.34150044381569
1.12107623318386,-1.19855233274647
1.11982082866741,-3.54544603215659
1.11856823266219,-3.25151141067148
1.11731843575419,-0.724984037398921
1.11698681846782,-3.4110172135981
1.11607142857143,-3.4587909958836
1.11482720178372,-3.54107756610103
1.11358574610245,-2.50316470027131
1.11234705228031,-0.410641223840012
1.11111111111111,-1.8298371906762
1.10987791342952,-2.44486745196952
1.10928986489522,-2.9504905545575
1.10864745011086,-1.56546428432299
1.10741971207087,-3.66092800320912
1.10619469026549,-2.95190527278423
1.10497237569061,-2.73473678136794
1.1037527593819,-3.64398290838032
1.10253583241455,-3.09124956383978
1.10164594963366,-3.33304279876948
1.10132158590308,-3.04459852342681
1.1001100110011,0.194406967546162
1.0989010989011,-3.13759870552469
1.09769484083425,-3.05282578719247
1.09649122807018,-3.58992633349528
1.09529025191676,-2.26545175203487
1.09409190371991,-3.28550308235138
1.09405470720574,-3.27813288231324
1.09289617486339,-3.11450218755094
1.09170305676856,-3.40005521245835
1.09051254089422,-2.57024051689363
1.08932461873638,-0.704843036371538
1.08813928182807,-3.15776613374687
1.08695652173913,-1.19512370554905
1.08651577465254,-1.17564171006326
1.085776330076,-0.452985931526778
1.08459869848156,-3.36166004612231
1.08342361863489,-2.66157378026353
1.08225108225108,-1.70342397435378
1.08108108108108,-0.62700767970956
1.07991360691145,-1.19472108183096
1.07902879151618,-0.821990888014692
1.07874865156419,-2.4993107552374
1.07758620689655,-1.86066669531568
1.07642626480086,-2.4937673903285
1.0752688172043,-2.81908759142216
1.07411385606874,-2.70070591879108
1.07296137339056,-2.24569777394275
1.07181136120043,-1.62394595566344
1.07159339982267,-1.94450029445467
1.07066381156317,-2.90446476196076
1.06951871657754,-0.193471928709765
1.06837606837607,-0.773284229397158
1.06723585912487,-1.39388926087745
1.06609808102345,-0.311720637466219
1.06496272630458,-3.46617120944954
1.06420924406472,-2.68551682563214
1.06382978723404,-2.64843977510456
1.06269925611052,-0.668072029188504
1.06157112526539,-3.23313189308687
1.06044538706257,-1.2948981391187
1.0593220338983,-1.05499585262371
1.05820105820106,-2.54155174554917
1.05708245243129,-3.03380414981653
1.0568759711848,-3.50417676247873
1.05596620908131,-3.42455856111327
1.05485232067511,-2.84421121373814
1.05374077976818,-3.00302214701172
1.05263157894737,-2.6202874343095
1.0515247108307,-2.95873354122515
1.05042016806723,-2.4688151877488
1.04959323055823,-3.14219377275826
1.04931794333683,-1.39874211399167
1.0482180293501,-2.471922155201
1.04712041884817,-2.76989831158364
1.04602510460251,-3.15390925206305
1.04493207941484,-3.01641479343511
1.04384133611691,-3.56626201772438
1.04275286757039,-2.83837289056107
1.0423606739764,-1.44439496918904
1.04166666666667,1.7490956287417
1.04058272632674,-1.03751529957436
1.03950103950104,0.237427582612431
1.03842159916926,1.11668512319888
1.03734439834025,-2.54043891569544
1.03626943005181,-3.61845117807986
1.0351966873706,-2.03504394885531
1.03517795563018,-1.49241937638943
1.03412616339193,-3.55358118332161
1.03305785123967,-2.50125268895156
1.03199174406605,-3.14072095591889
1.03092783505155,-3.26211771106669
1.02986611740474,-3.54764326016204
1.02880658436214,-2.98223523594616
1.02804473209331,0.0205662709687617
1.02774922918808,-3.38315930590424
1.02669404517454,-3.58225546474243
1.02564102564103,-3.46081224854707
1.02459016393443,-3.21548839610856
1.02354145342886,-3.07658622094898
1.02249488752556,-3.66173743589864
1.02145045965271,-1.58060849597963
1.02096066230605,-3.21535753803344
1.02040816326531,-3.0381453073637
1.01936799184506,-3.1504995734303
1.0183299389002,-2.41691900038948
1.01729399796541,-3.43036935646831
1.01626016260163,-2.89432442175267
1.01522842639594,-2.81229096802361
1.01419878296146,-3.34487983956158
1.01392540755882,-3.30871875720116
1.01317122593718,-0.538713291165787
1.01214574898785,-3.01944754362115
1.01112234580384,-2.12483985206687
1.01010101010101,-1.54064393801731
1.00908173562059,-2.16287580914477
1.00806451612903,-0.254999095777587
1.00704934541793,-1.93024984043061
1.00693863147603,-3.42470250581656
1.00603621730382,-3.08527377427272
1.00502512562814,-2.98148395764231
1.00401606425703,1.91221316191723
1.00300902708124,-0.954163988119698
1.00200400801603,0.271813948334189
1.001001001001,4.47178636039984
1,-2.11094691254028
