"bfp_output.P","bfp_output.logBF"
1000,-2.65876829413697
993.109181374979,-2.51160081744531
986.265846131283,-2.38659790890484
979.46966706954,-2.29884475905309
972.720319245055,-2.25859137584002
966.017479952265,-2.26950146396687
959.360828709315,-2.32884163633421
952.75004724273,-2.42900508599005
946.184819472201,-2.55939756314698
939.66483149547,-2.7080288989279
933.189771573324,-2.86269481466884
926.759330114689,-3.01198516388582
920.373199661823,-3.14636057590128
914.031074875623,-3.25926664819239
907.732652521023,-3.34793282745549
901.477631452492,-3.41342120934918
895.26571259964,-3.45976777765601
889.096598952916,-3.49248580920219
882.969995549409,-3.51692919434795
876.885609458743,-3.53691584141093
870.843149769073,-3.55377667233811
864.842327573172,-3.56589617331825
858.882855954625,-3.56894816575875
852.964449974103,-3.55719807022133
847.086826655741,-3.52594357939595
841.249704973612,-3.47413715230173
835.452805838287,-3.40541482767368
829.695852083491,-3.32665518911203
823.978568452852,-3.24529419036393
818.300681586739,-3.16745094104466
812.661920009195,-3.09782873704064
807.06201411495,-3.04104330869928
801.500696156541,-3.00347960377071
795.977700231499,-2.99431845754524
790.492762269642,-3.02340325195324
785.045620020451,-3.09414468608106
779.636013040523,-3.19586294817075
774.263682681127,-3.30627737075393
768.928372075831,-3.40469659506855
763.629826128224,-3.48153498752141
758.367791499719,-3.53710084821825
753.142016597437,-3.57598882170439
747.952251562182,-3.60307024913679
742.798248256492,-3.62189756917949
737.679760252773,-3.63441708217227
732.596542821523,-3.64127913832636
727.548352919623,-3.64284827314976
722.534949178721,-3.64090035334622
717.556091893692,-3.63883991969252
712.611543011175,-3.6389553523408
707.701066118189,-3.64081855281919
702.824426430835,-3.64272983383058
697.981390783066,-3.64323511934189
693.17172761554,-3.64162109374343
688.39520696455,-3.63803435930596
683.651600451024,-3.63347982776566
678.940681269611,-3.62927293054254
674.262224177835,-3.62539949555578
669.616005485322,-3.61845551782964
665.001803043112,-3.6014519497197
660.419396233031,-3.56644990926103
655.868565957143,-3.50796994497831
651.349094627281,-3.42549223977347
646.860766154633,-3.3253389438987
642.40336593942,-3.22159847766501
637.976680860628,-3.13366368961202
633.580499265825,-3.07853232737768
629.214610961035,-3.06110644619754
624.878807200689,-3.07001235955219
620.57288067765,-3.08291776374513
616.296625513294,-3.0779848429601
612.04983724767,-3.04543421235702
607.832312829723,-2.99415806684139
603.643850607587,-2.94924592910915
599.484250318941,-2.94034000877646
595.353313081437,-2.98753157752331
591.250841383188,-3.09214873692003
587.176639073326,-3.23300772293707
583.130511352622,-3.36629663044841
579.112264764176,-3.43526902736333
575.121707184161,-3.39947492210556
571.158647812643,-3.26786618473072
567.222897164454,-3.09520375335598
563.314267060136,-2.94202106028704
559.432570616938,-2.84340824030628
555.577622239888,-2.80399819959573
551.749237612913,-2.80436367052654
547.947233690029,-2.81096200359006
544.171428686589,-2.79255925945339
540.421642070592,-2.73778395051927
536.697694554048,-2.66061821676844
532.999408084409,-2.59258678909917
529.326605836056,-2.56917057600647
525.679112201842,-2.61100397110782
522.056752784698,-2.70439347794989
518.459354389291,-2.80361845016135
514.886745013749,-2.86139990535234
511.338753841433,-2.85556822246972
507.815211232767,-2.79331842491323
504.315948717136,-2.7057369453323
500.840798984821,-2.63789396354495
500,-2.62907151566283
497.389595879006,-2.62586500088529
493.962174387832,-2.67315304897674
490.558370636505,-2.75732933906526
487.178021879463,-2.85883023210463
483.820966492595,-2.97650782330664
480.487043965513,-3.11653082381668
477.176094893875,-3.26227227757932
473.887960971765,-3.35475830743958
470.622484984128,-3.31457376618085
467.379510799247,-3.08054656902406
464.158883361278,-2.63204784649291
460.960448682844,-2.01313018326997
457.784053837662,-1.35854783799125
454.62954695324,-0.856079705221855
451.49677720361,-0.627430621695349
448.385594802119,-0.658405403498146
445.295850994266,-0.85592947309244
442.22739805059,-1.13459955854297
439.180089259609,-1.44943962886996
436.153778920801,-1.78029333872318
433.14832233764,-2.10425725658844
430.16357581068,-2.38941183846019
427.199396630678,-2.61123007026462
424.255643071778,-2.76869620150797
421.332174384729,-2.88442286967135
418.428850790158,-2.98864042097876
415.545533471888,-3.10207450624695
412.682084570296,-3.23174778291262
409.838367175726,-3.37666795525005
407.014245321944,-3.5260720186235
404.209583979631,-3.63691185907872
401.424249049932,-3.61441224114916
398.658107358044,-3.30970341444911
395.911026646846,-2.5565729448544
393.182875570577,-1.38524669855992
390.473523688556,-0.308987644138095
387.782841458946,0.0747643320963691
385.110700232557,-0.187653775973881
382.4569722467,-0.550998982936714
379.821530619074,-0.237056639216472
377.2042493417,1.62622105794627
374.605003274899,4.67702465752861
372.023668141307,6.71350069370668
371.167050249512,6.93256802795772
366.914237840249,5.4741868392588
364.385898376355,3.84969276463285
361.874981241128,3.38826058179989
359.381366380463,4.34295447966655
356.904934567523,5.03486341628703
354.445567397043,4.14552724020756
352.003147279668,1.39126000263328
349.577557436327,-1.82716548385501
347.168681892656,-3.49787476023338
344.776405473446,-3.5075897884886
342.400613797142,-2.84874813940881
340.041193270371,-2.14691522038329
337.698031082509,-1.53618581733518
335.371015200293,-0.95732706854228
333.333333333333,-0.474399661894874
333.060034362459,-0.415624368934838
330.764978074424,-0.051916191866165
328.485736603004,-0.0862569568030933
326.222200971167,-0.585650661225695
323.97426295282,-1.11648102929454
321.741815067637,-1.14334259261313
319.524750575921,-0.623347043686674
317.322963473498,0.0905492138011441
315.136348486648,0.366426315991863
312.964801067075,-0.235156059310394
310.808217386907,-1.33228171213623
308.666494333727,-2.30756050598954
306.539529505653,-2.88377887191414
304.42722120643,-2.97343232215909
302.329468440578,-2.56779670129934
300.246170908555,-1.81740164388521
298.177229001967,-1.15366401092457
296.122543798804,-1.07007511756417
294.082017058706,-1.56526790955841
292.055551218275,-2.2718842949106
290.043049386399,-2.93386294349055
288.04441533963,-3.43329632282747
286.059553517574,-3.64619756493554
284.08836901833,-3.45839262848578
282.130767593947,-3.01726632156864
280.18665564592,-2.70887876568316
278.255940220713,-2.69172937609182
276.338529005317,-2.86767654911672
274.434330322837,-3.10834331344072
272.543253128103,-3.34604557086875
270.665207003324,-3.53626451381562
268.800102153761,-3.63724202647013
266.947849403432,-3.66258967904572
265.108360190854,-3.663442238965
263.281546564802,-3.66142416314251
261.467321180109,-3.62389366546095
259.665597293487,-3.47474869819241
257.87628875938,-3.20670708615749
256.099310025846,-2.95253453381046
254.334576130465,-2.80871704223342
252.582002696278,-2.79994859825286
250.841505927754,-2.77643278423617
250,-2.72699070998653
249.113002606779,-2.67309709138022
247.396410088681,-2.75246545032162
245.691646298279,-3.11512625455425
243.998629725955,-3.15210363668897
242.31727942376,-2.68081259264589
240.647515001542,-2.19748672201625
238.989256623105,-2.27483173718208
237.342425002387,-2.50856259709165
235.706941399673,-2.62122884426021
234.082727617829,-2.62060684867746
232.469705998565,-2.58724449884961
230.867799418717,-2.71804775391849
229.276931286565,-3.19325689363891
227.697025538168,-3.5957526211181
226.128006633728,-3.37242138654868
224.569799553977,-2.48895404150944
223.022329796594,-1.2356373822224
221.485523372636,0.467582103358429
219.959306803008,2.35779149015641
218.443607114943,2.63191931711838
216.938351838519,0.396572558290747
215.443469003188,-2.10709903840096
213.958887134342,-3.20223937837685
212.484535249888,-2.88622556530772
211.02034285686,-1.8833549474899
209.566239948043,-1.25894345157588
208.122156998634,-1.09333642635665
206.688024962908,-1.14839668031992
205.263775270925,-1.32630181254946
203.849339825246,-1.28186428874336
202.44465099768,-1.14724231235693
201.04964162605,-1.38392946419624
200,-1.92923354027375
199.664245010979,-2.16929013027741
198.288394912707,-3.20466237175769
196.922025547917,-3.4079072129865
195.565071586595,-2.66366675126978
194.217468148903,-1.58805490986181
192.879150802078,-1.30515234147797
191.550055557353,-2.37282991793371
190.230118866895,-2.72882732777681
188.919277620767,-2.23672531057526
187.617469143912,-2.63746871218758
186.324631193156,-2.7341819693684
185.04070195423,-2.62219313186189
183.765620038817,-1.74028166048971
182.499324481615,1.46770739676369
181.241754737424,2.68931030678504
179.992850678248,0.229585569379414
178.752552590424,-2.51187330512173
177.520801171764,-3.37672987014853
176.297537528721,-1.86364081729915
175.082703173572,-0.156707200050316
173.876240021625,0.460997334722824
172.678090388436,-0.948963043808742
171.488196987054,-2.76466590499002
170.306502925284,-3.29313757980467
169.132951702965,-2.8915345008849
167.967487209265,-2.02192856759388
166.810053720006,-1.40163360273386
166.666666666667,-1.33594266842827
165.660595894991,-0.738326577265734
164.519058775366,-0.119367640429668
163.385387780986,-0.360570698345053
162.259528707809,-1.54880860251869
161.141427725302,-2.86873637915714
160.03103137387,-2.96279588076491
158.928286562298,-2.05108571369389
157.833140565212,-1.63416957622199
156.745541020559,-1.64836480705541
155.665435927106,-2.46526559331583
154.592773641948,-3.36348378057532
153.527502878042,-3.59834099939662
152.469572701757,-3.5761682134687
151.418932530435,-3.59788605253278
150.375532129974,-3.64192202255382
149.339321612425,-3.66345269944862
148.310251433611,-3.63048806730536
147.28827239075,-3.57494820166904
146.273335620113,-3.44426796383656
145.265392594678,-2.97751553633217
144.264395121816,-2.06257624278067
143.270295340983,-1.78796835538433
142.857142857143,-1.88589648032005
142.283045721435,-2.10937909940823
141.302599059953,-2.82194701204427
140.328908478587,-3.66265081793692
139.361927422414,-2.35967338986968
138.401609657313,-0.0492370570550333
137.447909267754,2.99824139324598
136.500780654601,2.52022943271901
135.560178532937,-2.21128418233429
134.626057929891,-2.73722737176193
133.698374182495,0.482970204148121
132.777082935543,3.79977719216014
131.862140139475,-0.032558877948456
130.953502048267,-1.51632178703671
130.051125217341,-2.88570940040476
129.154966501488,-3.21449036561087
128.264983052806,-3.00484336874858
127.381132318648,-2.09772249076077
126.50337203959,-1.21227652777783
125.631660247412,-1.26830477402573
125,-0.38503201275689
124.765955263087,0.0209544298681879
123.906215694792,-1.16321706963104
123.052400435926,-2.92295827140132
122.204468663149,-3.23649096047411
121.362379834424,-0.350633637515567
120.526093687084,0.695185285349415
119.695570235904,-1.38638487542418
118.87076977119,-2.33960255666146
118.051652856881,-2.26481502188322
117.23818032866,-2.90480787056755
116.430313292088,-3.55817708930887
115.628013120738,-3.14134498800332
114.831241454351,-2.10982195765281
114.039960197003,-1.04442880232908
113.254131515281,-1.80643389810437
112.473717836475,-2.84800582529921
111.698681846782,-2.4854393764965
111.111111111111,-2.1184801578595
110.928986489522,-1.9556516866203
110.164594963366,-2.05562341355191
109.405470720574,-2.69433158816941
108.651577465254,-3.31618380072249
107.902879151618,-3.6098209833021
107.159339982267,-2.82177175395916
106.420924406472,-1.62176077072403
105.68759711848,0.64469474472681
104.959323055823,-1.2343584816909
104.23606739764,-3.18423545561118
103.517795563018,-0.422813697811885
102.804473209331,3.76907784080494
102.096066230605,0.806387927992451
101.392540755882,-3.14966589950752
100.693863147603,-2.92718024235425
100,-1.88020999061224
100,-1.88020999061221
99.310918137498,-1.67850106353698
98.6265846131283,-1.64376114131341
97.946966706954,-1.56814169132304
97.2720319245054,-2.02542967389878
96.6017479952265,-2.69295514872307
95.9360828709315,-3.61501235818518
95.2750047242729,-2.81276653347247
94.61848194722,-1.59495418602178
93.966483149547,-1.31319777853669
93.3189771573324,-2.16550663917426
92.6759330114688,-3.49235494730349
92.0373199661823,-3.35781442286044
91.4031074875623,-2.31941586115188
90.9090909090909,-1.18779563817834
90.7732652521023,-0.820517989228658
90.1477631452492,-1.3935738041702
89.526571259964,-3.48898697066057
88.9096598952916,-0.0672553055870067
88.2969995549409,-0.805527700151838
87.6885609458743,-3.51326058124506
87.0843149769073,-0.426446777014927
86.4842327573172,-0.606952939693183
85.8882855954625,-3.54062247755716
85.2964449974102,-2.36748320787963
84.7086826655741,-3.29021599183862
84.1249704973612,-3.64070943314122
83.5452805838287,-3.54168590434754
83.3333333333333,-3.49404186557349
82.9695852083491,-3.46829832258497
82.3978568452852,-2.18452155492597
81.8300681586739,-0.827161315285006
81.2661920009194,-3.1116727211356
80.706201411495,-1.62816954610484
80.150069615654,2.45561586195884
79.5977700231498,-2.18448475244879
79.0492762269642,-3.18478853884262
78.5045620020451,-1.16998080763316
77.9636013040523,-0.996334446534955
77.4263682681127,-2.52559417721865
76.9230769230769,-3.35266880816784
76.8928372075831,-3.2373044471861
76.3629826128224,-2.5799955418275
75.8367791499719,-3.61634538844528
75.3142016597437,-2.90306073684387
74.7952251562182,-2.22245736616621
74.2798248256491,-1.25452353591303
73.7679760252773,-2.99190362235209
73.2596542821523,-1.80613728376202
72.7548352919623,-3.20588849438495
72.2534949178722,-3.44484063403088
71.7556091893693,-1.7198110353914
71.4285714285714,1.88505114684607
71.2611543011175,0.357493748432735
70.7701066118189,-3.61098515847736
70.2824426430835,3.04748217330046
69.7981390783066,-1.65534160339414
69.3171727615541,-3.4072195447943
68.839520696455,-2.70693711554768
68.3651600451024,-1.51270793890204
67.8940681269611,-2.45178768385288
67.4262224177834,-3.6451683874868
66.9616005485322,-2.73234863868144
66.6666666666667,-2.75095115280395
66.5001803043112,-2.34235453283592
66.0419396233031,-0.348823951205172
65.5868565957143,-3.0980367298326
65.134909462728,-3.33258206775015
64.6860766154633,-2.29664677194252
64.2403365939419,-1.66842016774178
63.7976680860628,-3.57132414129397
63.3580499265825,-1.59863816023396
62.9214610961034,-3.20949535624667
62.5,-0.3954666021833
62.4878807200689,-0.297169207313298
62.057288067765,-2.72701454876325
61.6296625513294,-3.02980319729802
61.204983724767,-3.38592647598567
60.7832312829723,-3.14384003092165
60.3643850607587,-2.37755106225314
59.9484250318941,-3.44892314334494
59.5353313081437,-2.64348412260504
59.1250841383188,-1.10548178792227
58.8235294117647,-1.66471731450211
58.7176639073326,-2.02367577007
58.3130511352622,-3.28298776596808
57.9112264764176,-1.74804229211757
57.5121707184161,-2.47858048766427
57.1158647812643,-3.63895033391521
56.7222897164454,-3.52637403277118
56.3314267060136,-3.15468942991479
55.9432570616938,-2.98700675495062
55.5577622239888,-3.64047415553405
55.5555555555556,-3.64228403275352
55.1749237612912,-3.47263581101999
54.7947233690029,-3.37331084664806
54.4171428686589,-3.20096773008263
54.0421642070592,-3.41132668765642
53.6697694554048,-2.81036962652272
53.2999408084409,-0.707722180986944
52.9326605836056,-2.94454276783604
52.6315789473684,-2.93678689235814
52.5679112201842,-2.57040159584882
52.2056752784698,-2.31165851540764
51.8459354389291,-2.47130015018122
51.488674501375,-3.30372995267835
51.1338753841433,0.0977728285151231
50.7815211232767,-1.75513963107745
50.4315948717136,-2.11392503651684
50.0840798984821,-3.11100467783775
50,-3.01021222633978
49.7389595879007,-3.58106023610376
49.3962174387832,-2.80918231042316
49.0558370636505,-2.17539967616944
48.7178021879463,-2.33444120174321
48.3820966492596,-3.63207831014496
48.0487043965513,-3.12035222671745
47.7176094893875,-2.3212067022592
47.6190476190476,-1.88026725696734
47.3887960971765,-1.99043928221932
47.0622484984128,-3.64816844073386
46.7379510799246,4.80959179670892
46.4158883361278,-3.10710030579743
46.0960448682843,-2.37619721152417
45.7784053837662,-3.49975906163381
45.462954695324,-3.56312818428331
45.4545454545455,-3.57126007440383
45.149677720361,-0.687008983025275
44.8385594802119,-2.08355707087575
44.5295850994266,-3.17909974936118
44.222739805059,-1.69106097711808
43.9180089259609,-2.08577935709074
43.6153778920801,-3.30884358861267
43.4782608695652,-3.5347201298522
43.314832233764,-3.18914762484998
43.016357581068,-2.26855112579899
42.7199396630678,-3.36734449704546
42.4255643071778,-3.46361694733256
42.1332174384729,-3.1831900183209
41.8428850790158,0.131877796999949
41.6666666666667,-3.25503357541116
41.5545533471888,-1.44123661562984
41.2682084570295,-2.9588937250575
40.9838367175726,0.427642686112468
40.7014245321944,-3.60793441808509
40.4209583979631,-3.44035940906847
40.1424249049932,-1.26805743613864
40,-3.56859046970213
39.8658107358044,-2.5781400348418
39.5911026646846,-3.5688671223247
39.3182875570577,-3.47121748054623
39.0473523688556,-1.90165913942313
38.7782841458946,-1.83914269535652
38.5110700232557,-2.34557389885229
38.4615384615385,-2.90446010024139
38.24569722467,-3.14995929212004
37.9821530619073,-0.598486427672422
37.72042493417,-3.63524104585657
37.4605003274899,0.683980913885894
37.2023668141307,-1.31484532258291
37.037037037037,-2.6733637037279
36.946012051993,-3.55257240985359
36.6914237840249,-3.64829064354701
36.4385898376355,-3.12913444714438
36.1874981241128,-1.79891857370135
35.9381366380463,-1.95413973225409
35.7142857142857,-2.47261464980233
35.6904934567523,-2.35781627026072
35.4445567397043,-2.92960381527568
35.2003147279668,-2.2206466658077
34.9577557436328,-3.00936936588813
34.7168681892656,-3.54315210002344
34.4827586206897,-3.47481192799641
34.4776405473446,-3.44609261729088
34.2400613797142,-3.58667181440118
34.0041193270371,-1.40511770932001
33.7698031082509,-2.80780930031615
33.5371015200293,-0.997967630169323
33.3333333333333,-3.54180109449988
33.3060034362459,-3.04931186865509
33.0764978074424,-1.69448496176768
32.8485736603004,-3.60827145322234
32.6222200971167,-2.92703172880176
32.397426295282,-2.03639149748154
32.258064516129,-2.72544969552687
32.1741815067637,-0.401697023379834
31.9524750575921,0.207122755738529
31.7322963473498,-2.91022669407665
31.5136348486648,-3.07529584131135
31.2964801067075,-3.39977664036202
31.25,-2.24089798361949
31.0808217386906,-2.13715531095142
30.8666494333727,-3.11582808879937
30.6539529505653,-2.45697876215963
30.442722120643,0.743989366497819
30.3030303030303,-2.43567552455171
30.2329468440578,-0.130472532789223
30.0246170908555,-3.61936641058828
29.8177229001967,-2.43193646495531
29.6122543798804,-3.32134945235908
29.4117647058824,-2.17496692515628
29.4082017058706,-2.12531977474479
29.2055551218275,-0.886730041339415
29.0043049386399,-3.17819894256884
28.804441533963,-3.22841510056837
28.6059553517574,-3.09270443655772
28.5714285714286,-3.32495760192237
28.408836901833,-3.6086008256759
28.2130767593947,-2.98437625757505
28.018665564592,-3.3508982536474
27.8255940220712,-2.94482822100123
27.7777777777778,-3.2744516106206
27.6338529005317,-2.60152963498917
27.4434330322836,-3.55782313608521
27.2543253128103,-2.18263282961903
27.0665207003324,-1.12406799640756
27.027027027027,1.48877146142185
26.8800102153761,-2.44831939661735
26.6947849403432,-2.90586504812138
26.5108360190854,-2.59277474262769
26.3281546564802,-3.21993963131699
26.3157894736842,-2.93947272569032
26.1467321180109,-3.04260482958098
25.9665597293487,-1.90808398336035
25.787628875938,1.68715982441733
25.6410256410256,-2.02078479774014
25.6099310025846,-0.451509854219334
25.4334576130465,-1.95822664557981
25.2582002696278,-0.0109402363720319
25.0841505927754,-0.5942827979412
25,1.80422316374562
24.9113002606779,-2.48387424240546
24.7396410088681,-3.61722152904691
24.5691646298279,-3.18891247358426
24.3998629725955,-2.98736403918623
24.390243902439,-3.38260537928322
24.231727942376,-2.08862120947169
24.0647515001542,0.235211948178422
23.8989256623105,-2.64041620800536
23.8095238095238,-3.44981187601179
23.7342425002387,-0.909953417002565
23.5706941399673,-3.2194048811577
23.4082727617829,-0.861370268145616
23.2558139534884,-1.54991782352122
23.2469705998565,-1.97042376064006
23.0867799418717,-2.49000099853476
22.9276931286565,-0.954730712637295
22.7697025538168,-1.55805264394145
22.7272727272727,0.216199016866018
22.6128006633728,-2.80202310099839
22.4569799553977,-0.86131758047794
22.3022329796594,-2.10249047933744
22.2222222222222,-2.6634581326639
22.1485523372636,-0.858203795272753
21.9959306803007,-2.57633596965043
21.8443607114943,-2.83812671181529
21.7391304347826,-3.00501337543788
21.6938351838518,-3.45616062270998
21.5443469003188,-2.57513153241531
21.3958887134342,-1.3706451547231
21.2765957446809,-2.10549212851437
21.2484535249888,-3.28018355185737
21.102034285686,-3.07702985857845
20.9566239948043,-3.17990275368147
20.8333333333333,-2.91330155713477
20.8122156998634,-1.75696254969265
20.6688024962908,-3.42012456886188
20.5263775270925,-2.52734487668196
20.4081632653061,-3.07640777868361
20.3849339825246,-2.78201115763825
20.244465099768,-0.763861854558068
20.104964162605,-0.9927981950952
20,-3.4846434701153
19.9664245010979,-2.60062246379503
19.8288394912707,-3.33694810988085
19.6922025547917,-1.37806286061693
19.6078431372549,-3.14795837309874
19.5565071586595,-1.00442663752797
19.4217468148903,-0.547976310821507
19.2879150802078,-3.28465366281646
19.2307692307692,-3.00377545972379
19.1550055557353,-2.50403203619846
19.0230118866894,-2.64247140593458
18.8919277620767,-1.25611723264863
18.8679245283019,-2.15861640255759
18.7617469143912,-3.14785036993878
18.6324631193156,-3.54843411216931
18.5185185185185,-2.89639892927526
18.504070195423,-3.19224629227413
18.3765620038817,-3.22511395483069
18.2499324481615,-3.23974735043866
18.1818181818182,-3.2146229086433
18.1241754737424,-0.893419196073732
17.9992850678248,-3.40435831021413
17.8752552590424,-3.12759500835512
17.8571428571429,-1.65775966240293
17.7520801171764,-2.79428144308444
17.6297537528721,-2.71010491751094
17.5438596491228,-1.91689816827143
17.5082703173572,-3.24382635252261
17.3876240021625,-3.26151573716664
17.2678090388436,-3.57154230866267
17.2413793103448,-1.72568126634827
17.1488196987054,-3.36456311401191
17.0306502925284,-1.30455658916547
16.9491525423729,-2.19229665249203
16.9132951702965,-3.07942337896001
16.7967487209265,-3.47222716464578
16.6810053720006,-2.32478773180652
16.6666666666667,-2.53484792417795
16.5660595894991,-1.74872778733147
16.4519058775366,-2.88177509329189
16.3934426229508,-3.53111165241698
16.3385387780986,-3.41053548468669
16.2259528707809,-3.49888640958361
16.1290322580645,-3.40367916243853
16.1141427725302,-1.34013432414839
16.003103137387,-3.53903195707734
15.8928286562298,-2.9096254430441
15.8730158730159,-2.01858699703213
15.7833140565212,-3.24445844846111
15.674554102056,-3.1255967442553
15.625,-1.04388769329359
15.5665435927106,-2.2061627462494
15.4592773641948,-3.17723921704212
15.3846153846154,-3.03382130321308
15.3527502878042,-2.21016313385679
15.2469572701757,-2.61589379984103
15.1515151515152,1.50559631595532
15.1418932530435,-1.67239376458771
15.0375532129974,-1.22062623267727
14.9339321612425,-0.212132336465639
14.9253731343284,-0.720054965278915
14.831025143361,-2.47173310229261
14.728827239075,-2.71100189853662
14.7058823529412,-3.3717648038815
14.6273335620113,-3.03796748539208
14.5265392594678,-2.19904780744856
14.4927536231884,-3.65231450629055
14.4264395121816,-2.47534880875422
14.3270295340983,-2.20515274585717
14.2857142857143,-0.797191230518432
14.2283045721435,-1.86871701822524
14.1302599059953,-3.24318501930581
14.0845070422535,-1.18966366639777
14.0328908478587,1.26415686343826
13.9361927422414,-3.56564742035506
13.8888888888889,-1.95733639453449
13.8401609657313,-2.60611340531754
13.7447909267754,-1.18955510276127
13.6986301369863,-0.875596498740019
13.6500780654601,-3.63844699086404
13.5560178532937,-1.52748759419181
13.5135135135135,-2.78919040539399
13.4626057929891,-3.34752384755303
13.3698374182495,-3.1824091642985
13.3333333333333,-1.06505495384898
13.2777082935543,-3.30363948028106
13.1862140139475,-3.44843226377416
13.1578947368421,-2.7171630691668
13.0953502048267,-0.873238488808009
13.0051125217341,-3.0086992796394
12.987012987013,-3.53346385214489
12.9154966501488,-2.98649352304885
12.8264983052806,-1.77831216999577
12.8205128205128,-2.4540846353788
12.7381132318648,-2.80507462168257
12.6582278481013,-3.62238598209249
12.650337203959,-2.7170509893521
12.5631660247412,-2.55981702476343
12.5,-2.44531761010752
12.4765955263087,-3.07431280084129
12.3906215694792,-2.96507428625322
12.3456790123457,-3.5484661965937
12.3052400435926,-3.56621299393479
12.2204468663149,-1.55712565984471
12.1951219512195,-2.82185091970301
12.1362379834424,-1.66172107289004
12.0526093687084,-3.20255248607379
12.0481927710843,-3.30896642277535
11.9695570235904,0.0237875820468973
11.9047619047619,-2.72803731880581
11.887076977119,-2.05169130091168
11.8051652856881,-2.69244201160675
11.7647058823529,-2.4250995820855
11.723818032866,0.705020945334003
11.6430313292088,-0.930867877536921
11.6279069767442,-3.542083301781
11.5628013120738,-3.27260710194589
11.4942528735632,-1.52252278565474
11.4831241454351,-1.02495258065245
11.4039960197003,-3.45854153628566
11.3636363636364,-3.03637959567258
11.3254131515281,-3.47292954006358
11.2473717836475,-2.71204973485411
11.2359550561798,-2.95226576931652
11.1698681846782,-2.43507628353991
11.1111111111111,-2.60102577090036
11.0928986489522,-3.36999639951663
11.0164594963366,-2.54157764376582
10.989010989011,-3.44636289437086
10.9405470720574,-2.37462722041443
10.8695652173913,-3.10233922854318
10.8651577465254,-3.14819642945046
10.7902879151618,-2.35730158142017
10.752688172043,-1.18120807396373
10.7159339982267,-1.02697375014661
10.6420924406472,-0.347858533210608
10.6382978723404,-0.0143953152153626
10.568759711848,-3.64751046537414
10.5263157894737,-3.3687117876682
10.4959323055823,-2.13467310746806
10.423606739764,-1.72516285399565
10.4166666666667,0.460188723764181
10.3517795563018,-3.10886802860069
10.3092783505155,-2.84566066356332
10.2804473209331,-2.85337611877936
10.2096066230605,-1.98691346015657
10.2040816326531,-2.27148149645098
10.1392540755882,-2.34918471216774
10.1010101010101,-3.06378659059798
10.0693863147603,-1.85610773672372
10,-2.5216287496036
10,-2.52162874960346
9.9310918137498,-2.44596680101081
9.9009900990099,-1.36992452895417
9.86265846131282,-2.91999711647061
9.80392156862745,-1.78133933650683
9.79469667069539,4.48340098680011
9.72720319245054,-3.26913330290669
9.70873786407767,-2.51409077396606
9.66017479952265,1.01943510182268
9.61538461538461,-2.3108354805886
9.59360828709314,-2.93347497749972
9.52750047242729,-2.96214334293928
9.52380952380952,-2.6859190497564
9.461848194722,-2.51204480890116
9.43396226415094,-3.53489215228349
9.39664831495469,-2.04862331070468
9.34579439252336,-3.58442150284305
9.33189771573324,-2.58220855626665
9.26759330114688,-3.30311403207581
9.25925925925926,-3.08481563546622
9.20373199661822,-3.43392423441837
9.1743119266055,-2.19288380804509
9.14031074875623,-3.6298606445443
9.09090909090909,-1.41511560672977
9.07732652521023,-3.28056705892474
9.01477631452492,-3.34177498196741
9.00900900900901,-2.21928421210857
8.9526571259964,-2.90976612182022
8.92857142857143,-3.27967809816372
8.89096598952916,-3.17640432541479
8.84955752212389,1.45217256340489
8.82969995549409,-3.4169666271904
8.7719298245614,-3.39620180448464
8.76885609458743,-3.52896996108826
8.70843149769072,-2.45462878903696
8.69565217391304,-3.50643692474356
8.64842327573172,-0.488481809436659
8.62068965517241,-2.06152080462406
8.58882855954625,-0.980043300528034
8.54700854700855,-3.12800646541894
8.52964449974102,-1.6707175714652
8.47457627118644,-2.47402207274869
8.47086826655741,-3.39821739603182
8.41249704973612,-3.21655079341429
8.40336134453781,-2.59122016377584
8.35452805838287,-1.749870454986
8.33333333333333,-1.57215705170783
8.29695852083491,-2.96852964439828
8.26446280991736,-1.71038323811465
8.23978568452852,-3.64633609131756
8.19672131147541,-2.85008579077511
8.18300681586739,-3.63346515855779
8.13008130081301,-2.16669282599436
8.12661920009195,-1.23703064281754
8.0706201411495,-1.02523094566531
8.06451612903226,-2.09008310392148
8.01500696156541,-3.38320741679693
8,-2.2408408587009
7.95977700231498,-3.55078616433245
7.93650793650794,-2.60164315736635
7.90492762269642,-2.8312280207963
7.8740157480315,-2.11775725952431
7.85045620020451,-2.31156913656177
7.8125,-3.631809912327
7.79636013040523,-2.9870960568797
7.75193798449612,-2.50775489427097
7.74263682681127,-2.85625699899934
7.69230769230769,-2.91679397766402
7.68928372075831,-3.40063054955344
7.63629826128224,-1.82622403462819
7.63358778625954,-1.91547197002297
7.58367791499719,-1.96951559017348
7.57575757575758,-3.38049024130192
7.53142016597437,-3.53416225591472
7.5187969924812,-2.26200151344814
7.47952251562182,-2.87652643886666
7.46268656716418,-2.75080261510665
7.42798248256492,-2.56813648232513
7.40740740740741,-2.32185691617628
7.37679760252773,-2.78465997022361
7.35294117647059,-0.990901617955084
7.32596542821523,-3.49197601319222
7.2992700729927,-3.52064240877523
7.27548352919623,-1.14647940450201
7.2463768115942,-3.1427593676007
7.22534949178722,-1.7949144174763
7.19424460431655,-3.2632392253699
7.17556091893693,-2.76375910188043
7.14285714285714,-2.47104600738883
7.12611543011175,-2.06703443253981
7.09219858156028,-2.83100734784592
7.07701066118189,-2.24838794980651
7.04225352112676,-2.20830927758605
7.02824426430835,-2.79690073740884
6.99300699300699,-0.794974494337235
6.97981390783066,-3.5331981794982
6.94444444444444,-0.788430460020275
6.93171727615541,-2.07531028411911
6.89655172413793,-3.12978293529614
6.8839520696455,-3.00646232362539
6.84931506849315,-3.19424681667031
6.83651600451024,-1.68523319574454
6.80272108843537,-1.45438897491139
6.78940681269611,-2.24512167754157
6.75675675675676,-2.52150887432414
6.74262224177834,-3.43369427850258
6.71140939597315,-2.29082439487594
6.69616005485322,-3.3043351656692
6.66666666666667,-2.84770588080373
6.65001803043112,-2.06641996661231
6.62251655629139,-3.49441221642108
6.6041939623303,-3.18513098526573
6.57894736842105,-2.23149482438815
6.55868565957143,-0.266314856484693
6.5359477124183,-3.15696683660785
6.5134909462728,-3.1663482792582
6.49350649350649,-1.68561593027909
6.46860766154633,-1.81559682644673
6.45161290322581,-3.12031408614446
6.42403365939419,-3.55513109949645
6.41025641025641,-3.50761527193218
6.37976680860628,-2.90455229828468
6.36942675159236,-0.63156566217945
6.33580499265825,-1.86836933425742
6.32911392405063,-1.92279230978319
6.29214610961034,-3.03474286187302
6.28930817610063,-2.31568953622085
6.25,-3.52881872248916
6.24878807200689,-3.62818693857251
6.2111801242236,0.36835820099778
6.2057288067765,-1.09694707508079
6.17283950617284,-1.61068444139657
6.16296625513294,-3.26853835930124
6.13496932515337,-3.28627528082221
6.1204983724767,-3.00842433675013
6.09756097560976,-3.0572146475538
6.07832312829723,-0.353000221489348
6.06060606060606,-3.57128595811859
6.03643850607587,-3.21047891453598
6.02409638554217,-1.40764893741636
5.99484250318941,-2.70700399706287
5.98802395209581,-3.09447120920801
5.95353313081437,-3.08246405818182
5.95238095238095,-2.77409176633086
5.91715976331361,-1.7283960170978
5.91250841383188,-2.66496654429992
5.88235294117647,-3.05947955565908
5.87176639073326,-2.26161385646061
5.84795321637427,-2.89156325693225
5.83130511352622,-2.25017028879112
5.81395348837209,-3.61963194010665
5.79112264764176,-1.83477028286311
5.78034682080925,-3.33527759763795
5.75121707184161,-1.84182246920828
5.74712643678161,1.97372535127865
5.71428571428571,-2.80516366088913
5.71158647812643,-2.22822818627365
5.68181818181818,-3.30848459999457
5.67222897164454,-1.8342927689343
5.64971751412429,-2.74449863887163
5.63314267060136,-2.90242116271871
5.61797752808989,-3.64867443666277
5.59432570616938,-3.14231575209224
5.58659217877095,-3.46791188581839
5.55577622239888,-2.01020150994749
5.55555555555556,-1.95815343435079
5.52486187845304,-3.17808762613485
5.51749237612913,-3.45964525215772
5.49450549450549,-3.59961015790092
5.47947233690029,-3.43966680959071
5.46448087431694,-1.64603552067008
5.44171428686589,-2.91715529927681
5.43478260869565,-3.22910473070989
5.40540540540541,-3.50216201272375
5.40421642070592,-3.62401884506586
5.37634408602151,-2.83077055578711
5.36697694554048,0.770107032079484
5.3475935828877,-3.50628338726313
5.32999408084409,-3.53344731966164
5.31914893617021,-2.77185097841304
5.29326605836056,-3.40670536130115
5.29100529100529,-1.71706361297255
5.26315789473684,-3.53114539065835
5.25679112201842,-3.47531115788713
5.23560209424084,-3.20029241564363
5.22056752784698,-2.95314304296196
5.20833333333333,-2.43659038423645
5.18459354389291,-3.65901419675456
5.18134715025907,-3.42694311675059
5.15463917525773,-2.761523967444
5.14886745013749,-3.126506013856
5.12820512820513,-2.90753895498595
5.11338753841433,-3.50089790426112
5.10204081632653,-2.77676181228959
5.07815211232767,-2.01140292470482
5.0761421319797,0.491823473237464
5.05050505050505,-3.46985992240574
5.04315948717136,-3.32501443562388
5.0251256281407,-2.68389675278599
5.00840798984821,-1.98556561514207
5,-3.39836753902083
4.97512437810945,-3.05878662858511
4.97389595879006,-1.05307107367666
4.95049504950495,-3.31069958146891
4.93962174387832,-2.89525943041955
4.92610837438424,-1.30140695015462
4.90558370636505,-2.52841279657469
4.90196078431372,-1.61740876611661
4.8780487804878,-3.40146800782427
4.87178021879463,-3.35308649555453
4.85436893203883,0.711373907020762
4.83820966492596,-0.524363975269305
4.83091787439613,-2.83678268996722
4.80769230769231,-3.55154422123065
4.80487043965513,-2.86912721767295
4.78468899521531,-2.52645216175962
4.77176094893875,-2.1243020001382
4.76190476190476,-3.45606927982986
4.739336492891,-3.53141570605051
4.73887960971765,-3.56639734717883
4.71698113207547,-3.04129669799643
4.70622484984128,-2.88182542523249
4.69483568075117,-3.02260805632384
4.67379510799246,-1.54752727038545
4.67289719626168,-1.47284215795586
4.65116279069767,-1.59537140030677
4.64158883361278,-3.6468327778228
4.62962962962963,-3.38000888267332
4.60960448682843,-3.55199122933559
4.60829493087558,-2.2845980821409
4.58715596330275,-0.293832560573615
4.57784053837662,-2.71369388520879
4.5662100456621,-3.14159137597691
4.5462954695324,-3.382181134399
4.54545454545455,-2.94715370486166
4.52488687782805,-3.33688429460998
4.5149677720361,-2.81047310269896
4.5045045045045,1.52908565930274
4.48430493273543,-1.91610470549055
4.48385594802119,-2.27881568772623
4.46428571428571,-2.24769537439443
4.45295850994265,-2.43277619170324
4.44444444444444,-2.08817901854207
4.42477876106195,-2.95473711942018
4.4222739805059,-3.41000051398297
4.40528634361233,-3.16087813784467
4.39180089259609,-3.55128345496204
4.3859649122807,-3.49155341821661
4.36681222707424,-3.45946498626646
4.361537789208,-3.38878077989905
4.34782608695652,-3.35842442537433
4.3314832233764,0.901532148178792
4.32900432900433,-2.97084693295669
4.31034482758621,-2.60636677273375
4.30163575810679,-2.44725115060269
4.29184549356223,-2.9229638420491
4.27350427350427,-2.90752882833329
4.27199396630678,-3.22552827959394
4.25531914893617,-1.40439862719638
4.24255643071778,-1.48799016751711
4.23728813559322,-2.98859394852489
4.21940928270042,-3.38241573697119
4.21332174384729,-3.19401910461324
4.20168067226891,-1.24272267566668
4.18428850790158,-1.70893654292051
4.18410041841004,-1.44797406554975
4.16666666666667,-3.42589484127616
4.15545533471888,-2.66851296961964
4.149377593361,-3.08831920644759
4.13223140495868,-3.33856678613666
4.12682084570295,-2.45056674742049
4.11522633744856,-2.47586432662329
4.09838367175726,-3.39902180691997
4.0983606557377,-3.39769497198916
4.08163265306122,-2.9058360117683
4.07014245321944,-3.44525146080071
4.0650406504065,-3.41815898148418
4.04858299595142,-3.4730730261762
4.04209583979631,-3.63307426295641
4.03225806451613,-2.17942563716179
4.01606425702811,-2.46821551523588
4.01424249049932,-2.73411810172449
4,-2.78387257014286
3.98658107358044,-2.93990537515053
3.98406374501992,-2.52266792244292
3.96825396825397,-2.62539469387725
3.95911026646846,-3.38654422625792
3.95256916996047,-3.45799491435373
3.93700787401575,-2.63449307069173
3.93182875570577,-2.92851514149144
3.92156862745098,-2.01532435419976
3.90625,-3.07062556100969
3.90473523688556,-2.40397625386749
3.89105058365759,-3.36292378718668
3.87782841458946,-1.87108018978311
3.87596899224806,-2.73870823606704
3.86100386100386,-3.16394386272834
3.85110700232557,-3.42497186735077
3.84615384615385,-3.02905930465333
3.83141762452107,-2.34038830697757
3.824569722467,-3.0207030742914
3.81679389312977,-0.235720712028164
3.80228136882129,-2.67694425928131
3.79821530619074,-2.32216960347896
3.78787878787879,-3.54874532253246
3.77358490566038,-2.58279368303475
3.772042493417,1.36680409606153
3.7593984962406,-3.39336831366388
3.74605003274899,-1.74625979616131
3.74531835205992,-2.23682286528502
3.73134328358209,-3.23677510053021
3.72023668141307,-0.343623159722919
3.71747211895911,-2.54434500376551
3.7037037037037,-2.87585561249436
3.6946012051993,-2.85028282549909
3.690036900369,-2.49066477651085
3.67647058823529,-3.1585420590968
3.66914237840249,-3.6567060865337
3.66300366300366,-0.690580123405605
3.64963503649635,-3.60777691896764
3.64385898376355,-0.339105083504744
3.63636363636364,-2.19104529303821
3.6231884057971,-3.0524386121951
3.61874981241128,-2.8677470379897
3.6101083032491,-1.96818229742554
3.59712230215827,-2.10578835285561
3.59381366380463,-3.55211562775726
3.584229390681,-2.31282562749261
3.57142857142857,-2.52944843230248
3.56904934567523,-2.08097565223765
3.55871886120996,-2.65240564517019
3.54609929078014,-2.77777578668538
3.54445567397043,-0.780710351664008
3.53356890459364,-3.17117772974289
3.52112676056338,-1.02461945561209
3.52003147279668,-3.19671252581086
3.50877192982456,-3.65983360961077
3.4965034965035,-2.79954377589585
3.49577557436328,-3.60449977551827
3.48432055749129,-3.02794682013781
3.47222222222222,-3.4241903107394
3.47168681892656,-3.11876507567468
3.46020761245675,-3.5977742688572
3.44827586206897,-3.23649267139423
3.44776405473446,-2.92852915199414
3.43642611683849,-3.03495820203311
3.42465753424658,-2.68891090509949
3.42400613797142,-0.801653395315934
3.41296928327645,-3.20832266156166
3.40136054421769,-3.4763076037576
3.40041193270371,-2.44116919687159
3.38983050847458,-2.91670579040008
3.37837837837838,-0.328293668875726
3.37698031082509,-2.53525852016552
3.36700336700337,-2.91992037670978
3.35570469798658,-2.147798523687
3.35371015200293,-2.65597661888516
3.34448160535117,0.37922374131917
3.33333333333333,-3.02826974905086
3.33060034362459,-3.20908256091023
3.32225913621262,-2.96693353497288
3.3112582781457,-0.872073700100326
3.30764978074424,-3.56515611183793
3.3003300330033,-3.25261698562521
3.28947368421053,-3.23849973375125
3.28485736603004,-3.18003891460789
3.27868852459016,-3.35363574191249
3.26797385620915,-3.45680061666404
3.26222200971167,-3.29394524908282
3.25732899022801,-2.18108398624922
3.24675324675325,-3.60501471840127
3.2397426295282,-3.65296043430915
3.23624595469256,-3.45818337748862
3.2258064516129,-1.66088152542049
3.21741815067637,-3.03252976938186
3.21543408360129,-2.87165739313586
3.20512820512821,-0.374981434286705
3.19524750575921,-1.66974737799877
3.19488817891374,-1.77525018843549
3.18471337579618,-2.32882621034225
3.17460317460317,-3.64664515590989
3.17322963473498,-2.87373724345791
3.16455696202532,-2.18353042429735
3.15457413249211,-1.84819964908486
3.15136348486648,-2.82786707856603
3.14465408805031,-2.41698369497048
3.13479623824451,-1.21469604893981
3.12964801067075,-1.81554304145798
3.125,-3.6498067656273
3.11526479750779,-3.53719817642358
3.10808217386906,-3.55948330457268
3.1055900621118,-2.84636676060272
3.09597523219814,-2.7652541230942
3.08666494333727,-3.00556784848909
3.08641975308642,-3.25682682529215
3.07692307692308,-2.60688722993252
3.06748466257669,-1.71153585863005
3.06539529505653,-3.43798204194565
3.05810397553517,-2.9840990133653
3.04878048780488,-3.51913482040576
3.0442722120643,-3.57381531615236
3.03951367781155,-2.96593487844889
3.03030303030303,-3.11425257730199
3.02329468440578,-3.12718014998991
3.02114803625378,-2.1920434233089
3.01204819277108,-2.63529953338736
3.003003003003,-3.10019714960263
3.00246170908555,-2.80851507485799
2.9940119760479,-3.24890164509811
2.98507462686567,-3.32664568368595
2.98177229001967,-3.2864119546288
2.97619047619048,-2.20505511084952
2.9673590504451,-3.60092828232153
2.96122543798803,-2.67164149554328
2.9585798816568,-3.6551013775696
2.94985250737463,-2.62501596067319
2.94117647058824,-1.63278968364282
2.94082017058706,-2.11351472607974
2.93255131964809,-3.2448258530366
2.92397660818713,-2.83600158097611
2.92055551218275,-2.95514674807584
2.91545189504373,2.57498987967491
2.90697674418605,-3.28791661476528
2.90043049386399,-3.42328230403912
2.89855072463768,-3.26708523989744
2.89017341040462,-2.9520644873955
2.88184438040346,-3.51671114766257
2.8804441533963,-3.20347613743716
2.8735632183908,-2.77652500715647
2.86532951289398,-2.74592603977909
2.86059553517574,-3.05036097851216
2.85714285714286,-3.39974703967958
2.84900284900285,-3.27401431745879
2.84090909090909,-3.04932832845996
2.8408836901833,-3.0982446994797
2.8328611898017,-3.47684026493671
2.82485875706215,-3.19874366197261
2.82130767593947,-3.15957972873913
2.8169014084507,0.390573354537044
2.80898876404494,-3.514536020503
2.8018665564592,-2.84940178292127
2.80112044817927,-2.93525953294523
2.79329608938547,-0.889025642823195
2.78551532033426,-3.65668014647279
2.78255940220712,-3.38031464802621
2.77777777777778,-2.89407253335115
2.77008310249307,-2.85302148662124
2.76338529005317,-3.5437852683715
2.76243093922652,-2.97661466394332
2.75482093663912,-1.20833895513833
2.74725274725275,-3.4877928457813
2.74434330322836,-3.33390981185898
2.73972602739726,-3.30484108448767
2.73224043715847,-1.26839674090551
2.72543253128103,-3.07183410448816
2.72479564032698,-0.960676352354009
2.71739130434783,-3.5155761540458
2.710027100271,-2.86764499970841
2.70665207003324,-3.55013737361905
2.7027027027027,-3.17733443642553
2.69541778975741,-3.14320377343445
2.68817204301075,-0.174337499840798
2.68800102153761,0.752946749576457
2.68096514745308,-2.25944600303905
2.67379679144385,-2.57184778295435
2.66947849403432,-2.42890482237551
2.66666666666667,1.52083421119976
2.65957446808511,-2.64035276129517
2.6525198938992,-3.12384580029289
2.65108360190854,-2.76861564546392
2.64550264550265,-2.65281459359012
2.63852242744063,-2.50187632406145
2.63281546564802,-0.835752778075441
2.63157894736842,-1.2621373208651
2.6246719160105,-3.40590465390836
2.61780104712042,-3.49179264672618
2.61467321180109,-3.14191809166821
2.61096605744125,-3.31874332155958
2.60416666666667,-2.34126333738534
2.5974025974026,-3.46505725983168
2.59665597293487,-2.48892556775224
2.59067357512953,-3.31863383168514
2.58397932816537,-3.34251076950492
2.5787628875938,-3.58048021556645
2.57731958762887,-3.19048973625494
2.5706940874036,-3.43911227328258
2.56410256410256,-1.23143527524307
2.56099310025846,-3.54356145221972
2.55754475703325,-2.50195807761856
2.55102040816327,0.0324918274784709
2.54452926208651,-2.91220688383192
2.54334576130465,-2.8220416657695
2.53807106598985,-2.97551851027695
2.53164556962025,-2.99116204948369
2.52582002696278,-3.33860483057792
2.52525252525253,-3.60606048145867
2.51889168765743,-3.36060987536201
2.51256281407035,-3.45936062145962
2.50841505927754,-1.24649229741236
2.5062656641604,-3.1998426577209
2.5,-3.2015728653986
2.49376558603491,-2.61421648110361
2.49113002606779,0.318614359673878
2.48756218905473,-2.67282342839386
2.48138957816377,-1.89239930709563
2.47524752475248,-2.98185958197892
2.47396410088681,-3.07626787302693
2.46913580246914,-3.29579562426913
2.46305418719212,-3.58933407017603
2.45700245700246,-1.40200435235321
2.45691646298279,-1.03010976642012
2.45098039215686,-3.51775171229353
2.44498777506112,-3.65684538980819
2.43998629725955,-3.6097491667429
2.4390243902439,-3.28831862367359
2.4330900243309,-2.95452134628065
2.42718446601942,-3.27755089952124
2.4231727942376,-3.44045505445412
2.42130750605327,-3.61545762838632
2.41545893719807,-2.44309634802577
2.40963855421687,-3.01863494521761
2.40647515001542,0.253150150195968
2.40384615384615,-1.42443001694375
2.39808153477218,-3.20314519455529
2.39234449760766,-2.93557937535912
2.38989256623105,-3.13128602612614
2.38663484486874,-2.63971662976943
2.38095238095238,-1.25655362875407
2.37529691211401,-3.33509867598103
2.37342425002387,-3.33268454763926
2.3696682464455,-3.33739079794416
2.36406619385343,-3.14091056792075
2.35849056603774,-2.58188567895582
2.35706941399673,-3.58501541130048
2.35294117647059,-3.27154095466927
2.34741784037559,-3.51878191952643
2.34192037470726,-2.73665170798626
2.34082727617829,-2.94261047431125
2.33644859813084,0.390743048702793
2.33100233100233,-1.1152554653113
2.32558139534884,-3.40117805932239
2.32469705998565,-3.14774449695981
2.32018561484919,-2.51825693476881
2.31481481481481,-3.34808511019973
2.3094688221709,-2.35930011256566
2.30867799418717,-1.61159706347608
2.30414746543779,-3.16884385002082
2.29885057471264,-2.2086214720927
2.29357798165138,-1.86854313154144
2.29276931286565,-2.83969935323737
2.2883295194508,-2.27635161679374
2.28310502283105,-2.86259578254622
2.27790432801822,-2.92768167759861
2.27697025538168,-2.66497654505998
2.27272727272727,-3.64635521753264
2.26757369614512,-3.40372567033095
2.26244343891403,-3.35881433212391
2.26128006633728,-2.39320500127833
2.25733634311512,-2.40574034055369
2.25225225225225,-2.5887017842909
2.24719101123596,-3.02995418572537
2.24569799553977,-3.46559692468891
2.24215246636771,-3.06208552360014
2.23713646532438,-2.67507619360343
2.23214285714286,-2.98680767755296
2.23022329796594,-3.63658054921511
2.2271714922049,-1.34776032528911
2.22222222222222,-3.07829865768387
2.21729490022173,-2.49360673652275
2.21485523372636,-2.05674353116539
2.21238938053097,-2.78948946551479
2.2075055187638,-2.86282935908705
2.20264317180617,-2.14651473165731
2.19959306803007,-2.47638606425495
2.1978021978022,-2.70768728727712
2.19298245614035,-2.47317952905622
2.18818380743982,-3.60527282107362
2.18443607114943,-1.06380813126553
2.18340611353712,-2.34561367041017
2.17864923747277,-2.44458369940453
2.17391304347826,-1.54350229136601
2.16938351838518,-3.60545138833505
2.16919739696312,-3.53536416727151
2.16450216450216,-2.93158051848927
2.15982721382289,-3.05835706329186
2.1551724137931,-3.46461868531371
2.15443469003188,-2.18447376174025
2.1505376344086,-2.81694589294225
2.14592274678112,-3.5295708004479
2.14132762312634,-3.07827307781418
2.13958887134342,-3.1332371255505
2.13675213675214,-0.299803631562621
2.13219616204691,-3.45772256280348
2.12765957446809,-2.59940843430952
2.12484535249888,-3.57323299823859
2.12314225053079,-2.37312356339067
2.11864406779661,-3.49281918120273
2.11416490486258,-2.28254439602564
2.1102034285686,-3.37750007404689
2.10970464135021,-3.34317281882333
2.10526315789474,-3.51620222174518
2.10084033613445,-2.92327812410958
2.09643605870021,-0.834547076199878
2.09566239948043,-2.21014812040631
2.09205020920502,-3.50197734583157
2.08768267223382,-1.10697886220599
2.08333333333333,-3.3121425848836
2.08122156998634,-1.34368548599805
2.07900207900208,-2.95389566721392
2.0746887966805,-3.56812595503772
2.0703933747412,-3.50684840034473
2.06688024962908,-3.00216918163799
2.06611570247934,-2.37665666089328
2.06185567010309,-1.92167557991551
2.05761316872428,-3.35055389501833
2.05338809034908,-2.03134962725154
2.05263775270925,-2.81548872198992
2.04918032786885,-2.73292977020098
2.04498977505112,-3.09238002955272
2.04081632653061,-3.5283119880773
2.03849339825246,-3.58722152235738
2.03665987780041,-3.62028234917993
2.03252032520325,-2.36125389599676
2.02839756592292,-3.32481576565852
2.0244465099768,-1.77683582550464
2.02429149797571,-1.40464658070736
2.02020202020202,-2.65263054877742
2.01612903225806,-3.06341486905365
2.01207243460765,-3.24418877782598
2.0104964162605,-2.4123175503759
2.00803212851406,-2.10808290804892
2.00400801603206,-3.16390771991989
2,-3.55469697247257
1.99664245010979,-3.36344270983393
1.99600798403194,-3.08413629191231
1.99203187250996,-2.92398844175748
1.98807157057654,-3.64486103842024
1.98412698412698,-2.77850907821148
1.98288394912707,-3.4566851511217
1.98019801980198,-3.48465012331099
1.97628458498024,-3.40414965491793
1.9723865877712,-2.65983258391754
1.96922025547917,-3.35380935049663
1.96850393700787,-2.88555090745681
1.96463654223969,-2.67499284371949
1.96078431372549,-3.36882753628951
1.95694716242661,-3.27080857772632
1.95565071586595,-2.78108218262296
1.953125,-3.27735367642107
1.94931773879142,-1.84317549156627
1.94552529182879,-3.36961562213757
1.94217468148903,-2.55468767298673
1.94174757281553,-1.14248096083194
1.93798449612403,-3.56156745503982
1.93423597678917,-3.39015695846065
1.93050193050193,-3.09602303645708
1.92879150802078,-3.43832584396615
1.92678227360308,-3.27186758014697
1.92307692307692,-3.15129745777447
1.91938579654511,-1.39530105167777
1.91570881226054,-3.38985519510826
1.91550055557353,-3.65404140829177
1.91204588910134,-2.5248019290061
1.90839694656489,-1.25786865949687
1.9047619047619,-3.5828159323829
1.90230118866894,-2.9538674346035
1.90114068441065,-3.45982548695413
1.89753320683112,-2.21356968803918
1.89393939393939,-3.50405446588733
1.89035916824197,-2.84120992533145
1.88919277620767,-3.62253926504929
1.88679245283019,-1.50320413641434
1.88323917137476,-3.46530457423129
1.8796992481203,0.87950036049249
1.87617469143912,-2.183542719674
1.87617260787992,-2.19125932882879
1.87265917602996,-3.39439709157711
1.86915887850467,-3.62593798699025
1.86567164179104,-3.61773542073213
1.86324631193156,-3.2235160867339
1.86219739292365,-2.67540086753318
1.85873605947955,-2.32768254869209
1.85528756957328,-2.79929891831081
1.85185185185185,-2.36879322730682
1.8504070195423,-3.28959201242163
1.84842883548983,-1.72353786768052
1.8450184501845,-2.42894781720586
1.84162062615101,-3.59550921339224
1.83823529411765,-1.34598333401997
1.83765620038817,-3.4459317243655
1.8348623853211,-3.16311475230487
1.83150183150183,-3.62151972125811
1.82815356489945,-1.64473585595841
1.82499324481615,-2.70917307950684
1.82481751824817,-3.0661595228159
1.82149362477231,-2.12630978373228
1.81818181818182,-3.20821860371573
1.81488203266788,-2.89335878702651
1.81241754737424,-2.96723771097948
1.81159420289855,-3.59998829110533
1.80831826401447,-2.87107451884337
1.80505415162455,-3.28769224216925
1.8018018018018,-2.7546452618012
1.79992850678248,-0.642713484086367
1.79856115107914,-2.84404008385031
1.79533213644524,-2.77698841000339
1.7921146953405,-2.51044141706871
1.78890876565295,-3.558167934747
1.78752552590424,-2.44636858436489
1.78571428571429,-3.53197867172035
1.7825311942959,-3.22056554774106
1.77935943060498,-3.15704476409381
1.77619893428064,-3.32942450039531
1.77520801171763,-3.27889078720458
1.77304964539007,-2.7207629739026
1.76991150442478,-3.46771422114737
1.76678445229682,-3.0416950389568
1.7636684303351,-1.57141972018011
1.76297537528721,-3.65456766324136
1.76056338028169,-3.35651534215055
1.75746924428822,-2.27172749509604
1.75438596491228,-3.16889156682877
1.75131348511384,-2.26019442471955
1.75082703173572,-3.31448116781352
1.74825174825175,-0.277557513127316
1.74520069808028,-2.34720691117316
1.74216027874564,-2.87319256176751
1.73913043478261,-3.56873278282689
1.73876240021625,-3.18251664194038
1.73611111111111,-1.40184844102741
1.73310225303293,-3.40485326017118
1.73010380622837,-1.73657268102947
1.72711571675302,-3.14994687463736
1.72678090388436,-3.61324311336817
1.72413793103448,-2.20923889092277
1.72117039586919,-3.55031501555812
1.71821305841924,-2.87045963985683
1.71526586620926,-3.56883685082489
1.71488196987054,-2.58156180737249
1.71232876712329,-2.96138820280323
1.70940170940171,-0.863909281196679
1.70648464163823,-3.56127404743391
1.70357751277683,-3.44043227758324
1.70306502925284,-3.12056690374917
1.70068027210884,-3.46744004158482
1.69779286926995,-1.17201915632547
1.69491525423729,-2.74891708788727
1.69204737732657,-3.60848658922823
1.69132951702965,-2.87311548765852
1.68918918918919,-3.52482219968895
1.68634064080944,-2.97931956015749
1.68350168350168,-3.36852850875634
1.68067226890756,-0.601629071084896
1.67967487209265,-3.19283031765597
1.67785234899329,-1.66408293535245
1.6750418760469,0.103768753806311
1.67224080267559,-2.15982076507971
1.669449081803,-2.25149721330392
1.66810053720006,-1.43056170854968
1.66666666666667,-3.00191978547404
1.66389351081531,-3.05308054187538
1.66112956810631,-1.07575590718265
1.65837479270315,-3.20651432917291
1.65660595894991,-3.55272699646816
1.65562913907285,-2.66911524633106
1.65289256198347,-3.08874699911051
1.65016501650165,-3.31216425060448
1.64744645799012,-2.72142009563079
1.64519058775366,-3.17492528972708
1.64473684210526,-0.727923761289143
1.64203612479475,-3.43288016144903
1.63934426229508,-2.14496215520121
1.6366612111293,-3.13148413068766
1.63398692810458,-3.40296921765106
1.63385387780986,-2.01000045196683
1.63132137030995,-3.39465719584937
1.62866449511401,-2.62816043040179
1.6260162601626,-3.56448906386712
1.62337662337662,-3.39058889787007
1.62259528707809,-3.50746051047313
1.62074554294976,-3.37543946255139
1.61812297734628,-2.94046999041948
1.61550888529887,-3.50356116045192
1.61290322580645,-2.44374859720279
1.61141427725302,-0.908442493208422
1.61030595813205,-3.09965973365642
1.60771704180064,-3.60147839826304
1.60513643659711,-2.24523943785116
1.6025641025641,-2.70995364515711
1.6003103137387,-3.20456588326227
1.6,2.66094960515163
1.59744408945687,-2.01787677678869
1.59489633173844,-0.647991233469479
1.59235668789809,-0.104365882886394
1.58982511923688,-3.49581741557788
1.58928286562298,-2.67855078194223
1.58730158730159,-2.79315794114116
1.58478605388273,-2.65600398144421
1.58227848101266,-3.25009685042861
1.57977883096367,-2.86485533487483
1.57833140565212,-2.05015093929158
1.57728706624606,-0.0726016555970643
1.5748031496063,-2.08724695350245
1.57232704402516,-3.04696573049024
1.56985871271586,-0.743395263624147
1.5674554102056,-3.59231043286537
1.56739811912226,-3.38756341382971
1.56494522691706,-2.8223006031704
1.5625,-3.26977677412084
1.5600624024961,-3.65109219462739
1.55763239875389,-3.04711293886647
1.55665435927106,-2.47529966183084
1.5552099533437,-2.53323991442921
1.5527950310559,-3.21153682496874
1.55038759689922,-2.76043876053235
1.54798761609907,-1.65324378635513
1.54592773641948,-2.72579142446768
1.54559505409583,-2.68793589063936
1.54320987654321,-3.24821795263262
1.54083204930663,-3.08103089563535
1.53846153846154,-2.42904833035332
1.53609831029186,-2.60593407398009
1.53527502878042,-1.50645164538967
1.53374233128834,-2.85885141662153
1.53139356814701,-3.53857869297145
1.52905198776758,-2.47242814618967
1.52671755725191,-2.59134529580568
1.52469572701757,-2.31893194127594
1.52439024390244,-3.32115860692106
1.5220700152207,-1.41124491368795
1.51975683890577,-2.10443098298581
1.51745068285281,-2.61644457654843
1.51515151515152,-1.10726878321555
1.51418932530435,-2.60550849368802
1.51285930408472,-1.1001203922148
1.51057401812689,-3.17167769809343
1.50829562594268,-2.5256979419852
1.50602409638554,-2.78248679083661
1.50375939849624,-2.9294740806326
1.50375532129974,-2.95841224709441
1.5015015015015,-2.49829477018515
1.49925037481259,-1.67409391293209
1.49700598802395,-3.57920879276703
1.49476831091181,-3.20369117970038
1.49339321612425,-1.52256785683728
1.49253731343284,-3.23019318876193
1.4903129657228,-3.6211569238623
1.48809523809524,-3.53537113434124
1.48588410104012,-2.57612790382994
1.48367952522255,-2.22279867841517
1.4831025143361,-2.1639605834742
1.48148148148148,-3.40113920591399
1.4792899408284,-3.26285156434791
1.47710487444609,-1.98286520595841
1.47492625368732,-3.0619924471071
1.4728827239075,-2.86405342313936
1.47275405007364,-3.13258322694208
1.47058823529412,-3.56093093102431
1.46842878120411,-1.61351783579569
1.46627565982405,-1.25778525108047
1.46412884333821,-0.959965927335428
1.46273335620113,-2.18562603670842
1.46198830409357,1.56675465522814
1.45985401459854,-3.0783925640104
1.45772594752187,-2.70173783439882
1.45560407569141,-1.89433905642549
1.45348837209302,0.624918077372674
1.45265392594678,-3.02940297725204
1.45137880986938,-2.43119003573032
1.44927536231884,0.349486572584159
1.44717800289436,-3.41069888567996
1.44508670520231,-3.65012565782755
1.44300144300144,-1.90805156003345
1.44264395121816,-1.13587635183721
1.44092219020173,-3.62101609202683
1.43884892086331,-1.97401756897967
1.4367816091954,-3.32928092587086
1.43472022955524,-3.52733701428165
1.43270295340983,-2.82596282155684
1.43266475644699,-2.9944711186808
1.43061516452074,-2.59778339115298
1.42857142857143,-0.759413755650608
1.4265335235378,0.260552495723762
1.42450142450142,-1.52710774119141
1.42283045721435,-1.04143589468763
1.42247510668563,-3.59362931043874
1.42045454545455,-0.77083836659197
1.41843971631206,-1.53616196176859
1.41643059490085,-3.04826374605498
1.41442715700141,-0.722990887163841
1.41302599059953,-1.79557323038518
1.41242937853107,-1.51753847925111
1.41043723554302,-3.12478737695262
1.40845070422535,-2.96976403879374
1.40646976090014,-3.36920801709727
1.40449438202247,-3.20517327212472
1.40328908478587,-1.94444433817368
1.40252454417952,-3.15792219675769
1.40056022408964,-3.26058772179668
1.3986013986014,-3.38467980774878
1.39664804469274,-1.84165154051656
1.39470013947001,-3.14463930491562
1.39361927422414,-1.9787622207681
1.39275766016713,-3.21016378454076
1.39082058414465,-1.54532674742868
1.38888888888889,-3.51741861420158
1.3869625520111,-3.14387713796701
1.38504155124654,-3.28579954220772
1.38401609657313,-1.54091859886285
1.38312586445367,-1.54493575143426
1.38121546961326,-3.19281500924888
1.37931034482759,-3.08283452135729
1.37741046831956,-3.60422653287686
1.37551581843191,-1.1334428339786
1.37447909267754,-2.9272360441475
1.37362637362637,-3.17534646017561
1.37174211248285,-3.31364834349203
1.36986301369863,-1.986060231681
1.36798905608755,-3.43285124205523
1.36612021857923,-3.56328150745191
1.36500780654601,-0.0352329303076813
1.36425648021828,-2.94500552420437
1.36239782016349,-3.38814661596744
1.36054421768707,-1.02337085504775
1.35869565217391,-3.59113078935938
1.35685210312076,-3.13624851422251
1.35560178532937,0.885428809586576
1.3550135501355,1.51109248215115
1.3531799729364,-3.46990656952392
1.35135135135135,-3.10781039334934
1.34952766531714,-3.08381413661338
1.34770889487871,-2.02623443854084
1.34626057929891,-2.89594321775599
1.34589502018843,-2.51520398033754
1.34408602150538,-2.30228949664443
1.34228187919463,-1.2257621775628
1.34048257372654,-3.6178014162606
1.33868808567604,-2.55650235899058
1.33698374182495,-2.79757572194911
1.33689839572193,-3.22025809213472
1.33511348464619,-3.08781977548385
1.33333333333333,-3.34080533980001
1.33155792276964,-2.51861575127223
1.32978723404255,-3.52751337174045
1.32802124833997,-2.71592957760411
1.32777082935543,-2.51839503069855
1.3262599469496,-2.24520894927387
1.32450331125828,-2.04319764674149
1.32275132275132,-3.31695314099612
1.32100396301189,-2.96942481152133
1.31926121372032,-3.3959870918952
1.31862140139475,-3.03043995890131
1.31752305665349,-3.58292065150202
1.31578947368421,-3.37131515018212
1.31406044678055,-1.2357057406139
1.31233595800525,-0.0502964553942418
1.31061598951507,-2.94098797584102
1.30953502048267,-0.808697335668863
1.30890052356021,1.56637082577435
1.30718954248366,-0.192223203101473
1.30548302872063,-2.7230688743176
1.30378096479791,-1.72103495950177
1.30208333333333,-2.33415693884792
1.30051125217341,-1.10112061007832
1.30039011703511,-3.26222117896962
1.2987012987013,-2.73644044332392
1.2970168612192,-2.53518387562606
1.29533678756477,-3.56381316510631
1.29366106080207,-2.58457256395298
1.29198966408269,-2.82686093774354
1.29154966501488,-2.89879821254253
1.29032258064516,-3.51877861787708
1.28865979381443,-2.43538927956196
1.28700128700129,-2.76943205853787
1.2853470437018,2.3170852317994
1.28369704749679,-2.96283376648169
1.28264983052806,-3.50038946839573
1.28205128205128,-2.57961126861674
1.28040973111396,-3.52854393939939
1.27877237851662,-2.20512956056741
1.27713920817369,-2.56791173428864
1.27551020408163,-3.06113330609063
1.27388535031847,-0.288725431531939
1.27381132318648,-1.43194990031274
1.27226463104326,-2.53215492873518
1.27064803049555,-2.07616508226469
1.26903553299492,-3.13030821531002
1.26742712294043,-3.51161038537723
1.26582278481013,-3.29586781992462
1.2650337203959,-3.42731271136453
1.26422250316056,-0.0618945857632225
1.26262626262626,-3.19747452859432
1.26103404791929,-1.85205564097852
1.25944584382872,-1.23469215056785
1.25786163522013,-3.39921937590442
1.25631660247412,-1.37833724500656
1.25628140703518,-0.909680475701246
1.25470514429109,0.304065265606899
1.2531328320802,-3.02202341525504
1.25156445556946,-2.37348336739613
1.25,-3.1655530589126
1.24843945068664,-3.21628454892534
1.24765955263087,-0.613115466887602
1.24688279301746,-3.39108099060901
1.2453300124533,0.71561996363774
1.24378109452736,-1.22640738902232
1.24223602484472,-3.58086775561652
1.24069478908189,-2.93311839780879
1.23915737298637,-3.48135977161733
1.23906215694792,-3.44782196451127
1.23762376237624,-1.98475939730356
1.23609394313968,-3.62665106225206
1.23456790123457,-3.59095495456334
1.23304562268804,-2.15941990460591
1.23152709359606,-2.38950301445233
1.23052400435926,-3.30434791728278
1.230012300123,-3.40617830229909
1.22850122850123,-2.59003842258665
1.22699386503067,-3.25300966252281
1.22549019607843,-2.79604115806422
1.22399020807834,-3.64565306935649
1.22249388753056,-3.54473614990656
1.22204468663149,-3.2041424801546
1.22100122100122,-2.82885032245157
1.21951219512195,-2.62656820832531
1.21802679658952,-3.4912353841109
1.21654501216545,-3.17684424517897
1.21506682867558,-2.45678631922119
1.21362379834424,-3.63879077965894
1.21359223300971,-3.56917885480898
1.21212121212121,-1.78806704130197
1.21065375302663,-0.435033569870295
1.20918984280532,-3.19139213659927
1.20772946859903,-3.1410867427222
1.20627261761158,-2.16309835035052
1.20526093687084,-2.60954516821188
1.20481927710843,-3.21620553169223
1.20336943441637,-0.618488324157009
1.20192307692308,-2.82307648878064
1.20048019207683,-2.35024665693227
1.19904076738609,-1.92302202393914
1.19760479041916,-3.57310585914622
1.19695570235904,-0.503890791466868
1.19617224880383,-3.50260628938563
1.194743130227,-2.2335863659711
1.19331742243437,-2.33392558453361
1.19189511323004,-1.30800131871539
1.19047619047619,-2.90979961414051
1.18906064209275,-2.24757044849549
1.1887076977119,-0.899743719703291
1.18764845605701,-1.84669735200328
1.18623962040332,-1.10812280778175
1.18483412322275,-3.57190789383501
1.18343195266272,-1.91014295529861
1.18203309692671,-1.60623429628422
1.18063754427391,-3.38657359536135
1.18051652856881,-3.57386609355894
1.17924528301887,0.64304705998767
1.17785630153121,-3.59446725573634
1.17647058823529,-2.84594554771921
1.17508813160987,-3.5656008964889
1.17370892018779,-1.60614543168988
1.1723818032866,-2.0864785523622
1.17233294255569,-1.44189412941226
1.17096018735363,-2.66754670248083
1.16959064327485,-2.17283160223975
1.16822429906542,-0.865324754109831
1.16686114352392,0.257419212883595
1.16550116550117,-3.12714151798586
1.16430313292088,-2.92349023570976
1.16414435389988,-0.941573658426971
1.16279069767442,-1.52844435883115
1.16144018583043,-3.35270593734391
1.16009280742459,-3.37318966563843
1.15874855156431,-2.92295502896617
1.15740740740741,-1.30501554606134
1.15628013120738,-1.76769932449308
1.15606936416185,-0.732160875730567
1.15473441108545,-3.59246018076588
1.15340253748558,-0.95104847505463
1.15207373271889,-3.44256769410832
1.15074798619102,-2.8691135415557
1.14942528735632,-3.49958406124098
1.14831241454351,-2.71888985627718
1.14810562571757,-2.82878256036569
1.14678899082569,-1.90359762517034
1.1454753722795,-3.00148821066601
1.1441647597254,-2.5319998250621
1.14285714285714,-2.78339117122145
1.14155251141553,-3.10218449068223
1.14039960197003,-1.72514870897528
1.14025085518814,-1.63018913975857
1.13895216400911,-3.5235548522093
1.13765642775882,-2.45090147737421
1.13636363636364,-1.85466265471028
1.13507377979569,-3.45979082627285
1.13378684807256,-2.22448820794126
1.13254131515281,-1.5831294913378
1.13250283125708,-1.77608639375493
1.13122171945701,-2.16151750843646
1.12994350282486,-3.65244478402983
1.12866817155756,-3.62031783598415
1.12739571589628,-1.93811745217165
1.12612612612613,-3.06462939115353
1.12485939257593,-2.7598536338461
1.12473717836475,-3.39861829432275
1.12359550561798,0.436320812194528
1.12233445566779,-3.01641136222248
1.12107623318386,-3.27105429191958
1.11982082866741,-3.41812556726627
1.11856823266219,-3.55178815797835
1.11731843575419,-1.64426450736765
1.11698681846782,-3.38627870328345
1.11607142857143,-2.99122667375031
1.11482720178372,-3.13249020606029
1.11358574610245,-3.48463764088636
1.11234705228031,-2.72893664080375
1.11111111111111,-3.01826319700255
1.10987791342952,-2.73616433495412
1.10928986489522,-1.5120512298405
1.10864745011086,-1.53395159588716
1.10741971207087,-3.23663642744976
1.10619469026549,-0.90621791996035
1.10497237569061,-3.10781777070023
1.1037527593819,0.134006331689098
1.10253583241455,1.31863276069855
1.10164594963366,-2.59570843908689
1.10132158590308,-3.39293502956537
1.1001100110011,-2.78606904629383
1.0989010989011,-3.62206376477179
1.09769484083425,-3.07597058661544
1.09649122807018,-3.53560424616456
1.09529025191676,-0.645877349252809
1.09409190371991,-3.16794668834545
1.09405470720574,-3.26415407650561
1.09289617486339,-2.00905820193831
1.09170305676856,-1.16059171019669
1.09051254089422,-3.38738808749225
1.08932461873638,-2.49146716633707
1.08813928182807,-2.69309479215839
1.08695652173913,-0.499327465293173
1.08651577465254,-1.20610331979726
1.085776330076,-3.47323121941595
1.08459869848156,-3.48865276317086
1.08342361863489,-3.62118832927352
1.08225108225108,-2.70041053480137
1.08108108108108,-2.49982015827934
1.07991360691145,-2.83453253497343
1.07902879151618,-3.58848045031344
1.07874865156419,-3.21810220761032
1.07758620689655,-2.06009262893159
1.07642626480086,-2.73792689567362
1.0752688172043,-1.37710099751255
1.07411385606874,-3.64575427367408
1.07296137339056,-3.39005216777046
1.07181136120043,0.614562295334612
1.07159339982267,-3.43071516625265
1.07066381156317,-0.306304932939848
1.06951871657754,-3.03853423469549
1.06837606837607,0.107957830312547
1.06723585912487,-1.74709198018358
1.06609808102345,-3.37449668915688
1.06496272630458,-3.00151563287265
1.06420924406472,-2.28625281190069
1.06382978723404,-2.7072336634426
1.06269925611052,-1.4399169144696
1.06157112526539,-3.06961707286676
1.06044538706257,-1.17914280743583
1.0593220338983,-0.947404263556176
1.05820105820106,-3.04027988754175
1.05708245243129,-3.5447468548398
1.0568759711848,-3.43231238799798
1.05596620908131,-2.77044577848205
1.05485232067511,-2.85823903309402
1.05374077976818,-2.44044211266181
1.05263157894737,-3.29717903500859
1.0515247108307,-3.40137805375097
1.05042016806723,-3.00089808206426
1.04959323055823,-3.52295336267424
1.04931794333683,-0.87958071507786
1.0482180293501,-3.3662379859444
1.04712041884817,-2.92289571472541
1.04602510460251,-1.08304300564124
1.04493207941484,-3.36633813670771
1.04384133611691,-3.64701549774311
1.04275286757039,-2.5281918803836
1.0423606739764,-3.22179187569203
1.04166666666667,2.48242510163947
1.04058272632674,-1.64455100466217
1.03950103950104,-3.13413817683267
1.03842159916926,-0.967897589279526
1.03734439834025,-2.37530839334037
1.03626943005181,-2.36308623330283
1.0351966873706,-3.47538963058526
1.03517795563018,-3.03570892162851
1.03412616339193,-3.04509789607131
1.03305785123967,-2.71666868893648
1.03199174406605,-3.08992663471632
1.03092783505155,-3.14872220609602
1.02986611740474,-3.27372475757864
1.02880658436214,-3.11068199189593
1.02804473209331,-3.46226902234259
1.02774922918808,-1.80676172790607
1.02669404517454,-2.78972727530292
1.02564102564103,-3.21629454158728
1.02459016393443,-3.00972912842509
1.02354145342886,-3.06014722257289
1.02249488752556,-2.80098010057351
1.02145045965271,-2.86287824369448
1.02096066230605,-3.0846553514808
1.02040816326531,-3.31555820560031
1.01936799184506,-3.48264896574313
1.0183299389002,-3.4628777405146
1.01729399796541,-3.39048790898708
1.01626016260163,-2.40494231884339
1.01522842639594,-2.08383895196082
1.01419878296146,-3.08865591654246
1.01392540755882,-3.6145736260732
1.01317122593718,-3.26471252544648
1.01214574898785,-3.33098902585312
1.01112234580384,-2.22132712040085
1.01010101010101,-2.58554090171215
1.00908173562059,-2.53416079909952
1.00806451612903,-2.3243439427993
1.00704934541793,0.202582612331203
1.00693863147603,-3.21938984354936
1.00603621730382,-1.30956615246587
1.00502512562814,-3.39054971367245
1.00401606425703,-2.86531256683112
1.00300902708124,0.395080581351256
1.00200400801603,-2.95466176597928
1.001001001001,-3.09362000993827
1,2.11252210974901
