"data...1.","bfp_output.res"
12220.1056599999,15.6619432138076
12235.9666670002,25.6388300004539
12237.9032180002,37.5229969990611
12238.908171,45.8646188392383
12243.0026850002,22.1747726142163
12307.8585649999,21.8536927217875
12334.8146870001,9.74881791377018
12536.1309139999,-73.0817303375522
12537.0906480001,-72.9667728643521
12538.048924,-60.9897460895616
12573.0651850002,9.67196678891812
12574.0020829998,0.355604042760303
12575.0051270002,19.9468303595704
12601.0029279999,97.4840863564593
12602.0445829998,78.7877661705793
12651.8701849999,48.8084883227461
12711.7517590001,-61.5303208033194
12712.8089470002,-16.4414260548299
12925.044514,-54.8096765904856
13071.8259140002,-13.6260377244518
13303.018044,111.594109182479
13338.8544100001,-74.1657891728654
13340.104572,-40.6030437693119
13368.8945829999,-21.8192310024527
13747.010278,-45.4408024745859
15111.0354980002,10.2224452520482
15440.1281369999,-35.8124416854834
15523.043414,-53.9600810247905
15994.8675230001,-64.9637014601654
16165.1266089999,22.3926745958228
16585.1541550001,8.91683891724789
16588.0586689999,69.5568785374033
16639.9026270001,-54.5233924455171
16909.1497450001,4.73229582360618
17291.1480089999,31.5598421829522
17294.147072,0.783456779436278
17652.1447220002,33.6039665812515
17765.862338,-5.2658290925346
18029.1550810002,22.2521807243657
