"data...1.","bfp_output.res"
12220.1056599999,34.0010527607092
12235.9666670002,11.297687863419
12237.9032180002,22.5895390819915
12238.908171,33.9763350708363
12243.0026850002,14.4265301519235
12307.8585649999,0.286058980190319
12334.8146870001,21.1034689279222
12536.1309139999,-5.76535007279927
12537.0906480001,-9.44476974622648
12538.048924,-15.524155663099
12573.0651850002,5.99013281871976
12574.0020829998,-0.458608553066369
12575.0051270002,21.2776994948281
12601.0029279999,97.0548833983821
12602.0445829998,55.4770310768909
12651.8701849999,25.0671976814065
12711.7517590001,-41.3857711463588
12712.8089470002,-0.730549970840912
12925.044514,-22.048077220159
13071.8259140002,-31.0476429997252
13303.018044,108.699547008606
13338.8544100001,-105.961821160445
13340.104572,-80.3348685780138
13368.8945829999,-81.0200247072244
13747.010278,-107.292721674718
15111.0354980002,35.2710785452628
15440.1281369999,29.0449523096886
15523.043414,-80.0318438219092
15994.8675230001,-152.453711927963
16165.1266089999,78.6200362496766
16585.1541550001,47.7605266267092
16588.0586689999,86.1364455450239
16639.9026270001,-127.523401458689
16909.1497450001,40.4261566619343
17291.1480089999,73.0560899710199
17294.147072,30.5500563133774
17652.1447220002,64.986737000545
17765.862338,-103.877893329798
18029.1550810002,26.837874300244
