"bfp_output.P","bfp_output.logBF"
1000,0.881679993752347
993.109181374979,1.25837761568657
986.265846131283,1.48413805397037
979.46966706954,1.56148266345501
972.720319245055,1.51698656576217
966.017479952265,1.39030844127239
959.360828709315,1.22065639723447
952.75004724273,1.03646551840648
946.184819472201,0.850615023665644
939.66483149547,0.660652089205787
933.189771573324,0.452675638458421
926.759330114689,0.207769540552495
920.373199661823,-0.0902549998857678
914.031074875623,-0.447894969754155
907.732652521023,-0.858392707436773
901.477631452492,-1.3030948754088
895.26571259964,-1.75672512233832
889.096598952916,-2.19361201965897
882.969995549409,-2.59210705521185
876.885609458743,-2.93620350855069
870.843149769073,-3.21509451418886
864.842327573172,-3.42218019358175
858.882855954625,-3.55489877237211
852.964449974103,-3.61590377039455
847.086826655741,-3.61461660430178
841.249704973612,-3.56689790574397
835.452805838287,-3.49137928299087
829.695852083491,-3.40408057371094
823.978568452852,-3.31485893457095
818.300681586739,-3.22752844919556
812.661920009195,-3.14269904590652
807.06201411495,-3.06162029177802
801.500696156541,-2.99006349813065
795.977700231499,-2.94123255782788
790.492762269642,-2.93456730794245
785.045620020451,-2.98580460687146
779.636013040523,-3.09139218681006
774.263682681127,-3.22462760763285
768.928372075831,-3.35233611975597
763.629826128224,-3.45327104290505
758.367791499719,-3.52155753464144
753.142016597437,-3.56039149229825
747.952251562182,-3.57578879074871
742.798248256492,-3.57341951663572
737.679760252773,-3.557642378429
732.596542821523,-3.53154069912456
727.548352919623,-3.49736878387584
722.534949178721,-3.45711248768965
717.556091893692,-3.41267220820491
712.611543011175,-3.36558974839526
707.701066118189,-3.31723678606231
702.824426430835,-3.2696703168168
697.981390783066,-3.22657952312543
693.17172761554,-3.19413428216042
688.39520696455,-3.18138991156381
683.651600451024,-3.19894050211873
678.940681269611,-3.25391718889166
674.262224177835,-3.34205530690754
669.616005485322,-3.44423632764043
665.001803043112,-3.53513169859634
660.419396233031,-3.59736405352823
655.868565957143,-3.62727295599687
651.349094627281,-3.63080695302799
646.860766154633,-3.61739256396735
642.40336593942,-3.59622583890565
637.976680860628,-3.57461172258904
633.580499265825,-3.5570921487341
629.214610961035,-3.54511597221987
624.878807200689,-3.53752494885237
620.57288067765,-3.5316302968839
616.296625513294,-3.52425534619065
612.04983724767,-3.51249498206708
607.832312829723,-3.49436693385366
603.643850607587,-3.4692958344513
599.484250318941,-3.43795726551864
595.353313081437,-3.40127841810222
591.250841383188,-3.35911851963724
587.176639073326,-3.30955309289113
583.130511352622,-3.2498510059754
579.112264764176,-3.1801730866765
575.121707184161,-3.10861824020942
571.158647812643,-3.05179249377017
567.222897164454,-3.0280272107956
563.314267060136,-3.05027649748065
559.432570616938,-3.12346895340472
555.577622239888,-3.24145213137767
551.749237612913,-3.38088234710234
547.947233690029,-3.50043705916748
544.171428686589,-3.55622499825103
540.421642070592,-3.52592069832319
536.697694554048,-3.41924131496595
532.999408084409,-3.2697870712475
529.326605836056,-3.12108233423107
525.679112201842,-3.01035608475932
522.056752784698,-2.94759992061055
518.459354389291,-2.90609712200172
514.886745013749,-2.8421674851808
511.338753841433,-2.72588325919754
507.815211232767,-2.55863259653158
504.315948717136,-2.37895852274148
500.840798984821,-2.25427559155882
500,-2.23981690386271
497.389595879006,-2.24279021260058
493.962174387832,-2.34815377350709
490.558370636505,-2.52431387476166
487.178021879463,-2.7210004480775
483.820966492595,-2.91163532202615
480.487043965513,-3.09024112159734
477.176094893875,-3.25630783017554
473.887960971765,-3.40421679569543
470.622484984128,-3.524497847435
467.379510799247,-3.608937240374
464.158883361278,-3.64990597049195
460.960448682844,-3.63862830064816
457.784053837662,-3.57033860447607
454.62954695324,-3.45289117462731
451.49677720361,-3.30564882995356
448.385594802119,-3.14751180935984
445.295850994266,-2.98954686899215
442.22739805059,-2.83836576115409
439.180089259609,-2.7012161073316
436.153778920801,-2.58490669125949
433.14832233764,-2.49410700292536
430.16357581068,-2.43929869891111
427.199396630678,-2.44494646485107
424.255643071778,-2.53914574784893
421.332174384729,-2.73045357194764
418.428850790158,-2.99779630493141
415.545533471888,-3.2968607679429
412.682084570296,-3.55523835819572
409.838367175726,-3.65631415145817
407.014245321944,-3.50187532272742
404.209583979631,-3.16272299980009
401.424249049932,-2.81588145388211
398.658107358044,-2.54447873812831
395.911026646846,-2.33555469105267
393.182875570577,-2.15356797701245
390.473523688556,-1.96033902615055
387.782841458946,-1.69994258153413
385.110700232557,-1.28825797144831
382.4569722467,-0.611779475359621
379.821530619074,0.399844026817324
377.2042493417,1.41653185892612
374.605003274899,1.58870844165675
372.023668141307,0.867383171989322
369.46012051993,-0.0824936013486122
366.914237840249,-1.00873207783836
364.385898376355,-1.71214721239736
361.874981241128,-1.4991787742549
359.381366380463,-0.247514724656479
356.904934567523,1.07328655145408
354.445567397043,1.6181191698701
352.003147279668,0.80011213135946
349.577557436327,-0.932919481070296
347.168681892656,-1.9244088777972
344.776405473446,-1.67230468138244
342.400613797142,-1.05059107593835
340.041193270371,-0.894351757463265
337.698031082509,-1.25082676843744
335.371015200293,-1.452368691973
333.333333333333,-1.08953134108618
333.060034362459,-1.00319616824496
330.764978074424,-0.141260547876167
328.485736603004,0.275020612607155
326.222200971167,-0.528567111281073
323.97426295282,-1.98067394339044
321.741815067637,-2.85664880895787
319.524750575921,-2.76210958161998
317.322963473498,-1.7334599664946
315.136348486648,0.0430519545876864
312.964801067075,1.7315760336616
310.808217386907,2.15292268761916
308.666494333727,1.06094257370991
306.539529505653,-0.802862089082207
304.42722120643,-2.4382444844861
302.329468440578,-3.11750226680835
300.246170908555,-2.5273048195108
298.177229001967,-0.810192088150795
296.122543798804,1.196964074117
294.082017058706,2.4772164670808
292.055551218275,2.67357132464069
290.043049386399,1.75127259359512
288.04441533963,-0.0835354610833958
286.059553517574,-1.94480661583257
284.08836901833,-2.53220408528453
282.130767593947,-1.24625216802046
280.18665564592,0.807606549515488
278.255940220713,2.04090121193314
276.338529005317,1.80453285467364
274.434330322837,0.278536600433587
272.543253128103,-1.75047761503425
270.665207003324,-3.06492440647015
268.800102153761,-2.80878355283444
266.947849403432,-1.23688533810052
265.108360190854,0.686406850573907
263.281546564802,1.86327365347221
261.467321180109,1.34420652247464
259.665597293487,-0.875091999357191
257.87628875938,-2.90237042031988
256.099310025846,-3.43488369870793
254.334576130465,-3.07401510276797
252.582002696278,-2.15007510900251
250.841505927754,-0.876971195992762
250,-0.394005895336117
249.113002606779,-0.150314225041579
247.396410088681,-0.873049798758255
245.691646298279,-2.24576271335546
243.998629725955,-2.57833597430364
242.31727942376,-2.57193510823499
240.647515001542,-2.97438403172124
238.989256623105,-3.42565898244122
237.342425002387,-3.56354994250254
235.706941399673,-3.24066689696478
234.082727617829,-2.85812723965104
232.469705998565,-3.0185340565827
230.867799418717,-3.4215494446618
229.276931286565,-3.63923411278979
227.697025538168,-2.9283597566406
226.128006633728,-0.719641449302155
224.569799553977,1.73439422970155
223.022329796594,2.38018748845072
221.485523372636,1.54873824838864
219.959306803008,-0.470426540614265
218.443607114943,-2.95119670753952
216.938351838519,-3.47077242603496
215.443469003188,-1.85627322549059
213.958887134342,-0.193584085898048
212.484535249888,0.55906522252504
211.02034285686,-0.169621103490196
209.566239948043,-1.82456929340445
208.122156998634,-2.97688686938171
206.688024962908,-3.28796547199719
205.263775270925,-3.0917967106714
203.849339825246,-2.99953108553738
202.44465099768,-3.34590028274489
201.04964162605,-3.63152153938482
200,-3.64879973875712
199.664245010979,-3.62940230866904
198.288394912707,-3.44372094440204
196.922025547917,-3.29662420181021
195.565071586595,-3.3849133845289
194.217468148903,-3.34092966549324
192.879150802078,-3.32357299402799
191.550055557353,-3.52556607894705
190.230118866895,-3.63629359702456
188.919277620767,-3.56692762343031
187.617469143912,-2.90166949980637
186.324631193156,-2.11192583004834
185.04070195423,-2.52196710863539
183.765620038817,-3.04453524367592
182.499324481615,-3.35378081992739
181.241754737424,-3.48287276348951
179.992850678248,-3.13132548676763
178.752552590424,-2.68949573313857
177.520801171764,-2.89372824516566
176.297537528721,-3.47059633253469
175.082703173572,-3.6082788734851
173.876240021625,-2.96331254334869
172.678090388436,-2.09218526160644
171.488196987054,-2.42692870121131
170.306502925284,-3.31168598255827
169.132951702965,-3.63055527901669
167.967487209265,-2.72378874116832
166.810053720006,-1.33359202045174
166.666666666667,-1.26042653966932
165.660595894991,-1.5167144542555
164.519058775366,-2.31461424557854
163.385387780986,-2.01506729066845
162.259528707809,-1.26259674831312
161.141427725302,-2.40554329473444
160.03103137387,-3.47540792296653
158.928286562298,-2.8557408964365
157.833140565212,-1.30554329254543
156.745541020559,-0.803037164496867
155.665435927106,-2.6361855848833
154.592773641948,-3.56443601451788
153.527502878042,-2.69474470748154
152.469572701757,-2.02853073747444
151.418932530435,-2.84840433872277
150.375532129974,-3.32223723541427
149.339321612425,-2.49319488220278
148.310251433611,-2.6803439561787
147.28827239075,-3.48240065986193
146.273335620113,-3.43007353454778
145.265392594678,-2.87916955834246
144.264395121816,-3.01761315959588
143.270295340983,-2.51594198411272
142.857142857143,-1.8067912629766
142.283045721435,-0.507083374395829
141.302599059953,-0.146059678714646
140.328908478587,-2.86582209050412
139.361927422414,-1.41802954389849
138.401609657313,3.70433610984056
137.53370369527,6.55963044380393
136.500780654601,0.0573521584705547
135.560178532937,-3.35028946218243
134.626057929891,1.00481113238225
133.698374182495,5.70871450348465
132.777082935543,0.784645884958896
131.862140139475,-2.32973164297565
130.953502048267,-2.34700083924796
130.051125217341,-3.32562345064785
129.154966501488,-3.52707518182516
128.264983052806,-2.10241648324763
127.381132318648,-1.33966137233885
126.50337203959,-1.47693202496053
125.631660247412,-2.47119877688182
125,-2.84736475074315
124.765955263087,-3.06664764436949
123.906215694792,-3.56148905156946
123.052400435926,-3.29342955270006
122.204468663149,-3.35776460471656
121.362379834424,-3.27389984082249
120.526093687084,-2.70205692232393
119.695570235904,-2.77227490295639
118.87076977119,-3.63495313156194
118.051652856881,-3.47317411881071
117.23818032866,-3.50926588198375
116.430313292088,-3.49734417835001
115.628013120738,-2.8322438817856
114.831241454351,-2.67007685277279
114.039960197003,-2.69808363338167
113.254131515281,-2.68599447246411
112.473717836475,-3.38772848718046
111.698681846782,-3.14425030505144
111.111111111111,-2.48240733910317
110.928986489522,-2.49902257026359
110.164594963366,-3.30656601833654
109.405470720574,-3.59026688771147
108.651577465254,-3.19690082318528
107.902879151618,-1.51938524255724
107.159339982267,-1.08291665532208
106.420924406472,-2.69294918519484
105.68759711848,-2.75587303094916
104.959323055823,0.0566019626989105
104.23606739764,0.271640991642205
103.517795563018,-2.55763644151348
102.804473209331,-3.33875354951003
102.096066230605,-0.308690343975552
101.392540755882,0.867423974853655
100.693863147603,-2.41959381017999
100,-1.83913245213453
100,-1.83913245213445
99.310918137498,-1.85732409941032
98.6265846131283,-2.91759047499071
97.946966706954,-1.87023474089973
97.2720319245054,-2.49969416674859
96.6017479952265,-3.12085939174356
95.9360828709315,-3.40569723015586
95.2750047242729,-3.62442283289077
94.61848194722,-3.50212290003169
93.966483149547,-3.16172422034712
93.3189771573324,-2.86612322747664
92.6759330114688,-3.65841737985901
92.0373199661823,-2.09548500973922
91.4031074875623,-1.94279892191691
90.9090909090909,-3.54683369436135
90.7732652521023,-3.50371030702352
90.1477631452492,-2.95988746409143
89.526571259964,-3.47326559877332
88.9096598952916,-0.965357004351072
88.2969995549409,-0.212575069416554
87.6885609458743,-2.59050272031798
87.0843149769073,-0.694705668339348
86.4842327573172,-1.16011442480858
85.8882855954625,-3.48814839447455
85.2964449974102,-1.31764867441408
84.7086826655741,-3.23352310197766
84.1249704973612,-2.29182600589244
83.5452805838287,-2.9532336109119
83.3333333333333,-3.44573443425063
82.9695852083491,-2.19129786761051
82.3978568452852,0.108572459154677
81.8300681586739,-2.6682238536904
81.2661920009194,-1.58355651254997
80.706201411495,-2.31605928177045
80.150069615654,-3.66052538175152
79.5977700231498,-3.64117063596593
79.0492762269642,-3.32911035191871
78.5045620020451,-3.65322457018628
77.9636013040523,-3.03855445233391
77.4263682681127,-3.17014660498544
76.9230769230769,-1.94596543537294
76.8928372075831,-1.83849774986869
76.3629826128224,-3.34056466881246
75.8367791499719,-3.44326777622326
75.3142016597437,-3.2125502502683
74.7952251562182,-3.00306981328053
74.2798248256491,-2.68291599746275
73.7679760252773,-3.58785119406083
73.2596542821523,-1.14665706107264
72.7548352919623,-2.96392292571765
72.2534949178722,-3.30642010718362
71.7556091893693,-3.40763420690193
71.4285714285714,0.232079727561332
71.2611543011175,1.3876081021911
70.7701066118189,0.0607233932361924
70.2824426430835,-1.47237689733641
69.7981390783066,-1.6671927779392
69.3171727615541,-3.43296287102678
68.839520696455,-3.25966047104041
68.3651600451024,-3.11032182851256
67.8940681269611,-2.48232854027553
67.4262224177834,-2.70537699000225
66.9616005485322,-2.14716438685765
66.6666666666667,-0.837298520778442
66.5001803043112,-1.22164463392469
66.0419396233031,-0.984285585583545
65.5868565957143,-3.5947781862847
65.134909462728,0.658853891552686
64.6860766154633,-3.0644383038519
64.2403365939419,-2.09914647555636
63.7976680860628,-2.66067473254382
63.3580499265825,1.06676769511224
62.9214610961034,-3.57612309690135
62.5,-1.80371206121687
62.4878807200689,-1.82245933397938
62.057288067765,-3.22862526287546
61.6296625513294,-3.55315115080237
61.204983724767,-2.44475703770889
60.7832312829723,-3.52873189727527
60.3643850607587,-3.2340729146676
59.9484250318941,-3.40906380908423
59.5353313081437,-3.20580393962929
59.1250841383188,-1.78716090314311
58.8235294117647,-3.51058006777118
58.7176639073326,-3.34242494338987
58.3130511352622,-3.51621793564915
57.9112264764176,-3.31042571588604
57.5121707184161,-3.59465652510884
57.1158647812643,-2.27645873846908
56.7222897164454,-3.1390328951068
56.3314267060136,-1.39019786647391
55.9432570616938,-1.4761731981993
55.5577622239888,-2.42410500832069
55.5555555555556,-2.42547377910288
55.1749237612912,-0.992764133572545
54.7947233690029,-2.20881528105856
54.4171428686589,-1.8166343821618
54.0421642070592,-2.15536401716049
53.6697694554048,-3.66318404989958
53.2999408084409,-3.33566300935608
52.9326605836056,-2.20733842388683
52.6315789473684,-2.00681485998241
52.5679112201842,-2.2171288809006
52.2056752784698,-1.80918118332705
51.8459354389291,-3.52631980430798
51.488674501375,-3.46676325902329
51.1338753841433,-2.35616064719839
50.7815211232767,-1.97999724155421
50.4315948717136,1.40342085142466
50.0840798984821,-3.10036972002744
50,-1.71111143027472
49.7389595879007,-3.19831239748303
49.3962174387832,-1.09130826021511
49.0558370636505,-1.9797204171178
48.7178021879463,-1.76486316712136
48.3820966492596,-3.57103979989922
48.0487043965513,0.549209231084622
47.7176094893875,-3.56031391313349
47.6190476190476,-2.682121110012
47.3887960971765,-1.86108580315713
47.0622484984128,-3.57132393098781
46.7379510799246,-3.53032644433439
46.4158883361278,-1.68677928112298
46.0960448682843,-1.53838820622537
45.7784053837662,-2.97585153072749
45.462954695324,-3.30821857095743
45.4545454545455,-3.38798050923351
45.149677720361,-0.0303421393969172
44.8385594802119,-3.42000071492229
44.5295850994266,-3.02249620322835
44.222739805059,5.62769140585097
43.9180089259609,-1.50888997255164
43.6153778920801,-2.4309454217434
43.4782608695652,-1.51247866650483
43.314832233764,-3.59432031028713
43.016357581068,-3.43824085279446
42.7199396630678,-3.29217642331418
42.4255643071778,-2.34856992864219
42.1332174384729,-3.05954175706331
41.8428850790158,0.491282462418941
41.6666666666667,-2.75550433604469
41.5545533471888,-1.00674299939275
41.2682084570295,-2.26580314141135
40.9838367175726,-3.04498037930029
40.7014245321944,-1.60847796019665
40.4209583979631,-3.56883688862761
40.1424249049932,-2.81617510151188
40,-3.38681704239111
39.8658107358044,-3.37070174356004
39.5911026646846,-3.63690853014235
39.3182875570577,-2.62067471454325
39.0473523688556,-2.95400092885411
38.7782841458946,-3.48935397493015
38.5110700232557,-1.65889524755284
38.4615384615385,-0.471661668906971
38.24569722467,-3.22855333601153
37.9821530619073,-0.472833298321272
37.72042493417,-3.23790847975259
37.4605003274899,2.67217861163598
37.2023668141307,-2.22866499965321
37.037037037037,-2.39853403371684
36.946012051993,-3.21807177895028
36.6914237840249,-3.19868280617068
36.4385898376355,-2.91856099124241
36.1874981241128,-3.33407526540266
35.9381366380463,-3.14652152992742
35.7142857142857,-3.21632627533382
35.6904934567523,-3.07989848222298
35.4445567397043,-2.54741953142838
35.2003147279668,-3.26608466026088
34.9577557436328,-3.45146402252085
34.7168681892656,-3.0686121453542
34.4827586206897,-3.13576456507685
34.4776405473446,-3.13992649783197
34.2400613797142,-0.405339449335865
34.0041193270371,-0.604212076152559
33.7698031082509,-1.16767180157394
33.5371015200293,-1.63230934236874
33.3333333333333,-1.192001488965
33.3060034362459,-0.216013606649066
33.0764978074424,0.0915677977830187
32.8485736603004,-1.69436862696848
32.6222200971167,-1.14876631362325
32.397426295282,0.56467164561001
32.258064516129,-3.09969405490225
32.1741815067637,-1.01667003812151
31.9524750575921,-3.42180032352366
31.7322963473498,-2.87664392793779
31.5136348486648,-3.60164730111306
31.2964801067075,-3.48185979224153
31.25,-3.44707934036769
31.0808217386906,-3.50611849392539
30.8666494333727,-3.19227336327891
30.6539529505653,-3.1006748222194
30.442722120643,-0.1002309280674
30.3030303030303,-1.81836039644058
30.2329468440578,-0.526221937434324
30.0246170908555,-3.14911554798469
29.8177229001967,-1.60670743467657
29.6122543798804,-3.50581281753598
29.4117647058824,-3.48630184721578
29.4082017058706,-3.45784061100984
29.2055551218275,-3.32512300481001
29.0043049386399,-0.567598419742846
28.804441533963,-2.01100522549965
28.6059553517574,-2.115315293856
28.5714285714286,-3.6095033977392
28.408836901833,-3.60452281122987
28.2130767593947,-3.29293382944034
28.018665564592,-3.13843379934304
27.8255940220712,-2.45617050402465
27.7777777777778,-3.21969875689124
27.6338529005317,-3.34280965035127
27.4434330322836,-2.34614935150027
27.2543253128103,-2.42612001408657
27.0665207003324,-0.681934383211721
27.027027027027,-1.99883957223038
26.8800102153761,-2.90461075213831
26.6947849403432,-1.13290938370629
26.5108360190854,-0.659286768155719
26.3281546564802,-3.29538100643269
26.3157894736842,-3.08522375016825
26.1467321180109,-3.62737187219291
25.9665597293487,-2.55547578666629
25.787628875938,-2.8349123057204
25.6410256410256,-2.70536674577486
25.6099310025846,-2.72768644292101
25.4334576130465,-2.82870106324539
25.2582002696278,-2.78343917751065
25.0841505927754,0.243271594195297
25,-1.26061169912698
24.9113002606779,-1.88539422716392
24.7396410088681,-2.7013658750691
24.5691646298279,-3.07695734910414
24.3998629725955,-2.13714703828567
24.390243902439,-2.77705458355909
24.231727942376,-3.06149816399003
24.0647515001542,-1.8320372229458
23.8989256623105,-3.39026656166557
23.8095238095238,-2.60871679719026
23.7342425002387,-3.48403433984167
23.5706941399673,-3.65547973012162
23.4082727617829,-2.10003824639686
23.2558139534884,-3.60820373283165
23.2469705998565,-3.62790002009707
23.0867799418717,-3.41265580687517
22.9276931286565,-3.44560235681082
22.7697025538168,-1.59469106442797
22.7272727272727,-2.65448710813545
22.6128006633728,-2.42793120670968
22.4569799553977,-2.45483223140389
22.3022329796594,-2.15251080806483
22.2222222222222,-3.03183731013497
22.1485523372636,0.0369816871056132
21.9959306803007,-0.925660794888624
21.8443607114943,-1.22342883470607
21.7391304347826,-2.80793077929384
21.6938351838518,-3.07082175472011
21.5443469003188,-3.32488328366731
21.3958887134342,-2.46128632981957
21.2765957446809,-0.50691322621419
21.2484535249888,-2.67904277247392
21.102034285686,-3.6253674673489
20.9566239948043,-2.4361332332197
20.8333333333333,2.68456798527915
20.8122156998634,-2.7607536303946
20.6688024962908,-2.23148997873347
20.5263775270925,-3.23965532485
20.4081632653061,-2.28981196576641
20.3849339825246,-1.67848886783328
20.244465099768,-2.96471036153705
20.104964162605,-0.16699157025145
20,-3.20471367086445
19.9664245010979,-2.61374746371269
19.8288394912707,-3.15809242887958
19.6922025547917,-2.71125654275341
19.6078431372549,-3.35690400110375
19.5565071586595,-2.96871659037545
19.4217468148903,-3.46628994109958
19.2879150802078,-1.60864612510066
19.2307692307692,-0.283906300786763
19.1550055557353,0.639642138567145
19.0230118866894,-3.64737410462801
18.8919277620767,-3.50624325681091
18.8679245283019,-2.67124736029596
18.7617469143912,-3.08296165253393
18.6324631193156,-1.09222932861526
18.5185185185185,-3.5008658989215
18.504070195423,-3.1386369805276
18.3765620038817,-1.03308746367041
18.2499324481615,-3.52174185318436
18.1818181818182,-1.77787626238061
18.1241754737424,-3.0340435026123
17.9992850678248,-3.37611982685648
17.8752552590424,-3.64462739363601
17.8571428571429,-1.98126771087034
17.7520801171764,-3.55035274946813
17.6297537528721,1.66309348501359
17.5438596491228,-1.99419240434987
17.5082703173572,-2.41076558113182
17.3876240021625,-3.2967041349009
17.2678090388436,-3.34636396707595
17.2413793103448,-2.839517867146
17.1488196987054,-3.26858467246525
17.0306502925284,-2.951404255311
16.9491525423729,-2.381670984318
16.9132951702965,-3.55176451605187
16.7967487209265,-3.4956554599742
16.6810053720006,-0.528708965525776
16.6666666666667,-3.31497270430411
16.5660595894991,-2.03375292246134
16.4519058775366,-2.90960300082822
16.3934426229508,-1.958562589924
16.3385387780986,-3.08280079307864
16.2259528707809,-1.32378630382628
16.1290322580645,-0.622000688297002
16.1141427725302,-1.61087768664948
16.003103137387,-3.04015260162141
15.8928286562298,-1.41080401269734
15.8730158730159,-1.76880725715683
15.7833140565212,-3.04176600195846
15.674554102056,-2.51506776034411
15.625,-1.93501658076327
15.5665435927106,-2.42274666197103
15.4592773641948,-3.10861824607197
15.3846153846154,-0.520899782000764
15.3527502878042,-3.04592458948666
15.2469572701757,-3.49176525144942
15.1515151515152,-2.98669227305514
15.1418932530435,-3.07600267645803
15.0375532129974,-3.16843297962735
14.9339321612425,-1.93044701920855
14.9253731343284,-1.93860991251581
14.831025143361,-1.97673142771385
14.728827239075,-3.49591730286321
14.7058823529412,-3.35478810504572
14.6273335620113,-1.33734822644858
14.5265392594678,-2.94276176043088
14.4927536231884,-0.931889815510639
14.4264395121816,-2.81528501238803
14.3270295340983,-1.88854016228457
14.2857142857143,-3.21120176246599
14.2283045721435,-3.09950991466458
14.1302599059953,-0.943133852622291
14.0845070422535,-0.959599971981542
14.0328908478587,0.475053805130178
13.9361927422414,-2.36937214628521
13.8888888888889,-3.30670722901588
13.8401609657313,-1.79260293059393
13.7447909267754,-2.97925413749494
13.6986301369863,-3.64384298765763
13.6500780654601,-0.363193884386656
13.5560178532937,-2.41183702783401
13.5135135135135,-2.88609574341781
13.4626057929891,-3.44615333888849
13.3698374182495,-2.9326144512009
13.3333333333333,0.829684233454761
13.2777082935543,-0.827912561253224
13.1862140139475,-2.29214337404717
13.1578947368421,-2.23833723588019
13.0953502048267,-2.85525473132544
13.0051125217341,-2.75537839287024
12.987012987013,-3.59706205491154
12.9154966501488,-3.40508530569822
12.8264983052806,-1.60085183164183
12.8205128205128,0.167229889252146
12.7381132318648,-2.75491184858573
12.6582278481013,-2.94829770120004
12.650337203959,-0.711772045874009
12.5631660247412,-3.18411313156072
12.5,-1.56564609169036
12.4765955263087,-2.54531209792001
12.3906215694792,-2.58413496001846
12.3456790123457,-3.30186895099775
12.3052400435926,-3.66167882244461
12.2204468663149,0.69058156361199
12.1951219512195,0.30864132754066
12.1362379834424,-2.42600412222468
12.0526093687084,-2.82161443544571
12.0481927710843,-3.36165606895322
11.9695570235904,1.81470089433357
11.9047619047619,-2.58271128332153
11.887076977119,-1.19715691880402
11.8051652856881,-2.9264330214617
11.7647058823529,-3.39719184340602
11.723818032866,-2.33384229197214
11.6430313292088,0.341216223039557
11.6279069767442,-3.52189118656339
11.5628013120738,-3.09974228974634
11.4942528735632,-2.93521919804418
11.4831241454351,-2.79219103730703
11.4039960197003,-3.34289550665447
11.3636363636364,-2.51350152241947
11.3254131515281,-2.43427927570768
11.2473717836475,-2.24936010558774
11.2359550561798,-3.48922347642276
11.1698681846782,-3.4089604593427
11.1111111111111,-0.651465460775522
11.0928986489522,-2.67155751831116
11.0164594963366,-2.21132741782814
10.989010989011,-1.71520534896386
10.9405470720574,-2.85466436712728
10.8695652173913,-1.10826301162042
10.8651577465254,-0.152790505219779
10.7902879151618,-2.79268087447904
10.752688172043,-3.23293812447961
10.7159339982267,-3.073224821322
10.6420924406472,0.754283887888694
10.6382978723404,0.689600974928642
10.568759711848,-1.73407992457571
10.5263157894737,-3.6196904252577
10.4959323055823,-2.8252195255592
10.423606739764,-3.04105221130025
10.4166666666667,-3.50278469317551
10.3517795563018,-2.23963050896223
10.3092783505155,-3.49166438281118
10.2804473209331,-3.34977167745547
10.2096066230605,-3.02605002287229
10.2040816326531,-3.60246602612578
10.1392540755882,-0.301122680082424
10.1010101010101,-2.41522130365807
10.0693863147603,-3.13904253501139
10,-3.24200959613953
10,-3.24200959613973
9.9310918137498,-2.56005335727137
9.9009900990099,-1.3247989443749
9.86265846131282,-0.894457882353275
9.80392156862745,-3.5186687874628
9.79469667069539,-0.521290187984486
9.72720319245054,-3.36729459759776
9.70873786407767,-3.59780387859139
9.66017479952265,-3.08785399904427
9.61538461538461,-2.26292579659396
9.59360828709314,-1.987157691754
9.52750047242729,-2.33147970773195
9.52380952380952,-2.70065832119307
9.461848194722,-3.15466296095239
9.43396226415094,-2.17822708393821
9.39664831495469,-2.515099681926
9.34579439252336,-3.03559801921117
9.33189771573324,-1.65226124001971
9.26759330114688,-1.71739992422816
9.25925925925926,-2.12522956915098
9.20373199661822,-3.62992565016695
9.1743119266055,-3.17124821581354
9.14031074875623,-3.55419763727125
9.09090909090909,-3.31335640453598
9.07732652521023,-2.94777453712443
9.01477631452492,-3.04011331826019
9.00900900900901,-3.16034086270862
8.9526571259964,-1.03533199609209
8.92857142857143,-1.6364798286245
8.89096598952916,-2.51499879799097
8.84955752212389,0.540325518789719
8.82969995549409,-3.35132282195486
8.7719298245614,-2.76995578398815
8.76885609458743,-2.90374839069137
8.70843149769072,-3.52454062254715
8.69565217391304,-3.05079923597081
8.64842327573172,2.23590164460025
8.62068965517241,0.25209953101619
8.58882855954625,-2.97928963066083
8.54700854700855,-1.04147356530869
8.52964449974102,-2.29866596938951
8.47457627118644,-1.7595411040284
8.47086826655741,-1.86737345254376
8.41249704973612,-3.41161535831757
8.40336134453781,-2.07315164955413
8.35452805838287,-2.08966660826949
8.33333333333333,-1.74876675576025
8.29695852083491,-3.39770772539203
8.26446280991736,-0.965411089314936
8.23978568452852,-2.64085243138656
8.19672131147541,-3.5796753168472
8.18300681586739,-2.84987844661618
8.13008130081301,-2.64081229851068
8.12661920009195,-2.68416784258231
8.0706201411495,-1.12082083454082
8.06451612903226,-2.93188910146604
8.01500696156541,-3.33857253627856
8,-3.21855949737569
7.95977700231498,-3.54644251395247
7.93650793650794,-1.8030662884568
7.90492762269642,-0.692691087599978
7.8740157480315,-3.11891872575124
7.85045620020451,-3.46090212904654
7.8125,-3.50628850001244
7.79636013040523,-2.01915205992357
7.75193798449612,-3.56937829852431
7.74263682681127,-3.31903584155294
7.69230769230769,-3.40266275484908
7.68928372075831,-3.66352943263827
7.63629826128224,-2.92152841981395
7.63358778625954,-2.76451394747134
7.58367791499719,-3.65675227272483
7.57575757575758,-3.5154632606643
7.53142016597437,-1.58663038874398
7.5187969924812,-2.35669912860662
7.47952251562182,-3.27606336830474
7.46268656716418,-2.07293176784303
7.42798248256492,-2.53846036863053
7.40740740740741,-1.46178953230453
7.37679760252773,-3.49808378893196
7.35294117647059,-0.882312832942556
7.32596542821523,-3.35450625090136
7.2992700729927,-2.3552466346815
7.27548352919623,-2.9862986891256
7.2463768115942,-3.01679748548194
7.22534949178722,-3.60190324634525
7.19424460431655,-0.572475299090892
7.17556091893693,-3.20431666911294
7.14285714285714,-3.64299052825221
7.12611543011175,-2.4811454306109
7.09219858156028,-2.27667673060703
7.07701066118189,-3.22535350520756
7.04225352112676,-0.748376369768304
7.02824426430835,-3.23919995913446
6.99300699300699,0.445193252478835
6.97981390783066,-3.36333866073387
6.94444444444444,-1.59355531543839
6.93171727615541,-3.64412771404674
6.89655172413793,-1.83371681664714
6.8839520696455,-3.13616725104564
6.84931506849315,-2.15092868230608
6.83651600451024,-1.63014043512022
6.80272108843537,-3.41166841487388
6.78940681269611,-1.90283912759606
6.75675675675676,-3.38091716865308
6.74262224177834,-2.55011903854251
6.71140939597315,-2.88318102257464
6.69616005485322,-2.91140032423742
6.66666666666667,-3.51497525012145
6.65001803043112,-3.27869478504818
6.62251655629139,-3.58241412381347
6.6041939623303,-2.9310964653517
6.57894736842105,-3.46609484821816
6.55868565957143,-1.03362422659863
6.5359477124183,-3.30975653472215
6.5134909462728,-3.38505029131953
6.49350649350649,-1.06942980285656
6.46860766154633,-2.27791825788877
6.45161290322581,-3.12069569071464
6.42403365939419,-3.27258041961154
6.41025641025641,-2.24235622589394
6.37976680860628,-1.61674015949232
6.36942675159236,-2.93781666664533
6.33580499265825,-2.32351769489157
6.32911392405063,-2.53242649402155
6.29214610961034,-3.05537372860995
6.28930817610063,-3.54794768026847
6.25,-3.15102605760667
6.24878807200689,-3.34404515885391
6.2111801242236,-1.63330153087669
6.2057288067765,-3.37699068349438
6.17283950617284,-2.82349503801283
6.16296625513294,-2.10320181333831
6.13496932515337,-2.00630273761738
6.1204983724767,1.21203411824407
6.09756097560976,-2.81617531153757
6.07832312829723,-1.82329539365481
6.06060606060606,-2.24422529655571
6.03643850607587,-3.49368646056864
6.02409638554217,-3.18064933427031
5.99484250318941,-2.79556512327089
5.98802395209581,-0.973235340408574
5.95353313081437,-2.54380597462228
5.95238095238095,-2.41354545992506
5.91715976331361,-2.52766457964513
5.91250841383188,-2.41535858602226
5.88235294117647,-3.35562703417404
5.87176639073326,-3.4543785754959
5.84795321637427,-1.64336542605097
5.83130511352622,-0.500695750028636
5.81395348837209,-3.64571750264529
5.79112264764176,-3.64302268297287
5.78034682080925,-3.49532434090555
5.75121707184161,-3.40052256520492
5.74712643678161,-0.0430667039359873
5.71428571428571,-3.34650840145822
5.71158647812643,-0.483144630897992
5.68181818181818,-3.24939199563813
5.67222897164454,-3.29949534694681
5.64971751412429,-2.08001662831189
5.63314267060136,-1.5719331048816
5.61797752808989,-3.06837979980328
5.59432570616938,-3.06485075687693
5.58659217877095,-1.99379285834642
5.55577622239888,-1.47932362707932
5.55555555555556,-1.72842615468987
5.52486187845304,-2.02027234790328
5.51749237612913,-3.18550356406798
5.49450549450549,-3.23666522556725
5.47947233690029,-2.0648615850532
5.46448087431694,-2.94553024244002
5.44171428686589,-1.73330968173716
5.43478260869565,-3.23284670977257
5.40540540540541,-3.12128251794042
5.40421642070592,-3.17556915222617
5.37634408602151,-2.91761232693294
5.36697694554048,-2.03967122038464
5.3475935828877,-2.03155848965543
5.32999408084409,-2.96128294288159
5.31914893617021,-3.16976594903779
5.29326605836056,-3.00736618483394
5.29100529100529,-2.8228689574115
5.26315789473684,-3.24759682261522
5.25679112201842,0.709768918056132
5.23560209424084,-3.38326796699028
5.22056752784698,-0.683834496354545
5.20833333333333,-2.19407092685942
5.18459354389291,-3.00982135132382
5.18134715025907,-3.16822944514696
5.15463917525773,-2.11112040986223
5.14886745013749,-2.52809175099572
5.12820512820513,-3.59751365555858
5.11338753841433,-3.20134790888487
5.10204081632653,-3.25903756048764
5.07815211232767,-3.50401739271178
5.0761421319797,-0.382601825495594
5.05050505050505,-3.65278686329169
5.04315948717136,-0.254317402407575
5.0251256281407,-2.12004736523006
5.00840798984821,-3.56040860162561
5,-3.13396536108187
4.97512437810945,-3.33726293947928
4.97389595879006,-1.97025411014819
4.95049504950495,-3.56001856766771
4.93962174387832,-3.5726752746349
4.92610837438424,-2.00456785506629
4.90558370636505,-3.39811517753715
4.90196078431372,-2.49729745788134
4.8780487804878,-2.38811648080165
4.87178021879463,-2.59998121472976
4.85436893203883,-2.48082253158635
4.83820966492596,-3.03018380838075
4.83091787439613,-3.53138329401231
4.80769230769231,-3.42761091352336
4.80487043965513,-2.89901296270527
4.78468899521531,-0.0360989393575819
4.77176094893875,-3.21444759622851
4.76190476190476,-1.66527845273624
4.739336492891,-3.29567685903076
4.73887960971765,-3.17825722573933
4.71698113207547,-3.38165567522644
4.70622484984128,-3.38884249721969
4.69483568075117,-2.74107714005522
4.67379510799246,-3.6105589579793
4.67289719626168,-3.33634995420628
4.65116279069767,-3.49856950105713
4.64158883361278,-2.80425740036837
4.62962962962963,-0.814669140096139
4.60960448682843,-2.65552930504013
4.60829493087558,-3.15429621575428
4.58715596330275,-0.579588932145479
4.57784053837662,-2.99250511202849
4.5662100456621,-3.54278761705238
4.5462954695324,-3.57021965206492
4.54545454545455,-3.22251366461513
4.52488687782805,-3.17230849735032
4.5149677720361,-3.02355611235874
4.5045045045045,-0.570038785365862
4.48430493273543,-3.50070806200226
4.48385594802119,-3.28881830989119
4.46428571428571,-2.85038095775051
4.45295850994265,-0.358041574544198
4.44444444444444,-3.62180400936175
4.42477876106195,-3.54278844196248
4.4222739805059,-3.01659946856959
4.40528634361233,-3.63875693811935
4.39180089259609,-1.96112952673136
4.3859649122807,-2.87833574488239
4.36681222707424,-3.15886847452868
4.361537789208,-3.59624450858511
4.34782608695652,-2.88939458056144
4.3314832233764,-3.00882863580552
4.32900432900433,-3.41533505128883
4.31034482758621,-0.476015392650946
4.30163575810679,-1.68060073510638
4.29184549356223,-2.72246099499552
4.27350427350427,-3.5265562410773
4.27199396630678,-3.38569109770027
4.25531914893617,2.29472812310325
4.24255643071778,-3.55827919372775
4.23728813559322,-3.65241039728887
4.21940928270042,-3.24150504016013
4.21332174384729,-3.59649709497817
4.20168067226891,-1.46208411154181
4.18428850790158,-0.319889468478673
4.18410041841004,0.433925783650825
4.16666666666667,-3.13167868235918
4.15545533471888,-3.49292391763425
4.149377593361,-2.12887215087094
4.13223140495868,-2.01750688260089
4.12682084570295,-2.79546615838999
4.11522633744856,-2.67043520603682
4.09838367175726,-3.32548747920448
4.0983606557377,-3.34249674266747
4.08163265306122,-3.12580048737005
4.07014245321944,-3.4739096224723
4.0650406504065,-3.61694311457513
4.04858299595142,-3.50337056161724
4.04209583979631,-3.11403767251924
4.03225806451613,-3.6401871478278
4.01606425702811,-2.99424922069447
4.01424249049932,-3.0387864036068
4,-2.75650338946739
3.98658107358044,-3.05778473479948
3.98406374501992,-2.9365501831589
3.96825396825397,-2.04465159156059
3.95911026646846,-2.03212099569604
3.95256916996047,-2.85192075642588
3.93700787401575,-2.43676385022108
3.93182875570577,-1.31570454004564
3.92156862745098,-3.10375637334753
3.90625,-2.51268376662282
3.90473523688556,-2.95976139583977
3.89105058365759,-2.76686196583044
3.87782841458946,-2.73733252473174
3.87596899224806,-1.72060635559385
3.86100386100386,-2.95491503859993
3.85110700232557,-2.60118513917937
3.84615384615385,-3.30788605708427
3.83141762452107,-1.48236303148102
3.824569722467,-3.56924785995268
3.81679389312977,-0.579283087954091
3.80228136882129,-3.37037834198561
3.79821530619074,-3.55466335624866
3.78787878787879,-3.04358867178147
3.77358490566038,-2.60249557909973
3.772042493417,-2.69322723662837
3.7593984962406,-3.34467075996131
3.74605003274899,-2.9669275756991
3.74531835205992,-3.0379295329764
3.73134328358209,-3.4529269708794
3.72023668141307,-1.88925374802947
3.71747211895911,-3.16815784586246
3.7037037037037,-1.641452980353
3.6946012051993,-3.55572782403784
3.690036900369,-3.52147996922151
3.67647058823529,-3.12280738134857
3.66914237840249,-2.72778808612797
3.66300366300366,-2.29153759642794
3.64963503649635,-1.26892507476496
3.64385898376355,-0.253345654613734
3.63636363636364,-3.12327684658556
3.6231884057971,-3.4357042432362
3.61874981241128,-2.20033937467569
3.6101083032491,-1.65802799754739
3.59712230215827,-3.22019742218795
3.59381366380463,-3.22632905169881
3.584229390681,-2.57729721664081
3.57142857142857,-2.7588354915991
3.56904934567523,-0.557972545023897
3.55871886120996,-3.3637822549151
3.54609929078014,-2.41051867460619
3.54445567397043,-3.04146420801647
3.53356890459364,-3.63339478493411
3.52112676056338,-1.80960247337641
3.52003147279668,-2.97693095490434
3.50877192982456,-1.87028663047659
3.4965034965035,-2.70359901908152
3.49577557436328,-2.33389226358214
3.48432055749129,-2.63883586370293
3.47222222222222,-3.4202027280089
3.47168681892656,-3.00292032290791
3.46020761245675,-1.9246028055865
3.44827586206897,-3.65493648960445
3.44776405473446,-3.2845165800194
3.43642611683849,-2.76997499760578
3.42465753424658,-3.64044216023266
3.42400613797142,-2.62095438198831
3.41296928327645,-3.06902340835917
3.40136054421769,-1.96598526977597
3.40041193270371,-3.64564297323447
3.38983050847458,-3.13063512550876
3.37837837837838,2.24993386296065
3.37698031082509,-2.77690797865928
3.36700336700337,-2.95260230408415
3.35570469798658,-2.96309778959521
3.35371015200293,-3.36313561297417
3.34448160535117,-1.10540038918229
3.33333333333333,-1.24845667254943
3.33060034362459,-1.30367381848672
3.32225913621262,-3.47023733927055
3.3112582781457,-1.21575586377544
3.30764978074424,-3.25062994470788
3.3003300330033,0.246692278456853
3.28947368421053,-3.41517742711603
3.28485736603004,-1.64031558976078
3.27868852459016,-3.16243918215643
3.26797385620915,-3.61317858279726
3.26222200971167,-3.28391374527457
3.25732899022801,-1.03021079804322
3.24675324675325,-3.64187459452578
3.2397426295282,-2.70376785807836
3.23624595469256,-3.60065463694461
3.2258064516129,-3.60089067213569
3.21741815067637,-3.02303065151785
3.21543408360129,-0.607885911794408
3.20512820512821,-2.6041453707724
3.19524750575921,-3.32987186544802
3.19488817891374,-3.12200548136088
3.18471337579618,-0.607732360451602
3.17460317460317,-3.44656490962042
3.17322963473498,-2.46870053019419
3.16455696202532,-1.41820462558983
3.15457413249211,-2.0718472310276
3.15136348486648,-2.24667998951774
3.14465408805031,-3.31438129793404
3.13479623824451,-2.31492297280404
3.12964801067075,1.00346043725269
3.125,-2.89264885685766
3.11526479750779,-3.29512535787465
3.10808217386906,-3.26570461226073
3.1055900621118,-3.35072825596383
3.09597523219814,-2.09101584701723
3.08666494333727,-2.45389130992681
3.08641975308642,-1.9190005209506
3.07692307692308,-2.48254856624781
3.06748466257669,-3.09508579613195
3.06539529505653,-3.20764530150351
3.05810397553517,-1.47323156708982
3.04878048780488,-2.65062334058954
3.0442722120643,-3.31392184449315
3.03951367781155,-3.26071894637134
3.03030303030303,-2.00627884338881
3.02329468440578,-1.47169302634996
3.02114803625378,-1.85832023183034
3.01204819277108,-3.59206987159926
3.003003003003,-2.94365564669082
3.00246170908555,-2.15502646929634
2.9940119760479,-3.58146752413084
2.98507462686567,-2.59926382860145
2.98177229001967,-3.09488368954176
2.97619047619048,-2.50114033377524
2.9673590504451,-2.52719511297472
2.96122543798803,0.268366459212719
2.9585798816568,-3.44321956657002
2.94985250737463,-3.55786108703124
2.94117647058824,-0.734005388068122
2.94082017058706,-1.84505679189534
2.93255131964809,-3.34834932226705
2.92397660818713,-3.59191037785986
2.92055551218275,-3.53142584480103
2.91545189504373,-3.26185188835653
2.90697674418605,-2.97599324802361
2.90043049386399,-3.30802205833781
2.89855072463768,-3.355621082837
2.89017341040462,-1.73891056368434
2.88184438040346,-3.2292218634884
2.8804441533963,-3.5704924715461
2.8735632183908,-3.5280016981312
2.86532951289398,0.175079702104587
2.86059553517574,-2.40038818434921
2.85714285714286,-1.41205686297028
2.84900284900285,-3.23191684754122
2.84090909090909,-2.82359942721107
2.8408836901833,-2.87029041533595
2.8328611898017,-3.15654380249235
2.82485875706215,-2.25639080965349
2.82130767593947,-0.702314772675332
2.8169014084507,-3.11250147323038
2.80898876404494,-3.3748448467346
2.8018665564592,-1.92582955635735
2.80112044817927,-0.631088371238387
2.79329608938547,-3.37459795795864
2.78551532033426,-3.27016558626665
2.78255940220712,-3.64435981959731
2.77777777777778,-2.83524966214666
2.77008310249307,-3.07664337017645
2.76338529005317,-2.32226996667908
2.76243093922652,-3.53939332471445
2.75482093663912,-1.03652404762236
2.74725274725275,-2.84868452038436
2.74434330322836,-3.54185079120576
2.73972602739726,-3.5833158758315
2.73224043715847,-2.86588686388846
2.72543253128103,-3.55354820772511
2.72479564032698,-1.38574584248452
2.71739130434783,-2.51785441864196
2.710027100271,-3.40536310450208
2.70665207003324,-3.54209860068003
2.7027027027027,-3.45621668468304
2.69541778975741,-1.52669945653771
2.68817204301075,-0.834446369730112
2.68800102153761,-0.863984683224042
2.68096514745308,-0.847328104022874
2.67379679144385,-3.37566555704053
2.66947849403432,-3.12647197671019
2.66666666666667,-0.839520056309179
2.65957446808511,-3.19615494029533
2.6525198938992,-3.27655165086768
2.65108360190854,-3.02458120367036
2.64550264550265,-2.14026083387177
2.63852242744063,-1.45276526315309
2.63281546564802,-1.6010209827629
2.63157894736842,-1.34183120931
2.6246719160105,-3.57030451763439
2.61780104712042,-3.5610528446417
2.61467321180109,-1.25308416687779
2.61096605744125,-3.48713747779633
2.60416666666667,-3.17461722929785
2.5974025974026,-2.21690427608182
2.59665597293487,-3.23231909119924
2.59067357512953,-2.85307197009321
2.58397932816537,-3.20995548736776
2.5787628875938,-3.26640758851114
2.57731958762887,-3.51724991723777
2.5706940874036,-2.90928919443284
2.56410256410256,-1.91747995281259
2.56099310025846,-3.62123938387775
2.55754475703325,-2.50544673834612
2.55102040816327,-1.10339240516218
2.54452926208651,-3.57302376302028
2.54334576130465,-3.32774432289814
2.53807106598985,-3.06312857390342
2.53164556962025,-3.65262175115877
2.52582002696278,-3.28285652169366
2.52525252525253,-2.97216668850642
2.51889168765743,-3.55340507369869
2.51256281407035,-2.06229774177707
2.50841505927754,-3.08272920596304
2.5062656641604,-3.63812756952309
2.5,-1.82080530395548
2.49376558603491,-2.29604720296377
2.49113002606779,-1.16696693359089
2.48756218905473,-1.36191132240786
2.48138957816377,-3.15839039649471
2.47524752475248,-1.75024881240968
2.47396410088681,-2.27594706318349
2.46913580246914,-3.39845302988733
2.46305418719212,-3.35065458493527
2.45700245700246,-1.11752695587661
2.45691646298279,-0.749186738533534
2.45098039215686,-3.38556418119394
2.44498777506112,-3.3089516012679
2.43998629725955,-3.5694120500204
2.4390243902439,-2.49043667083249
2.4330900243309,-3.66178205174419
2.42718446601942,-3.61719834448563
2.4231727942376,-2.46301703616434
2.42130750605327,-3.41638279231226
2.41545893719807,-2.2413725225564
2.40963855421687,-2.53540497836202
2.40647515001542,-1.76186981842427
2.40384615384615,-2.42582514454143
2.39808153477218,-3.58250890882375
2.39234449760766,-1.89461884273804
2.38989256623105,-2.26986347146156
2.38663484486874,-1.44276307318254
2.38095238095238,-2.95078039683126
2.37529691211401,-2.9465854368653
2.37342425002387,-3.13730688498056
2.3696682464455,-1.55831408042605
2.36406619385343,-3.61256894522647
2.35849056603774,-3.25588260600643
2.35706941399673,-2.75509028993478
2.35294117647059,-1.48959693056362
2.34741784037559,-3.50796280887446
2.34192037470726,-2.31983444577043
2.34082727617829,-2.92988001624048
2.33644859813084,-2.52707678240939
2.33100233100233,-2.81155887588089
2.32558139534884,-3.18085742268213
2.32469705998565,-3.25297076214776
2.32018561484919,-2.47792306636516
2.31481481481481,-3.55246889263934
2.3094688221709,-1.88306729826528
2.30867799418717,-2.31903829002318
2.30414746543779,-3.05715734354468
2.29885057471264,-2.9115489406049
2.29357798165138,-1.82440485506289
2.29276931286565,-3.2646212042601
2.2883295194508,-3.50778589817117
2.28310502283105,-3.31248210496367
2.27790432801822,-2.450491717578
2.27697025538168,-2.83799782205729
2.27272727272727,-3.17619399089515
2.26757369614512,-2.6343549793783
2.26244343891403,-2.23836231356061
2.26128006633728,-3.4234990753108
2.25733634311512,-3.17199255188525
2.25225225225225,-0.670506967460805
2.24719101123596,-2.24343908967087
2.24569799553977,-2.771136341769
2.24215246636771,-3.33953772424239
2.23713646532438,-1.30928157564748
2.23214285714286,-3.46266177390298
2.23022329796594,-3.33442362799091
2.2271714922049,-3.45791016900931
2.22222222222222,-3.60939446849302
2.21729490022173,-2.33629093846003
2.21485523372636,-3.52752178115638
2.21238938053097,-3.46198960337737
2.2075055187638,-3.51079857156993
2.20264317180617,-2.05638774512856
2.19959306803007,-0.681207658679265
2.1978021978022,-2.98092192400672
2.19298245614035,-3.55752399413277
2.18818380743982,-3.6606137861706
2.18443607114943,-2.69313618127368
2.18340611353712,-3.04059383381506
2.17864923747277,-2.73428494969793
2.17391304347826,-3.51689792848445
2.16938351838518,-3.18098088861937
2.16919739696312,-3.45215920028975
2.16450216450216,-3.20153111817647
2.15982721382289,-2.70819961647832
2.1551724137931,-2.34703904452412
2.15443469003188,-2.65058598660225
2.1505376344086,-3.39400715547681
2.14592274678112,-2.95734073878962
2.14132762312634,-2.73836315420022
2.13958887134342,-3.21267918208566
2.13675213675214,3.10020398148801
2.13219616204691,-2.96619168247677
2.12765957446809,-3.50435958436368
2.12484535249888,-0.554919996707564
2.12314225053079,-0.595859210246668
2.11864406779661,-3.26582518624378
2.11416490486258,-3.24106932604171
2.1102034285686,-2.94990172698685
2.10970464135021,-3.60839078219096
2.10526315789474,-2.4882504396153
2.10084033613445,-3.55064432936812
2.09643605870021,-2.20635708002997
2.09566239948043,-3.27248263022407
2.09205020920502,-3.53436703900688
2.08768267223382,-3.40136009361303
2.08333333333333,-1.66762112290068
2.08122156998634,-3.58385042292518
2.07900207900208,-3.52167882762303
2.0746887966805,-2.49161687991825
2.0703933747412,-3.23869494308384
2.06688024962908,-2.82405769829684
2.06611570247934,-2.56455022235171
2.06185567010309,-3.34592729060223
2.05761316872428,-2.95316253144621
2.05338809034908,-3.26823439600973
2.05263775270925,-2.60368371851332
2.04918032786885,-3.55341053447772
2.04498977505112,-2.71776386667757
2.04081632653061,-2.11149657424705
2.03849339825246,-2.70134648825138
2.03665987780041,-2.96245268079347
2.03252032520325,-3.49036531053597
2.02839756592292,-3.00643607726205
2.0244465099768,-2.98077418928339
2.02429149797571,-2.18864010148705
2.02020202020202,-1.99157573093991
2.01612903225806,-3.26717731580204
2.01207243460765,2.08055833889039
2.0104964162605,-1.33128888534405
2.00803212851406,-1.98673638812862
2.00400801603206,-3.07396033344274
2,-3.59279568332699
1.99664245010979,0.0643413197286593
1.99600798403194,-3.42812885283741
1.99203187250996,-3.42373013768498
1.98807157057654,-2.56746620863644
1.98412698412698,-3.64745510940865
1.98288394912707,-3.20682513201633
1.98019801980198,-2.98284261557715
1.97628458498024,-2.62185661969228
1.9723865877712,-3.20720699070894
1.96922025547917,-2.34694391073942
1.96850393700787,-3.65991522950186
1.96463654223969,-2.6353012750656
1.96078431372549,-3.25274770932223
1.95694716242661,-3.19536481536449
1.95565071586595,-3.42552948386118
1.953125,-3.07814519938149
1.94931773879142,-3.36227065847394
1.94552529182879,-3.01569028060988
1.94217468148903,-2.55246450604194
1.94174757281553,-2.96350613260186
1.93798449612403,-3.3273695865712
1.93423597678917,-2.21980587809405
1.93050193050193,-2.38549626837031
1.92879150802078,-2.74719654725997
1.92678227360308,-2.10466016520926
1.92307692307692,-0.489898422816775
1.91938579654511,-2.96294765731043
1.91570881226054,-3.34685834718023
1.91550055557353,-3.35745597453281
1.91204588910134,-2.63693762532024
1.90839694656489,-2.89734740081333
1.9047619047619,-3.48608209564879
1.90230118866894,-3.62849163840313
1.90114068441065,-3.55665500502446
1.89753320683112,-3.46853846469609
1.89393939393939,-3.58148706613236
1.89035916824197,-1.16477820268009
1.88919277620767,-1.07750996631826
1.88679245283019,-3.35182550319719
1.88323917137476,-3.21342548798021
1.8796992481203,1.06541452974431
1.87617469143912,-2.47073461891623
1.87617260787992,-2.45529002603764
1.87265917602996,-2.76989595910139
1.86915887850467,-3.32182597394596
1.86567164179104,-2.2036619316659
1.86324631193156,-3.6085380192752
1.86219739292365,-3.48222934269567
1.85873605947955,-3.26151996026148
1.85528756957328,-2.03536489766644
1.85185185185185,-2.60438542744539
1.8504070195423,-3.17532704624166
1.84842883548983,-3.65646569121234
1.8450184501845,-1.12627555297199
1.84162062615101,-2.75901257396255
1.83823529411765,-2.48294787165907
1.83765620038817,-3.58393937126818
1.8348623853211,-2.69468170802706
1.83150183150183,-3.64347547744397
1.82815356489945,-1.97840907880988
1.82499324481615,-3.52218419436134
1.82481751824817,-3.14453915761772
1.82149362477231,-1.47481153920234
1.81818181818182,-3.43418562844208
1.81488203266788,-3.26197849926994
1.81241754737424,-2.55884444411636
1.81159420289855,-3.50328259127708
1.80831826401447,-2.94007702334367
1.80505415162455,-3.37021398344849
1.8018018018018,-1.1946592909925
1.79992850678248,0.736643444553853
1.79856115107914,-2.61053737761916
1.79533213644524,-3.6571067542407
1.7921146953405,-2.55710569859532
1.78890876565295,-2.53427881693654
1.78752552590424,-1.45322694522197
1.78571428571429,-2.96456968344018
1.7825311942959,-2.0738760600647
1.77935943060498,-1.53064120274233
1.77619893428064,-3.20027393791609
1.77520801171763,-2.10405323291279
1.77304964539007,-3.24302094241399
1.76991150442478,-3.60232894096854
1.76678445229682,-0.242466993909924
1.7636684303351,-2.34591022413012
1.76297537528721,-2.57034291020703
1.76056338028169,-3.45171687663075
1.75746924428822,-3.16533087756668
1.75438596491228,-3.33165795790823
1.75131348511384,-3.49786207313475
1.75082703173572,-2.64693547811624
1.74825174825175,-1.96334267378826
1.74520069808028,-1.85121257528406
1.74216027874564,-3.37817508827724
1.73913043478261,-3.10244782965547
1.73876240021625,-3.48923292720537
1.73611111111111,-3.2869724951782
1.73310225303293,-3.38734426796001
1.73010380622837,-1.8032819150856
1.72711571675302,-3.58839736435915
1.72678090388436,-0.639208552903777
1.72413793103448,-2.34923781139103
1.72117039586919,-3.4155650393191
1.71821305841924,-1.30005551639619
1.71526586620926,-3.27358589879223
1.71488196987054,-3.48464318268732
1.71232876712329,-1.7784843302832
1.70940170940171,0.252332825067147
1.70648464163823,-3.23103277991252
1.70357751277683,-3.52735924299905
1.70306502925284,-1.86291816091882
1.70068027210884,-2.82630617233864
1.69779286926995,-3.37154929213046
1.69491525423729,-1.84189382484099
1.69204737732657,-3.29403108768274
1.69132951702965,-3.21635760429883
1.68918918918919,-3.07696782092212
1.68634064080944,-3.28710147344837
1.68350168350168,-3.54293838169958
1.68067226890756,0.836161770119635
1.67967487209265,-3.60995996172825
1.67785234899329,-2.37579354898098
1.6750418760469,-2.38446148185563
1.67224080267559,-3.65009221139747
1.669449081803,-2.19165107254077
1.66810053720006,-2.06181371543915
1.66666666666667,-2.93838233638085
1.66389351081531,-3.65327746684529
1.66112956810631,-3.19487266097714
1.65837479270315,-3.58762541273422
1.65660595894991,-2.52357272609613
1.65562913907285,-0.884308353815054
1.65289256198347,-3.47327172658471
1.65016501650165,-3.39943583511392
1.64744645799012,-2.10786521119449
1.64519058775366,-2.00979160554545
1.64473684210526,-0.740811216005919
1.64203612479475,-2.5786718854609
1.63934426229508,-2.81337025361348
1.6366612111293,-2.53616932438937
1.63398692810458,-2.17833876837902
1.63385387780986,-1.34764306984236
1.63132137030995,-2.80230298061677
1.62866449511401,-2.60592308232988
1.6260162601626,-1.45572325079042
1.62337662337662,-2.69255252301492
1.62259528707809,-3.30772223329403
1.62074554294976,-3.2402235349681
1.61812297734628,-3.52818197686163
1.61550888529887,-3.66317243108888
1.61290322580645,-3.01870027694367
1.61141427725302,-3.10848405048197
1.61030595813205,-2.89701553142616
1.60771704180064,-3.56728356731515
1.60513643659711,-2.71810539761263
1.6025641025641,-3.51132812488224
1.6003103137387,-3.35683654182189
1.6,-1.75167144992899
1.59744408945687,-1.76219080602247
1.59489633173844,0.420557490426707
1.59235668789809,-1.45201466881197
1.58982511923688,-3.07017889745948
1.58928286562298,-3.04317174991966
1.58730158730159,-2.56615561355938
1.58478605388273,-2.46176804155679
1.58227848101266,-3.19889662022747
1.57977883096367,-2.53916955472145
1.57833140565212,-2.86895036543474
1.57728706624606,-1.67613281639062
1.5748031496063,-3.50782226142403
1.57232704402516,-1.7760841856175
1.56985871271586,-0.112304105717594
1.5674554102056,-3.40301630720485
1.56739811912226,-2.78498848071537
1.56494522691706,-2.93590886050928
1.5625,-1.53134166146195
1.5600624024961,-3.06259495044038
1.55763239875389,-3.50747707818222
1.55665435927106,-2.34382303271051
1.5552099533437,-1.34980223760781
1.5527950310559,-3.19826428764996
1.55038759689922,-2.74288515765401
1.54798761609907,-2.03583310765832
1.54592773641948,-3.58697811249611
1.54559505409583,-3.37820987134004
1.54320987654321,-2.86759241816348
1.54083204930663,-3.27514585448553
1.53846153846154,-1.14915811599733
1.53609831029186,-2.7778272999037
1.53527502878042,-0.452310743612524
1.53374233128834,-3.59918060202692
1.53139356814701,-2.76224886692851
1.52905198776758,-3.41462570743364
1.52671755725191,-2.64454970890877
1.52469572701757,-3.56009713647002
1.52439024390244,-1.82538081183408
1.5220700152207,-3.07801709557388
1.51975683890577,-3.59303467765214
1.51745068285281,0.521571571848502
1.51515151515152,-1.26934941276489
1.51418932530435,-3.37571154203355
1.51285930408472,-3.36625659797097
1.51057401812689,-3.50165647031285
1.50829562594268,-2.01069761975959
1.50602409638554,-3.27349522574321
1.50375939849624,-1.33991442459613
1.50375532129974,-1.35245076747718
1.5015015015015,-2.19810161241078
1.49925037481259,-2.93093275182106
1.49700598802395,-3.57398229210868
1.49476831091181,-2.72727831462778
1.49339321612425,-1.40280079842936
1.49253731343284,-3.27272235174636
1.4903129657228,-3.12980582014229
1.48809523809524,-1.70585428133752
1.48588410104012,-1.62953094370489
1.48367952522255,-3.61925119935382
1.4831025143361,-2.53192569516055
1.48148148148148,-2.44762326922948
1.4792899408284,-3.37387137723801
1.47710487444609,-1.14126761867022
1.47492625368732,-3.38956526274422
1.4728827239075,-2.52070634975139
1.47275405007364,-2.7479520176705
1.47058823529412,-2.8263615371941
1.46842878120411,-2.29365418196736
1.46627565982405,-3.38268269901279
1.46412884333821,-1.19341155685351
1.46273335620113,-1.81770854040708
1.46198830409357,-3.25131474795016
1.45985401459854,-3.5101573430055
1.45772594752187,-3.29724857165088
1.45560407569141,-3.2054731885775
1.45348837209302,-0.769546105059457
1.45265392594678,-3.57248871678386
1.45137880986938,-1.43103607123187
1.44927536231884,-2.13213090578968
1.44717800289436,-3.44192402204764
1.44508670520231,-3.04912414789639
1.44300144300144,-2.35558221714093
1.44264395121816,-1.87206497227983
1.44092219020173,-3.52553831567577
1.43884892086331,-1.88043945302671
1.4367816091954,-3.04067560230343
1.43472022955524,-1.31176015973495
1.43270295340983,-2.71911623852092
1.43266475644699,-2.91872964675731
1.43061516452074,-3.20128035413669
1.42857142857143,2.12798792720266
1.4265335235378,-0.534678660234856
1.42450142450142,-0.163810291932644
1.42283045721435,-3.37083742262295
1.42247510668563,-3.6402795189512
1.42045454545455,1.89132921475518
1.41843971631206,-3.24758375219245
1.41643059490085,-1.48644533134979
1.41442715700141,-1.98283434896846
1.41302599059953,-2.91667311680463
1.41242937853107,-3.3161627811077
1.41043723554302,-3.46277504902671
1.40845070422535,-3.23622095230173
1.40646976090014,-3.19362773234458
1.40449438202247,-2.83180107667418
1.40328908478587,-1.57684759450383
1.40252454417952,-3.2843609676559
1.40056022408964,-3.10356916471049
1.3986013986014,-3.50948265622632
1.39664804469274,-3.3451248810188
1.39470013947001,-1.45484431017884
1.39361927422414,-2.59639110214185
1.39275766016713,-3.24356573491279
1.39082058414465,-3.26293012099274
1.38888888888889,-2.77090186730639
1.3869625520111,-2.89996919323492
1.38504155124654,-3.30878466105231
1.38401609657313,-1.66042276961117
1.38312586445367,3.03691394617885
1.38121546961326,-1.37228452085049
1.37931034482759,-2.99936092567402
1.37741046831956,-0.654265638089508
1.37551581843191,-1.96310285645488
1.37447909267754,-2.06087604169503
1.37362637362637,-2.62219430124604
1.37174211248285,-2.37352317692524
1.36986301369863,-0.80165934595568
1.36798905608755,-2.4967565081147
1.36612021857923,-3.37610791055244
1.36500780654601,-1.17969739122257
1.36425648021828,-2.34245579178387
1.36239782016349,-2.97815945540271
1.36054421768707,-1.27083379846955
1.35869565217391,-3.50575715192685
1.35685210312076,-3.25244153111562
1.35560178532937,-2.72663080805288
1.3550135501355,-2.4683120891609
1.3531799729364,-3.57745863386331
1.35135135135135,-3.5364283928891
1.34952766531714,-3.62228907245399
1.34770889487871,-2.73523513877454
1.34626057929891,-3.3437318260154
1.34589502018843,-2.46861210391686
1.34408602150538,-3.09637530345459
1.34228187919463,-1.94318701122368
1.34048257372654,-3.53669677925641
1.33868808567604,-3.5275513474131
1.33698374182495,-1.55353848821953
1.33689839572193,-1.72490890982804
1.33511348464619,-2.36149148454838
1.33333333333333,-3.346041204038
1.33155792276964,-2.56462514959135
1.32978723404255,-1.62153840551901
1.32802124833997,-1.63854454950778
1.32777082935543,-3.11210128146449
1.3262599469496,-2.77191448007381
1.32450331125828,-2.19690835635744
1.32275132275132,-1.46776780308918
1.32100396301189,-2.46811175830974
1.31926121372032,-3.13558211076544
1.31862140139475,-3.16612060858157
1.31752305665349,-3.07412401215891
1.31578947368421,-2.46055626147581
1.31406044678055,-0.142088095247241
1.31233595800525,-2.48062830358138
1.31061598951507,-2.63042441402633
1.30953502048267,-3.10146979377695
1.30890052356021,-2.30647445447967
1.30718954248366,-0.587941361638097
1.30548302872063,-3.2645782846012
1.30378096479791,-2.95433805389897
1.30208333333333,-0.777396916999673
1.30051125217341,-3.14629598608341
1.30039011703511,-3.480476896972
1.2987012987013,-3.07340572370004
1.2970168612192,-3.64682306341053
1.29533678756477,-2.15685979696165
1.29366106080207,-3.52226889645355
1.29198966408269,-2.88741069421068
1.29154966501488,-3.07547959285703
1.29032258064516,-3.29297616166836
1.28865979381443,-2.62076881057201
1.28700128700129,-3.4514325464669
1.2853470437018,4.75730767230765
1.28369704749679,-3.65352540677231
1.28264983052806,-2.8204822369549
1.28205128205128,-3.26949350827341
1.28040973111396,-2.2144058642025
1.27877237851662,-2.93540919816656
1.27713920817369,-3.07112574845665
1.27551020408163,-2.2507549530559
1.27388535031847,0.693603808841535
1.27381132318648,0.704038231016246
1.27226463104326,-3.62738247856135
1.27064803049555,-2.60494610506297
1.26903553299492,-3.40520075440191
1.26742712294043,-3.62193263216856
1.26582278481013,-2.1838076058605
1.2650337203959,-2.48630365861363
1.26422250316056,0.486905206148994
1.26262626262626,-3.07529096527228
1.26103404791929,-3.47295109762406
1.25944584382872,-1.74574360773478
1.25786163522013,-1.06383978698683
1.25631660247412,-2.95866185070862
1.25628140703518,-2.95331011841049
1.25470514429109,-0.549664391233885
1.2531328320802,-2.36866863312583
1.25156445556946,-3.28700058080319
1.25,-3.59244197734939
1.24843945068664,-1.96226772500598
1.24765955263087,-1.69227827406651
1.24688279301746,-3.58971496656387
1.2453300124533,-2.72824463170384
1.24378109452736,-2.03183152860866
1.24223602484472,-2.55696203026978
1.24069478908189,-3.00219408204928
1.23915737298637,-2.25192842672858
1.23906215694792,-3.19024497226628
1.23762376237624,-2.28452809427339
1.23609394313968,-3.59307946236573
1.23456790123457,-3.52408117474892
1.23304562268804,-3.63223394122981
1.23152709359606,-3.59885300790487
1.23052400435926,-2.66820152706164
1.230012300123,-1.59583638291844
1.22850122850123,-2.97367557871582
1.22699386503067,-3.45117695477419
1.22549019607843,-2.95379535771026
1.22399020807834,-2.49492536697012
1.22249388753056,-3.24545125769854
1.22204468663149,-3.63603446713681
1.22100122100122,-1.78798413431427
1.21951219512195,-2.38560097503803
1.21802679658952,-0.237456317254252
1.21654501216545,-2.72492345155397
1.21506682867558,-0.671385288320219
1.21362379834424,-3.16496272080694
1.21359223300971,-2.73014617632902
1.21212121212121,-3.01695128939668
1.21065375302663,-2.36562275614825
1.20918984280532,-2.4100042951196
1.20772946859903,-2.84866215990432
1.20627261761158,-3.12488379026687
1.20526093687084,-3.51469232836764
1.20481927710843,-3.04706212762646
1.20336943441637,-2.82737280986963
1.20192307692308,-2.47740010321619
1.20048019207683,-1.56401166901552
1.19904076738609,-2.62228608491058
1.19760479041916,-3.53807518507325
1.19695570235904,-2.6101530323268
1.19617224880383,-3.45908177272413
1.194743130227,-3.28145508867426
1.19331742243437,-3.15417055381281
1.19189511323004,-1.21465739222121
1.19047619047619,-1.73858945158336
1.18906064209275,-3.62876698621623
1.1887076977119,-2.63244117283817
1.18764845605701,-0.32884060650711
1.18623962040332,-1.81854789485832
1.18483412322275,-3.16167941382325
1.18343195266272,-2.21351089781656
1.18203309692671,0.635838473066646
1.18063754427391,-2.66070903276967
1.18051652856881,-3.48908770640547
1.17924528301887,-3.09623642373209
1.17785630153121,-2.5504105167386
1.17647058823529,-2.75336874232694
1.17508813160987,-3.2955464313692
1.17370892018779,-3.5441404649995
1.1723818032866,-2.8985489193853
1.17233294255569,-2.65917072971232
1.17096018735363,-2.57491986834652
1.16959064327485,-2.0266487017228
1.16822429906542,-3.05136715664939
1.16686114352392,-1.64865817929155
1.16550116550117,-3.21088163432544
1.16430313292088,-3.60662319845822
1.16414435389988,-1.07162437236768
1.16279069767442,-3.02901809299162
1.16144018583043,-2.83480841908398
1.16009280742459,-3.13836803357521
1.15874855156431,-2.6893440565767
1.15740740740741,-2.84348441686104
1.15628013120738,-2.99493852616574
1.15606936416185,-0.76279266260705
1.15473441108545,-2.26068260116382
1.15340253748558,-3.29333519287301
1.15207373271889,-3.18826347598606
1.15074798619102,-3.37154775057636
1.14942528735632,-1.86896344947545
1.14831241454351,-3.62998296269016
1.14810562571757,-3.37869728589227
1.14678899082569,-0.543229198369924
1.1454753722795,-2.96095273484105
1.1441647597254,-2.01986407646144
1.14285714285714,-3.61301950197169
1.14155251141553,-1.62220003907846
1.14039960197003,-2.10550473795872
1.14025085518814,-2.09105052287723
1.13895216400911,-3.66170052890886
1.13765642775882,-3.59735748601177
1.13636363636364,-3.48055290040797
1.13507377979569,-3.47383459634896
1.13378684807256,-2.61229040962506
1.13254131515281,0.701624095620009
1.13250283125708,-0.283413967192739
1.13122171945701,-0.732456951816526
1.12994350282486,-3.10321004425556
1.12866817155756,-3.47451326158629
1.12739571589628,-1.45241255221391
1.12612612612613,-2.10493598351503
1.12485939257593,-3.19857899580956
1.12473717836475,-3.51074667027167
1.12359550561798,-3.2604033994754
1.12233445566779,-2.59549532676781
1.12107623318386,-0.00703699158769222
1.11982082866741,-3.64401967425602
1.11856823266219,-2.76737169677728
1.11731843575419,0.432351589247976
1.11698681846782,-1.55741473447481
1.11607142857143,-2.5788281031558
1.11482720178372,-3.65153272925302
1.11358574610245,-3.35349187126765
1.11234705228031,-1.85492257602
1.11111111111111,-2.27541816429815
1.10987791342952,-2.94104211660372
1.10928986489522,-1.29883656842882
1.10864745011086,-1.96388201014478
1.10741971207087,-3.52983104974548
1.10619469026549,-3.64835556485898
1.10497237569061,-3.19196415926283
1.1037527593819,-0.0659651180166447
1.10253583241455,-2.85532020065379
1.10164594963366,-3.29467303401982
1.10132158590308,-2.00851635890295
1.1001100110011,-1.95708248910783
1.0989010989011,-2.36527802603227
1.09769484083425,-2.9862910812812
1.09649122807018,-2.58653318365235
1.09529025191676,-1.88674743249454
1.09409190371991,-2.1306377725232
1.09405470720574,-1.87434380956149
1.09289617486339,-3.5467380145872
1.09170305676856,-2.65727327012139
1.09051254089422,-3.34378321958313
1.08932461873638,-1.72093248021848
1.08813928182807,-3.41885823870667
1.08695652173913,-2.01698037552979
1.08651577465254,-2.27674971133173
1.085776330076,-0.640297880759429
1.08459869848156,-3.61548560286915
1.08342361863489,-3.54185076049329
1.08225108225108,-1.53353037196036
1.08108108108108,-0.979581786987278
1.07991360691145,-3.03579149633269
1.07902879151618,-0.578471179139124
1.07874865156419,-3.62281536347948
1.07758620689655,-3.45715691684831
1.07642626480086,-2.95294640794368
1.0752688172043,-2.74698437052548
1.07411385606874,-0.84912073766561
1.07296137339056,-2.83347557159633
1.07181136120043,-2.35221678911084
1.07159339982267,-3.30782506469584
1.07066381156317,-3.30800659876938
1.06951871657754,-0.731995758759932
1.06837606837607,-2.06202723529428
1.06723585912487,-1.85897215724055
1.06609808102345,1.91656403743689
1.06496272630458,-3.27700779861417
1.06420924406472,-1.69146713257309
1.06382978723404,-2.52226624904257
1.06269925611052,-2.99841771960596
1.06157112526539,-2.92542905535195
1.06044538706257,-3.11534439696858
1.0593220338983,-2.71802991308136
1.05820105820106,-1.94463099680801
1.05708245243129,-2.27357829977189
1.0568759711848,-3.04861331654184
1.05596620908131,-3.49791898402422
1.05485232067511,-2.11372349939979
1.05374077976818,-2.2602359423344
1.05263157894737,-3.45054194560206
1.0515247108307,-2.21253330051389
1.05042016806723,-0.569485511604522
1.04959323055823,-3.62272840291017
1.04931794333683,-0.856084203285529
1.0482180293501,-3.15621358557997
1.04712041884817,-2.52613675551465
1.04602510460251,-2.40727316220643
1.04493207941484,-2.9252479833017
1.04384133611691,-3.22019906870942
1.04275286757039,0.0698597021713185
1.0423606739764,-2.25404467162003
1.04166666666667,-0.428119539792969
1.04058272632674,-2.03484585492499
1.03950103950104,-2.48558302851573
1.03842159916926,-1.35640581725736
1.03734439834025,-3.37579696940163
1.03626943005181,-2.73379342029916
1.0351966873706,-3.18148375681373
1.03517795563018,-2.96323034693121
1.03412616339193,-3.14544648168195
1.03305785123967,-2.04471015991676
1.03199174406605,-2.87724815431893
1.03092783505155,-2.25691573848818
1.02986611740474,-3.64317388724568
1.02880658436214,-3.27686875600589
1.02804473209331,-1.26167175694827
1.02774922918808,-3.00256724903057
1.02669404517454,-2.75414984244248
1.02564102564103,-2.82790587991043
1.02459016393443,-2.56411139243807
1.02354145342886,-3.23795683279028
1.02249488752556,-3.57417012661319
1.02145045965271,-3.36853185176038
1.02096066230605,-3.36707707035132
1.02040816326531,-2.87405301668998
1.01936799184506,-1.09274632795528
1.0183299389002,-1.3619570480693
1.01729399796541,-3.09840737882352
1.01626016260163,-2.8429957700029
1.01522842639594,-1.90658081361407
1.01419878296146,-3.38969767200596
1.01392540755882,-3.05080203391558
1.01317122593718,0.569423673176222
1.01214574898785,-3.15346507220921
1.01112234580384,-2.2679560503026
1.01010101010101,-3.44514154185405
1.00908173562059,-1.85716399733515
1.00806451612903,-2.80162003871556
1.00704934541793,-2.44709251914063
1.00693863147603,-2.66740769413881
1.00603621730382,-3.42520172199125
1.00502512562814,-3.355810119226
1.00401606425703,-2.66316396293326
1.00300902708124,-3.23392761271811
1.00200400801603,-2.35913364801653
1.001001001001,-1.88454181737854
1,-1.2840782683934
