"bfp_output.P","bfp_output.logBF"
1000,-0.115499100954234
993.109181374979,0.019587545396651
986.265846131283,0.100208153704206
979.46966706954,0.127165961066699
972.720319245055,0.104400197336038
966.017479952265,0.0365381872394055
959.360828709315,-0.0734627986082712
952.75004724273,-0.225546718307764
946.184819472201,-0.422197449901101
939.66483149547,-0.666565220222405
933.189771573324,-0.959569535810867
926.759330114689,-1.29686296396865
920.373199661823,-1.66688357684508
914.031074875623,-2.05113685863072
907.732652521023,-2.42697899278859
901.477631452492,-2.77183184617511
895.26571259964,-3.06693571603146
889.096598952916,-3.29915198536549
882.969995549409,-3.46059689407225
876.885609458743,-3.54704243188082
870.843149769073,-3.55651637000902
864.842327573172,-3.48938631825375
858.882855954625,-3.3506311863537
852.964449974103,-3.15355839027536
847.086826655741,-2.92211475236858
841.249704973612,-2.6879613784372
835.452805838287,-2.48176517843872
829.695852083491,-2.32396029260176
823.978568452852,-2.22140832194547
818.300681586739,-2.17090481129163
812.661920009195,-2.16544168475969
807.06201411495,-2.19916910510757
801.500696156541,-2.26936008579086
795.977700231499,-2.37483172248518
790.492762269642,-2.51073159041455
785.045620020451,-2.66232901751119
779.636013040523,-2.80561942299858
774.263682681127,-2.91908653298538
768.928372075831,-2.9954737894463
763.629826128224,-3.04098046419422
758.367791499719,-3.06642800520366
753.142016597437,-3.08038432811046
747.952251562182,-3.0864734107016
742.798248256492,-3.08243499859126
737.679760252773,-3.05926577555722
732.596542821523,-3.00226023576892
727.548352919623,-2.90122833998692
722.534949178721,-2.77308795526271
717.556091893692,-2.66676712599594
712.611543011175,-2.62292367819726
707.701066118189,-2.64540591778184
702.824426430835,-2.71878834765847
697.981390783066,-2.82912666771575
693.17172761554,-2.96762072462057
688.39520696455,-3.12511919080402
683.651600451024,-3.28428011161649
678.940681269611,-3.41428092274237
674.262224177835,-3.47576599928324
669.616005485322,-3.43958487558846
665.001803043112,-3.30502090107201
660.419396233031,-3.09762784833633
655.868565957143,-2.85137967197972
651.349094627281,-2.59568890260386
646.860766154633,-2.3544920802776
642.40336593942,-2.15035182451897
637.976680860628,-2.00543321943466
633.580499265825,-1.93685853350233
629.214610961035,-1.95073541873857
624.878807200689,-2.04124730916761
620.57288067765,-2.19531523724514
616.296625513294,-2.39707091755478
612.04983724767,-2.62794395895421
607.832312829723,-2.86433345548597
603.643850607587,-3.07770036374755
599.484250318941,-3.23830159505244
595.353313081437,-3.3185087957412
591.250841383188,-3.29257102186487
587.176639073326,-3.13672031284703
583.130511352622,-2.83950779109754
579.112264764176,-2.42772259549555
575.121707184161,-1.98678238870259
571.158647812643,-1.63071247598806
567.222897164454,-1.43120849376079
563.314267060136,-1.38853228100593
559.432570616938,-1.46664223888599
555.577622239888,-1.6342584545266
551.749237612913,-1.8759875294637
547.947233690029,-2.17912259753866
544.171428686589,-2.5159043925109
540.421642070592,-2.8393108631089
536.697694554048,-3.09149462156314
532.999408084409,-3.21105042705706
529.326605836056,-3.14157242759098
525.679112201842,-2.85922340449006
522.056752784698,-2.41161844149907
518.459354389291,-1.91405373337654
514.886745013749,-1.48176265887117
511.338753841433,-1.1714788362601
507.815211232767,-0.987314404817833
504.315948717136,-0.918789211568746
500.840798984821,-0.965735471064629
500,-0.99551292924762
497.389595879006,-1.13579702517346
493.962174387832,-1.42871142142259
490.558370636505,-1.83133784767405
487.178021879463,-2.31962042646439
483.820966492595,-2.84506498702613
480.487043965513,-3.31163852799734
477.176094893875,-3.59047838955574
473.887960971765,-3.60054854974335
470.622484984128,-3.37186491006473
467.379510799247,-3.00473573715443
464.158883361278,-2.59358671498542
460.960448682844,-2.20014653652522
457.784053837662,-1.8630550612476
454.62954695324,-1.60611202421536
451.49677720361,-1.44066273915315
448.385594802119,-1.37655042077325
445.295850994266,-1.43644114260864
442.22739805059,-1.64920483494184
439.180089259609,-2.01008021103065
436.153778920801,-2.44361191631141
433.14832233764,-2.83714996342435
430.16357581068,-3.12130368552114
427.199396630678,-3.29726894860458
424.255643071778,-3.40232948921944
421.332174384729,-3.47174034762021
418.428850790158,-3.52458739330121
415.545533471888,-3.56752725748775
412.682084570296,-3.60166973014476
409.838367175726,-3.62437474036643
407.014245321944,-3.62813424331766
404.209583979631,-3.60379164716719
401.424249049932,-3.54167283759106
398.658107358044,-3.42359161786937
395.911026646846,-3.22773408902658
393.182875570577,-2.96978149749715
390.473523688556,-2.73878114218651
387.782841458946,-2.61367738915673
385.110700232557,-2.5624431651767
382.4569722467,-2.46751453246535
379.821530619074,-2.15810483349072
377.2042493417,-1.52839828330174
374.605003274899,-0.913294878931945
372.023668141307,-0.825377831373241
369.46012051993,-1.24607410399529
366.914237840249,-1.87182282753296
364.385898376355,-2.10674123821802
361.874981241128,-1.12503961844471
359.381366380463,0.508496622450612
356.904934567523,1.36930057112862
354.445567397043,0.988589747739828
352.003147279668,-0.449942665135505
349.577557436327,-2.01422632285304
347.168681892656,-2.64127582428342
344.776405473446,-2.53738559119649
342.400613797142,-2.41435008011551
340.041193270371,-2.36966129561001
337.698031082509,-1.89951030806166
335.371015200293,-0.514260748741701
333.333333333333,1.41869956461536
333.060034362459,1.7083041073894
330.764978074424,4.05706088551513
328.485736603004,5.17397563394862
326.222200971167,3.74464986874735
323.97426295282,0.780355564092294
321.741815067637,-1.51425030589619
319.524750575921,-2.44401168425734
317.322963473498,-2.16686445473392
315.136348486648,-1.01385910354046
312.964801067075,0.296342562487941
310.808217386907,1.00761805736001
308.666494333727,0.997205160380436
306.539529505653,0.517482438616828
304.42722120643,0.0133972242612872
302.329468440578,0.179579114432063
300.246170908555,1.51807917498049
298.177229001967,3.47152607068607
296.122543798804,4.24192887174771
294.082017058706,3.25210397342885
292.055551218275,1.9936403932724
290.043049386399,1.23884772746591
288.04441533963,0.507457794049448
286.059553517574,-0.132670911069918
284.08836901833,0.368848229192897
282.130767593947,2.22330391448223
280.18665564592,3.56609468625424
278.255940220713,2.80215515453252
276.338529005317,0.526479273704543
274.434330322837,-1.71633958306283
272.543253128103,-2.57003511215758
270.665207003324,-0.941904235471621
268.800102153761,3.33571085538016
266.947849403432,8.53597488989654
264.398832986803,11.6578343910893
263.281546564802,10.3497889671725
261.467321180109,5.2365621487504
259.665597293487,-0.710575838364274
257.87628875938,-3.5319951011043
256.099310025846,-2.63531138718393
254.334576130465,-0.0754593484711377
252.582002696278,2.6779853298862
250.841505927754,4.83741094246033
250,5.30644501489868
249.113002606779,4.97112349992169
247.396410088681,1.14975221316012
245.691646298279,-2.82907323274939
243.998629725955,-3.25846658947041
242.31727942376,-2.28912638393934
240.647515001542,-1.3351863585941
238.989256623105,-0.849744119951036
237.342425002387,-1.32501027082373
235.706941399673,-2.34389317027206
234.082727617829,-1.8736343243837
232.469705998565,-0.380451316105716
230.867799418717,0.265754887874626
229.276931286565,-0.919068199287334
227.697025538168,-2.74013266464653
226.128006633728,-3.07906043570194
224.569799553977,-1.02339012174915
223.022329796594,2.7709290850517
221.485523372636,6.77983209954961
219.959306803008,7.86006514248495
218.443607114943,3.53753681371318
216.938351838519,-1.62456085374709
215.443469003188,-3.29071775208716
213.958887134342,-1.7554818879072
212.484535249888,1.16038009032245
211.02034285686,2.80101266706517
209.566239948043,1.72036321298758
208.122156998634,-0.463917312983777
206.688024962908,-2.30362877130623
205.263775270925,-2.88555021930945
203.849339825246,-2.53896008344843
202.44465099768,-2.46163466206688
201.04964162605,-3.03109283022955
200,-3.40651086626543
199.664245010979,-3.47291800731001
198.288394912707,-3.46989360103329
196.922025547917,-3.28938548271285
195.565071586595,-3.33402732147332
194.217468148903,-3.38492614123681
192.879150802078,-3.25757308127124
191.550055557353,-3.26344323911298
190.230118866895,-3.23924900351393
188.919277620767,-3.36890464630944
187.617469143912,-3.59850942884598
186.324631193156,-3.23079641842592
185.04070195423,-2.93344129683394
183.765620038817,-2.54522260940548
182.499324481615,-2.15546452664746
181.241754737424,-2.45549821727961
179.992850678248,-2.35899263220234
178.752552590424,-2.24244046187705
177.520801171764,-2.91542299279724
176.297537528721,-2.96045586850148
175.082703173572,-2.17130645524703
173.876240021625,-0.500945461182094
172.678090388436,0.722135240529743
171.488196987054,-0.556044305929656
170.306502925284,-2.10099228558338
169.132951702965,-2.99611621823477
167.967487209265,-2.75015244431209
166.810053720006,-1.62321229862688
166.666666666667,-1.46852196040778
165.660595894991,-0.120668951010781
164.519058775366,2.19117223410801
163.385387780986,4.15917514637274
162.259528707809,1.0372553792157
161.141427725302,-3.14335743751642
160.03103137387,-0.684614044796898
158.928286562298,4.80753441815846
157.833140565212,7.80817482414422
156.745541020559,2.96171301491886
155.665435927106,-3.15852801273651
154.592773641948,-1.67727382758052
153.527502878042,2.81904070682392
152.469572701757,3.72618916552013
151.418932530435,-0.0947660998193198
150.375532129974,-3.34352019171235
149.339321612425,-1.5356851600146
148.310251433611,-0.463745191277932
147.28827239075,-1.69809063472958
146.273335620113,-3.2541742060897
145.265392594678,-2.0664987399556
144.264395121816,-1.55567656694081
143.270295340983,-1.49497639604534
142.857142857143,-1.63671208721508
142.283045721435,-1.62713468095348
141.302599059953,-0.942356573663726
140.328908478587,-2.32536348646048
139.361927422414,-1.37705877111552
138.401609657313,3.14703213916487
137.447909267754,6.50228614896701
136.500780654601,1.7549892287252
135.560178532937,-3.21503884738929
134.626057929891,-0.742142655143833
133.698374182495,3.94902934829266
132.777082935543,1.37948665578235
131.862140139475,-2.28978814629577
130.953502048267,-3.45763001289326
130.051125217341,-3.52125705240585
129.154966501488,-3.08662283561112
128.264983052806,-2.7317754611298
127.381132318648,-3.20712798592696
126.50337203959,-2.90296363010357
125.631660247412,-1.68651361427008
125,-1.18948510293837
124.765955263087,-1.48035302765303
123.906215694792,-3.41520176915092
123.052400435926,-3.333141736136
122.204468663149,-2.18207796079407
121.362379834424,-2.11993785334489
120.526093687084,-2.98104534197519
119.695570235904,-3.42794076698756
118.87076977119,-3.31554091946709
118.051652856881,-3.08302518772491
117.23818032866,-2.94683343740747
116.430313292088,-3.31057460614489
115.628013120738,-3.64876671126411
114.831241454351,-3.26394032076216
114.039960197003,-2.59944387688081
113.254131515281,-2.6713663444513
112.473717836475,-3.61770641840813
111.698681846782,-2.80011767450351
111.111111111111,-0.94678116247665
110.928986489522,-0.443137516371375
110.164594963366,-0.283421998566051
109.405470720574,-2.94099435080021
108.651577465254,-3.03090457108366
107.902879151618,-1.06207793068223
107.159339982267,-0.656061311829585
106.420924406472,-2.71326105256049
105.68759711848,-1.89558857833493
104.959323055823,-0.738365933878849
104.23606739764,-3.13919014373833
103.517795563018,-2.71863385556535
102.804473209331,1.36384032821228
102.096066230605,-0.00467607380844992
101.392540755882,-2.61445866233397
100.693863147603,-1.087504269081
100,-0.653691176011487
100,-0.653691176011544
99.310918137498,-1.28838373108091
98.6265846131283,-2.32484136476749
97.946966706954,-2.59317522491922
97.2720319245054,-2.54255666762516
96.6017479952265,-3.56514736716617
95.9360828709315,-2.92835934795594
95.2750047242729,-2.61698465542492
94.61848194722,-3.56076504118011
93.966483149547,-0.133742507665725
93.3189771573324,-0.590596873489754
92.6759330114688,-3.58133880109115
92.0373199661823,-1.46337775165862
91.4031074875623,-1.0300172526809
90.9090909090909,-2.28599706552962
90.7732652521023,-2.27989525615792
90.1477631452492,-2.92272850654104
89.526571259964,-3.04704348633718
88.9096598952916,0.324685497589503
88.2969995549409,-0.443512443551024
87.6885609458743,-3.55821692090914
87.0843149769073,-1.06555661920505
86.4842327573172,-1.4238061243402
85.8882855954625,-2.93109867637811
85.2964449974102,-1.86416917384058
84.7086826655741,-2.80103737166381
84.1249704973612,-2.02229030192477
83.5452805838287,-3.57343039174175
83.3333333333333,-2.84975401073849
82.9695852083491,-1.29880188274403
82.3978568452852,-3.34179330225212
81.8300681586739,1.98945182168022
81.2661920009194,-0.527695527034107
80.706201411495,-0.96243643581577
80.150069615654,9.10176444003408
79.5977700231498,-1.30170016130988
79.0492762269642,-1.43107532174114
78.5045620020451,-0.440710507814127
77.9636013040523,1.10608094328326
77.4263682681127,-3.64223974032775
76.9230769230769,1.09872451336513
76.8928372075831,1.40471200870711
76.3629826128224,-3.29317640362587
75.8367791499719,-1.57378081620306
75.3142016597437,-2.80537788366926
74.7952251562182,-2.41412400958513
74.2798248256491,-2.61851191611425
73.7679760252773,-3.05994229216021
73.2596542821523,-2.25423800383576
72.7548352919623,-3.43505387930589
72.2534949178722,-3.6085253016845
71.7556091893693,-2.56084776922416
71.4285714285714,-1.2855700314749
71.2611543011175,-1.83599781432677
70.7701066118189,-3.08183783193304
70.2824426430835,-1.1092845791165
69.7981390783066,-2.22564810154933
69.3171727615541,-3.22596764009155
68.839520696455,-3.47262867730744
68.3651600451024,-0.808813271944994
67.8940681269611,-2.70998030288736
67.4262224177834,-1.88516496736839
66.9616005485322,-3.08178812510497
66.6666666666667,1.44485996251853
66.5001803043112,1.37613726897725
66.0419396233031,-1.64278825095557
65.5868565957143,-0.26771034182904
65.134909462728,-1.12232185025713
64.6860766154633,-2.34636947691653
64.2403365939419,-1.85228693890202
63.7976680860628,-3.00668152414893
63.3580499265825,0.139563858058854
62.9214610961034,-2.49228447762236
62.5,-1.94340135742571
62.4878807200689,-1.99943575994599
62.057288067765,-3.04657214978773
61.6296625513294,-2.82504525422545
61.204983724767,-3.50684070373493
60.7832312829723,-2.07931649361283
60.3643850607587,-3.56901856112882
59.9484250318941,-2.96569437660853
59.5353313081437,-3.65836144583347
59.1250841383188,-3.65203398979109
58.8235294117647,-2.87597404928926
58.7176639073326,-1.85385443428977
58.3130511352622,-2.71912261156096
57.9112264764176,-2.76754882533104
57.5121707184161,-2.29028963301267
57.1158647812643,-3.66076472365243
56.7222897164454,-3.10672631029955
56.3314267060136,-2.59879194930788
55.9432570616938,-2.5625539269668
55.5577622239888,-2.28749551979022
55.5555555555556,-2.26039147417328
55.1749237612912,-1.60263626976951
54.7947233690029,-2.92374869023079
54.4171428686589,-2.94525283266479
54.0421642070592,-2.78632703693237
53.6697694554048,-3.18618237153687
53.2999408084409,-3.54319276067103
52.9326605836056,-2.05665161471772
52.6315789473684,-2.89038275019733
52.5679112201842,-3.05689430899808
52.2056752784698,-1.26023338618411
51.8459354389291,-3.2363792448978
51.488674501375,-3.57980640104175
51.1338753841433,-2.81029369962995
50.7815211232767,-2.34712666343232
50.4315948717136,-0.457536468803663
50.0840798984821,-3.20354488219608
50,-2.73246081892536
49.7389595879007,-3.32632044261292
49.3962174387832,-2.26351542800647
49.0558370636505,-2.63121997187705
48.7178021879463,-2.99587368395275
48.3820966492596,-3.18808292842653
48.0487043965513,-0.124639089717628
47.7176094893875,-2.96768941604507
47.6190476190476,-1.8765619150367
47.3887960971765,-2.24476869650074
47.0622484984128,-3.41677027461717
46.7379510799246,1.86035591988751
46.4158883361278,-2.06716351842162
46.0960448682843,-1.77137783089044
45.7784053837662,-2.86287484313986
45.462954695324,-2.93147090441756
45.4545454545455,-2.92213738747939
45.149677720361,-2.67774498935067
44.8385594802119,-2.11506334054878
44.5295850994266,-2.61708951211819
44.222739805059,8.4703399312735
43.9180089259609,-0.16244173992042
43.6153778920801,-0.9656052929305
43.4782608695652,-1.95282901725595
43.314832233764,-2.26531203730205
43.016357581068,-3.61323137295691
42.7199396630678,-1.53112806957595
42.4255643071778,-2.0852902207478
42.1332174384729,-0.766747128726858
41.8428850790158,-0.717441930500125
41.6666666666667,-3.22039291758018
41.5545533471888,-1.4155998882252
41.2682084570295,-3.27071192930664
40.9838367175726,-1.49977432186075
40.7014245321944,-2.80242615124409
40.4209583979631,-3.42620946053052
40.1424249049932,0.289258088841554
40,-3.22723593396027
39.8658107358044,-1.43454774812725
39.5911026646846,-2.95744812943543
39.3182875570577,-2.54289724468991
39.0473523688556,-0.739617017217436
38.7782841458946,-2.96348332002419
38.5110700232557,-3.27685344395864
38.4615384615385,-3.51072080308095
38.24569722467,-1.640321960007
37.9821530619073,-1.5535245663102
37.72042493417,-3.36651679923885
37.4605003274899,-1.68259056110771
37.2023668141307,-3.06247810606571
37.037037037037,-3.55587449716294
36.946012051993,-3.21515925743052
36.6914237840249,-2.17565851263843
36.4385898376355,-2.78422886493875
36.1874981241128,-2.47207043943923
35.9381366380463,-3.14562427459283
35.7142857142857,-2.80343181284637
35.6904934567523,-3.08154471963062
35.4445567397043,-0.646909872835162
35.2003147279668,-1.91210029953542
34.9577557436328,-3.17820744426866
34.7168681892656,-3.48989347822406
34.4827586206897,-3.48265363818218
34.4776405473446,-3.41758749976342
34.2400613797142,-3.11613284494411
34.0041193270371,-1.22694712005805
33.7698031082509,-3.49527033151135
33.5371015200293,-1.69329549453196
33.3333333333333,-2.14116419151683
33.3060034362459,-0.118246211624078
33.0764978074424,-3.11072103967613
32.8485736603004,-3.25333373151188
32.6222200971167,-2.67322790744653
32.397426295282,1.41192690559887
32.258064516129,-2.7586415736405
32.1741815067637,0.0124764114666691
31.9524750575921,-3.18272501582411
31.7322963473498,-3.64726429183413
31.5136348486648,-3.33709287740667
31.2964801067075,-2.9456814642143
31.25,-3.38099136149288
31.0808217386906,-3.15894392582153
30.8666494333727,-3.4265814979992
30.6539529505653,-3.17021302006851
30.442722120643,-0.484839095900081
30.3030303030303,-3.65211080838399
30.2329468440578,-2.75628995975414
30.0246170908555,-3.39699776223004
29.8177229001967,-3.25746636210122
29.6122543798804,-3.28517636319871
29.4117647058824,-2.92928356180941
29.4082017058706,-2.88266159943616
29.2055551218275,-3.15712418318396
29.0043049386399,-2.95121055450683
28.804441533963,-2.276000378146
28.6059553517574,-3.07273032635551
28.5714285714286,-3.65073359799681
28.408836901833,-3.55325314536976
28.2130767593947,-2.97880051013559
28.018665564592,-3.42069829621057
27.8255940220712,-2.99534442857044
27.7777777777778,-3.64059798118366
27.6338529005317,-1.35585661590876
27.4434330322836,-1.28446649071374
27.2543253128103,-1.73067708261022
27.0665207003324,0.734056281626938
27.027027027027,-1.31334859546488
26.8800102153761,1.64050890581884
26.6947849403432,0.888913063930848
26.5108360190854,-3.02961580007529
26.3281546564802,-2.12998484542994
26.3157894736842,-0.841798421374715
26.1467321180109,-1.98932971547388
25.9665597293487,-3.23810204759128
25.787628875938,-1.38869581297241
25.6410256410256,-2.07775100918014
25.6099310025846,-2.4091696519474
25.4334576130465,-2.67493124087845
25.2582002696278,1.42144800412554
25.0841505927754,0.0596978603207008
25,7.01852782847151
24.9113002606779,3.90330011602446
24.7396410088681,2.96502421657492
24.5691646298279,-2.77148123649466
24.3998629725955,-1.78923077289313
24.390243902439,-2.29430784045207
24.231727942376,-2.62913781733065
24.0647515001542,-2.17185092906187
23.8989256623105,-3.36749656836489
23.8095238095238,-3.46098899500553
23.7342425002387,-1.89826153348356
23.5706941399673,-1.48161662695331
23.4082727617829,-0.383673361696718
23.2558139534884,-3.01576507635506
23.2469705998565,-3.50595786127259
23.0867799418717,-3.0889537653734
22.9276931286565,-2.27623879391903
22.7697025538168,-2.20428084663488
22.7272727272727,-3.30709488925363
22.6128006633728,-2.2597767096724
22.4569799553977,-1.59355852615063
22.3022329796594,-2.89036975881815
22.2222222222222,-3.31724160386291
22.1485523372636,-0.183263797612777
21.9959306803007,-2.00237234356494
21.8443607114943,-2.96889702240334
21.7391304347826,-3.33915749375999
21.6938351838518,-0.0542063207664496
21.5443469003188,-2.85132567986325
21.3958887134342,-3.0998483832205
21.2765957446809,-0.0983478916271947
21.2484535249888,-0.928849529625619
21.102034285686,-3.25738506899013
20.9566239948043,-2.53047012617226
20.8333333333333,-2.6666986422167
20.8122156998634,-3.45486206173218
20.6688024962908,-3.25453351542096
20.5263775270925,-1.56457690160219
20.4081632653061,-2.3771811459125
20.3849339825246,0.606725538377067
20.244465099768,-1.8176617772592
20.104964162605,0.16285051191169
20,-2.21241221346646
19.9664245010979,-3.2500311434821
19.8288394912707,-2.87117370194685
19.6922025547917,-3.53013474727812
19.6078431372549,-3.45063879846584
19.5565071586595,-2.67642241249284
19.4217468148903,-3.29188768896948
19.2879150802078,-2.82889662113343
19.2307692307692,-2.30441205235432
19.1550055557353,-2.62914440195722
19.0230118866894,-3.58336957504003
18.8919277620767,-2.54281776124061
18.8679245283019,-1.09095344799727
18.7617469143912,-3.59771343708565
18.6324631193156,-0.650219114694532
18.5185185185185,-3.52046763342444
18.504070195423,-2.84215638208048
18.3765620038817,-0.902961282831352
18.2499324481615,-3.38897045746675
18.1818181818182,-3.56842105359523
18.1241754737424,-2.85169500459461
17.9992850678248,-3.01971913770445
17.8752552590424,-3.15124380791299
17.8571428571429,-2.81842991769285
17.7520801171764,-3.30261657017995
17.6297537528721,-3.24541191313618
17.5438596491228,-0.356271808559295
17.5082703173572,-1.7524707814881
17.3876240021625,-2.10806325755665
17.2678090388436,-3.09599234988279
17.2413793103448,-2.14286456005292
17.1488196987054,-3.26662442779699
17.0306502925284,-0.208051597104411
16.9491525423729,2.79711941806902
16.9132951702965,-2.29363533880108
16.7967487209265,-3.54987765732549
16.6810053720006,0.671880469595455
16.6666666666667,-1.81784373932198
16.5660595894991,-3.16982261815597
16.4519058775366,-2.72410312082946
16.3934426229508,-3.15073149761248
16.3385387780986,-3.28408894337063
16.2259528707809,-3.53588358955745
16.1290322580645,-0.804731434578609
16.1141427725302,-0.533981765269355
16.003103137387,-3.5944983872378
15.8928286562298,-3.37043746579406
15.8730158730159,-0.357296643823825
15.7833140565212,-2.08797350958728
15.674554102056,-2.39243064981816
15.625,-0.54660828387055
15.5665435927106,-0.951871355401901
15.4592773641948,-2.64456399523238
15.3846153846154,-0.533755904311287
15.3527502878042,-3.40403355146797
15.2469572701757,-2.57312259983568
15.1515151515152,0.583518835384713
15.1418932530435,-0.950165233177311
15.0375532129974,-2.50989117453362
14.9339321612425,-0.806246100860487
14.9253731343284,-0.370461878534353
14.831025143361,-3.11619391769512
14.728827239075,-2.43632038332474
14.7058823529412,-2.71738503448999
14.6273335620113,-3.65088068203716
14.5265392594678,-1.42973251551607
14.4927536231884,-3.41909504089038
14.4264395121816,-3.56075267455285
14.3270295340983,-1.57137867705641
14.2857142857143,-0.723670947088162
14.2283045721435,-0.784982234974403
14.1302599059953,-1.67362137709379
14.0845070422535,-0.693739276595816
14.0328908478587,0.770038022236084
13.9361927422414,-1.56066404211536
13.8888888888889,-2.94281074507439
13.8401609657313,-0.963860279219044
13.7447909267754,-3.17508819987371
13.6986301369863,-3.36474774492181
13.6500780654601,-1.81412172978024
13.5560178532937,-0.848569740495701
13.5135135135135,-1.18878307761421
13.4626057929891,-1.4093827207276
13.3698374182495,-1.86765559604579
13.3333333333333,3.63654431527882
13.2777082935543,-1.67973078968363
13.1862140139475,-2.16705934880438
13.1578947368421,-1.36911388882832
13.0953502048267,1.0411661686028
13.0051125217341,-3.32564970955179
12.987012987013,-2.16754141406026
12.9154966501488,-3.39100443522586
12.8264983052806,1.46770536730647
12.8205128205128,2.16076948646098
12.7381132318648,-2.62726167816448
12.6582278481013,-2.30820227241632
12.650337203959,-0.958878910134966
12.5631660247412,-3.22554510896698
12.5,-1.79818938946293
12.4765955263087,-3.06744011776486
12.3906215694792,-3.55578847635696
12.3456790123457,-2.88090756635888
12.3052400435926,-3.32959885940052
12.2204468663149,-0.715310118702813
12.1951219512195,-1.70067421948694
12.1362379834424,-1.04803948571024
12.0526093687084,-1.09538147913458
12.0481927710843,-1.24249698512368
11.9695570235904,5.53874148684217
11.9047619047619,-3.59522610084725
11.887076977119,-1.88033378592679
11.8051652856881,-2.15205936234097
11.7647058823529,-3.27149030258227
11.723818032866,-2.36008270369815
11.6430313292088,0.821605579051568
11.6279069767442,-3.2296684703932
11.5628013120738,-2.63309287143776
11.4942528735632,-1.08519194785934
11.4831241454351,-0.522674300379076
11.4039960197003,-3.6407005945105
11.3636363636364,-3.6277625534265
11.3254131515281,-3.29460077654029
11.2473717836475,-3.19545422576708
11.2359550561798,-3.46976853542911
11.1698681846782,-3.1989612757204
11.1111111111111,-1.67149502811049
11.0928986489522,-3.3059388621185
11.0164594963366,-2.59169745164281
10.989010989011,-1.02724726129604
10.9405470720574,-2.50190977773165
10.8695652173913,-1.24529775917197
10.8651577465254,-1.41858686179476
10.7902879151618,-2.75775355856261
10.752688172043,-2.8856150237675
10.7159339982267,-2.71339571327799
10.6420924406472,-2.82241164463685
10.6382978723404,-2.42193635612947
10.568759711848,-3.01587338681908
10.5263157894737,-3.43258793913365
10.4959323055823,-2.73635292692007
10.423606739764,-1.86637063327951
10.4166666666667,-2.52170549233322
10.3517795563018,-1.66716448937715
10.3092783505155,-3.1643797334426
10.2804473209331,-2.7238086758716
10.2096066230605,-2.64141895230464
10.2040816326531,-2.80165440280366
10.1392540755882,-0.141762121500402
10.1010101010101,-3.63408118809611
10.0693863147603,-3.50247595455401
10,-1.87526032074457
10,-1.87526032074448
9.9310918137498,-2.77662779002868
9.9009900990099,1.22854284583001
9.86265846131282,0.418180447113675
9.80392156862745,-3.26776161555243
9.79469667069539,0.632217220183709
9.72720319245054,-2.86358766799288
9.70873786407767,-3.40995272285265
9.66017479952265,-1.68032239573177
9.61538461538461,-3.13445815088785
9.59360828709314,-2.90306104016868
9.52750047242729,-1.86440834179761
9.52380952380952,-2.4225933269178
9.461848194722,-2.1331452749492
9.43396226415094,-3.35248416918644
9.39664831495469,-3.39692166192104
9.34579439252336,-2.87259513441928
9.33189771573324,-3.10976004260676
9.26759330114688,-1.44398481338068
9.25925925925926,-0.64297384610857
9.20373199661822,-2.3218942927976
9.1743119266055,-3.56327371003838
9.14031074875623,-3.49748451048374
9.09090909090909,-0.88142414679201
9.07732652521023,-3.19200739454318
9.01477631452492,-3.17249729612622
9.00900900900901,-3.63663546688805
8.9526571259964,-1.90087011431852
8.92857142857143,-3.35995300773881
8.89096598952916,-3.01929749762773
8.84955752212389,0.408502113441291
8.82969995549409,-1.67892107576297
8.7719298245614,-2.50619921920549
8.76885609458743,-3.45023492176868
8.70843149769072,-3.53375780059265
8.69565217391304,-3.59552368202743
8.64842327573172,0.745083442452246
8.62068965517241,-1.76693698112838
8.58882855954625,-0.954487363983911
8.54700854700855,0.934206453486856
8.52964449974102,-0.312765488454356
8.47457627118644,-2.43729441071003
8.47086826655741,-3.62323058256812
8.41249704973612,-3.3833488436971
8.40336134453781,-1.64206400631106
8.35452805838287,1.55702223088507
8.33333333333333,1.40948386797134
8.29695852083491,-3.25267357938788
8.26446280991736,-2.0833262131879
8.23978568452852,-3.27774104960614
8.19672131147541,-3.52574152972674
8.18300681586739,-3.40079428418643
8.13008130081301,-3.10665683237867
8.12661920009195,-2.97619342630532
8.0706201411495,-2.60261539404807
8.06451612903226,-1.82933043003849
8.01500696156541,-3.6547317527612
8,-3.6534161274677
7.95977700231498,-3.23878081496603
7.93650793650794,-2.64675102341313
7.90492762269642,-3.02756491106431
7.8740157480315,0.834461299691061
7.85045620020451,-3.42534161877416
7.8125,-3.55702614162019
7.79636013040523,-3.1923814305038
7.75193798449612,-2.89248012497107
7.74263682681127,-2.97699139599966
7.69230769230769,-3.57010808960306
7.68928372075831,-3.10103270128085
7.63629826128224,-2.69843854849612
7.63358778625954,-2.66935503327754
7.58367791499719,-3.31619083901067
7.57575757575758,-3.28840373345418
7.53142016597437,-2.85317263039057
7.5187969924812,-2.51836268385606
7.47952251562182,-2.31052180924429
7.46268656716418,-3.55160499387939
7.42798248256492,-3.06852668317729
7.40740740740741,-2.56258260880154
7.37679760252773,-3.19193814066399
7.35294117647059,2.05545357135567
7.32596542821523,-3.4800216449867
7.2992700729927,-3.27153099523575
7.27548352919623,-3.02903386118718
7.2463768115942,-2.68932065365673
7.22534949178722,-1.69084670281334
7.19424460431655,0.1302784109369
7.17556091893693,-2.0118071526822
7.14285714285714,-2.82466991204553
7.12611543011175,-2.56312210374424
7.09219858156028,-2.6578236743643
7.07701066118189,-2.58243270074304
7.04225352112676,-1.19057495871923
7.02824426430835,-2.70458751378943
6.99300699300699,0.187359053874379
6.97981390783066,-2.85572604332925
6.94444444444444,-1.46873331110909
6.93171727615541,-3.53632837431844
6.89655172413793,-3.02494050059867
6.8839520696455,-2.91134520130752
6.84931506849315,-2.2507263209933
6.83651600451024,-1.41792638907186
6.80272108843537,-3.02061748370191
6.78940681269611,-1.95810724751028
6.75675675675676,-0.894690728822762
6.74262224177834,-3.29119538314354
6.71140939597315,-2.65412859847357
6.69616005485322,-3.00746211414805
6.66666666666667,-2.97599893953254
6.65001803043112,-2.1998463752126
6.62251655629139,-2.94613081036804
6.6041939623303,-3.61840006456587
6.57894736842105,-2.88965468891633
6.55868565957143,-0.384318486217334
6.5359477124183,-2.2948304498732
6.5134909462728,-2.93805201798771
6.49350649350649,-1.04761777309899
6.46860766154633,-1.16681196172866
6.45161290322581,-1.49082220855568
6.42403365939419,-3.5437617525571
6.41025641025641,-2.72555023174673
6.37976680860628,-2.85096506893735
6.36942675159236,-2.63206752182672
6.33580499265825,-0.37849846372212
6.32911392405063,-2.14015847411225
6.29214610961034,-3.42652925365975
6.28930817610063,-2.5958477359028
6.25,-3.32888740041825
6.24878807200689,-3.22955445515602
6.2111801242236,-1.61087466532724
6.2057288067765,-2.13983180101924
6.17283950617284,-2.28166461955326
6.16296625513294,-3.35479783729401
6.13496932515337,-3.09068110602605
6.1204983724767,-1.56484597951622
6.09756097560976,-3.51974137941415
6.07832312829723,-2.11775894062954
6.06060606060606,-3.52768656869274
6.03643850607587,-3.36411837342124
6.02409638554217,-2.28620658472003
5.99484250318941,-2.6947022221333
5.98802395209581,-3.11641778735109
5.95353313081437,-3.06981607448609
5.95238095238095,-3.29876477144078
5.91715976331361,-2.60399797154538
5.91250841383188,-3.33410017784105
5.88235294117647,-3.30742080128565
5.87176639073326,-3.40029507294154
5.84795321637427,-2.44042047260099
5.83130511352622,-1.70305680381842
5.81395348837209,-3.35279195023984
5.79112264764176,-3.41082998851418
5.78034682080925,-3.5815767970093
5.75121707184161,-3.50217029620084
5.74712643678161,-0.922613324766455
5.71428571428571,-3.12314209780548
5.71158647812643,-2.59867788816451
5.68181818181818,-2.44257289589016
5.67222897164454,-3.18157609767179
5.64971751412429,-0.00260869070198577
5.63314267060136,-2.74251263355257
5.61797752808989,-2.35314491200667
5.59432570616938,-3.18474130056965
5.58659217877095,-1.96625358512871
5.55577622239888,0.0655499283230272
5.55555555555556,-0.448138164311483
5.52486187845304,-2.64556983636229
5.51749237612913,-3.46705541800481
5.49450549450549,-2.83965295669558
5.47947233690029,-2.03561671052442
5.46448087431694,-3.59808054100135
5.44171428686589,-2.45803093046394
5.43478260869565,-3.3712952319383
5.40540540540541,-3.20174316289158
5.40421642070592,-3.07001272941438
5.37634408602151,-3.66334460843951
5.36697694554048,-2.36880245902936
5.3475935828877,-2.72254561549205
5.32999408084409,-3.14666323581791
5.31914893617021,-3.51323918078132
5.29326605836056,-3.54510464823955
5.29100529100529,-3.01283663575752
5.26315789473684,-3.55484114866176
5.25679112201842,-3.01819073799212
5.23560209424084,-1.96279805515932
5.22056752784698,-2.30621791040799
5.20833333333333,-2.22831425243971
5.18459354389291,-3.54938654153794
5.18134715025907,-3.61407564773365
5.15463917525773,-2.29179893413403
5.14886745013749,-1.85864957837769
5.12820512820513,-2.02379761457778
5.11338753841433,-3.36025881211738
5.10204081632653,-3.17557891060558
5.07815211232767,-3.33468976917346
5.0761421319797,-0.82144164276168
5.05050505050505,-3.26923586971297
5.04315948717136,-3.58603361741138
5.0251256281407,-3.09263244809723
5.00840798984821,-3.45523035864711
5,-3.30916220461311
4.97512437810945,-3.56129740352186
4.97389595879006,-2.70531487157488
4.95049504950495,-3.47706941352613
4.93962174387832,-3.13861449388427
4.92610837438424,-2.7377247528607
4.90558370636505,-2.81240207171352
4.90196078431372,-3.07669057648517
4.8780487804878,-0.978549746722289
4.87178021879463,-3.53458872767915
4.85436893203883,0.0992545332634807
4.83820966492596,-1.4894083188587
4.83091787439613,-3.48340296139498
4.80769230769231,-3.6228414557931
4.80487043965513,-2.87159080569962
4.78468899521531,-2.38494955347108
4.77176094893875,-3.37395444005794
4.76190476190476,-3.32589935315654
4.739336492891,-3.21992465244729
4.73887960971765,-3.1483314047157
4.71698113207547,-3.65680823738161
4.70622484984128,-3.57176881822083
4.69483568075117,-3.65502118112895
4.67379510799246,-3.44479739846131
4.67289719626168,-1.75967203079231
4.65116279069767,-2.43461920107269
4.64158883361278,-3.07235971427074
4.62962962962963,-2.55942379253342
4.60960448682843,-2.43053661366333
4.60829493087558,-1.25572941505937
4.58715596330275,-1.23617273282089
4.57784053837662,-2.22337910372247
4.5662100456621,-3.3436120311015
4.5462954695324,-3.34087066562325
4.54545454545455,-3.0440691381416
4.52488687782805,-2.29965955429484
4.5149677720361,-0.503804504485895
4.5045045045045,-0.427179593721472
4.48430493273543,-1.33528871538719
4.48385594802119,-1.40486775831716
4.46428571428571,-1.8948322005299
4.45295850994265,-1.86301939847588
4.44444444444444,-2.84566670911671
4.42477876106195,-3.17656876644319
4.4222739805059,-3.62183656456518
4.40528634361233,-3.13610106628534
4.39180089259609,-3.46266556418412
4.3859649122807,-2.76450299452803
4.36681222707424,-3.65365055285711
4.361537789208,-3.3368161794806
4.34782608695652,-2.99812768153528
4.3314832233764,-1.2068040800048
4.32900432900433,-3.55488241191882
4.31034482758621,-2.77194097926381
4.30163575810679,-1.25070297423509
4.29184549356223,-3.20260767750893
4.27350427350427,-2.87527761243681
4.27199396630678,-3.37665140467554
4.25531914893617,-1.26576753090854
4.24255643071778,-3.53524442769058
4.23728813559322,-3.55300454425359
4.21940928270042,-3.03504392086362
4.21332174384729,-3.64026352786707
4.20168067226891,-1.34895953053684
4.18428850790158,-2.6804227761393
4.18410041841004,-2.29550800536394
4.16666666666667,-1.42392409471385
4.15545533471888,-3.09901830219793
4.149377593361,-1.74546698022071
4.13223140495868,-3.04714834864064
4.12682084570295,-2.73338394249198
4.11522633744856,-3.40144114318344
4.09838367175726,-3.59243345747795
4.0983606557377,-3.58314965602899
4.08163265306122,-3.44593567966869
4.07014245321944,-3.6364207980939
4.0650406504065,-3.5836686448351
4.04858299595142,-3.20407692689822
4.04209583979631,-3.24833430361418
4.03225806451613,-3.63903856518528
4.01606425702811,-2.85249711755405
4.01424249049932,-3.40893266826533
4,-2.28790939474488
3.98658107358044,-2.6403192346866
3.98406374501992,-3.32495175171844
3.96825396825397,-2.8864178238682
3.95911026646846,-1.60155892275106
3.95256916996047,-2.19067042342869
3.93700787401575,-3.32557440546686
3.93182875570577,-3.21495851986908
3.92156862745098,-3.14726754060664
3.90625,-1.2707741119611
3.90473523688556,-2.7636167802468
3.89105058365759,-3.34258018879889
3.87782841458946,-2.33186813248615
3.87596899224806,0.191403054310702
3.86100386100386,-3.11055062259036
3.85110700232557,-3.64101213207352
3.84615384615385,-3.55142852200096
3.83141762452107,-2.06730140382596
3.824569722467,-3.06097495129493
3.81679389312977,-2.05741144611595
3.80228136882129,-3.41297051426865
3.79821530619074,-2.08997936882583
3.78787878787879,-3.5401978965083
3.77358490566038,-3.63395834365165
3.772042493417,-2.27349006090669
3.7593984962406,-3.34019091330417
3.74605003274899,-2.51077460850403
3.74531835205992,-1.38413177754885
3.73134328358209,-2.74463871980249
3.72023668141307,-2.2743465892377
3.71747211895911,-3.16029341602235
3.7037037037037,-1.69223596018865
3.6946012051993,-3.36899814550402
3.690036900369,-3.66046805358708
3.67647058823529,-3.61379351864395
3.66914237840249,-3.27922501175864
3.66300366300366,-3.55284957254825
3.64963503649635,-3.57707992996152
3.64385898376355,1.35777512535554
3.63636363636364,-2.20418326319766
3.6231884057971,-3.05591680711269
3.61874981241128,-3.57861644508805
3.6101083032491,-1.80428107122664
3.59712230215827,-2.73303092816995
3.59381366380463,-3.38743411019264
3.584229390681,-1.98486809544421
3.57142857142857,-1.96751011945717
3.56904934567523,-2.3016621806105
3.55871886120996,-3.26414528203214
3.54609929078014,-3.11150671098847
3.54445567397043,-3.07524086476932
3.53356890459364,-3.52001665677873
3.52112676056338,-0.570053900206555
3.52003147279668,-3.18441142617207
3.50877192982456,-3.09392577539868
3.4965034965035,-3.45447607026953
3.49577557436328,-3.63080598847928
3.48432055749129,-1.89883772010823
3.47222222222222,-3.52151816741168
3.47168681892656,-2.7295092870372
3.46020761245675,-3.07752053991039
3.44827586206897,-3.55477883266853
3.44776405473446,-2.57487824056438
3.43642611683849,-3.21769725594474
3.42465753424658,-3.18892243946298
3.42400613797142,-2.90265602540235
3.41296928327645,-1.81197018089587
3.40136054421769,-1.67342674239405
3.40041193270371,-3.01044509554516
3.38983050847458,-2.23424059599314
3.37837837837838,1.98209763730309
3.37698031082509,-3.01306205026396
3.36700336700337,-2.51184181868781
3.35570469798658,-3.37870764229477
3.35371015200293,-3.54355785323191
3.34448160535117,-0.535453263983707
3.33333333333333,-1.59472171217576
3.33060034362459,-1.65710386018231
3.32225913621262,-2.38570359800765
3.3112582781457,-1.58499411253727
3.30764978074424,-3.0722911114165
3.3003300330033,-1.86110304803914
3.28947368421053,-3.47272275156787
3.28485736603004,-2.85237128830031
3.27868852459016,-3.13599891002341
3.26797385620915,-3.48668994286624
3.26222200971167,-3.42764864680792
3.25732899022801,-2.14883541224419
3.24675324675325,-2.43100055050321
3.2397426295282,-1.80236642739784
3.23624595469256,-3.24518820615874
3.2258064516129,-3.18787433553826
3.21741815067637,-1.66828306089219
3.21543408360129,0.692691224832847
3.20512820512821,-0.87081349876298
3.19524750575921,-3.300260647347
3.19488817891374,-2.87250489294719
3.18471337579618,-1.96527424763111
3.17460317460317,-3.04216736037877
3.17322963473498,-3.20696985152345
3.16455696202532,-2.83889857629297
3.15457413249211,-3.10485389663743
3.15136348486648,-3.19606929727167
3.14465408805031,-2.08705179616954
3.13479623824451,1.25944878872945
3.12964801067075,-1.03846778566283
3.125,-3.62973240619378
3.11526479750779,-3.09073179320297
3.10808217386906,-1.60166942903258
3.1055900621118,-3.38476013412021
3.09597523219814,-2.49810553343819
3.08666494333727,-2.70884758485483
3.08641975308642,-2.40346790374609
3.07692307692308,-3.58555025330947
3.06748466257669,-3.58441211942518
3.06539529505653,-2.98842615121678
3.05810397553517,-3.58102871675642
3.04878048780488,-1.78272547519723
3.0442722120643,-3.56114504219688
3.03951367781155,-3.40959141869548
3.03030303030303,-2.33796452247885
3.02329468440578,-1.49117731446655
3.02114803625378,-1.59449361659521
3.01204819277108,-3.62069386267727
3.003003003003,-3.63775467228013
3.00246170908555,-3.17497473789735
2.9940119760479,-3.34339232337977
2.98507462686567,-3.42820260000918
2.98177229001967,-2.68132746682046
2.97619047619048,-2.50876016403991
2.9673590504451,-2.84657600812666
2.96122543798803,-3.37814506586444
2.9585798816568,-3.51456490782884
2.94985250737463,-3.46524450066645
2.94117647058824,-2.08993838445373
2.94082017058706,-3.33893309550232
2.93255131964809,-3.14386286603094
2.92397660818713,-3.54690311601559
2.92055551218275,-2.99865977512639
2.91545189504373,-2.38215429550057
2.90697674418605,-3.39763753830259
2.90043049386399,-3.37136748908294
2.89855072463768,-2.74811505637247
2.89017341040462,-2.76845283993814
2.88184438040346,-3.26804078876385
2.8804441533963,-3.32618109749945
2.8735632183908,-3.41940267088672
2.86532951289398,-3.47512553297473
2.86059553517574,-1.90528659077939
2.85714285714286,-3.38403189020552
2.84900284900285,-3.54672280198353
2.84090909090909,-2.80920261964753
2.8408836901833,-2.90744461188437
2.8328611898017,-3.65427305204396
2.82485875706215,-2.51240108740098
2.82130767593947,-2.38139546345352
2.8169014084507,-0.721960117886804
2.80898876404494,-2.07831388663676
2.8018665564592,-2.21525208377134
2.80112044817927,-1.42095902880826
2.79329608938547,-2.30823917391423
2.78551532033426,-2.80329638008017
2.78255940220712,-3.21918319296058
2.77777777777778,-2.42531929879204
2.77008310249307,-3.2029940905838
2.76338529005317,-2.59014748966213
2.76243093922652,-1.74954559708818
2.75482093663912,-1.91970788148354
2.74725274725275,-3.43055759615118
2.74434330322836,-3.63708536818087
2.73972602739726,-3.50070864589214
2.73224043715847,-2.86757296128529
2.72543253128103,-3.42348357704783
2.72479564032698,-2.87592283575394
2.71739130434783,-1.78327914699936
2.710027100271,-3.4780778600665
2.70665207003324,-3.4710670718738
2.7027027027027,-3.52396825475359
2.69541778975741,-3.22568419959289
2.68817204301075,-1.17950102747632
2.68800102153761,-1.35605591653488
2.68096514745308,-0.513124185157618
2.67379679144385,-1.38661274484844
2.66947849403432,-3.50293835631465
2.66666666666667,0.832497912124912
2.65957446808511,-2.07958869924017
2.6525198938992,-3.0485090788491
2.65108360190854,-3.20730250207928
2.64550264550265,-1.8361518498978
2.63852242744063,-1.10274695420604
2.63281546564802,-3.2041815230085
2.63157894736842,-1.49672777862919
2.6246719160105,-1.85517198601151
2.61780104712042,-3.1713577073116
2.61467321180109,-2.05937060611815
2.61096605744125,-3.65322000084368
2.60416666666667,-3.46990526887852
2.5974025974026,-2.70538481837506
2.59665597293487,-3.22541811819839
2.59067357512953,-3.3898300664281
2.58397932816537,-2.2984668672836
2.5787628875938,-3.25251371298553
2.57731958762887,-3.12207151924302
2.5706940874036,-2.79623945299114
2.56410256410256,-0.877882212046766
2.56099310025846,-3.06297009185708
2.55754475703325,-1.0869556649262
2.55102040816327,-1.48318575767264
2.54452926208651,-2.00702629228114
2.54334576130465,-3.28652355328482
2.53807106598985,-3.65545299901164
2.53164556962025,-2.36007086100978
2.52582002696278,-3.46442123662926
2.52525252525253,-3.08075609153412
2.51889168765743,-3.61006626562108
2.51256281407035,-2.87205160237398
2.50841505927754,-2.19579863949717
2.5062656641604,-3.47793715482761
2.5,-3.16484378294815
2.49376558603491,-3.22472348079902
2.49113002606779,-3.23343249793744
2.48756218905473,-2.79522925975358
2.48138957816377,-3.64774239104859
2.47524752475248,-2.02832838824083
2.47396410088681,-3.02108540128584
2.46913580246914,-3.44136208503165
2.46305418719212,-3.53476857259967
2.45700245700246,-0.0171981369704595
2.45691646298279,0.6116328234552
2.45098039215686,-3.33670127017076
2.44498777506112,-3.08841050791598
2.43998629725955,-2.82636612325625
2.4390243902439,-3.15882867779349
2.4330900243309,-2.86227727251044
2.42718446601942,-3.63837118362577
2.4231727942376,-3.12270637853241
2.42130750605327,-3.62218961849542
2.41545893719807,-2.84819942640866
2.40963855421687,-3.26228242714795
2.40647515001542,-2.94719457524068
2.40384615384615,-2.20146517215793
2.39808153477218,-2.63557993813118
2.39234449760766,-2.57709875669876
2.38989256623105,-2.70321938563849
2.38663484486874,-1.5677483064246
2.38095238095238,-3.41806540998236
2.37529691211401,-3.60468717164947
2.37342425002387,-3.51712232098638
2.3696682464455,-3.53289923159447
2.36406619385343,-1.91343120740923
2.35849056603774,-2.91473965688827
2.35706941399673,-3.15921122738761
2.35294117647059,-3.14970181236195
2.34741784037559,-3.44100809659495
2.34192037470726,-2.59991951767533
2.34082727617829,-3.65560271872421
2.33644859813084,-2.32454566325107
2.33100233100233,-2.34593878014921
2.32558139534884,-3.35779534082227
2.32469705998565,-3.57164407727499
2.32018561484919,-1.51423928214477
2.31481481481481,-3.20898406587657
2.3094688221709,-3.00418325511402
2.30867799418717,-3.03646304247219
2.30414746543779,-3.03915975334787
2.29885057471264,-2.39998713815789
2.29357798165138,0.265909506034849
2.29276931286565,-1.72723659880681
2.2883295194508,-3.43037783882304
2.28310502283105,-3.64353316737712
2.27790432801822,-1.37495518932492
2.27697025538168,-2.49813115959757
2.27272727272727,-2.91859654124679
2.26757369614512,-3.45257164435643
2.26244343891403,-2.34227552145493
2.26128006633728,-3.09264257339661
2.25733634311512,-3.6195352509949
2.25225225225225,-2.73239080439206
2.24719101123596,-3.10243509202881
2.24569799553977,-3.19213920695374
2.24215246636771,-3.65476879820839
2.23713646532438,-3.27676136968251
2.23214285714286,-2.20004936517814
2.23022329796594,-3.12286257456195
2.2271714922049,-3.489186304043
2.22222222222222,-2.72465713777883
2.21729490022173,-0.0985884611575427
2.21485523372636,-3.50075078984265
2.21238938053097,-3.39965107217672
2.2075055187638,-2.98233325084784
2.20264317180617,-2.03315310786617
2.19959306803007,-1.84714294246616
2.1978021978022,-3.54393633712096
2.19298245614035,-3.24402051951351
2.18818380743982,-3.64010691640636
2.18443607114943,-1.5751116774022
2.18340611353712,-2.61033146228847
2.17864923747277,-3.40648634832699
2.17391304347826,-3.07854631241916
2.16938351838518,-3.42543904289392
2.16919739696312,-3.54481160719045
2.16450216450216,-3.41537507918447
2.15982721382289,-1.68349624393975
2.1551724137931,-3.23936870299216
2.15443469003188,-2.9946732842378
2.1505376344086,-3.27673337594946
2.14592274678112,-3.41673128400584
2.14132762312634,-3.1415431859577
2.13958887134342,-3.39277132225045
2.13675213675214,-1.05635156426207
2.13219616204691,-3.37475461025444
2.12765957446809,-1.90021787763085
2.12484535249888,-3.41611742884011
2.12314225053079,-2.11919581169262
2.11864406779661,-3.2752445476528
2.11416490486258,-3.50886888946369
2.1102034285686,-2.61659453691309
2.10970464135021,-3.48462131182215
2.10526315789474,-3.22438699502477
2.10084033613445,-3.43835865381616
2.09643605870021,-3.30157632501739
2.09566239948043,-3.45476411671727
2.09205020920502,-3.24554611725598
2.08768267223382,-2.1503672227822
2.08333333333333,-1.63433237193
2.08122156998634,-2.8883892421896
2.07900207900208,-3.42873969522675
2.0746887966805,-3.12151174918166
2.0703933747412,-3.44574050240162
2.06688024962908,-3.59059992658156
2.06611570247934,-3.19977400330431
2.06185567010309,-2.8762342892203
2.05761316872428,-2.70680895004817
2.05338809034908,-3.21828926858039
2.05263775270925,-1.86436042515508
2.04918032786885,-3.5758683377093
2.04498977505112,-2.64169508622607
2.04081632653061,-3.63068975988552
2.03849339825246,-3.46760179671419
2.03665987780041,-3.607937788764
2.03252032520325,-2.77881068644178
2.02839756592292,-3.28384210472482
2.0244465099768,-3.31378984276069
2.02429149797571,-2.97117088823519
2.02020202020202,-3.00715416246198
2.01612903225806,-3.46376548858673
2.01207243460765,-1.45595679451132
2.0104964162605,-2.55250714757998
2.00803212851406,-2.9671034279534
2.00400801603206,-3.60974823809489
2,-3.54583278839312
1.99664245010979,-3.61861077284426
1.99600798403194,-3.40749926543425
1.99203187250996,-3.62969347447817
1.98807157057654,-3.26088849177726
1.98412698412698,-3.58471197581597
1.98288394912707,-3.43372713711473
1.98019801980198,-3.17771307829777
1.97628458498024,-2.36602356751957
1.9723865877712,-2.94901543383319
1.96922025547917,-3.04802009813498
1.96850393700787,-3.24060259363285
1.96463654223969,-3.50172924603894
1.96078431372549,-3.38420075494788
1.95694716242661,-3.31690091930751
1.95565071586595,-2.69220575600168
1.953125,-3.36975478529537
1.94931773879142,-2.33617725628015
1.94552529182879,-3.45752688358835
1.94217468148903,-3.24118181635144
1.94174757281553,-2.86286755955647
1.93798449612403,-3.53290401265449
1.93423597678917,-3.41999036657632
1.93050193050193,-3.36025235903459
1.92879150802078,-3.09696639832652
1.92678227360308,-3.17900745999328
1.92307692307692,-2.39507033424446
1.91938579654511,-2.03776642400212
1.91570881226054,-3.1039221842639
1.91550055557353,-3.49277176417048
1.91204588910134,-3.08217657355915
1.90839694656489,-2.25391011587687
1.9047619047619,-3.54723425826121
1.90230118866894,-3.59651675603287
1.90114068441065,-3.56585068934511
1.89753320683112,-3.39400498949713
1.89393939393939,-3.36615899395234
1.89035916824197,-2.86555411873116
1.88919277620767,-3.33950265889667
1.88679245283019,-2.40364961893466
1.88323917137476,-3.41282742640565
1.8796992481203,0.246634713223348
1.87617469143912,-2.90868343975621
1.87617260787992,-2.91619112204612
1.87265917602996,-3.41812207330916
1.86915887850467,-3.39468421195279
1.86567164179104,-3.54044920365289
1.86324631193156,-3.5345006452484
1.86219739292365,-3.31992807507263
1.85873605947955,-3.5239588793264
1.85528756957328,-3.28337423490869
1.85185185185185,-3.3829242408275
1.8504070195423,-3.40046387768084
1.84842883548983,-2.0797442513486
1.8450184501845,-2.27929017694957
1.84162062615101,-3.50881805378607
1.83823529411765,-2.69510343736054
1.83765620038817,-3.63505953346556
1.8348623853211,-3.46827632426602
1.83150183150183,-3.62035365282945
1.82815356489945,-2.06104660964247
1.82499324481615,-2.8745774178508
1.82481751824817,-3.30134092626762
1.82149362477231,-1.79246731300374
1.81818181818182,-2.40013217779638
1.81488203266788,-3.64996776478601
1.81241754737424,-1.58697553729182
1.81159420289855,-2.70002438019325
1.80831826401447,-3.59026937728596
1.80505415162455,-3.56427844598648
1.8018018018018,-2.55411467837176
1.79992850678248,-1.95410456479909
1.79856115107914,-3.01210495221123
1.79533213644524,-3.59563630070319
1.7921146953405,-3.59949494736095
1.78890876565295,-3.16953443889225
1.78752552590424,-2.96078540872754
1.78571428571429,-3.57539328398054
1.7825311942959,-2.51002784476229
1.77935943060498,-3.10657735837803
1.77619893428064,-3.35547068442035
1.77520801171763,-2.65004353734728
1.77304964539007,-0.264000008717299
1.76991150442478,-3.48782166145598
1.76678445229682,-2.47367781394918
1.7636684303351,-1.52943176940162
1.76297537528721,-3.46840974556936
1.76056338028169,-2.79134402145611
1.75746924428822,-3.60102403173486
1.75438596491228,-3.5514547915106
1.75131348511384,-2.46471518171536
1.75082703173572,-2.38937617595117
1.74825174825175,-2.82167722833783
1.74520069808028,-2.7964344171268
1.74216027874564,-2.54745308031424
1.73913043478261,-3.6102688842886
1.73876240021625,-3.65703601803052
1.73611111111111,-2.4679707668951
1.73310225303293,-1.78803770843565
1.73010380622837,-3.42463197635707
1.72711571675302,-3.16040192263663
1.72678090388436,-2.85843450674072
1.72413793103448,-2.6103722765669
1.72117039586919,-3.4225774241231
1.71821305841924,-2.36367028627994
1.71526586620926,-1.15444307431572
1.71488196987054,-3.33325786257806
1.71232876712329,-2.69556115826232
1.70940170940171,-1.10449476829508
1.70648464163823,-3.60978782936346
1.70357751277683,-3.62879085580125
1.70306502925284,-3.56834810653366
1.70068027210884,-3.17992830464395
1.69779286926995,-2.86506247745514
1.69491525423729,-2.97237135297392
1.69204737732657,-3.63167179900337
1.69132951702965,-3.48882325126932
1.68918918918919,-2.9980517692059
1.68634064080944,-2.69788874415196
1.68350168350168,-3.22650508223124
1.68067226890756,-1.43552273794027
1.67967487209265,-3.44593064203847
1.67785234899329,-2.60983233205244
1.6750418760469,-3.0780774334671
1.67224080267559,-3.4623559438731
1.669449081803,-2.67211458960095
1.66810053720006,-3.10977152540986
1.66666666666667,-3.46304104959607
1.66389351081531,-3.56934587122263
1.66112956810631,-1.74148283295674
1.65837479270315,-3.61654386650097
1.65660595894991,-3.5377962509125
1.65562913907285,-1.80433702950237
1.65289256198347,-2.76010225007415
1.65016501650165,-3.62860217418163
1.64744645799012,-2.91951975217158
1.64519058775366,-3.05606319546056
1.64473684210526,-1.47596500185902
1.64203612479475,-3.2978616798013
1.63934426229508,-2.95002199721416
1.6366612111293,-0.225433223711017
1.63398692810458,-2.78710192673459
1.63385387780986,-3.47196482668054
1.63132137030995,-2.86020365100064
1.62866449511401,-2.72035551746297
1.6260162601626,-3.19968372402728
1.62337662337662,-3.47351319991894
1.62259528707809,-3.4441077517048
1.62074554294976,-3.50203852282722
1.61812297734628,-3.65322057196145
1.61550888529887,-3.36060320048035
1.61290322580645,-2.15328938790897
1.61141427725302,-3.29127235052833
1.61030595813205,-2.34547121899935
1.60771704180064,-3.17828763176727
1.60513643659711,-1.25985849079258
1.6025641025641,-1.87913432187529
1.6003103137387,-2.64074522604185
1.6,-0.666277460104776
1.59744408945687,-1.60072733870735
1.59489633173844,0.900436163042674
1.59235668789809,-0.602479579669402
1.58982511923688,-2.99928463632248
1.58928286562298,-1.3077897183855
1.58730158730159,-2.67865947096954
1.58478605388273,-2.83945376013478
1.58227848101266,-0.808774303743756
1.57977883096367,-3.45829421057722
1.57833140565212,-3.60084576526388
1.57728706624606,-1.1077217319514
1.5748031496063,-3.30631464241737
1.57232704402516,-3.38482824101704
1.56985871271586,-2.11777613482247
1.5674554102056,-2.19319185141368
1.56739811912226,-1.69417843459267
1.56494522691706,-1.92476032763438
1.5625,-2.0672843698084
1.5600624024961,-3.5054516244141
1.55763239875389,-3.3678487760401
1.55665435927106,-3.28165125816839
1.5552099533437,-1.3931171432754
1.5527950310559,-1.77842042841466
1.55038759689922,-0.98465012106116
1.54798761609907,-0.0157142509118939
1.54592773641948,-3.02870141855375
1.54559505409583,-3.26108485687127
1.54320987654321,-2.65845791245438
1.54083204930663,-3.20023788732312
1.53846153846154,-3.47243988150877
1.53609831029186,-1.67801153241079
1.53527502878042,-1.13282255708865
1.53374233128834,-3.38310429614874
1.53139356814701,-3.54556402529327
1.52905198776758,-3.57627079833339
1.52671755725191,-2.29447123586955
1.52469572701757,-3.63750876122999
1.52439024390244,-2.87953632237831
1.5220700152207,-3.53022753714863
1.51975683890577,-2.54455528669511
1.51745068285281,-2.32896788053084
1.51515151515152,-1.77277752592932
1.51418932530435,-3.55469112039192
1.51285930408472,-3.32518863582016
1.51057401812689,-2.83039765100615
1.50829562594268,-1.53817196324151
1.50602409638554,-3.57000267332485
1.50375939849624,-3.28083289517051
1.50375532129974,-3.31932585965888
1.5015015015015,-3.37603279101644
1.49925037481259,-2.93893852742631
1.49700598802395,-3.42375163975087
1.49476831091181,-2.528326521821
1.49339321612425,-1.47163949684245
1.49253731343284,-3.5771317614175
1.4903129657228,-3.06583599520568
1.48809523809524,-0.999765360560796
1.48588410104012,-3.49974550566419
1.48367952522255,-3.39347730098806
1.4831025143361,-3.18843573947974
1.48148148148148,-3.29206893829284
1.4792899408284,-3.15062659822929
1.47710487444609,-3.38774982900237
1.47492625368732,-3.32275585190795
1.4728827239075,-3.05375919869372
1.47275405007364,-3.63060757328879
1.47058823529412,-3.59037157862506
1.46842878120411,0.871622161278158
1.46627565982405,-2.43754532009874
1.46412884333821,-1.89763417621323
1.46273335620113,-2.18518579505116
1.46198830409357,-1.26856358191396
1.45985401459854,-3.11775322911565
1.45772594752187,-3.58542191555146
1.45560407569141,-2.071185203295
1.45348837209302,0.114688815098948
1.45265392594678,-3.32245451328431
1.45137880986938,-0.181597064677287
1.44927536231884,-3.09802381093813
1.44717800289436,-1.83945676002674
1.44508670520231,-1.52258963569723
1.44300144300144,-2.30866968879659
1.44264395121816,-3.09613021560231
1.44092219020173,-3.34298324216051
1.43884892086331,-0.781102517730754
1.4367816091954,-3.43894741535787
1.43472022955524,-2.55726498206904
1.43270295340983,-3.21347959143064
1.43266475644699,-3.16892094126039
1.43061516452074,-2.0107396663265
1.42857142857143,2.84833530517777
1.4265335235378,-0.205115690260679
1.42450142450142,-1.95595630428353
1.42283045721435,-0.90239334639143
1.42247510668563,-2.48632765858555
1.42045454545455,-0.588347656171133
1.41843971631206,-2.96652637650082
1.41643059490085,-0.159100602764464
1.41442715700141,0.405915607020309
1.41302599059953,-0.495758198369724
1.41242937853107,-2.25851262058678
1.41043723554302,-2.95496768384437
1.40845070422535,-3.56843779872919
1.40646976090014,-3.05982553680586
1.40449438202247,-2.58952243608807
1.40328908478587,-1.25300644683765
1.40252454417952,-3.61787701316062
1.40056022408964,-3.49179428237322
1.3986013986014,-3.43499332428858
1.39664804469274,-1.65604316557083
1.39470013947001,-2.36484528134515
1.39361927422414,-0.340262787852434
1.39275766016713,-3.21742437485444
1.39082058414465,-1.52038641179125
1.38888888888889,-2.42574759938746
1.3869625520111,-2.99264044018856
1.38504155124654,-2.31923793728417
1.38401609657313,-1.44356878810982
1.38312586445367,-1.07655818209151
1.38121546961326,-2.71388984178575
1.37931034482759,-2.71441365188043
1.37741046831956,-3.59681857134059
1.37551581843191,-3.41404026427927
1.37447909267754,-2.25942969747488
1.37362637362637,-3.63995377116755
1.37174211248285,-3.12293944638175
1.36986301369863,-2.37281638128494
1.36798905608755,-3.60336816858971
1.36612021857923,-3.11946356629557
1.36500780654601,-2.28189131475359
1.36425648021828,-2.05136808852402
1.36239782016349,-3.18865126180175
1.36054421768707,-2.8796103473786
1.35869565217391,-3.49271159411303
1.35685210312076,-3.47680543909503
1.35560178532937,-2.62565277563338
1.3550135501355,-2.16950769558322
1.3531799729364,-3.22630851290902
1.35135135135135,-3.2739835726244
1.34952766531714,-3.39120907824015
1.34770889487871,-1.17744434021643
1.34626057929891,-2.44510423211907
1.34589502018843,-2.96922339615859
1.34408602150538,-1.58005111505751
1.34228187919463,-3.36088987970616
1.34048257372654,-3.51069293949417
1.33868808567604,-3.31220905852471
1.33698374182495,-2.94259480079792
1.33689839572193,-3.38460711791849
1.33511348464619,-3.26738778027886
1.33333333333333,-1.96569801159351
1.33155792276964,-2.30523391929797
1.32978723404255,-3.38481087351296
1.32802124833997,-3.15377308096454
1.32777082935543,-3.40966906070822
1.3262599469496,-3.55643267139883
1.32450331125828,-1.74061348302903
1.32275132275132,-2.62365087849319
1.32100396301189,-3.26371779260163
1.31926121372032,-2.91846541291066
1.31862140139475,-3.57390461806569
1.31752305665349,-2.73150494360298
1.31578947368421,-2.43708050608835
1.31406044678055,-0.76116231387051
1.31233595800525,0.421626179846858
1.31061598951507,-1.70335185100755
1.30953502048267,-2.81006092729599
1.30890052356021,-2.88275076090379
1.30718954248366,-1.22561741038585
1.30548302872063,-1.37103822880571
1.30378096479791,-3.52260026893951
1.30208333333333,-1.7748008435894
1.30051125217341,-2.13889968716027
1.30039011703511,-2.74907530757958
1.2987012987013,-3.50326551356592
1.2970168612192,-3.58452115329596
1.29533678756477,-2.87994531953246
1.29366106080207,-2.43113296356376
1.29198966408269,-3.44878271570671
1.29154966501488,-2.48179442904474
1.29032258064516,-3.29892757941745
1.28865979381443,-3.23220187324626
1.28700128700129,-2.49988221438623
1.2853470437018,1.85232231082909
1.28369704749679,-2.56897546582276
1.28264983052806,-3.52666593915331
1.28205128205128,-2.58271497195899
1.28040973111396,0.02939759229172
1.27877237851662,-2.24694751127269
1.27713920817369,-2.01273044344178
1.27551020408163,-2.06455354654342
1.27388535031847,-0.580083157850434
1.27381132318648,-1.31933962535866
1.27226463104326,-2.68446088929347
1.27064803049555,-3.58858232849412
1.26903553299492,-3.47500689558567
1.26742712294043,-3.17344398180021
1.26582278481013,-2.13633570694669
1.2650337203959,-3.44981824520847
1.26422250316056,-1.41221852910463
1.26262626262626,-3.32783200035747
1.26103404791929,-3.33461708826395
1.25944584382872,-1.64699914381374
1.25786163522013,-1.82425139109089
1.25631660247412,-2.86785344028275
1.25628140703518,-2.49588894622483
1.25470514429109,-0.87408309411911
1.2531328320802,-3.28918473601795
1.25156445556946,-2.80821857864809
1.25,-3.28229354690587
1.24843945068664,-2.64872368473341
1.24765955263087,-2.7016903463769
1.24688279301746,-3.55990180956907
1.2453300124533,-2.42149405654932
1.24378109452736,-2.48233777767804
1.24223602484472,-3.2236091818098
1.24069478908189,-2.8706742532194
1.23915737298637,-3.27484685958545
1.23906215694792,-3.19613668035511
1.23762376237624,-2.14157019963816
1.23609394313968,-3.11124145029406
1.23456790123457,-3.32869297818088
1.23304562268804,-1.5565225240022
1.23152709359606,-3.29068562166445
1.23052400435926,-2.62796245711997
1.230012300123,-1.93196492710718
1.22850122850123,-3.61061775223437
1.22699386503067,-3.28654921206147
1.22549019607843,-2.61182588284943
1.22399020807834,-3.25385449261797
1.22249388753056,-2.79723141743802
1.22204468663149,-3.53708206573388
1.22100122100122,-2.27180156780416
1.21951219512195,-2.0835497349059
1.21802679658952,-2.33248312857874
1.21654501216545,-1.31793612444961
1.21506682867558,-0.0247548684525993
1.21362379834424,-2.67563580502452
1.21359223300971,-3.36759578127696
1.21212121212121,-2.57638641186879
1.21065375302663,-0.615859066486062
1.20918984280532,-2.89754103002844
1.20772946859903,-3.10029808492312
1.20627261761158,-2.88048174396338
1.20526093687084,-3.62510422491398
1.20481927710843,-3.50547301004827
1.20336943441637,-3.10103708814953
1.20192307692308,-3.02707037493478
1.20048019207683,-3.17501903138001
1.19904076738609,-0.86039329286903
1.19760479041916,-3.61830956176082
1.19695570235904,-3.04694591101342
1.19617224880383,-3.61060826635063
1.194743130227,-2.57069454433146
1.19331742243437,-2.80414319374158
1.19189511323004,-0.670918495914417
1.19047619047619,-3.04530306904784
1.18906064209275,-2.46859020419448
1.1887076977119,-3.23232264519644
1.18764845605701,-1.09818011247311
1.18623962040332,-2.50409520956257
1.18483412322275,-2.76933372105297
1.18343195266272,-1.66729904895255
1.18203309692671,-0.830284724673571
1.18063754427391,-1.61572620020966
1.18051652856881,-3.42062783548637
1.17924528301887,-1.42228578555985
1.17785630153121,-2.95499794084672
1.17647058823529,-2.95576462244206
1.17508813160987,-2.97754172158191
1.17370892018779,-1.84365723023832
1.1723818032866,-2.36696013248494
1.17233294255569,-1.33861032154418
1.17096018735363,-2.97378894170388
1.16959064327485,-3.28087024802998
1.16822429906542,-2.04474787924634
1.16686114352392,1.43256044244332
1.16550116550117,-2.31138401470561
1.16430313292088,-3.35943343672376
1.16414435389988,-2.6382877473503
1.16279069767442,-0.607335816886301
1.16144018583043,-2.36097008229266
1.16009280742459,-3.3688055547022
1.15874855156431,-2.91500316762001
1.15740740740741,-0.645128120838034
1.15628013120738,-3.45312927880122
1.15606936416185,-2.19055477419355
1.15473441108545,-3.32513756136494
1.15340253748558,-2.13574200344983
1.15207373271889,-3.38061692154398
1.15074798619102,-2.12874354810053
1.14942528735632,-3.41141480961333
1.14831241454351,-3.2594377032493
1.14810562571757,-3.33365808578575
1.14678899082569,-2.19560367702116
1.1454753722795,-3.15773368319436
1.1441647597254,-2.77387981785243
1.14285714285714,-3.59736176512281
1.14155251141553,-1.74611430076809
1.14039960197003,-1.45780396841787
1.14025085518814,-3.18179223620903
1.13895216400911,-3.28765425740307
1.13765642775882,-2.14599806547072
1.13636363636364,-1.49136295276026
1.13507377979569,-3.05480435301866
1.13378684807256,-1.02896951867718
1.13254131515281,4.32623922962016
1.13250283125708,3.0287780942624
1.13122171945701,-3.07325240041326
1.12994350282486,-3.43565525784664
1.12866817155756,-2.53516177352774
1.12739571589628,-1.31343676278176
1.12612612612613,-2.79732023922552
1.12485939257593,-3.15201949643609
1.12473717836475,-3.09585483887512
1.12359550561798,-2.0513844425126
1.12233445566779,-3.52457468219834
1.12107623318386,-1.84119746834998
1.11982082866741,-3.61317005530916
1.11856823266219,-3.38985684452917
1.11731843575419,-0.656031954771303
1.11698681846782,-3.39779912320692
1.11607142857143,-3.48255639408419
1.11482720178372,-3.53749091165745
1.11358574610245,-2.87177326006907
1.11234705228031,-0.166823398024529
1.11111111111111,-1.54318771751287
1.10987791342952,-2.90659224166911
1.10928986489522,-2.64541405082475
1.10864745011086,-1.32226577531996
1.10741971207087,-3.656988942983
1.10619469026549,-2.65153988950105
1.10497237569061,-3.04866391886695
1.1037527593819,-3.51929536606734
1.10253583241455,-2.92938665156042
1.10164594963366,-3.33605240160183
1.10132158590308,-2.9556434926135
1.1001100110011,-0.164311937156593
1.0989010989011,-3.20988700811186
1.09769484083425,-3.0586622559558
1.09649122807018,-3.62230834675351
1.09529025191676,-2.19002820298696
1.09409190371991,-3.37013831005857
1.09405470720574,-3.32858113512359
1.09289617486339,-3.02096967703322
1.09170305676856,-3.43079060109404
1.09051254089422,-3.0437655406947
1.08932461873638,-1.03587184843813
1.08813928182807,-3.16362968686071
1.08695652173913,-1.50132384750749
1.08651577465254,-0.833934427523057
1.085776330076,-0.941874771134574
1.08459869848156,-3.41744943878755
1.08342361863489,-2.75282365497669
1.08225108225108,-2.06149175073282
1.08108108108108,-0.459765124814775
1.07991360691145,-1.18677025995334
1.07902879151618,-1.26256687028266
1.07874865156419,-2.89203942109428
1.07758620689655,-2.02770075688575
1.07642626480086,-2.33773020440027
1.0752688172043,-2.63714651630628
1.07411385606874,-2.88894109124659
1.07296137339056,-2.49088866539374
1.07181136120043,-1.72820970493519
1.07159339982267,-2.41996725418572
1.07066381156317,-2.78592649686446
1.06951871657754,-0.98667370103298
1.06837606837607,-0.912084741237559
1.06723585912487,-1.17371477484123
1.06609808102345,-0.275582850819982
1.06496272630458,-3.41502566051461
1.06420924406472,-2.63880351283172
1.06382978723404,-2.61478538282672
1.06269925611052,-0.0947316055517815
1.06157112526539,-3.26032878324655
1.06044538706257,-1.09201569063124
1.0593220338983,-1.074999371493
1.05820105820106,-2.47208385828081
1.05708245243129,-3.13494289502078
1.0568759711848,-3.46150216549547
1.05596620908131,-3.34416059927279
1.05485232067511,-2.91401220204507
1.05374077976818,-3.15769673225575
1.05263157894737,-2.60809031249418
1.0515247108307,-3.04376231746773
1.05042016806723,-2.85994089696926
1.04959323055823,-3.14267822172975
1.04931794333683,-1.38277014470359
1.0482180293501,-2.37510615153551
1.04712041884817,-2.74754595956882
1.04602510460251,-3.07936120211208
1.04493207941484,-2.92399743282565
1.04384133611691,-3.48144657332132
1.04275286757039,-2.86479888260809
1.0423606739764,-1.5256391424064
1.04166666666667,2.79018986271327
1.04058272632674,-0.735763704326483
1.03950103950104,-0.347843571676644
1.03842159916926,1.37304489716995
1.03734439834025,-2.82255552382373
1.03626943005181,-3.63815860540482
1.0351966873706,-2.26231058679836
1.03517795563018,-1.74207851738636
1.03412616339193,-3.58439778331687
1.03305785123967,-2.55544072408359
1.03199174406605,-3.2250359101241
1.03092783505155,-3.20570873943164
1.02986611740474,-3.54561433210064
1.02880658436214,-2.76717601626886
1.02804473209331,-0.494000131509305
1.02774922918808,-3.29211687558945
1.02669404517454,-3.58086753581373
1.02564102564103,-3.3471824830069
1.02459016393443,-3.17818022296573
1.02354145342886,-3.07232358435233
1.02249488752556,-3.59913296557645
1.02145045965271,-1.98048199726069
1.02096066230605,-3.46884677752602
1.02040816326531,-2.77585245688528
1.01936799184506,-3.28826992909908
1.0183299389002,-2.47933852432136
1.01729399796541,-3.51955648197709
1.01626016260163,-3.00756315510913
1.01522842639594,-2.92843723218045
1.01419878296146,-3.24320552220449
1.01392540755882,-3.29102224394192
1.01317122593718,-0.45791652083481
1.01214574898785,-3.04066522365401
1.01112234580384,-2.12403180609017
1.01010101010101,-1.59199798116218
1.00908173562059,-2.25801217862492
1.00806451612903,-0.550619801876461
1.00704934541793,-1.58331695741868
1.00693863147603,-3.50559183456373
1.00603621730382,-3.19617655129481
1.00502512562814,-3.14133761346103
1.00401606425703,1.51349901202126
1.00300902708124,-1.0293645333317
1.00200400801603,-0.145884766159791
1.001001001001,3.3054175622752
1,-1.69699435791297
