"bfp_output.P","bfp_output.logBF"
1000,-0.184449878685096
993.109181374979,0.0907700182101125
986.265846131283,0.251186594167895
979.46966706954,0.305494698254582
972.720319245055,0.279597473137319
966.017479952265,0.206981443693015
959.360828709315,0.118038950000273
952.75004724273,0.0323499591020111
946.184819472201,-0.0447034515674813
939.66483149547,-0.121485773201907
933.189771573324,-0.216638337654994
926.759330114689,-0.353136445504712
920.373199661823,-0.550725072947567
914.031074875623,-0.818715033101578
907.732652521023,-1.15197533622954
901.477631452492,-1.53202699694018
895.26571259964,-1.932491009369
889.096598952916,-2.3258834425164
882.969995549409,-2.6887355059312
876.885609458743,-3.00381006168758
870.843149769073,-3.26003238148256
864.842327573172,-3.45157793796964
858.882855954625,-3.57738096837739
852.964449974103,-3.64146722497868
847.086826655741,-3.65327246312769
841.249704973612,-3.6263291952798
835.452805838287,-3.5746868099214
829.695852083491,-3.50877892094398
823.978568452852,-3.43334982279834
818.300681586739,-3.3483078583496
812.661920009195,-3.25147568020737
807.06201411495,-3.14219479971036
801.500696156541,-3.02569887321162
795.977700231499,-2.91794541164343
790.492762269642,-2.84733656325924
785.045620020451,-2.84528740607343
779.636013040523,-2.92396487742702
774.263682681127,-3.06190169243764
768.928372075831,-3.21836956859091
763.629826128224,-3.359637865684
758.367791499719,-3.47000556387699
753.142016597437,-3.54748895013754
747.952251562182,-3.5963293500577
742.798248256492,-3.62220420112076
737.679760252773,-3.63018439548288
732.596542821523,-3.62414471178031
727.548352919623,-3.606773483628
722.534949178721,-3.57991771106735
717.556091893692,-3.54514838483372
712.611543011175,-3.50407279924103
707.701066118189,-3.45828536380123
702.824426430835,-3.40958984530864
697.981390783066,-3.36067904490984
693.17172761554,-3.31604192364388
688.39520696455,-3.28274341848457
683.651600451024,-3.27011245026095
678.940681269611,-3.28661142039358
674.262224177835,-3.33349830017577
669.616005485322,-3.40017893148775
665.001803043112,-3.46849093469332
660.419396233031,-3.52346588997285
655.868565957143,-3.55971399902976
651.349094627281,-3.57986850740324
646.860766154633,-3.5900322303439
642.40336593942,-3.5962267194598
637.976680860628,-3.60247530296156
633.580499265825,-3.61016297725946
629.214610961035,-3.61855975287535
624.878807200689,-3.62606285770839
620.57288067765,-3.63125757035813
616.296625513294,-3.63322665894919
612.04983724767,-3.63137282612608
607.832312829723,-3.62534484912448
603.643850607587,-3.61525283976813
599.484250318941,-3.60175708742754
595.353313081437,-3.58550006791308
591.250841383188,-3.56582141948776
587.176639073326,-3.53923024729844
583.130511352622,-3.49887858173154
579.112264764176,-3.4374340179503
575.121707184161,-3.35452092032356
571.158647812643,-3.26276095201747
567.222897164454,-3.18370659009686
563.314267060136,-3.13761544343954
559.432570616938,-3.13719589721621
555.577622239888,-3.18456802151989
551.749237612913,-3.26641921344069
547.947233690029,-3.3515513378919
544.171428686589,-3.40142825668498
540.421642070592,-3.39160487932208
536.697694554048,-3.32541699147118
532.999408084409,-3.23103336185859
529.326605836056,-3.14905947826336
525.679112201842,-3.11326566017514
522.056752784698,-3.12586687847742
518.459354389291,-3.14884291127121
514.886745013749,-3.12787788416092
511.338753841433,-3.02407719325104
507.815211232767,-2.82940148125312
504.315948717136,-2.57443239282396
500.840798984821,-2.33044037209332
500,-2.28274364301749
497.389595879006,-2.18033527401137
493.962174387832,-2.16187477533564
490.558370636505,-2.24851758319927
487.178021879463,-2.38846135315442
483.820966492595,-2.54484757570553
480.487043965513,-2.70562892175031
477.176094893875,-2.8734084044372
473.887960971765,-3.05000450980306
470.622484984128,-3.22838771089301
467.379510799247,-3.39438189161394
464.158883361278,-3.52766431590698
460.960448682844,-3.60059040966503
457.784053837662,-3.58619724194896
454.62954695324,-3.47735585605498
451.49677720361,-3.29539390416248
448.385594802119,-3.07361134689286
445.295850994266,-2.83677737594995
442.22739805059,-2.59774588744723
439.180089259609,-2.36638093663144
436.153778920801,-2.15749702051245
433.14832233764,-1.99296709687043
430.16357581068,-1.90268484869123
427.199396630678,-1.92203116914821
424.255643071778,-2.0752921341846
421.332174384729,-2.35511413630571
418.428850790158,-2.72341110327853
415.545533471888,-3.1255176432577
412.682084570296,-3.47842991667478
409.838367175726,-3.6369163628526
407.014245321944,-3.45985886865698
404.209583979631,-3.01530387460231
401.424249049932,-2.53287709862807
398.658107358044,-2.13835341426177
395.911026646846,-1.82363494684587
393.182875570577,-1.5403747737054
390.473523688556,-1.24608156795481
387.782841458946,-0.898187004257447
385.110700232557,-0.431366283641391
382.4569722467,0.238190964767274
379.821530619074,1.10941149027245
377.2042493417,1.77005858008873
374.605003274899,1.50942836908051
372.023668141307,0.529480776977597
369.46012051993,-0.548299431382371
366.914237840249,-1.58414685998492
364.385898376355,-2.36181998156594
361.874981241128,-2.05759134764427
359.381366380463,-0.548643325690686
356.904934567523,1.06417543602636
354.445567397043,1.90891428316731
352.003147279668,1.38176610102964
349.577557436327,-0.216420960347544
347.168681892656,-1.3257993342609
344.776405473446,-1.36946841727304
342.400613797142,-1.12203357765882
340.041193270371,-1.31090339592491
337.698031082509,-1.8735971059031
335.371015200293,-2.12323081010426
333.333333333333,-1.71801226282524
333.060034362459,-1.62190802409377
330.764978074424,-0.640606146410572
328.485736603004,-0.0271430240201864
326.222200971167,-0.609220652993666
323.97426295282,-1.96343325583519
321.741815067637,-2.89524126392107
319.524750575921,-2.92216160717252
317.322963473498,-1.98449495745912
315.136348486648,-0.167421062717646
312.964801067075,1.7549885105597
310.808217386907,2.50353576527131
308.666494333727,1.6410481122412
306.539529505653,-0.191636380425744
304.42722120643,-1.98322723188972
302.329468440578,-2.93007578432691
300.246170908555,-2.63242702276808
298.177229001967,-1.16036259981073
296.122543798804,0.684753377763788
294.082017058706,1.86892295013398
292.055551218275,2.06711496898068
290.043049386399,1.32591668642663
288.04441533963,-0.232195931273803
286.059553517574,-1.90107963228005
284.08836901833,-2.42305767308316
282.130767593947,-1.09579226586093
280.18665564592,1.09919935411545
278.255940220713,2.56267321044739
276.338529005317,2.47723612012438
274.434330322837,0.884034590193541
272.543253128103,-1.3883202251233
270.665207003324,-2.98277155450942
268.800102153761,-2.91065482281335
266.947849403432,-1.33881205772847
265.108360190854,0.776441084109895
263.281546564802,2.23118103675011
261.467321180109,1.90552872111134
259.665597293487,-0.36532498970423
257.87628875938,-2.6500287115423
256.099310025846,-3.43516638433708
254.334576130465,-3.20258733787677
252.582002696278,-2.21531201575358
250.841505927754,-0.733105106413784
250,-0.125828684515436
249.113002606779,0.255143058814231
247.396410088681,-0.31171553446192
245.691646298279,-1.89289092105549
243.998629725955,-2.54396918186363
242.31727942376,-2.76656299649202
240.647515001542,-3.21994083215345
238.989256623105,-3.56218709150844
237.342425002387,-3.59476337335958
235.706941399673,-3.26439754050723
234.082727617829,-2.96610133872734
232.469705998565,-3.15175130182201
230.867799418717,-3.49100845877301
229.276931286565,-3.65957731290372
227.697025538168,-3.05435490117132
226.128006633728,-1.12993811957851
224.569799553977,0.934723147302795
223.022329796594,1.32666393204061
221.485523372636,0.626913077483484
219.959306803008,-0.906716481025977
218.443607114943,-2.94582618354046
216.938351838519,-3.33880343380111
215.443469003188,-1.94205434554761
213.958887134342,-0.704954161905714
212.484535249888,-0.191575175464503
211.02034285686,-0.729672580239263
209.566239948043,-2.12218189269047
208.122156998634,-3.17663964357352
206.688024962908,-3.52069833323524
205.263775270925,-3.43564746595707
203.849339825246,-3.34710252967609
202.44465099768,-3.47831843546084
201.04964162605,-3.57402242451264
200,-3.5947491456621
199.664245010979,-3.60357561520201
198.288394912707,-3.60957312187166
196.922025547917,-3.54221415063652
195.565071586595,-3.43871114362893
194.217468148903,-3.12761149928495
192.879150802078,-3.07956631473031
191.550055557353,-3.44101046451199
190.230118866895,-3.65515448934333
188.919277620767,-3.45590165375132
187.617469143912,-2.3266155140199
186.324631193156,-1.24223253188218
185.04070195423,-2.02762619330438
183.765620038817,-2.91078919702535
182.499324481615,-3.41458957573779
181.241754737424,-3.51967662069269
179.992850678248,-2.98570753716943
178.752552590424,-2.36956639223716
177.520801171764,-2.59104003157814
176.297537528721,-3.40180164123275
175.082703173572,-3.63505874253563
173.876240021625,-2.8816491778431
172.678090388436,-1.82035357438984
171.488196987054,-2.1594209993308
170.306502925284,-3.19569342535309
169.132951702965,-3.60362735072048
167.967487209265,-2.6166273792531
166.810053720006,-0.927709439889763
166.666666666667,-0.819502000603261
165.660595894991,-0.946992530994105
164.519058775366,-1.7876326292354
163.385387780986,-1.49637050871128
162.259528707809,-0.735219100972567
161.141427725302,-2.22864984153186
160.03103137387,-3.44127292073277
158.928286562298,-2.58475622204819
157.833140565212,-0.678919038571403
156.745541020559,-0.0703048197578182
155.665435927106,-2.36070905002587
154.592773641948,-3.49495163887975
153.527502878042,-2.39879867061604
152.469572701757,-1.53065514979461
151.418932530435,-2.56416537880259
150.375532129974,-3.42581450008093
149.339321612425,-2.52075514576223
148.310251433611,-2.46253667623348
147.28827239075,-3.27875702209134
146.273335620113,-3.58431805453197
145.265392594678,-3.09825874704209
144.264395121816,-3.19790441881006
143.270295340983,-2.71925282606351
142.857142857143,-2.04639894792249
142.283045721435,-0.777768027570185
141.302599059953,-0.0961917082453381
140.328908478587,-2.7384575981783
139.361927422414,-1.90367697291007
138.401609657313,3.06488754893387
137.447909267754,6.58557602045481
136.500780654601,0.522569604435508
135.560178532937,-3.48748023480313
134.626057929891,0.457398410466642
133.698374182495,5.41504688906973
132.777082935543,1.08318740733238
131.862140139475,-2.22147482789769
130.953502048267,-2.28284635372678
130.051125217341,-3.30361324261134
129.154966501488,-3.55203446875624
128.264983052806,-2.19373459684722
127.381132318648,-1.3885523760946
126.50337203959,-1.65229929095831
125.631660247412,-2.63359909283373
125,-2.88366371899904
124.765955263087,-3.06508787634699
123.906215694792,-3.45426825424122
123.052400435926,-3.22526238254791
122.204468663149,-3.34889675838535
121.362379834424,-3.4112844416572
120.526093687084,-2.9778992904125
119.695570235904,-3.00164114794226
118.87076977119,-3.64959055228142
118.051652856881,-3.54451162670703
117.23818032866,-3.60052245768362
116.430313292088,-3.49599104842791
115.628013120738,-2.94757986582568
114.831241454351,-2.69244672997747
114.039960197003,-2.44373439485649
113.254131515281,-2.41236805530466
112.473717836475,-3.44106024679321
111.698681846782,-3.26480137102952
111.111111111111,-2.53844554327379
110.928986489522,-2.51314870331664
110.164594963366,-3.20391353544205
109.405470720574,-3.51389997094317
108.651577465254,-3.21982691885857
107.902879151618,-1.34506939218211
107.159339982267,-0.830009416953184
106.420924406472,-2.55914628291439
105.68759711848,-2.80444916322916
104.959323055823,0.128364373390288
104.23606739764,0.61769055492717
103.517795563018,-2.44325231976388
102.804473209331,-3.38354634332684
102.096066230605,-0.526269695346865
101.392540755882,0.86371956856964
100.693863147603,-2.30933581629024
100,-1.47524438942885
100,-1.47524438942873
99.310918137498,-1.46749880355237
98.6265846131283,-2.87882158194973
97.946966706954,-1.88862566106773
97.2720319245054,-2.22212991488412
96.6017479952265,-2.84469748505706
95.9360828709315,-3.30894362120521
95.2750047242729,-3.63151898653417
94.61848194722,-3.37113633918291
93.966483149547,-3.17104011152012
93.3189771573324,-2.75267146008998
92.6759330114688,-3.60295719665363
92.0373199661823,-2.47325448207645
91.4031074875623,-1.98516446778758
90.9090909090909,-3.51351599786058
90.7732652521023,-3.5174281667394
90.1477631452492,-2.96882957997199
89.526571259964,-3.53493052213851
88.9096598952916,-1.17151802130978
88.2969995549409,-0.333121307668402
87.6885609458743,-2.52063747673456
87.0843149769073,-0.54618816586257
86.4842327573172,-1.14796551288405
85.8882855954625,-3.55652687300111
85.2964449974102,-1.76109929609644
84.7086826655741,-3.28446711152942
84.1249704973612,-2.53921151552673
83.5452805838287,-3.11807979326469
83.3333333333333,-3.52396487444765
82.9695852083491,-2.28692997344462
82.3978568452852,0.168970502580199
81.8300681586739,-2.42692653846693
81.2661920009194,-1.63462266923404
80.706201411495,-2.23805195769243
80.150069615654,-3.65940817080353
79.5977700231498,-3.65991181114269
79.0492762269642,-3.40850003927083
78.5045620020451,-3.66067229216061
77.9636013040523,-3.08601341654814
77.4263682681127,-2.90672218025257
76.9230769230769,-2.15253816046301
76.8928372075831,-2.05465489093752
76.3629826128224,-3.30433526832213
75.8367791499719,-3.47106568913976
75.3142016597437,-3.28465074903375
74.7952251562182,-3.23532272834997
74.2798248256491,-2.67162208395082
73.7679760252773,-3.62614205210836
73.2596542821523,-1.68580226203359
72.7548352919623,-3.0130574378701
72.2534949178722,-3.29383070924249
71.7556091893693,-3.39724239024063
71.4285714285714,0.168813376660286
71.2611543011175,1.18124711910928
70.7701066118189,-0.359238523670267
70.2824426430835,-1.19729551381117
69.7981390783066,-2.00389180497306
69.3171727615541,-3.51795683476
68.839520696455,-3.34873351648569
68.3651600451024,-3.26059489528772
67.8940681269611,-2.49914454257883
67.4262224177834,-2.68276992905951
66.9616005485322,-2.01677391260388
66.6666666666667,-0.281934211547717
66.5001803043112,-0.890928027754437
66.0419396233031,-1.09455162869043
65.5868565957143,-3.58769793163652
65.134909462728,0.0292064517778288
64.6860766154633,-3.1219083144572
64.2403365939419,-2.1607974992611
63.7976680860628,-2.82136541356082
63.3580499265825,0.574679163514721
62.9214610961034,-3.59789988796926
62.5,-1.89327683559172
62.4878807200689,-1.90565000535814
62.057288067765,-3.20536093474395
61.6296625513294,-3.52990802542954
61.204983724767,-2.18243138507254
60.7832312829723,-3.55411476766546
60.3643850607587,-3.12548681027568
59.9484250318941,-3.45543094963137
59.5353313081437,-3.06727675192117
59.1250841383188,-1.86542982723584
58.8235294117647,-3.42987546788724
58.7176639073326,-3.21298319833412
58.3130511352622,-3.46679000072423
57.9112264764176,-3.20100811888879
57.5121707184161,-3.55291296210687
57.1158647812643,-2.05050996493413
56.7222897164454,-2.98593324263147
56.3314267060136,-1.34037538760578
55.9432570616938,-1.44199697239982
55.5577622239888,-2.31735206163533
55.5555555555556,-2.31960191405774
55.1749237612912,-1.14056959126487
54.7947233690029,-2.10566586369738
54.4171428686589,-1.5285519173136
54.0421642070592,-2.0939359845524
53.6697694554048,-3.62816284884736
53.2999408084409,-3.11891868027551
52.9326605836056,-2.07853890958945
52.6315789473684,-2.26189189260615
52.5679112201842,-2.18634980181174
52.2056752784698,-2.06480865266858
51.8459354389291,-3.43146712686397
51.488674501375,-3.35466704902926
51.1338753841433,-2.49424944770233
50.7815211232767,-1.74069933531701
50.4315948717136,2.07031030973501
50.0840798984821,-2.88529460996581
50,-1.23838348326326
49.7389595879007,-3.01726299853392
49.3962174387832,-1.07366272776359
49.0558370636505,-1.55563284059918
48.7178021879463,-1.75407958861318
48.3820966492596,-3.49072154482446
48.0487043965513,0.985085342936874
47.7176094893875,-3.56977236070916
47.6190476190476,-2.57876680864139
47.3887960971765,-1.51134966524863
47.0622484984128,-3.6103591886932
46.7379510799246,-3.39559827997074
46.4158883361278,-1.7709977056687
46.0960448682843,-1.84532677797186
45.7784053837662,-2.93692447148352
45.462954695324,-3.2090651223357
45.4545454545455,-3.28778045873293
45.149677720361,-0.348436110982372
44.8385594802119,-3.23771683644007
44.5295850994266,-3.06469929715912
44.222739805059,5.03886097744887
43.9180089259609,-1.41187175271052
43.6153778920801,-2.48245703910346
43.4782608695652,-1.92742456907389
43.314832233764,-3.47574622303942
43.016357581068,-3.42410425676256
42.7199396630678,-3.38810098760875
42.4255643071778,-2.03331894400868
42.1332174384729,-2.91786103567365
41.8428850790158,1.1486928841771
41.6666666666667,-2.52649629437847
41.5545533471888,-0.635526434729722
41.2682084570295,-2.08737463981263
40.9838367175726,-3.03744771588104
40.7014245321944,-1.04075987067672
40.4209583979631,-3.4654177276645
40.1424249049932,-2.67006994957743
40,-3.49444215265971
39.8658107358044,-3.14451795723387
39.5911026646846,-3.57519127090974
39.3182875570577,-2.88994550948881
39.0473523688556,-3.17436745748828
38.7782841458946,-3.33014887260519
38.5110700232557,-1.64004043558158
38.4615384615385,-0.353308982875073
38.24569722467,-3.36031049418586
37.9821530619073,-0.319411575506574
37.72042493417,-3.44332921966336
37.4605003274899,1.97158966530244
37.2023668141307,-2.27398049921093
37.037037037037,-2.53275077250457
36.946012051993,-3.37980523624979
36.6914237840249,-3.18762353089151
36.4385898376355,-2.83080386248438
36.1874981241128,-3.48927124844358
35.9381366380463,-2.89268228018501
35.7142857142857,-3.14318182056338
35.6904934567523,-2.88673328849544
35.4445567397043,-2.63304987982324
35.2003147279668,-3.34157997654274
34.9577557436328,-3.49662608801078
34.7168681892656,-3.28356095931998
34.4827586206897,-3.43759989214463
34.4776405473446,-3.43054003255942
34.2400613797142,-0.857531349147858
34.0041193270371,-0.696934645737382
33.7698031082509,-0.917270101597249
33.5371015200293,-1.40734448742289
33.3333333333333,-0.771888971898657
33.3060034362459,0.245999970300564
33.0764978074424,0.49120728903883
32.8485736603004,-1.61767849716808
32.6222200971167,-1.33235022658264
32.397426295282,-0.374638205368835
32.258064516129,-2.71230253595051
32.1741815067637,-1.57369947868984
31.9524750575921,-3.1274987216375
31.7322963473498,-2.54777297410528
31.5136348486648,-3.45697039191806
31.2964801067075,-3.57383783070487
31.25,-3.56909073287165
31.0808217386906,-3.34275875576339
30.8666494333727,-2.9675418073641
30.6539529505653,-3.13593800758367
30.442722120643,-0.95332234362355
30.3030303030303,-1.56695956054447
30.2329468440578,-0.89884995154939
30.0246170908555,-3.20931752631416
29.8177229001967,-1.84694642435484
29.6122543798804,-3.49008210007401
29.4117647058824,-3.44108865347554
29.4082017058706,-3.40998840357686
29.2055551218275,-3.33606852572022
29.0043049386399,-0.859519710380975
28.804441533963,-2.3312948440696
28.6059553517574,-2.50959459173678
28.5714285714286,-3.62222632844522
28.408836901833,-3.65827813695959
28.2130767593947,-3.27767012065091
28.018665564592,-3.20049086664447
27.8255940220712,-2.35999851724507
27.7777777777778,-3.16797414461434
27.6338529005317,-3.30400880520859
27.4434330322836,-2.0198332971441
27.2543253128103,-2.55013669477186
27.0665207003324,-0.973630395265228
27.027027027027,-2.12910076672876
26.8800102153761,-3.02124563741132
26.6947849403432,-0.652512727793304
26.5108360190854,-0.534238240841101
26.3281546564802,-3.37313476048321
26.3157894736842,-3.16829953527475
26.1467321180109,-3.56433482387389
25.9665597293487,-2.59796446969225
25.787628875938,-2.97813120910736
25.6410256410256,-2.92741013890282
25.6099310025846,-2.9183873061972
25.4334576130465,-2.65752139614231
25.2582002696278,-2.97357450114221
25.0841505927754,0.327897965565161
25,-0.803997902577417
24.9113002606779,-1.89755996152634
24.7396410088681,-2.46605446156196
24.5691646298279,-3.35663381726634
24.3998629725955,-2.05260069383511
24.390243902439,-2.69176893363767
24.231727942376,-3.06886590558757
24.0647515001542,-2.09221020745913
23.8989256623105,-3.25552156966084
23.8095238095238,-2.43643369244897
23.7342425002387,-3.50967292602062
23.5706941399673,-3.6317721697025
23.4082727617829,-1.9272769268645
23.2558139534884,-3.55511523222541
23.2469705998565,-3.59039883114617
23.0867799418717,-3.40154814706643
22.9276931286565,-3.47192785463103
22.7697025538168,-1.29493235894533
22.7272727272727,-2.60163291740367
22.6128006633728,-2.43421300665313
22.4569799553977,-2.38105225320721
22.3022329796594,-2.2334241455852
22.2222222222222,-3.11974047595758
22.1485523372636,-0.668290472046844
21.9959306803007,-1.17941843441137
21.8443607114943,-1.69646599744179
21.7391304347826,-2.4769276166787
21.6938351838518,-3.10268544418913
21.5443469003188,-3.08368781712498
21.3958887134342,-1.92602650539073
21.2765957446809,0.125588229524586
21.2484535249888,-2.59449644779904
21.102034285686,-3.58340551840773
20.9566239948043,-2.35805176913577
20.8333333333333,2.98464571191646
20.8122156998634,-2.53450418950056
20.6688024962908,-2.00621304377197
20.5263775270925,-2.90774464877203
20.4081632653061,-2.61419458372016
20.3849339825246,-2.16968921643864
20.244465099768,-3.16833852697355
20.104964162605,0.0580016511736874
20,-3.13229363194513
19.9664245010979,-2.54269463497182
19.8288394912707,-3.06212612313309
19.6922025547917,-2.59977953330557
19.6078431372549,-3.24091719176108
19.5565071586595,-2.78068967169808
19.4217468148903,-3.26001891401612
19.2879150802078,-1.36252021510351
19.2307692307692,-0.496578500260976
19.1550055557353,1.13000102104504
19.0230118866894,-3.59181227789828
18.8919277620767,-3.33286130654933
18.8679245283019,-2.7248960765542
18.7617469143912,-3.10219972701322
18.6324631193156,-0.704191329644043
18.5185185185185,-3.39200490806756
18.504070195423,-3.10219771841123
18.3765620038817,-0.599899623959099
18.2499324481615,-3.52337142116611
18.1818181818182,-1.30362313483117
18.1241754737424,-2.88536415814333
17.9992850678248,-3.5074194561197
17.8752552590424,-3.63853692650316
17.8571428571429,-1.9600849797719
17.7520801171764,-3.55478669198485
17.6297537528721,1.51763845503978
17.5438596491228,-1.65104563852547
17.5082703173572,-2.61744878390142
17.3876240021625,-3.30103719060456
17.2678090388436,-3.14761408253831
17.2413793103448,-2.77164245156463
17.1488196987054,-3.23544073591365
17.0306502925284,-2.69309312072657
16.9491525423729,-2.42861037369193
16.9132951702965,-3.49134727023478
16.7967487209265,-3.53251359670936
16.6810053720006,-0.562876377898315
16.6666666666667,-3.3877580454462
16.5660595894991,-2.45527601129909
16.4519058775366,-3.07674173096371
16.3934426229508,-2.43005441736572
16.3385387780986,-2.84634033366974
16.2259528707809,-0.766725294951338
16.1290322580645,-0.837588207206106
16.1141427725302,-2.01992441011337
16.003103137387,-3.04579707466093
15.8928286562298,-1.54444446403427
15.8730158730159,-1.75381331447995
15.7833140565212,-3.08611008147518
15.674554102056,-2.46951659963509
15.625,-2.01334171207794
15.5665435927106,-2.28288209904563
15.4592773641948,-3.19562276766755
15.3846153846154,-0.356213375539919
15.3527502878042,-3.20480987417185
15.2469572701757,-3.41075578773309
15.1515151515152,-2.95634375661698
15.1418932530435,-3.04626814788737
15.0375532129974,-3.28633755439342
14.9339321612425,-2.08966756881831
14.9253731343284,-2.08089625728108
14.831025143361,-2.10815162642931
14.728827239075,-3.54491253409894
14.7058823529412,-3.35316878818083
14.6273335620113,-1.42566896734122
14.5265392594678,-3.15480479505878
14.4927536231884,-0.977044056829906
14.4264395121816,-2.62700299216736
14.3270295340983,-2.17432387922995
14.2857142857143,-3.3568104180852
14.2283045721435,-3.04057964994144
14.1302599059953,-1.20827063285143
14.0845070422535,-0.916139661935072
14.0328908478587,0.317977061647004
13.9361927422414,-2.07490860506597
13.8888888888889,-3.16774906668861
13.8401609657313,-1.50433345125999
13.7447909267754,-3.00265996685884
13.6986301369863,-3.64033618985597
13.6500780654601,-0.934739408245643
13.5560178532937,-2.58270737711838
13.5135135135135,-3.01134505074047
13.4626057929891,-3.39706878675276
13.3698374182495,-2.92003197019407
13.3333333333333,0.38608391391664
13.2777082935543,-1.48073272012389
13.1862140139475,-2.55535239589581
13.1578947368421,-2.35144597612658
13.0953502048267,-3.06544535596985
13.0051125217341,-2.58345681043083
12.987012987013,-3.56765593415706
12.9154966501488,-3.56193650578411
12.8264983052806,-2.14292393877967
12.8205128205128,-0.533881882831092
12.7381132318648,-2.89597792223459
12.6582278481013,-3.20890554280872
12.650337203959,-1.51529372928722
12.5631660247412,-3.30699365989646
12.5,-1.65159565566413
12.4765955263087,-2.49535021744945
12.3906215694792,-2.33348153765355
12.3456790123457,-3.18466148530366
12.3052400435926,-3.60134785768066
12.2204468663149,1.38598988175942
12.1951219512195,0.454925876639312
12.1362379834424,-1.99404885935702
12.0526093687084,-2.8613783450172
12.0481927710843,-3.2265051988377
11.9695570235904,1.42385562303644
11.9047619047619,-2.40844212825821
11.887076977119,-0.894239300312402
11.8051652856881,-2.73190656368213
11.7647058823529,-3.14277870826113
11.723818032866,-1.82872199623382
11.6430313292088,0.0189764492462716
11.6279069767442,-3.42094332760102
11.5628013120738,-3.07067677104917
11.4942528735632,-3.00169708687941
11.4831241454351,-2.72541833072848
11.4039960197003,-3.30809300057022
11.3636363636364,-2.2547970088659
11.3254131515281,-2.22815834417845
11.2473717836475,-2.33709317025999
11.2359550561798,-3.62154696343422
11.1698681846782,-3.31355263626902
11.1111111111111,-0.596654725013631
11.0928986489522,-2.67442568279365
11.0164594963366,-2.55821781206974
10.989010989011,-1.91936932051324
10.9405470720574,-2.84125241066568
10.8695652173913,-1.01649064370538
10.8651577465254,-0.171092590362274
10.7902879151618,-2.98529826741467
10.752688172043,-3.26382458294342
10.7159339982267,-2.9956432096484
10.6420924406472,0.907623063277289
10.6382978723404,0.762986332990967
10.568759711848,-1.90151007525609
10.5263157894737,-3.63600128081431
10.4959323055823,-2.85567966080462
10.423606739764,-2.99618562554222
10.4166666666667,-3.58083967429111
10.3517795563018,-2.36816734463094
10.3092783505155,-3.48147456643339
10.2804473209331,-3.40759797864008
10.2096066230605,-2.94478577737218
10.2040816326531,-3.53064592327753
10.1392540755882,0.341558973857492
10.1010101010101,-2.08414674584209
10.0693863147603,-2.84772224477875
10,-3.18239594521465
10,-3.182395921435
9.9310918137498,-2.63411924867348
9.9009900990099,-1.4672487099278
9.86265846131282,-0.714914477775902
9.80392156862745,-3.56419655733735
9.79469667069539,-0.135498598167781
9.72720319245054,-3.36321603273937
9.70873786407767,-3.38683025493502
9.66017479952265,-3.14954972742832
9.61538461538461,-2.18624677456561
9.59360828709314,-1.77042221348277
9.52750047242729,-2.65145814845895
9.52380952380952,-2.9473702497644
9.461848194722,-3.3159567140244
9.43396226415094,-2.11098332094819
9.39664831495469,-2.78713811140063
9.34579439252336,-2.62155740332154
9.33189771573324,-2.16886246611467
9.26759330114688,-2.01307549296537
9.25925925925926,-2.08031783410471
9.20373199661822,-3.626463527311
9.1743119266055,-3.03440870892158
9.14031074875623,-3.65170543503431
9.09090909090909,-3.145767835672
9.07732652521023,-2.6986744061359
9.01477631452492,-2.62134480951833
9.00900900900901,-2.87891744344382
8.9526571259964,-0.897360737531879
8.92857142857143,-1.55518869308171
8.89096598952916,-2.15412115401999
8.84955752212389,-0.083243054660481
8.82969995549409,-3.46671826504011
8.7719298245614,-2.7471808814564
8.76885609458743,-2.78530433148627
8.70843149769072,-3.48107977282656
8.69565217391304,-3.10489372309932
8.64842327573172,2.31980962152084
8.62068965517241,0.412389671465111
8.58882855954625,-2.76630721123474
8.54700854700855,-1.13108350573723
8.52964449974102,-2.39878029016556
8.47457627118644,-1.54032720690283
8.47086826655741,-1.48335071664844
8.41249704973612,-3.42301143217243
8.40336134453781,-1.93993365056842
8.35452805838287,-2.27891383601492
8.33333333333333,-1.92933351341896
8.29695852083491,-3.38238179608059
8.26446280991736,-0.877288649203972
8.23978568452852,-2.64963539368484
8.19672131147541,-3.47268850349873
8.18300681586739,-3.01888005248476
8.13008130081301,-2.66227099878405
8.12661920009195,-2.75482862864463
8.0706201411495,-1.22487605594908
8.06451612903226,-2.96704772514236
8.01500696156541,-3.31698674783693
8,-3.26505025846005
7.95977700231498,-3.48438243520406
7.93650793650794,-1.27153358059841
7.90492762269642,-0.777490553139169
7.8740157480315,-3.06457098615656
7.85045620020451,-3.52821296415324
7.8125,-3.4476348492664
7.79636013040523,-2.17713787748535
7.75193798449612,-3.57603420135079
7.74263682681127,-3.39915380057597
7.69230769230769,-3.38288755281819
7.68928372075831,-3.65936352937662
7.63629826128224,-2.87629133037144
7.63358778625954,-2.78628559822966
7.58367791499719,-3.62164453641308
7.57575757575758,-3.38972737985996
7.53142016597437,-1.6119569523304
7.5187969924812,-1.90422859041864
7.47952251562182,-3.43800806944689
7.46268656716418,-2.16727162989001
7.42798248256492,-2.22041235685161
7.40740740740741,-1.43571059113087
7.37679760252773,-3.60474508267871
7.35294117647059,-0.515923896358184
7.32596542821523,-3.29584875755644
7.2992700729927,-2.47098457069385
7.27548352919623,-3.03449290783937
7.2463768115942,-3.07004838734137
7.22534949178722,-3.63189765002228
7.19424460431655,-1.0220619928087
7.17556091893693,-3.32242171544983
7.14285714285714,-3.62969058738922
7.12611543011175,-2.55284818107979
7.09219858156028,-2.26740670810873
7.07701066118189,-3.43305367987046
7.04225352112676,-0.773010852759721
7.02824426430835,-3.12890059122229
6.99300699300699,0.396753843559584
6.97981390783066,-3.42886460890166
6.94444444444444,-1.81501764633127
6.93171727615541,-3.64245444110442
6.89655172413793,-2.03624417979783
6.8839520696455,-3.34805319528307
6.84931506849315,-1.82271801159846
6.83651600451024,-1.32112276514807
6.80272108843537,-3.42547814753943
6.78940681269611,-2.23260484130825
6.75675675675676,-3.4240573005032
6.74262224177834,-2.28804196111902
6.71140939597315,-2.81976784811182
6.69616005485322,-3.03111786445579
6.66666666666667,-3.51384957295981
6.65001803043112,-3.287644359275
6.62251655629139,-3.54786914867703
6.6041939623303,-2.86280784652872
6.57894736842105,-3.34752483658773
6.55868565957143,-1.51994074881012
6.5359477124183,-3.29881713048259
6.5134909462728,-3.4824911721348
6.49350649350649,-1.3740058771629
6.46860766154633,-2.40736438520299
6.45161290322581,-3.16654263882993
6.42403365939419,-3.36446329581117
6.41025641025641,-2.55103819286246
6.37976680860628,-1.40897905007041
6.36942675159236,-2.91811518189054
6.33580499265825,-2.26616051436538
6.32911392405063,-2.73792010393718
6.29214610961034,-3.00016704515901
6.28930817610063,-3.58995975751473
6.25,-2.93035079707068
6.24878807200689,-3.08669505778816
6.2111801242236,-1.09981984588414
6.2057288067765,-3.30922712160197
6.17283950617284,-2.5861547403433
6.16296625513294,-1.89402464174359
6.13496932515337,-1.63928439644827
6.1204983724767,1.81478486986361
6.09756097560976,-2.93790203017
6.07832312829723,-1.49642577206636
6.06060606060606,-2.31062787132604
6.03643850607587,-3.4548062616116
6.02409638554217,-3.06626921655255
5.99484250318941,-2.4959177980957
5.98802395209581,-1.03614245898303
5.95353313081437,-2.44211902631217
5.95238095238095,-2.24407610241745
5.91715976331361,-2.68031409167913
5.91250841383188,-2.72069354645775
5.88235294117647,-3.27929697218213
5.87176639073326,-3.46031253354105
5.84795321637427,-1.57251395659885
5.83130511352622,-1.01269594762338
5.81395348837209,-3.64350140706794
5.79112264764176,-3.61731252551534
5.78034682080925,-3.45450184892295
5.75121707184161,-3.41617128540507
5.74712643678161,-0.133102134872682
5.71428571428571,-3.34171521737017
5.71158647812643,-0.646786959050654
5.68181818181818,-3.28025027141102
5.67222897164454,-3.29424371950055
5.64971751412429,-2.07691689318521
5.63314267060136,-1.42067378091213
5.61797752808989,-2.84460646659111
5.59432570616938,-2.86555049106944
5.58659217877095,-2.11422881180233
5.55577622239888,-1.76625396497406
5.55555555555556,-1.99528239510961
5.52486187845304,-2.25184292086068
5.51749237612913,-3.0920037310061
5.49450549450549,-3.21987177299776
5.47947233690029,-2.23588467330442
5.46448087431694,-2.77566939655714
5.44171428686589,-2.31394262706977
5.43478260869565,-3.44491650187914
5.40540540540541,-2.98243691124047
5.40421642070592,-3.00920873790359
5.37634408602151,-3.27948318331665
5.36697694554048,-2.63027114104907
5.3475935828877,-1.58148007094537
5.32999408084409,-3.07453095460057
5.31914893617021,-3.1992403267359
5.29326605836056,-2.95721555909126
5.29100529100529,-2.64580191152974
5.26315789473684,-3.37288830004858
5.25679112201842,0.325880730947792
5.23560209424084,-3.21324967458583
5.22056752784698,-0.805482169325482
5.20833333333333,-2.20145297975692
5.18459354389291,-2.98432125074582
5.18134715025907,-3.11971215048375
5.15463917525773,-2.31120216348337
5.14886745013749,-2.61262320061867
5.12820512820513,-3.56872870468929
5.11338753841433,-2.99004688985424
5.10204081632653,-3.24541845154324
5.07815211232767,-3.45016099849716
5.0761421319797,-0.520794666373216
5.05050505050505,-3.63056970665711
5.04315948717136,-0.150532280346662
5.0251256281407,-2.2227578603089
5.00840798984821,-3.600969908918
5,-3.05795135758408
4.97512437810945,-3.30818981032668
4.97389595879006,-2.09109982134974
4.95049504950495,-3.58367075032354
4.93962174387832,-3.61674619286346
4.92610837438424,-1.91353055917376
4.90558370636505,-3.44865037016593
4.90196078431372,-2.37034168183707
4.8780487804878,-2.53419161200061
4.87178021879463,-2.69327417879118
4.85436893203883,-2.48858333286973
4.83820966492596,-2.9366534540088
4.83091787439613,-3.59626042172878
4.80769230769231,-3.53286005227148
4.80487043965513,-2.84610034687831
4.78468899521531,-0.216061183313893
4.77176094893875,-3.2218607179095
4.76190476190476,-1.84802377129035
4.739336492891,-3.27831309844872
4.73887960971765,-3.1742963610492
4.71698113207547,-3.52487895738958
4.70622484984128,-3.37223030017803
4.69483568075117,-2.44702201805829
4.67379510799246,-3.59328629582078
4.67289719626168,-3.27965614669032
4.65116279069767,-3.58333370235531
4.64158883361278,-2.67955303296416
4.62962962962963,-1.10687242391354
4.60960448682843,-2.8316697994522
4.60829493087558,-3.0778563415986
4.58715596330275,-0.368985768490556
4.57784053837662,-2.93638203211689
4.5662100456621,-3.51857411280433
4.5462954695324,-3.62441693120759
4.54545454545455,-3.478467939617
4.52488687782805,-3.05582508711843
4.5149677720361,-2.96887131643019
4.5045045045045,-0.410199324795751
4.48430493273543,-3.46009116644522
4.48385594802119,-3.19561239504948
4.46428571428571,-2.5358828428376
4.45295850994265,-0.519652572006417
4.44444444444444,-3.59974073780121
4.42477876106195,-3.55410425052936
4.4222739805059,-3.15972362464471
4.40528634361233,-3.64706282167055
4.39180089259609,-1.80356031962644
4.3859649122807,-2.86619570842334
4.36681222707424,-3.22561337333029
4.361537789208,-3.56614886995565
4.34782608695652,-3.04320039594533
4.3314832233764,-3.13842068158048
4.32900432900433,-3.51259542639498
4.31034482758621,-0.786828869941085
4.30163575810679,-1.76167129899376
4.29184549356223,-2.89336576065404
4.27350427350427,-3.53434220841712
4.27199396630678,-3.25122170156559
4.25531914893617,2.73731248825535
4.24255643071778,-3.52364041952115
4.23728813559322,-3.63047571715067
4.21940928270042,-3.24980290492844
4.21332174384729,-3.5840920239879
4.20168067226891,-1.48590603030025
4.18428850790158,-0.139187460293679
4.18410041841004,0.661229073902253
4.16666666666667,-3.16904902460264
4.15545533471888,-3.50100674329324
4.149377593361,-2.15235438177332
4.13223140495868,-1.98294725644701
4.12682084570295,-2.66932449328196
4.11522633744856,-2.47882882276103
4.09838367175726,-3.27172177112071
4.0983606557377,-3.28771125277187
4.08163265306122,-3.15867082864657
4.07014245321944,-3.59442613880959
4.0650406504065,-3.65304652679238
4.04858299595142,-3.53750521368728
4.04209583979631,-3.16864223971056
4.03225806451613,-3.6026243500482
4.01606425702811,-2.8440221569301
4.01424249049932,-3.19679741682325
4,-2.70576884634574
3.98658107358044,-3.14705231451726
3.98406374501992,-2.96527320476359
3.96825396825397,-2.21783213440129
3.95911026646846,-1.86483354317091
3.95256916996047,-2.71243175279359
3.93700787401575,-2.60535606794526
3.93182875570577,-1.21133084386612
3.92156862745098,-3.21204921466726
3.90625,-2.48886911521684
3.90473523688556,-2.83487620859573
3.89105058365759,-2.65600442126857
3.87782841458946,-2.5838909988942
3.87596899224806,-2.1670579248324
3.86100386100386,-2.92601619748096
3.85110700232557,-2.59744119506852
3.84615384615385,-3.31370793454972
3.83141762452107,-1.65564229323688
3.824569722467,-3.62914809112722
3.81679389312977,-0.800691828571853
3.80228136882129,-3.40147625882342
3.79821530619074,-3.53711967332226
3.78787878787879,-2.83040916970766
3.77358490566038,-2.46511071204751
3.772042493417,-2.47878195327975
3.7593984962406,-3.29364115657576
3.74605003274899,-2.91584944596026
3.74531835205992,-2.95792845783607
3.73134328358209,-3.37352781396582
3.72023668141307,-1.91869780422366
3.71747211895911,-3.12304913522517
3.7037037037037,-1.42347647733758
3.6946012051993,-3.53871376916676
3.690036900369,-3.52764595873476
3.67647058823529,-3.18838907327567
3.66914237840249,-2.61734419985377
3.66300366300366,-2.19487276894834
3.64963503649635,-1.03047833533965
3.64385898376355,-0.302756748415457
3.63636363636364,-3.24964007350978
3.6231884057971,-3.52105597450749
3.61874981241128,-1.9655951346893
3.6101083032491,-1.84118462921226
3.59712230215827,-3.21565712751395
3.59381366380463,-3.31335380637311
3.584229390681,-2.46114957117139
3.57142857142857,-2.91110336219181
3.56904934567523,-0.594121501262246
3.55871886120996,-3.5147202308177
3.54609929078014,-2.29443498193036
3.54445567397043,-2.99385394311953
3.53356890459364,-3.5541399387893
3.52112676056338,-1.99413220478358
3.52003147279668,-2.95043897404771
3.50877192982456,-1.7900724448108
3.4965034965035,-2.83117280472983
3.49577557436328,-2.38244829176501
3.48432055749129,-2.73118390198168
3.47222222222222,-3.3810732385733
3.47168681892656,-3.16359681254745
3.46020761245675,-1.86453674598401
3.44827586206897,-3.64560079579204
3.44776405473446,-3.19235327333264
3.43642611683849,-2.8863639019613
3.42465753424658,-3.6444739658627
3.42400613797142,-2.82033841444821
3.41296928327645,-3.14450161496442
3.40136054421769,-2.2372343857523
3.40041193270371,-3.63232796939506
3.38983050847458,-3.03481925704348
3.37837837837838,2.34595280817179
3.37698031082509,-2.78095844153186
3.36700336700337,-2.80984546509726
3.35570469798658,-2.99304089344154
3.35371015200293,-3.40774834606848
3.34448160535117,-0.835614861704452
3.33333333333333,-0.987384102326824
3.33060034362459,-0.862987585440304
3.32225913621262,-3.43037909071325
3.3112582781457,-1.2248062834529
3.30764978074424,-3.21132499444361
3.3003300330033,0.583658131851611
3.28947368421053,-3.30558451989607
3.28485736603004,-1.49626749945731
3.27868852459016,-3.21363145868294
3.26797385620915,-3.57477376374676
3.26222200971167,-3.38196821265349
3.25732899022801,-1.2910029423506
3.24675324675325,-3.64140448372485
3.2397426295282,-2.78912570467524
3.23624595469256,-3.64736818612401
3.2258064516129,-3.60155989908274
3.21741815067637,-3.07818297209779
3.21543408360129,-0.699236694466133
3.20512820512821,-2.40780976999344
3.19524750575921,-3.32130655445352
3.19488817891374,-3.17139698800362
3.18471337579618,-0.383980483678196
3.17460317460317,-3.52873625136008
3.17322963473498,-2.5237648718993
3.16455696202532,-1.45091219950437
3.15457413249211,-1.81997309318596
3.15136348486648,-2.11410417158374
3.14465408805031,-3.15425279442116
3.13479623824451,-2.49854645202653
3.12964801067075,0.944209410385345
3.125,-2.8587977059846
3.11526479750779,-3.17968984028549
3.10808217386906,-3.431948445064
3.1055900621118,-3.36467143686657
3.09597523219814,-1.98258570229204
3.08666494333727,-2.48696991272213
3.08641975308642,-2.06444814994661
3.07692307692308,-2.43546701425457
3.06748466257669,-3.24563186820587
3.06539529505653,-3.1836323104974
3.05810397553517,-1.56394404006358
3.04878048780488,-2.78535539123991
3.0442722120643,-3.26966949952357
3.03951367781155,-3.16814862217775
3.03030303030303,-2.18232451226781
3.02329468440578,-1.4461241089226
3.02114803625378,-1.56399450086966
3.01204819277108,-3.5283754561595
3.003003003003,-2.87178538976745
3.00246170908555,-2.07167744952734
2.9940119760479,-3.50512141554212
2.98507462686567,-2.34471203044411
2.98177229001967,-3.02151051507355
2.97619047619048,-2.60005933174038
2.9673590504451,-2.43190674607446
2.96122543798803,0.238398086934997
2.9585798816568,-3.4435341395271
2.94985250737463,-3.49970105032012
2.94117647058824,-0.654375759172761
2.94082017058706,-1.81274420206408
2.93255131964809,-3.37399029748671
2.92397660818713,-3.59215569985833
2.92055551218275,-3.46787652546866
2.91545189504373,-3.19801514023809
2.90697674418605,-2.74943530058222
2.90043049386399,-3.41033252502403
2.89855072463768,-3.38704179293127
2.89017341040462,-1.43646319195893
2.88184438040346,-3.34279099265656
2.8804441533963,-3.53064152658483
2.8735632183908,-3.55835737178826
2.86532951289398,0.0788416034873665
2.86059553517574,-2.55570356682478
2.85714285714286,-1.49053855700604
2.84900284900285,-3.16433659901265
2.84090909090909,-2.90990372871603
2.8408836901833,-2.94352708607279
2.8328611898017,-3.26649612513792
2.82485875706215,-2.5257548986505
2.82130767593947,-1.14654854698635
2.8169014084507,-3.03893569542016
2.80898876404494,-3.43025457021399
2.8018665564592,-1.93486272485795
2.80112044817927,-0.653868448559034
2.79329608938547,-3.29189790923506
2.78551532033426,-3.173374386415
2.78255940220712,-3.64326336665008
2.77777777777778,-2.90803657891676
2.77008310249307,-2.77377374995579
2.76338529005317,-2.49992195053586
2.76243093922652,-3.55845843971788
2.75482093663912,-0.678403078766119
2.74725274725275,-2.68275134005476
2.74434330322836,-3.50652680104504
2.73972602739726,-3.55479203296245
2.73224043715847,-2.7943629413733
2.72543253128103,-3.53709628229039
2.72479564032698,-1.39175167587681
2.71739130434783,-2.37001592826511
2.710027100271,-3.44015952939763
2.70665207003324,-3.50730781137444
2.7027027027027,-3.43474675247496
2.69541778975741,-1.39460063903636
2.68817204301075,-0.787922406502001
2.68800102153761,-0.715289752211002
2.68096514745308,-0.857046227734837
2.67379679144385,-3.46672379763798
2.66947849403432,-3.023625173826
2.66666666666667,-0.217966229521191
2.65957446808511,-3.39326190317523
2.6525198938992,-3.33397981500301
2.65108360190854,-3.03151877808313
2.64550264550265,-1.98467755423838
2.63852242744063,-1.25875884616344
2.63281546564802,-1.54713238386152
2.63157894736842,-1.52368637279853
2.6246719160105,-3.50218821608341
2.61780104712042,-3.5954334586646
2.61467321180109,-1.09986413520017
2.61096605744125,-3.43156942283342
2.60416666666667,-3.12597372807032
2.5974025974026,-2.46166118552794
2.59665597293487,-3.10019979803006
2.59067357512953,-2.71482288639329
2.58397932816537,-3.26904725723746
2.5787628875938,-3.35073785720165
2.57731958762887,-3.45325231620633
2.5706940874036,-3.07330202873306
2.56410256410256,-2.05182065156132
2.56099310025846,-3.59770243170329
2.55754475703325,-2.61971708508046
2.55102040816327,-0.931138630422548
2.54452926208651,-3.53375657758469
2.54334576130465,-3.25413643758342
2.53807106598985,-3.04381036883468
2.53164556962025,-3.64484930441013
2.52582002696278,-3.42037150882204
2.52525252525253,-2.89307329155589
2.51889168765743,-3.51260401315887
2.51256281407035,-1.8024823348786
2.50841505927754,-2.90619549177581
2.5062656641604,-3.63550630933006
2.5,-1.87614986253756
2.49376558603491,-2.14560699921683
2.49113002606779,-0.944387280652118
2.48756218905473,-1.86825157938973
2.48138957816377,-3.28407404284071
2.47524752475248,-1.78849930103079
2.47396410088681,-2.01034115434824
2.46913580246914,-3.30435494686914
2.46305418719212,-3.45988251848068
2.45700245700246,-0.748595686821953
2.45691646298279,-0.388877499712929
2.45098039215686,-3.40149081810982
2.44498777506112,-3.28566916944704
2.43998629725955,-3.5429976945676
2.4390243902439,-2.4645124557219
2.4330900243309,-3.65547098148273
2.42718446601942,-3.6290076944994
2.4231727942376,-2.47189044412691
2.42130750605327,-3.41003940085185
2.41545893719807,-2.50442004967708
2.40963855421687,-2.76913130030074
2.40647515001542,-1.8460562226857
2.40384615384615,-2.48337684874785
2.39808153477218,-3.58652547475195
2.39234449760766,-1.66134901483015
2.38989256623105,-2.2147939699896
2.38663484486874,-1.27634216284165
2.38095238095238,-3.02345019316503
2.37529691211401,-2.80746171891696
2.37342425002387,-2.9667163605403
2.3696682464455,-1.65958116294699
2.36406619385343,-3.59165201588815
2.35849056603774,-3.22306999520542
2.35706941399673,-2.67958411623179
2.35294117647059,-1.41198333142513
2.34741784037559,-3.55936706813948
2.34192037470726,-2.31982105411871
2.34082727617829,-2.99122310427129
2.33644859813084,-2.6315667917829
2.33100233100233,-2.87088167476711
2.32558139534884,-3.24248870646262
2.32469705998565,-3.33186252413399
2.32018561484919,-2.67123031253278
2.31481481481481,-3.53210360814965
2.3094688221709,-1.81351959552553
2.30867799418717,-2.62276741323738
2.30414746543779,-3.08578469403012
2.29885057471264,-2.86108008905758
2.29357798165138,-1.39965129510456
2.29276931286565,-3.11140430126091
2.2883295194508,-3.55049312404351
2.28310502283105,-3.42367753702241
2.27790432801822,-2.22755868433289
2.27697025538168,-2.70865338824087
2.27272727272727,-3.16722147121153
2.26757369614512,-2.67109223953572
2.26244343891403,-2.25732941429969
2.26128006633728,-3.36904349530441
2.25733634311512,-3.18513076012651
2.25225225225225,-1.0027511812204
2.24719101123596,-2.31196531849487
2.24569799553977,-2.8566180175738
2.24215246636771,-3.32161883004353
2.23713646532438,-1.034677943885
2.23214285714286,-3.51888576881468
2.23022329796594,-3.2599636882753
2.2271714922049,-3.47885944976333
2.22222222222222,-3.54986434614981
2.21729490022173,-2.08348753904191
2.21485523372636,-3.53703884009242
2.21238938053097,-3.4817797812167
2.2075055187638,-3.37407942785496
2.20264317180617,-2.09048751112551
2.19959306803007,-0.97296953324972
2.1978021978022,-3.15616336003115
2.19298245614035,-3.59291100316211
2.18818380743982,-3.65876370993542
2.18443607114943,-2.67076030808881
2.18340611353712,-3.16102623667261
2.17864923747277,-2.75295069906395
2.17391304347826,-3.50747244591393
2.16938351838518,-3.16449735102732
2.16919739696312,-3.42188946747866
2.16450216450216,-3.09061445467666
2.15982721382289,-2.84409409430527
2.1551724137931,-2.53923891985086
2.15443469003188,-2.77118610910976
2.1505376344086,-3.31137604820217
2.14592274678112,-3.13034159030137
2.14132762312634,-2.90511159691961
2.13958887134342,-3.2550738155639
2.13675213675214,3.25770826252576
2.13219616204691,-3.07175033486136
2.12765957446809,-3.48772827013355
2.12484535249888,-0.520925047236783
2.12314225053079,-0.489466577236224
2.11864406779661,-3.3141105552316
2.11416490486258,-3.20236000640305
2.1102034285686,-3.16908881526309
2.10970464135021,-3.61124257061148
2.10526315789474,-2.55828596107041
2.10084033613445,-3.59216688116752
2.09643605870021,-2.16478835415507
2.09566239948043,-3.30406282215288
2.09205020920502,-3.58071565645964
2.08768267223382,-3.33368580322023
2.08333333333333,-1.89845428875141
2.08122156998634,-3.5191887594381
2.07900207900208,-3.53986052317419
2.0746887966805,-2.38689318435491
2.0703933747412,-3.14101188125748
2.06688024962908,-2.92254482696388
2.06611570247934,-2.70544751369088
2.06185567010309,-3.34379050396809
2.05761316872428,-2.68054954318189
2.05338809034908,-3.27189375268956
2.05263775270925,-2.55301442862359
2.04918032786885,-3.49607449215396
2.04498977505112,-2.74116812126042
2.04081632653061,-2.44537943175284
2.03849339825246,-2.79077864915889
2.03665987780041,-3.06573270866714
2.03252032520325,-3.56918893723103
2.02839756592292,-2.89318812016848
2.0244465099768,-3.00925045282078
2.02429149797571,-2.24543714808577
2.02020202020202,-2.12246485948752
2.01612903225806,-3.39919975007696
2.01207243460765,2.16997731664258
2.0104964162605,-1.05850216038059
2.00803212851406,-2.16463066505242
2.00400801603206,-2.90085687118265
2,-3.56098241927874
1.99664245010979,0.00389675619785113
1.99600798403194,-3.39510319944788
1.99203187250996,-3.46298643848193
1.98807157057654,-2.33563152962183
1.98412698412698,-3.65719132549664
1.98288394912707,-3.32746164226678
1.98019801980198,-2.96937253887584
1.97628458498024,-2.68188782795935
1.9723865877712,-3.23536277113497
1.96922025547917,-2.57899289256691
1.96850393700787,-3.6583908491611
1.96463654223969,-2.88416821767388
1.96078431372549,-3.43022388147657
1.95694716242661,-3.21815854190283
1.95565071586595,-3.46207764358111
1.953125,-3.07581015630434
1.94931773879142,-3.35178781449768
1.94552529182879,-2.78229458784331
1.94217468148903,-2.61298577409131
1.94174757281553,-2.89136146093362
1.93798449612403,-3.38313572078486
1.93423597678917,-2.42374230350616
1.93050193050193,-2.29863616905017
1.92879150802078,-2.84088343495786
1.92678227360308,-2.11441277436101
1.92307692307692,-0.56468784527264
1.91938579654511,-2.99288223521908
1.91570881226054,-3.43054169801776
1.91550055557353,-3.44355108994732
1.91204588910134,-2.43667733634002
1.90839694656489,-2.89036090225717
1.9047619047619,-3.44074308448604
1.90230118866894,-3.61425656685408
1.90114068441065,-3.56737691185831
1.89753320683112,-3.50703905107492
1.89393939393939,-3.56282156073054
1.89035916824197,-0.8856898692574
1.88919277620767,-1.10036761655739
1.88679245283019,-3.3706803455429
1.88323917137476,-3.35253830464769
1.8796992481203,1.1443254212128
1.87617469143912,-2.64986934571452
1.87617260787992,-2.63306218668897
1.87265917602996,-2.63850862269943
1.86915887850467,-3.32762466443857
1.86567164179104,-2.40589427773382
1.86324631193156,-3.64393009513263
1.86219739292365,-3.52236766988168
1.85873605947955,-3.11182835662474
1.85528756957328,-2.13394522484874
1.85185185185185,-2.6839500309464
1.8504070195423,-3.3392776431573
1.84842883548983,-3.65710736850449
1.8450184501845,-1.3511693799934
1.84162062615101,-2.78068759614417
1.83823529411765,-2.67810381483745
1.83765620038817,-3.60261794886041
1.8348623853211,-2.75333892361153
1.83150183150183,-3.64819597430074
1.82815356489945,-1.95351691260985
1.82499324481615,-3.48380986416633
1.82481751824817,-3.21102238667533
1.82149362477231,-1.27224525620603
1.81818181818182,-3.48286428747614
1.81488203266788,-3.22931602741455
1.81241754737424,-2.47553947805126
1.81159420289855,-3.42996725873864
1.80831826401447,-2.74437823039541
1.80505415162455,-3.36741749277261
1.8018018018018,-1.2787376929693
1.79992850678248,1.04100973935035
1.79856115107914,-2.77590341494088
1.79533213644524,-3.65009083742511
1.7921146953405,-2.62716955373973
1.78890876565295,-2.6853532487771
1.78752552590424,-1.47433257192214
1.78571428571429,-2.87630272403326
1.7825311942959,-2.10727100331594
1.77935943060498,-1.89518992234842
1.77619893428064,-3.20913399495746
1.77520801171763,-1.89197924683956
1.77304964539007,-2.89712629405137
1.76991150442478,-3.55461356376365
1.76678445229682,-0.232584913953796
1.7636684303351,-2.10118032962388
1.76297537528721,-2.50128197669188
1.76056338028169,-3.38011434542782
1.75746924428822,-3.15032656820513
1.75438596491228,-3.26073046125297
1.75131348511384,-3.51659169779465
1.75082703173572,-2.84938315734278
1.74825174825175,-2.01073414596054
1.74520069808028,-2.02136612242672
1.74216027874564,-3.4288102080519
1.73913043478261,-2.99649191579091
1.73876240021625,-3.47393773900192
1.73611111111111,-3.23456085857132
1.73310225303293,-3.3386789661318
1.73010380622837,-1.93003225700213
1.72711571675302,-3.62997052001613
1.72678090388436,-1.009245644903
1.72413793103448,-2.27872986125281
1.72117039586919,-3.21934839018531
1.71821305841924,-1.33940019944792
1.71526586620926,-3.35754280721631
1.71488196987054,-3.46823020758326
1.71232876712329,-1.69603917169637
1.70940170940171,-0.575670808152249
1.70648464163823,-3.38520206443335
1.70357751277683,-3.57077412131177
1.70306502925284,-1.85150669612032
1.70068027210884,-2.81155237868104
1.69779286926995,-3.42848902833067
1.69491525423729,-1.76009494282486
1.69204737732657,-3.35733040074679
1.69132951702965,-3.24126569810839
1.68918918918919,-3.05000307026578
1.68634064080944,-3.12278518381934
1.68350168350168,-3.54796134201954
1.68067226890756,1.05707283423861
1.67967487209265,-3.56620170426042
1.67785234899329,-2.3351362760679
1.6750418760469,-2.44780393641814
1.67224080267559,-3.61360368155025
1.669449081803,-2.05704733723386
1.66810053720006,-2.27836228345297
1.66666666666667,-2.90097185621932
1.66389351081531,-3.63590456121043
1.66112956810631,-3.19610661941798
1.65837479270315,-3.63343337639419
1.65660595894991,-2.57376648573686
1.65562913907285,-0.932487491789639
1.65289256198347,-3.46663934736132
1.65016501650165,-3.41735583077242
1.64744645799012,-2.12584947607003
1.64519058775366,-1.89204321028039
1.64473684210526,-0.641435785570233
1.64203612479475,-2.68126774222098
1.63934426229508,-2.86366079125933
1.6366612111293,-2.69473424685249
1.63398692810458,-2.0552687654159
1.63385387780986,-1.46189394262104
1.63132137030995,-2.89590062732018
1.62866449511401,-2.71590203020942
1.6260162601626,-1.90268067273758
1.62337662337662,-2.49135812991041
1.62259528707809,-3.37184661777907
1.62074554294976,-3.38976318416261
1.61812297734628,-3.46688209560964
1.61550888529887,-3.65016032851993
1.61290322580645,-3.18025249563449
1.61141427725302,-3.25352396582276
1.61030595813205,-2.82754391349563
1.60771704180064,-3.50952419363621
1.60513643659711,-2.75045022283869
1.6025641025641,-3.36006237201256
1.6003103137387,-3.28482687866888
1.6,-1.41666928266131
1.59744408945687,-1.97925878996819
1.59489633173844,0.929967401710731
1.59235668789809,-1.43971636283758
1.58982511923688,-3.02012449981397
1.58928286562298,-3.05453903666962
1.58730158730159,-2.45267391080493
1.58478605388273,-2.37049081686139
1.58227848101266,-3.09937361471922
1.57977883096367,-2.57608751275624
1.57833140565212,-3.00018596358366
1.57728706624606,-1.51218701313833
1.5748031496063,-3.39969415961333
1.57232704402516,-1.83300400937356
1.56985871271586,-0.200467015241496
1.5674554102056,-3.39708606320552
1.56739811912226,-2.82379308493476
1.56494522691706,-2.77624130146087
1.5625,-1.6572144871365
1.5600624024961,-2.9205147729594
1.55763239875389,-3.43632557070368
1.55665435927106,-2.15372931540572
1.5552099533437,-1.40195775550383
1.5527950310559,-3.11286032667847
1.55038759689922,-2.65844609098717
1.54798761609907,-2.31501463671141
1.54592773641948,-3.5893806093524
1.54559505409583,-3.42063645048391
1.54320987654321,-2.88293537899521
1.54083204930663,-3.3326595810178
1.53846153846154,-1.09908072587963
1.53609831029186,-2.80073817049837
1.53527502878042,-0.136694447319921
1.53374233128834,-3.6136745448429
1.53139356814701,-2.85214389383826
1.52905198776758,-3.3378862455023
1.52671755725191,-2.75437655673748
1.52469572701757,-3.59114332212946
1.52439024390244,-1.30550018279412
1.5220700152207,-3.20503138194895
1.51975683890577,-3.60489622291861
1.51745068285281,0.0879338674985108
1.51515151515152,-1.31977422830142
1.51418932530435,-3.42845816108528
1.51285930408472,-3.43715776725498
1.51057401812689,-3.49930842356106
1.50829562594268,-2.14964079171637
1.50602409638554,-3.34335143741041
1.50375939849624,-0.985256859887737
1.50375532129974,-1.002513135206
1.5015015015015,-2.04645551218347
1.49925037481259,-2.90730959261459
1.49700598802395,-3.56105139872055
1.49476831091181,-2.47681445938555
1.49339321612425,-1.02107791640069
1.49253731343284,-3.32995264257932
1.4903129657228,-3.06483128110359
1.48809523809524,-1.91015873417428
1.48588410104012,-1.676409385289
1.48367952522255,-3.58651675891299
1.4831025143361,-2.76487959721252
1.48148148148148,-2.35444756568107
1.4792899408284,-3.37420133174522
1.47710487444609,-1.41279044613072
1.47492625368732,-3.42953572305235
1.4728827239075,-2.45150876224154
1.47275405007364,-2.64808995665795
1.47058823529412,-2.78892720488461
1.46842878120411,-2.63610132921577
1.46627565982405,-3.3654124898493
1.46412884333821,-1.23473608284784
1.46273335620113,-1.7042349211989
1.46198830409357,-3.27302186451935
1.45985401459854,-3.46744023294446
1.45772594752187,-3.2163649099556
1.45560407569141,-3.23037842817895
1.45348837209302,-0.431163849399932
1.45265392594678,-3.57064067932152
1.45137880986938,-1.57421135612749
1.44927536231884,-2.18888831368921
1.44717800289436,-3.31224258285054
1.44508670520231,-3.02745556100602
1.44300144300144,-2.49073272588775
1.44264395121816,-1.85849433619576
1.44092219020173,-3.52461546286109
1.43884892086331,-1.82115328671012
1.4367816091954,-2.83308026711596
1.43472022955524,-1.36186989574672
1.43270295340983,-2.72616829794681
1.43266475644699,-2.98168228775206
1.43061516452074,-3.20573102731695
1.42857142857143,2.06331968956242
1.4265335235378,-0.487469641290157
1.42450142450142,-0.28162928430235
1.42283045721435,-3.29411642113608
1.42247510668563,-3.56120342590243
1.42045454545455,2.03972940364567
1.41843971631206,-3.1647744799899
1.41643059490085,-1.31061794565387
1.41442715700141,-2.05102991755877
1.41302599059953,-2.77571168360815
1.41242937853107,-3.35264955937252
1.41043723554302,-3.47544851116573
1.40845070422535,-3.30258836405293
1.40646976090014,-3.11169677030638
1.40449438202247,-3.10308543032933
1.40328908478587,-1.57703704399553
1.40252454417952,-3.29948325867671
1.40056022408964,-3.17739049888406
1.3986013986014,-3.52389809492309
1.39664804469274,-3.39366389603471
1.39470013947001,-1.41561478643249
1.39361927422414,-2.62108209047802
1.39275766016713,-3.15683157395552
1.39082058414465,-3.32607042189944
1.38888888888889,-2.89770083791249
1.3869625520111,-2.68843180507509
1.38504155124654,-3.19540752752131
1.38401609657313,-1.59692012231228
1.38312586445367,2.66906280118345
1.38121546961326,-1.5071926975625
1.37931034482759,-3.10611524578446
1.37741046831956,-0.553616014231475
1.37551581843191,-1.99003779417707
1.37447909267754,-2.1602426321581
1.37362637362637,-2.6035405277468
1.37174211248285,-2.5402776236326
1.36986301369863,-0.951221211863877
1.36798905608755,-2.55498516498276
1.36612021857923,-3.37197274365296
1.36500780654601,-1.04814200633548
1.36425648021828,-2.31423990665403
1.36239782016349,-3.03774074265295
1.36054421768707,-1.16964618453492
1.35869565217391,-3.36489157697549
1.35685210312076,-3.26264627116383
1.35560178532937,-2.58450087101398
1.3550135501355,-2.48614610818158
1.3531799729364,-3.54576793844508
1.35135135135135,-3.5154844602443
1.34952766531714,-3.58804983458109
1.34770889487871,-3.05330440876458
1.34626057929891,-3.34443858428069
1.34589502018843,-2.37169258854974
1.34408602150538,-3.05079443645586
1.34228187919463,-2.12466267855013
1.34048257372654,-3.59498930192297
1.33868808567604,-3.45042908244765
1.33698374182495,-1.63105160565056
1.33689839572193,-1.61329924745057
1.33511348464619,-2.49015513675088
1.33333333333333,-3.32338697493081
1.33155792276964,-2.43961635780785
1.32978723404255,-1.43533314491851
1.32802124833997,-1.96074958681008
1.32777082935543,-2.96097539397727
1.3262599469496,-2.77256326152455
1.32450331125828,-2.53929038590779
1.32275132275132,-1.33814520907542
1.32100396301189,-2.43255485823418
1.31926121372032,-3.15694653225632
1.31862140139475,-3.23999612105934
1.31752305665349,-3.28400189906425
1.31578947368421,-2.29020220640437
1.31406044678055,0.157919852887365
1.31233595800525,-2.40724873485673
1.31061598951507,-2.46439080485957
1.30953502048267,-3.01810722872527
1.30890052356021,-2.43730311657303
1.30718954248366,-0.346482785107848
1.30548302872063,-3.28686379299087
1.30378096479791,-2.92932296229913
1.30208333333333,-1.05052368243964
1.30051125217341,-3.10785051609742
1.30039011703511,-3.49388290718987
1.2987012987013,-3.05368957651667
1.2970168612192,-3.64829395595644
1.29533678756477,-2.45875191084927
1.29366106080207,-3.58485627883972
1.29198966408269,-2.77345461295554
1.29154966501488,-3.11590224090089
1.29032258064516,-3.32342085351935
1.28865979381443,-2.51783243463616
1.28700128700129,-3.48751980785824
1.2853470437018,5.08532334615827
1.28369704749679,-3.6580442842865
1.28264983052806,-2.70943713910297
1.28205128205128,-3.37110387891296
1.28040973111396,-2.2984837464911
1.27877237851662,-2.66074202726882
1.27713920817369,-3.19014724824786
1.27551020408163,-2.16252587994252
1.27388535031847,0.289267228444449
1.27381132318648,0.105885117093512
1.27226463104326,-3.59762883050966
1.27064803049555,-2.43432062901236
1.26903553299492,-3.52087239074525
1.26742712294043,-3.57459791998395
1.26582278481013,-2.44622500916658
1.2650337203959,-2.48259995345317
1.26422250316056,0.149406819596511
1.26262626262626,-3.09858114843378
1.26103404791929,-3.41335000733455
1.25944584382872,-1.78768200640151
1.25786163522013,-1.12401980865551
1.25631660247412,-2.86193382009189
1.25628140703518,-2.84283753450246
1.25470514429109,-0.681965203102872
1.2531328320802,-2.46545793393504
1.25156445556946,-3.18549895636978
1.25,-3.62789871951751
1.24843945068664,-1.8268044939232
1.24765955263087,-1.59877745020689
1.24688279301746,-3.5885948220165
1.2453300124533,-2.71252289337174
1.24378109452736,-1.8602665941534
1.24223602484472,-2.78978548144358
1.24069478908189,-2.96107293311273
1.23915737298637,-2.36787676438065
1.23906215694792,-3.31873814150121
1.23762376237624,-2.38126740789461
1.23609394313968,-3.46552410341873
1.23456790123457,-3.59601499435423
1.23304562268804,-3.64569074047908
1.23152709359606,-3.56502533932307
1.23052400435926,-2.35139787854926
1.230012300123,-1.17711047898184
1.22850122850123,-3.1880152385208
1.22699386503067,-3.45988577671637
1.22549019607843,-3.12199432909021
1.22399020807834,-2.60641700561974
1.22249388753056,-3.19634036636104
1.22204468663149,-3.64444664148145
1.22100122100122,-2.27570811645433
1.21951219512195,-2.51743781449981
1.21802679658952,-0.610433101644882
1.21654501216545,-2.5372911284961
1.21506682867558,-0.621934988070431
1.21362379834424,-2.99542521538025
1.21359223300971,-2.51884645391665
1.21212121212121,-2.83427266431574
1.21065375302663,-2.3323132625125
1.20918984280532,-2.41029228781128
1.20772946859903,-2.70608625584107
1.20627261761158,-3.12364710759438
1.20526093687084,-3.49004149312698
1.20481927710843,-3.07937789759672
1.20336943441637,-3.0440178437626
1.20192307692308,-2.41902151109171
1.20048019207683,-1.56870568545237
1.19904076738609,-2.70212949110792
1.19760479041916,-3.56697683887786
1.19695570235904,-2.58569607850635
1.19617224880383,-3.37041362859933
1.194743130227,-3.13635363665007
1.19331742243437,-3.12434423626011
1.19189511323004,-0.528994285667333
1.19047619047619,-1.54568438635099
1.18906064209275,-3.63025595978537
1.1887076977119,-2.80488935854352
1.18764845605701,-0.300193953757524
1.18623962040332,-2.06685030512532
1.18483412322275,-3.31601600715733
1.18343195266272,-2.36858609840784
1.18203309692671,0.373807965980764
1.18063754427391,-2.81381619928039
1.18051652856881,-3.42007887976471
1.17924528301887,-2.99084566612624
1.17785630153121,-2.56136435484997
1.17647058823529,-2.82716911685692
1.17508813160987,-3.32887991119524
1.17370892018779,-3.52596113589397
1.1723818032866,-2.9300361659542
1.17233294255569,-2.64276678071904
1.17096018735363,-2.42803201121232
1.16959064327485,-2.12075853718811
1.16822429906542,-3.00261782528603
1.16686114352392,-1.31254656106544
1.16550116550117,-3.08838797253191
1.16430313292088,-3.5897461566973
1.16414435389988,-0.988619996115015
1.16279069767442,-3.08579793421274
1.16144018583043,-3.03124836877212
1.16009280742459,-2.98020763478867
1.15874855156431,-2.77101286608792
1.15740740740741,-2.78940163631351
1.15628013120738,-3.09711466316777
1.15606936416185,-0.96061604262017
1.15473441108545,-2.22248646941083
1.15340253748558,-2.96045630838519
1.15207373271889,-3.08474854935802
1.15074798619102,-3.53887224100243
1.14942528735632,-1.64750412379881
1.14831241454351,-3.62801254302782
1.14810562571757,-3.4234850128936
1.14678899082569,-0.923155885506655
1.1454753722795,-3.14854513594902
1.1441647597254,-1.55943764298596
1.14285714285714,-3.63063426430709
1.14155251141553,-1.33332023170469
1.14039960197003,-2.36307285399378
1.14025085518814,-2.05842500765514
1.13895216400911,-3.6429691817304
1.13765642775882,-3.56766097841388
1.13636363636364,-3.50383302786549
1.13507377979569,-3.37630767700132
1.13378684807256,-2.57666447493799
1.13254131515281,0.367558715274659
1.13250283125708,-0.584763478905567
1.13122171945701,-0.303503275846917
1.12994350282486,-3.22751884952195
1.12866817155756,-3.54158317713218
1.12739571589628,-1.7015319304243
1.12612612612613,-2.05451136245942
1.12485939257593,-3.04469264916751
1.12473717836475,-3.6248659947639
1.12359550561798,-3.38047187679116
1.12233445566779,-2.44900140653437
1.12107623318386,0.446786497468612
1.11982082866741,-3.62685521446881
1.11856823266219,-2.75022402925473
1.11731843575419,-0.548373761378893
1.11698681846782,-2.08117339049236
1.11607142857143,-2.25643031221808
1.11482720178372,-3.62504174057737
1.11358574610245,-3.302760077982
1.11234705228031,-1.98120660458498
1.11111111111111,-2.31973511115354
1.10987791342952,-2.76289907858507
1.10928986489522,-1.17223982313198
1.10864745011086,-1.76419563702076
1.10741971207087,-3.49485077378959
1.10619469026549,-3.65164469416511
1.10497237569061,-3.28109312929139
1.1037527593819,-0.086773606749925
1.10253583241455,-2.88171533639253
1.10164594963366,-3.34734859002405
1.10132158590308,-2.00583689219313
1.1001100110011,-1.99740250818119
1.0989010989011,-2.40081758584575
1.09769484083425,-3.12747823326249
1.09649122807018,-2.62912369782343
1.09529025191676,-1.96874508316751
1.09409190371991,-1.9747940722177
1.09405470720574,-1.78978510285939
1.09289617486339,-3.53363713989126
1.09170305676856,-2.73944143473873
1.09051254089422,-3.43075270785273
1.08932461873638,-1.36866712494578
1.08813928182807,-3.48006627617213
1.08695652173913,-1.95511319107099
1.08651577465254,-2.24622980360719
1.085776330076,-0.841104397853637
1.08459869848156,-3.5720079455276
1.08342361863489,-3.61805251942944
1.08225108225108,-1.45429682762069
1.08108108108108,-1.41841687810939
1.07991360691145,-3.11696094755704
1.07902879151618,-0.783772067066006
1.07874865156419,-3.6024175123983
1.07758620689655,-3.35700035360794
1.07642626480086,-2.98508931073872
1.0752688172043,-2.96146933150249
1.07411385606874,-0.405338902798586
1.07296137339056,-2.80516690560539
1.07181136120043,-2.50489372045127
1.07159339982267,-3.48205840927498
1.07066381156317,-3.30894160639967
1.06951871657754,-0.606534974158687
1.06837606837607,-2.39320319181895
1.06723585912487,-1.75503880237299
1.06609808102345,1.47267731343884
1.06496272630458,-3.33548993776675
1.06420924406472,-1.94823720035377
1.06382978723404,-2.66107649142766
1.06269925611052,-3.034426787724
1.06157112526539,-2.95547528387543
1.06044538706257,-2.96486612382655
1.0593220338983,-2.43108071887805
1.05820105820106,-1.49451160869439
1.05708245243129,-2.28768085415019
1.0568759711848,-3.07712285433258
1.05596620908131,-3.61836563496224
1.05485232067511,-1.88990477647867
1.05374077976818,-2.00016137846999
1.05263157894737,-3.44311318901226
1.0515247108307,-2.39975759019562
1.05042016806723,-0.0353380193604478
1.04959323055823,-3.66281199279707
1.04931794333683,-0.310466635305384
1.0482180293501,-2.92150459600692
1.04712041884817,-2.48515941445548
1.04602510460251,-2.14610172036064
1.04493207941484,-3.11594508738251
1.04384133611691,-3.18613793467015
1.04275286757039,-0.166453959155443
1.0423606739764,-2.39019339482924
1.04166666666667,-0.10325124779727
1.04058272632674,-2.29910677476452
1.03950103950104,-2.74415720461901
1.03842159916926,-1.47485496579055
1.03734439834025,-3.4301557705276
1.03626943005181,-2.7696230354238
1.0351966873706,-3.16768832750359
1.03517795563018,-2.98885712278037
1.03412616339193,-3.09274148425585
1.03305785123967,-2.51527288005742
1.03199174406605,-2.78094882828746
1.03092783505155,-2.00850270702234
1.02986611740474,-3.61264159454056
1.02880658436214,-3.27140448754754
1.02804473209331,-0.881298273900181
1.02774922918808,-3.18714392780309
1.02669404517454,-2.7642106425951
1.02564102564103,-2.28741604657106
1.02459016393443,-2.59726746210709
1.02354145342886,-3.33421439958043
1.02249488752556,-3.53485173472209
1.02145045965271,-3.25748901782161
1.02096066230605,-3.31835869611664
1.02040816326531,-2.71000826603399
1.01936799184506,-1.55218063799033
1.0183299389002,-1.25265236800801
1.01729399796541,-3.3121232960929
1.01626016260163,-2.68779172380605
1.01522842639594,-1.70639216505624
1.01419878296146,-3.31644368077989
1.01392540755882,-3.09258779786382
1.01317122593718,0.0940418235150746
1.01214574898785,-3.18571627974016
1.01112234580384,-2.3195017620181
1.01010101010101,-3.41297352386727
1.00908173562059,-2.19511729239455
1.00806451612903,-2.76774242671193
1.00704934541793,-2.48849885366637
1.00693863147603,-2.55440308791271
1.00603621730382,-3.32971379824407
1.00502512562814,-3.39777091259865
1.00401606425703,-2.51372391175768
1.00300902708124,-3.41177080209995
1.00200400801603,-2.69295821133134
1.001001001001,-2.29058821580061
1,-2.0132354845703
