"bfp_output.P","bfp_output.logBF"
1000,-0.241007656098001
993.109181374979,0.0443760729948126
986.265846131283,0.214481016049992
979.46966706954,0.274940786581728
972.720319245055,0.24903295634518
966.017479952265,0.168706476501019
959.360828709315,0.0641642638577098
952.75004724273,-0.0439053453365359
946.184819472201,-0.147887002176343
939.66483149547,-0.252985969868699
933.189771573324,-0.374045348619329
926.759330114689,-0.530117040632272
920.373199661823,-0.737685399359758
914.031074875623,-1.00432623837356
907.732652521023,-1.32522343565055
901.477631452492,-1.68411508202503
895.26571259964,-2.05797857642188
889.096598952916,-2.42286140715786
882.969995549409,-2.75826195323476
876.885609458743,-3.0489980784515
870.843149769073,-3.28509682536663
864.842327573172,-3.46098003159831
858.882855954625,-3.57510108443024
852.964449974103,-3.6304420523805
847.086826655741,-3.63511382058588
841.249704973612,-3.60146389436091
835.452805838287,-3.5429008215862
829.695852083491,-3.46990448353706
823.978568452852,-3.38777904492077
818.300681586739,-3.29720196971185
812.661920009195,-3.19674524090315
807.06201411495,-3.08636736484622
801.500696156541,-2.97168509689281
795.977700231499,-2.86856512691646
790.492762269642,-2.80444112772504
785.045620020451,-2.80870705855166
779.636013040523,-2.89122583937508
774.263682681127,-3.02942363707406
768.928372075831,-3.18321554203997
763.629826128224,-3.32034781953724
758.367791499719,-3.42635973513348
753.142016597437,-3.49989877319639
747.952251562182,-3.54532264181979
742.798248256492,-3.56810392367073
737.679760252773,-3.57299952042656
732.596542821523,-3.56385265977193
727.548352919623,-3.54432028110859
722.534949178721,-3.51859985897338
717.556091893692,-3.49051530471375
712.611543011175,-3.46181474148583
707.701066118189,-3.43280648343183
702.824426430835,-3.40433680586373
697.981390783066,-3.37880512775721
693.17172761554,-3.36039138511763
688.39520696455,-3.35485860001323
683.651600451024,-3.36825182040739
678.940681269611,-3.40350426618699
674.262224177835,-3.45590327438641
669.616005485322,-3.51227274309526
665.001803043112,-3.55763583297364
660.419396233031,-3.58391021517768
655.868565957143,-3.59223696814994
651.349094627281,-3.58926659659816
646.860766154633,-3.58269396376776
642.40336593942,-3.5784904472229
637.976680860628,-3.57960311733099
633.580499265825,-3.58582985634323
629.214610961035,-3.59494420984485
624.878807200689,-3.60449681949877
620.57288067765,-3.61303729403159
616.296625513294,-3.62006225609592
612.04983724767,-3.62516021757936
607.832312829723,-3.62734393636513
603.643850607587,-3.62517983667562
599.484250318941,-3.61743230883324
595.353313081437,-3.60334135789135
591.250841383188,-3.58203280845056
587.176639073326,-3.55151347420685
583.130511352622,-3.50852913704774
579.112264764176,-3.45099172289131
575.121707184161,-3.38288859439647
571.158647812643,-3.31673713172175
567.222897164454,-3.2689198496496
563.314267060136,-3.25257229710503
559.432570616938,-3.27409504056736
555.577622239888,-3.33093173387014
551.749237612913,-3.40758451192569
547.947233690029,-3.47496176882329
544.171428686589,-3.50132820672597
540.421642070592,-3.47045872160232
536.697694554048,-3.39053426671965
532.999408084409,-3.28857107455961
529.326605836056,-3.19824729475102
525.679112201842,-3.14361864845749
522.056752784698,-3.12054678645243
518.459354389291,-3.09327210270804
514.886745013749,-3.0167818786257
511.338753841433,-2.86331002480592
507.815211232767,-2.63578825144956
504.315948717136,-2.37560237880997
500.840798984821,-2.16039252827486
500,-2.12444440601733
497.389595879006,-2.06668876706159
493.962174387832,-2.11316075503397
490.558370636505,-2.25468340885665
487.178021879463,-2.43156735997901
483.820966492595,-2.60826819253769
480.487043965513,-2.77767441883905
477.176094893875,-2.94675426195478
473.887960971765,-3.11866435323632
470.622484984128,-3.28484761562445
467.379510799247,-3.42963550666384
464.158883361278,-3.5346964493673
460.960448682844,-3.58028597898619
457.784053837662,-3.55259109306125
454.62954695324,-3.45660724941997
451.49677720361,-3.3170200119025
448.385594802119,-3.16132906588383
445.295850994266,-3.00549156811165
442.22739805059,-2.85516134311136
439.180089259609,-2.71512563609935
436.153778920801,-2.5957692790874
433.14832233764,-2.51254445608078
430.16357581068,-2.48355115501884
427.199396630678,-2.52733199007677
424.255643071778,-2.65464535198016
421.332174384729,-2.8580179669485
418.428850790158,-3.11187020853016
415.545533471888,-3.37702699226342
412.682084570296,-3.58725070093241
409.838367175726,-3.62875883773726
407.014245321944,-3.40811552201201
404.209583979631,-3.00824032590618
401.424249049932,-2.61513391453731
398.658107358044,-2.30876751535716
395.911026646846,-2.0661415291152
393.182875570577,-1.84345300194725
390.473523688556,-1.60533773254526
387.782841458946,-1.30755817102509
385.110700232557,-0.873102517391554
382.4569722467,-0.193187262991965
379.821530619074,0.782476342033807
377.2042493417,1.68283965000594
374.605003274899,1.67265016766244
372.023668141307,0.796429511096723
369.46012051993,-0.256328783326249
366.914237840249,-1.23537687569954
364.385898376355,-1.8792052100316
361.874981241128,-1.43306058994876
359.381366380463,0.108190219516179
356.904934567523,1.64897626717546
354.445567397043,2.33884695362959
352.003147279668,1.54574725643788
349.577557436327,-0.367152545163672
347.168681892656,-1.67951135293229
344.776405473446,-1.7524520770808
342.400613797142,-1.37701346144969
340.041193270371,-1.34027601793202
337.698031082509,-1.70970007926696
335.371015200293,-1.91520053886144
333.333333333333,-1.60696899361848
333.060034362459,-1.53168319549412
330.764978074424,-0.767187933653626
328.485736603004,-0.350821375495665
326.222200971167,-0.952441731689912
323.97426295282,-2.127545047416
321.741815067637,-2.80965645954883
319.524750575921,-2.58305349353925
317.322963473498,-1.41059433772842
315.136348486648,0.538292831121926
312.964801067075,2.35540966773677
310.808217386907,2.79179840440317
308.666494333727,1.63336304765058
306.539529505653,-0.335560815294893
304.42722120643,-2.10741073602078
302.329468440578,-2.94646652686192
300.246170908555,-2.53301083776854
298.177229001967,-1.01962975123423
296.122543798804,0.748732511456343
294.082017058706,1.79488728630607
292.055551218275,1.86579340144134
290.043049386399,1.02628892587571
288.04441533963,-0.556257932776428
286.059553517574,-2.12918684463501
284.08836901833,-2.46217405850067
282.130767593947,-0.948905423748736
280.18665564592,1.33422967436811
278.255940220713,2.7922503472726
276.338529005317,2.6988812570035
274.434330322837,1.13926087659975
272.543253128103,-1.11822608494792
270.665207003324,-2.78478511383043
268.800102153761,-2.87467244461238
266.947849403432,-1.51516758371285
265.108360190854,0.381513532016659
263.281546564802,1.69267800145231
261.467321180109,1.42332699602513
259.665597293487,-0.599783066345007
257.87628875938,-2.68356924334416
256.099310025846,-3.42345393695244
254.334576130465,-3.22991824934074
252.582002696278,-2.32048495026005
250.841505927754,-0.896333198155371
250,-0.280789847225758
249.113002606779,0.147462153896488
247.396410088681,-0.251598073093514
245.691646298279,-1.80293960954794
243.998629725955,-2.56428756238686
242.31727942376,-2.8479304593264
240.647515001542,-3.27102254640236
238.989256623105,-3.55243881969509
237.342425002387,-3.48604971279671
235.706941399673,-3.03140894171672
234.082727617829,-2.7413938616617
232.469705998565,-3.01556833612347
230.867799418717,-3.41791858474773
229.276931286565,-3.66135776833594
227.697025538168,-3.20087156920492
226.128006633728,-1.47873388864913
224.569799553977,0.462636911821751
223.022329796594,0.926703995335932
221.485523372636,0.361014489634404
219.959306803008,-1.02774569438811
218.443607114943,-2.9673751396
216.938351838519,-3.4252650503205
215.443469003188,-2.15268221752306
213.958887134342,-0.889717367732866
212.484535249888,-0.232738291393086
211.02034285686,-0.624269055647896
209.566239948043,-1.91690978103993
208.122156998634,-2.94859732396587
206.688024962908,-3.32878517449096
205.263775270925,-3.27368508408245
203.849339825246,-3.21465835963654
202.44465099768,-3.38855931529455
201.04964162605,-3.52427322217739
200,-3.57339177379147
199.664245010979,-3.58741162482489
198.288394912707,-3.55926575301752
196.922025547917,-3.40880141735029
195.565071586595,-3.35074593128395
194.217468148903,-3.19988896091202
192.879150802078,-3.20615092739539
191.550055557353,-3.49873434436118
190.230118866895,-3.64612638681804
188.919277620767,-3.39706357307694
187.617469143912,-2.32150504768178
186.324631193156,-1.39967107489546
185.04070195423,-2.18225168836438
183.765620038817,-2.96866522981493
182.499324481615,-3.35311398480156
181.241754737424,-3.41813288549097
179.992850678248,-2.90675602613923
178.752552590424,-2.30125046740569
177.520801171764,-2.59325323564586
176.297537528721,-3.42540624007078
175.082703173572,-3.62727570112922
173.876240021625,-2.87075258286846
172.678090388436,-1.85278301706962
171.488196987054,-2.2253858668153
170.306502925284,-3.24664178699855
169.132951702965,-3.63792561648988
167.967487209265,-2.61126180430646
166.810053720006,-0.839662877103687
166.666666666667,-0.718749734306594
165.660595894991,-0.764670957981205
164.519058775366,-1.57393099042782
163.385387780986,-1.34936446892031
162.259528707809,-0.629063483882997
161.141427725302,-2.12624120115496
160.03103137387,-3.54594161648994
158.928286562298,-2.77567873260785
157.833140565212,-0.760037145227652
156.745541020559,0.189961755253695
155.665435927106,-1.92976422275508
154.592773641948,-3.48081220841383
153.527502878042,-2.72382653780992
152.469572701757,-1.82640911336859
151.418932530435,-2.56150928417371
150.375532129974,-3.40183495548997
149.339321612425,-2.7854588420251
148.310251433611,-2.76460112026261
147.28827239075,-3.3844052350838
146.273335620113,-3.59778990009691
145.265392594678,-3.24236400669993
144.264395121816,-3.3494455390914
143.270295340983,-2.85273222338698
142.857142857143,-2.17891870934032
142.283045721435,-0.97556483987294
141.302599059953,-0.467958528720156
140.328908478587,-2.79208760519749
139.361927422414,-1.93165417081921
138.401609657313,2.54224659310366
137.447909267754,5.71922187094008
136.500780654601,0.165093021208766
135.560178532937,-3.52637849219688
134.626057929891,0.254561020148022
133.698374182495,5.20419892031588
132.777082935543,1.38988703187529
131.862140139475,-2.11540446304523
130.953502048267,-2.26013764098762
130.051125217341,-3.26874369685511
129.154966501488,-3.61661075924767
128.264983052806,-2.53530199329772
127.381132318648,-1.59394355485123
126.50337203959,-1.58056055195102
125.631660247412,-2.66266870963924
125,-3.06428868023998
124.765955263087,-3.24097762955447
123.906215694792,-3.39772578582717
123.052400435926,-2.96339069665383
122.204468663149,-3.07224760910655
121.362379834424,-3.1574046279501
120.526093687084,-2.84366344965086
119.695570235904,-3.0624452046198
118.87076977119,-3.65783968756439
118.051652856881,-3.45379346990925
117.23818032866,-3.53263217726912
116.430313292088,-3.39564663257839
115.628013120738,-2.56576574179034
114.831241454351,-2.45792738010321
114.039960197003,-2.50235485642069
113.254131515281,-2.39873836317976
112.473717836475,-3.32705538927193
111.698681846782,-3.41991438683173
111.111111111111,-2.91576412272984
110.928986489522,-2.88724111084316
110.164594963366,-3.36501117310415
109.405470720574,-3.5605482503321
108.651577465254,-3.3222419764226
107.902879151618,-1.67929122130256
107.159339982267,-1.0739167549426
106.420924406472,-2.53624315223685
105.68759711848,-2.65312175511185
104.959323055823,0.0159817809924521
104.23606739764,0.476126553389766
103.517795563018,-2.37412379055457
102.804473209331,-3.48646123098599
102.096066230605,-0.995995097086289
101.392540755882,0.245366853937772
100.693863147603,-2.36959035021506
100,-1.56858842257021
100,-1.56858842257013
99.310918137498,-1.70988983953195
98.6265846131283,-3.13760905855828
97.946966706954,-2.22617333226544
97.2720319245054,-2.36953837497144
96.6017479952265,-3.02918439523874
95.9360828709315,-3.38230370616356
95.2750047242729,-3.65453235874305
94.61848194722,-3.53955936276936
93.966483149547,-2.90487572340516
93.3189771573324,-2.55985974655412
92.6759330114688,-3.62680891206459
92.0373199661823,-2.3132312836252
91.4031074875623,-2.06095243599746
90.9090909090909,-3.34213851493096
90.7732652521023,-3.2711796122211
90.1477631452492,-2.80618870535572
89.526571259964,-3.44768685610849
88.9096598952916,-0.953553124138732
88.2969995549409,-0.764367030796886
87.6885609458743,-2.47145836078134
87.0843149769073,-0.299275118994824
86.4842327573172,-1.21924558470125
85.8882855954625,-3.53270438372847
85.2964449974102,-1.89101348174001
84.7086826655741,-3.20710120595869
84.1249704973612,-2.56700943881288
83.5452805838287,-3.03345022833458
83.3333333333333,-3.41919450548776
82.9695852083491,-2.34743568611899
82.3978568452852,-0.0119999328680747
81.8300681586739,-2.40605628026419
81.2661920009194,-1.71495901259503
80.706201411495,-2.26440977077477
80.150069615654,-3.6591559291147
79.5977700231498,-3.65293748386388
79.0492762269642,-3.52724838582874
78.5045620020451,-3.6373644543376
77.9636013040523,-3.00638037096173
77.4263682681127,-2.83881318445212
76.9230769230769,-1.79025153541154
76.8928372075831,-1.68167991569943
76.3629826128224,-3.28575766760759
75.8367791499719,-3.49637950829249
75.3142016597437,-3.33638756031491
74.7952251562182,-3.04360071652674
74.2798248256491,-2.42104491925577
73.7679760252773,-3.56517316112434
73.2596542821523,-1.46869031066968
72.7548352919623,-3.05254178149378
72.2534949178722,-3.25561952327389
71.7556091893693,-3.28496354804876
71.4285714285714,0.24583367627783
71.2611543011175,1.09455919730433
70.7701066118189,-0.481412792114194
70.2824426430835,-0.963685317483491
69.7981390783066,-1.86717546514229
69.3171727615541,-3.4993835589491
68.839520696455,-3.16765733472989
68.3651600451024,-3.40164880974136
67.8940681269611,-2.69119409965706
67.4262224177834,-2.87268757278867
66.9616005485322,-1.94821243014833
66.6666666666667,-0.46229392852707
66.5001803043112,-0.877592888863414
66.0419396233031,-0.899922916885354
65.5868565957143,-3.55609617635302
65.134909462728,0.00915524700723314
64.6860766154633,-2.80733802247202
64.2403365939419,-2.0532175789613
63.7976680860628,-2.85755938200084
63.3580499265825,0.585349250615526
62.9214610961034,-3.60561057996461
62.5,-1.70234655013005
62.4878807200689,-1.71806472550484
62.057288067765,-3.3021933969329
61.6296625513294,-3.48634638439138
61.204983724767,-2.30867207157571
60.7832312829723,-3.5133144194874
60.3643850607587,-3.3749909608682
59.9484250318941,-3.48766174345489
59.5353313081437,-3.21424431309613
59.1250841383188,-2.29576036222219
58.8235294117647,-3.44133697239455
58.7176639073326,-3.29621179067898
58.3130511352622,-3.56021423859623
57.9112264764176,-3.18267750040116
57.5121707184161,-3.63377454106701
57.1158647812643,-1.99124272982634
56.7222897164454,-3.08173677169578
56.3314267060136,-1.476821117774
55.9432570616938,-1.24796611577882
55.5577622239888,-2.31388956351899
55.5555555555556,-2.31707745891704
55.1749237612912,-1.32036210390431
54.7947233690029,-2.03967647350596
54.4171428686589,-1.452326231045
54.0421642070592,-2.37073600629541
53.6697694554048,-3.63129651159251
53.2999408084409,-3.02030228176288
52.9326605836056,-2.25646309439751
52.6315789473684,-2.18190439818646
52.5679112201842,-2.29579231449228
52.2056752784698,-2.29230284399663
51.8459354389291,-3.57367351070699
51.488674501375,-3.3877133153786
51.1338753841433,-2.40229533815185
50.7815211232767,-1.96859299429714
50.4315948717136,1.58384893240991
50.0840798984821,-2.74739649041278
50,-1.15667562500975
49.7389595879007,-3.17032163221308
49.3962174387832,-1.0538852126363
49.0558370636505,-1.49275922927982
48.7178021879463,-2.03266591783985
48.3820966492596,-3.45369054467265
48.0487043965513,0.916609093308456
47.7176094893875,-3.550772477313
47.6190476190476,-2.52224292984645
47.3887960971765,-1.39646553719551
47.0622484984128,-3.64053769054685
46.7379510799246,-3.47947774303479
46.4158883361278,-1.88978607650575
46.0960448682843,-1.8682526966502
45.7784053837662,-2.77910865379981
45.462954695324,-3.22013604709836
45.4545454545455,-3.2951160278031
45.149677720361,-0.143863900533385
44.8385594802119,-3.19852681481937
44.5295850994266,-2.87942922086101
44.222739805059,5.2716147379765
43.9180089259609,-1.15305499699978
43.6153778920801,-2.30337919679699
43.4782608695652,-1.7528496048216
43.314832233764,-3.48630847540083
43.016357581068,-3.47394177725509
42.7199396630678,-3.5019377059376
42.4255643071778,-2.25021468901029
42.1332174384729,-3.01247291470603
41.8428850790158,1.11816237638779
41.6666666666667,-2.63041472715413
41.5545533471888,-1.11501036620238
41.2682084570295,-2.07499993197267
40.9838367175726,-2.8241796649814
40.7014245321944,-1.32370724193991
40.4209583979631,-3.53657492429481
40.1424249049932,-2.9226422368048
40,-3.53806968810589
39.8658107358044,-3.18916212145062
39.5911026646846,-3.5709880203877
39.3182875570577,-2.81709414959554
39.0473523688556,-2.84470648578216
38.7782841458946,-3.35888691056887
38.5110700232557,-1.92247559072838
38.4615384615385,-0.928397501221876
38.24569722467,-3.41453039817288
37.9821530619073,-0.272671769308526
37.72042493417,-3.47667454320516
37.4605003274899,2.2360306268411
37.2023668141307,-2.38933594784485
37.037037037037,-2.88733295854488
36.946012051993,-3.36164933077419
36.6914237840249,-2.90907868353174
36.4385898376355,-2.61047397284259
36.1874981241128,-3.29207419853206
35.9381366380463,-2.9328591935177
35.7142857142857,-2.99434467900484
35.6904934567523,-2.8450237852884
35.4445567397043,-2.58302432711987
35.2003147279668,-3.23558796192271
34.9577557436328,-3.46575723634067
34.7168681892656,-3.29781947344811
34.4827586206897,-3.25027152790598
34.4776405473446,-3.23101388732216
34.2400613797142,-0.943441802868032
34.0041193270371,-0.884342172055635
33.7698031082509,-0.82065369610667
33.5371015200293,-1.14092943540369
33.3333333333333,-0.321729769990251
33.3060034362459,0.68149227202584
33.0764978074424,0.683700974986341
32.8485736603004,-1.68754891077448
32.6222200971167,-1.21939294244158
32.397426295282,-0.374630581391822
32.258064516129,-2.8415492766275
32.1741815067637,-0.963510796232735
31.9524750575921,-3.22484270938049
31.7322963473498,-2.93659902396645
31.5136348486648,-3.43036827903377
31.2964801067075,-3.5768626538066
31.25,-3.57021478237562
31.0808217386906,-3.30223510708744
30.8666494333727,-2.92607227103694
30.6539529505653,-3.04399283145018
30.442722120643,-1.1560755008215
30.3030303030303,-1.41587698358402
30.2329468440578,-0.586479738002178
30.0246170908555,-3.10664138133806
29.8177229001967,-1.40443585138889
29.6122543798804,-3.5282138304443
29.4117647058824,-3.45673779833116
29.4082017058706,-3.43784980455582
29.2055551218275,-3.04398418855088
29.0043049386399,-0.536208141400105
28.804441533963,-2.20226983238355
28.6059553517574,-2.60531862489573
28.5714285714286,-3.65018786001503
28.408836901833,-3.6613031049071
28.2130767593947,-3.14473843491906
28.018665564592,-3.25978424072575
27.8255940220712,-2.29325568742847
27.7777777777778,-3.20272325452863
27.6338529005317,-3.41277544633415
27.4434330322836,-2.05920333679843
27.2543253128103,-2.39681927184572
27.0665207003324,-0.764514737097993
27.027027027027,-1.63662837403033
26.8800102153761,-2.90184615860452
26.6947849403432,-0.79242670883185
26.5108360190854,-1.34214122451278
26.3281546564802,-3.27752019144749
26.3157894736842,-3.11859971255778
26.1467321180109,-3.58171424219365
25.9665597293487,-2.61039296447931
25.787628875938,-2.88791364885175
25.6410256410256,-2.60725866681356
25.6099310025846,-2.65828709163177
25.4334576130465,-2.53612655589653
25.2582002696278,-2.8195835838312
25.0841505927754,0.575413524812707
25,-0.835135454930774
24.9113002606779,-2.31627334670251
24.7396410088681,-2.90752566001579
24.5691646298279,-3.28085364158586
24.3998629725955,-2.04773661655285
24.390243902439,-2.64361882665734
24.231727942376,-3.13420763430561
24.0647515001542,-1.86030018089583
23.8989256623105,-3.43332203816761
23.8095238095238,-2.37953806627844
23.7342425002387,-3.51557996159276
23.5706941399673,-3.6194326959516
23.4082727617829,-1.96174462677503
23.2558139534884,-3.60508764306941
23.2469705998565,-3.63201253613492
23.0867799418717,-3.28842836407777
22.9276931286565,-3.54876923227438
22.7697025538168,-1.11031013510357
22.7272727272727,-2.57952689813167
22.6128006633728,-2.18277785850774
22.4569799553977,-2.36734307288757
22.3022329796594,-2.40301148640587
22.2222222222222,-3.03683358896547
22.1485523372636,-0.698131993734431
21.9959306803007,-1.16964219053907
21.8443607114943,-1.71784044649992
21.7391304347826,-2.51529662523078
21.6938351838518,-2.95044767053535
21.5443469003188,-3.13138167002922
21.3958887134342,-1.63876764669716
21.2765957446809,-0.412847841583566
21.2484535249888,-2.78554017127653
21.102034285686,-3.58388967090643
20.9566239948043,-2.56502656869783
20.8333333333333,2.16803607503552
20.8122156998634,-2.91416823521483
20.6688024962908,-2.2234761201028
20.5263775270925,-3.04429128899634
20.4081632653061,-2.54016198112374
20.3849339825246,-2.19216339717597
20.244465099768,-3.09221202742695
20.104964162605,-0.27486449068159
20,-3.15882964309157
19.9664245010979,-2.8270052795812
19.8288394912707,-3.24204936154124
19.6922025547917,-2.84982187813777
19.6078431372549,-3.39591443806752
19.5565071586595,-2.85628160730648
19.4217468148903,-3.33468210162938
19.2879150802078,-1.57161775766557
19.2307692307692,-0.87434847884894
19.1550055557353,0.631766838227539
19.0230118866894,-3.58277549738907
18.8919277620767,-3.47260025190142
18.8679245283019,-2.76326130995316
18.7617469143912,-2.93534222004065
18.6324631193156,-0.843874240265829
18.5185185185185,-3.59507646549248
18.504070195423,-2.93191244858353
18.3765620038817,-1.29994606092132
18.2499324481615,-3.62530999028528
18.1818181818182,-1.51118006066657
18.1241754737424,-3.00798925043587
17.9992850678248,-3.37241744889651
17.8752552590424,-3.61013161474936
17.8571428571429,-1.57238270674791
17.7520801171764,-3.57488662495278
17.6297537528721,1.31161057651439
17.5438596491228,-1.87219317223981
17.5082703173572,-2.5476499701604
17.3876240021625,-3.26969279987584
17.2678090388436,-3.25827662362822
17.2413793103448,-2.93152136551775
17.1488196987054,-3.29226414604819
17.0306502925284,-2.81278297163295
16.9491525423729,-2.13513800512031
16.9132951702965,-3.58309792941175
16.7967487209265,-3.42658730481908
16.6810053720006,-0.907393523988996
16.6666666666667,-3.45215948991547
16.5660595894991,-2.44137457069301
16.4519058775366,-2.96158179127253
16.3934426229508,-2.06700220596623
16.3385387780986,-3.19901022858913
16.2259528707809,-1.28886557724307
16.1290322580645,-0.998519105329119
16.1141427725302,-2.02015462357736
16.003103137387,-2.97284976776877
15.8928286562298,-1.26536144701667
15.8730158730159,-1.37086427796957
15.7833140565212,-2.93022747061444
15.674554102056,-2.32863939477864
15.625,-2.52593874138098
15.5665435927106,-2.43380360140996
15.4592773641948,-3.17569534872727
15.3846153846154,0.280667213122702
15.3527502878042,-3.37595931170999
15.2469572701757,-3.43088137613754
15.1515151515152,-2.87234123344332
15.1418932530435,-2.94764425439801
15.0375532129974,-3.24511778017354
14.9339321612425,-1.70795192623681
14.9253731343284,-1.74006558514584
14.831025143361,-1.7779008582337
14.728827239075,-3.58842896033927
14.7058823529412,-3.36778707455398
14.6273335620113,-1.23277110263156
14.5265392594678,-3.25281215275229
14.4927536231884,-1.66281649948537
14.4264395121816,-2.86699866739444
14.3270295340983,-1.43126208068129
14.2857142857143,-3.23582099134354
14.2283045721435,-2.91386512497943
14.1302599059953,-1.2594837574562
14.0845070422535,-1.271218900106
14.0328908478587,-0.147034021111476
13.9361927422414,-2.48295790379124
13.8888888888889,-3.08664900915259
13.8401609657313,-2.11106149187226
13.7447909267754,-2.84116844239785
13.6986301369863,-3.63650448077559
13.6500780654601,-0.456891089028697
13.5560178532937,-2.5068038365295
13.5135135135135,-3.21646127655431
13.4626057929891,-3.3059522796227
13.3698374182495,-2.78773318711385
13.3333333333333,0.508311968268733
13.2777082935543,-1.00927237783919
13.1862140139475,-2.54634898878963
13.1578947368421,-2.20839094998554
13.0953502048267,-2.73579148593985
13.0051125217341,-2.780531214035
12.987012987013,-3.57721260944241
12.9154966501488,-3.53926432067889
12.8264983052806,-1.80895068274817
12.8205128205128,-0.00834864286995707
12.7381132318648,-2.90373621595397
12.6582278481013,-3.10226616034982
12.650337203959,-1.37667016498797
12.5631660247412,-3.15339988693641
12.5,-1.7815293015203
12.4765955263087,-2.52635585313923
12.3906215694792,-2.20040827791835
12.3456790123457,-3.06744397072942
12.3052400435926,-3.60684852767924
12.2204468663149,1.24622444448928
12.1951219512195,0.964640836443398
12.1362379834424,-2.38502066335907
12.0526093687084,-3.14961122524694
12.0481927710843,-3.44589932198671
11.9695570235904,1.74085545192385
11.9047619047619,-2.81531513992528
11.887076977119,-0.49319592275334
11.8051652856881,-3.11491695999775
11.7647058823529,-3.25294376696435
11.723818032866,-2.08786202420357
11.6430313292088,-0.55666837151217
11.6279069767442,-3.37988321728967
11.5628013120738,-2.76780040451778
11.4942528735632,-3.04290978690274
11.4831241454351,-2.92127406247125
11.4039960197003,-3.38969887383127
11.3636363636364,-2.33425105742257
11.3254131515281,-2.70771766826469
11.2473717836475,-2.19610261530952
11.2359550561798,-3.53402431369032
11.1698681846782,-3.32949219940179
11.1111111111111,0.0746421963071286
11.0928986489522,-2.92829103432016
11.0164594963366,-2.63659678031545
10.989010989011,-1.54784089908311
10.9405470720574,-2.68569391343506
10.8695652173913,-0.520493807854915
10.8651577465254,0.305923626998369
10.7902879151618,-2.93118007679963
10.752688172043,-3.31514476488443
10.7159339982267,-2.84276951572975
10.6420924406472,1.05942789036643
10.6382978723404,0.769147612001537
10.568759711848,-2.02525786146712
10.5263157894737,-3.60055139092322
10.4959323055823,-3.13778378122025
10.423606739764,-3.16999280164235
10.4166666666667,-3.56885868354346
10.3517795563018,-2.69236221224024
10.3092783505155,-3.52740973704474
10.2804473209331,-3.21066230291664
10.2096066230605,-2.92596159808313
10.2040816326531,-3.37860430655622
10.1392540755882,-0.260297296881911
10.1010101010101,-2.64000007120704
10.0693863147603,-3.16598124870479
10,-3.13358106105387
10,-3.13358106105407
9.9310918137498,-2.55135583899142
9.9009900990099,-1.62908011435915
9.86265846131282,-1.11302445316015
9.80392156862745,-3.60183847278754
9.79469667069539,-0.734514362965181
9.72720319245054,-3.49436818412591
9.70873786407767,-3.45497475502453
9.66017479952265,-2.89382708178872
9.61538461538461,-2.20603588645853
9.59360828709314,-1.45260877566154
9.52750047242729,-2.90278090870062
9.52380952380952,-3.08812302469088
9.461848194722,-2.96102555402869
9.43396226415094,-2.49865199958345
9.39664831495469,-2.72967269856637
9.34579439252336,-2.35180213840344
9.33189771573324,-2.10478622857932
9.26759330114688,-2.01277446301789
9.25925925925926,-2.05851026733729
9.20373199661822,-3.59070394332003
9.1743119266055,-3.214350625335
9.14031074875623,-3.65178476940666
9.09090909090909,-3.147170987622
9.07732652521023,-2.54386211352884
9.01477631452492,-2.5549535289215
9.00900900900901,-2.82544044787609
8.9526571259964,-0.976297820945955
8.92857142857143,-1.89554779637758
8.89096598952916,-2.33541667497256
8.84955752212389,0.0249414058027257
8.82969995549409,-3.44829654625159
8.7719298245614,-2.80995259043272
8.76885609458743,-3.00534371824802
8.70843149769072,-3.49640328709931
8.69565217391304,-2.89535241742196
8.64842327573172,2.08088354436449
8.62068965517241,0.501987402359551
8.58882855954625,-3.0557251733711
8.54700854700855,-1.22506500385667
8.52964449974102,-2.64981139566559
8.47457627118644,-1.19741554671811
8.47086826655741,-1.42375861236975
8.41249704973612,-3.3903350028962
8.40336134453781,-2.34352926811509
8.35452805838287,-2.33190651408089
8.33333333333333,-1.63908220429435
8.29695852083491,-3.39308566026836
8.26446280991736,-1.4375959238972
8.23978568452852,-2.70893288233979
8.19672131147541,-3.29907118030935
8.18300681586739,-2.93224316511315
8.13008130081301,-2.5488561352635
8.12661920009195,-2.85158474203767
8.0706201411495,-0.790191767684358
8.06451612903226,-3.08112030077698
8.01500696156541,-3.14968539729348
8,-3.33539336531124
7.95977700231498,-3.51893322456031
7.93650793650794,-1.46593116562353
7.90492762269642,-1.48512440467631
7.8740157480315,-3.0458698010574
7.85045620020451,-3.33104628956856
7.8125,-3.4659617867229
7.79636013040523,-1.92660163390344
7.75193798449612,-3.62372876680471
7.74263682681127,-3.52812304317988
7.69230769230769,-3.55194432559913
7.68928372075831,-3.63371743246067
7.63629826128224,-2.92479273744452
7.63358778625954,-2.70533602087239
7.58367791499719,-3.51849397151521
7.57575757575758,-3.55508456856249
7.53142016597437,-1.8487985562398
7.5187969924812,-2.15237182436156
7.47952251562182,-3.34571781498012
7.46268656716418,-2.29944783296905
7.42798248256492,-2.0063437445544
7.40740740740741,-2.03812578276854
7.37679760252773,-3.48049471669629
7.35294117647059,-0.974187904088136
7.32596542821523,-3.2697873282146
7.2992700729927,-2.15011435073525
7.27548352919623,-2.73613425064185
7.2463768115942,-2.95387533680987
7.22534949178722,-3.5919361664218
7.19424460431655,-0.148992864016644
7.17556091893693,-3.28018668340989
7.14285714285714,-3.64656103035697
7.12611543011175,-2.65382981640921
7.09219858156028,-2.20152554386619
7.07701066118189,-3.39525516974809
7.04225352112676,-0.178239513689799
7.02824426430835,-3.12555793198434
6.99300699300699,0.630928569282948
6.97981390783066,-3.56670145785763
6.94444444444444,-1.67320532742114
6.93171727615541,-3.6331575645854
6.89655172413793,-2.1680493497257
6.8839520696455,-3.18952807324988
6.84931506849315,-1.6498580054983
6.83651600451024,-1.38794436767868
6.80272108843537,-3.52376953213145
6.78940681269611,-2.40472273225985
6.75675675675676,-3.43030102842608
6.74262224177834,-2.33317047528619
6.71140939597315,-2.83597799013198
6.69616005485322,-3.18238803163346
6.66666666666667,-3.5805465769997
6.65001803043112,-3.38496992328329
6.62251655629139,-3.48289205982713
6.6041939623303,-2.91315837232748
6.57894736842105,-3.35105175247606
6.55868565957143,-1.63249838029479
6.5359477124183,-3.18500068597414
6.5134909462728,-3.43498125880462
6.49350649350649,-1.62403668506446
6.46860766154633,-2.41609325836465
6.45161290322581,-3.14632787351199
6.42403365939419,-3.24432168317754
6.41025641025641,-2.39611334340541
6.37976680860628,-1.72774685439633
6.36942675159236,-3.10801423588414
6.33580499265825,-1.86710259072505
6.32911392405063,-2.68735572520573
6.29214610961034,-3.18991760153029
6.28930817610063,-3.66271822058244
6.25,-3.13391908610215
6.24878807200689,-3.23884599725316
6.2111801242236,-1.15375642056214
6.2057288067765,-3.0660777088304
6.17283950617284,-2.76193065965138
6.16296625513294,-1.98811917150395
6.13496932515337,-1.82126301124223
6.1204983724767,1.65538842093817
6.09756097560976,-2.78019252457905
6.07832312829723,-0.66254896241757
6.06060606060606,-2.212831601323
6.03643850607587,-3.19693593551831
6.02409638554217,-2.98521650562294
5.99484250318941,-2.52227324116934
5.98802395209581,-0.860987282204984
5.95353313081437,-2.02055899564543
5.95238095238095,-1.74465103102217
5.91715976331361,-2.5375422142773
5.91250841383188,-2.53477789637064
5.88235294117647,-3.19447412305272
5.87176639073326,-3.5574473799996
5.84795321637427,-1.3193358149782
5.83130511352622,-1.51774767583664
5.81395348837209,-3.59353367043873
5.79112264764176,-3.62227741419432
5.78034682080925,-3.37368727317122
5.75121707184161,-3.39810437271832
5.74712643678161,-0.75156673993872
5.71428571428571,-3.47009302914877
5.71158647812643,-0.725898375412167
5.68181818181818,-3.41933205359875
5.67222897164454,-3.27617895996489
5.64971751412429,-2.33721346762389
5.63314267060136,-1.78788480886656
5.61797752808989,-2.99385448766933
5.59432570616938,-2.62174415374671
5.58659217877095,-2.21972705651468
5.55577622239888,-1.99335851087248
5.55555555555556,-2.19200626949187
5.52486187845304,-2.55058528123844
5.51749237612913,-2.97377306377835
5.49450549450549,-3.30408366352035
5.47947233690029,-2.28953554707659
5.46448087431694,-2.55193223953794
5.44171428686589,-2.15968673373616
5.43478260869565,-3.41355867456739
5.40540540540541,-2.66330928159759
5.40421642070592,-2.72427100725214
5.37634408602151,-3.1820223110438
5.36697694554048,-2.5210447927249
5.3475935828877,-1.5153596623672
5.32999408084409,-3.09398846871086
5.31914893617021,-3.37892585697737
5.29326605836056,-2.86882568572899
5.29100529100529,-2.75368101669896
5.26315789473684,-3.35365573816066
5.25679112201842,-0.457751306992729
5.23560209424084,-3.34877876754193
5.22056752784698,-0.414568513102277
5.20833333333333,-1.70855772194171
5.18459354389291,-3.13618455805628
5.18134715025907,-3.22739578212601
5.15463917525773,-2.12233944948938
5.14886745013749,-2.644468659672
5.12820512820513,-3.62773440985866
5.11338753841433,-2.89361089387306
5.10204081632653,-3.23416430204822
5.07815211232767,-3.29102488620664
5.0761421319797,-0.635289273719517
5.05050505050505,-3.61897072987473
5.04315948717136,-0.101029752061133
5.0251256281407,-2.15590554928742
5.00840798984821,-3.55686722236909
5,-2.87993149614636
4.97512437810945,-3.29360094095226
4.97389595879006,-2.10089836559102
4.95049504950495,-3.56824257696486
4.93962174387832,-3.63057528981211
4.92610837438424,-1.76266716428706
4.90558370636505,-3.44712334259953
4.90196078431372,-2.44408299976881
4.8780487804878,-2.48904995433029
4.87178021879463,-2.90258647465741
4.85436893203883,-2.28977969719706
4.83820966492596,-2.88820161054759
4.83091787439613,-3.64500199706047
4.80769230769231,-3.45931430212344
4.80487043965513,-3.07891401188824
4.78468899521531,-0.160766364293276
4.77176094893875,-3.26744959467693
4.76190476190476,-1.97365222484218
4.739336492891,-3.31111296447672
4.73887960971765,-3.18671412281337
4.71698113207547,-3.43038327602327
4.70622484984128,-3.33062389413642
4.69483568075117,-2.23275803159894
4.67379510799246,-3.62133718776662
4.67289719626168,-3.28209690788959
4.65116279069767,-3.5754214500851
4.64158883361278,-2.45236237359209
4.62962962962963,-0.987371891018635
4.60960448682843,-2.76242041782354
4.60829493087558,-3.26498319518749
4.58715596330275,0.190993628466392
4.57784053837662,-2.8473968820456
4.5662100456621,-3.54233159901313
4.5462954695324,-3.44351533990628
4.54545454545455,-3.22867574600657
4.52488687782805,-3.10133861713613
4.5149677720361,-2.82550566496924
4.5045045045045,-0.0100488329979482
4.48430493273543,-3.38880023788011
4.48385594802119,-3.08903027784818
4.46428571428571,-2.54585570940769
4.45295850994265,-0.595816090028374
4.44444444444444,-3.6152551245221
4.42477876106195,-3.51588822883435
4.4222739805059,-3.22567866458642
4.40528634361233,-3.65878375204759
4.39180089259609,-1.80311131671258
4.3859649122807,-2.74751340084866
4.36681222707424,-3.40407330845222
4.361537789208,-3.49996310075691
4.34782608695652,-3.09661855396787
4.3314832233764,-3.26701778881032
4.32900432900433,-3.55704088602404
4.31034482758621,-0.750895224484263
4.30163575810679,-2.01747107097027
4.29184549356223,-2.90308603829491
4.27350427350427,-3.56394237014096
4.27199396630678,-3.37363479423301
4.25531914893617,2.65986029432897
4.24255643071778,-3.59841436484502
4.23728813559322,-3.65594068112129
4.21940928270042,-2.98407918310321
4.21332174384729,-3.53568072555795
4.20168067226891,-1.48876147336089
4.18428850790158,0.180447014681694
4.18410041841004,1.05546389298427
4.16666666666667,-3.17712715126641
4.15545533471888,-3.36087926829087
4.149377593361,-2.12157921350781
4.13223140495868,-2.30549011363406
4.12682084570295,-2.8033642658283
4.11522633744856,-2.5007279197524
4.09838367175726,-3.25513398428664
4.0983606557377,-3.27359683115504
4.08163265306122,-3.02042389975083
4.07014245321944,-3.5852219331082
4.0650406504065,-3.59110643768649
4.04858299595142,-3.31057075438785
4.04209583979631,-3.25548860829191
4.03225806451613,-3.54455001090632
4.01606425702811,-2.81917438756842
4.01424249049932,-3.16617225615253
4,-2.81145324000489
3.98658107358044,-3.32058922664468
3.98406374501992,-2.94845445171638
3.96825396825397,-2.68809114076357
3.95911026646846,-2.06348380000632
3.95256916996047,-2.79683034389246
3.93700787401575,-2.71531171653636
3.93182875570577,-1.55403320589245
3.92156862745098,-3.07289225900073
3.90625,-2.83764881650309
3.90473523688556,-2.84517693747555
3.89105058365759,-2.96972449684342
3.87782841458946,-2.62268462824094
3.87596899224806,-2.27776064338381
3.86100386100386,-2.73519306285622
3.85110700232557,-2.6780543118797
3.84615384615385,-3.37354666654501
3.83141762452107,-1.47143383745331
3.824569722467,-3.62067833932302
3.81679389312977,-0.689116167803159
3.80228136882129,-3.28933764902659
3.79821530619074,-3.56234942255495
3.78787878787879,-2.55875142881909
3.77358490566038,-2.3625398250616
3.772042493417,-2.10691740378202
3.7593984962406,-3.34439741340951
3.74605003274899,-2.93125185628416
3.74531835205992,-3.14319792537445
3.73134328358209,-3.32685058099461
3.72023668141307,-1.8953979965846
3.71747211895911,-3.21728851646314
3.7037037037037,-1.2355991661776
3.6946012051993,-3.5118826004812
3.690036900369,-3.46662168988847
3.67647058823529,-3.26087341631769
3.66914237840249,-2.51380995026731
3.66300366300366,-1.66748815797835
3.64963503649635,-1.26369195967602
3.64385898376355,-0.117938395377716
3.63636363636364,-3.21942631738379
3.6231884057971,-3.50800804352927
3.61874981241128,-1.80054343955602
3.6101083032491,-1.59387633830347
3.59712230215827,-3.27373808926806
3.59381366380463,-3.39918861472135
3.584229390681,-2.30188022116665
3.57142857142857,-2.9588746473474
3.56904934567523,-0.582670777328199
3.55871886120996,-3.55660946453024
3.54609929078014,-2.39235923330979
3.54445567397043,-2.70584179332819
3.53356890459364,-3.54904202657523
3.52112676056338,-2.26914066570675
3.52003147279668,-3.06531107563726
3.50877192982456,-1.56742266995591
3.4965034965035,-2.89104456928286
3.49577557436328,-2.38315909761966
3.48432055749129,-2.41042809428616
3.47222222222222,-3.23423685621354
3.47168681892656,-2.94624594377565
3.46020761245675,-2.06927641476339
3.44827586206897,-3.60838224895398
3.44776405473446,-3.1730050297772
3.43642611683849,-3.00501457098836
3.42465753424658,-3.60036184279847
3.42400613797142,-2.73231238107321
3.41296928327645,-3.14016825282682
3.40136054421769,-1.80095897801062
3.40041193270371,-3.65354291444002
3.38983050847458,-3.01017165689548
3.37837837837838,3.28016816490235
3.37698031082509,-2.89365896481531
3.36700336700337,-2.85752570644196
3.35570469798658,-2.95614731375526
3.35371015200293,-3.37845972885487
3.34448160535117,-0.384964154828462
3.33333333333333,-0.983797513810866
3.33060034362459,-1.47622290893714
3.32225913621262,-3.24373500352659
3.3112582781457,-1.44264158855735
3.30764978074424,-3.24396298395892
3.3003300330033,0.125708420904791
3.28947368421053,-3.48012297672418
3.28485736603004,-1.75585820358104
3.27868852459016,-3.34437410434723
3.26797385620915,-3.57815447926334
3.26222200971167,-3.36877126183831
3.25732899022801,-1.67329800069843
3.24675324675325,-3.606107129925
3.2397426295282,-2.72207744571473
3.23624595469256,-3.65194694003106
3.2258064516129,-3.58247599667107
3.21741815067637,-2.86793650940494
3.21543408360129,-0.486187514773529
3.20512820512821,-2.5211053830563
3.19524750575921,-3.11736243714928
3.19488817891374,-2.82884433425853
3.18471337579618,-0.666163021623968
3.17460317460317,-3.5054702775147
3.17322963473498,-2.14581568762712
3.16455696202532,-1.17916023279862
3.15457413249211,-2.05362688807814
3.15136348486648,-2.23056613070956
3.14465408805031,-3.08018549250665
3.13479623824451,-2.61427744415321
3.12964801067075,1.17936697043986
3.125,-2.70336070384838
3.11526479750779,-3.07866180792443
3.10808217386906,-3.47777786726239
3.1055900621118,-3.22764309672912
3.09597523219814,-1.80110010358559
3.08666494333727,-2.56885402020948
3.08641975308642,-2.17665799495385
3.07692307692308,-2.10733259965134
3.06748466257669,-3.26598136889346
3.06539529505653,-3.380300862081
3.05810397553517,-1.64649561388738
3.04878048780488,-2.82586481495697
3.0442722120643,-3.37287253905636
3.03951367781155,-3.24146463028064
3.03030303030303,-2.43438994052034
3.02329468440578,-1.80242522528477
3.02114803625378,-1.83723223410355
3.01204819277108,-3.55022235095965
3.003003003003,-3.09733759746417
3.00246170908555,-2.26434935712605
2.9940119760479,-3.56794959637453
2.98507462686567,-2.58175579710048
2.98177229001967,-2.89224966682279
2.97619047619048,-2.68078965101538
2.9673590504451,-2.54852165000507
2.96122543798803,0.00386963830802234
2.9585798816568,-3.42465360519854
2.94985250737463,-3.59271569496179
2.94117647058824,0.0421440186390116
2.94082017058706,-1.49267072232031
2.93255131964809,-3.45164766120102
2.92397660818713,-3.64455218316921
2.92055551218275,-3.44862924833104
2.91545189504373,-3.36222540956733
2.90697674418605,-2.883871456426
2.90043049386399,-3.45144409659458
2.89855072463768,-3.44044358734096
2.89017341040462,-1.59438427025533
2.88184438040346,-3.08679841570408
2.8804441533963,-3.61211374799846
2.8735632183908,-3.45552152912439
2.86532951289398,0.423474367105901
2.86059553517574,-2.55147072699945
2.85714285714286,-1.63473532769681
2.84900284900285,-3.12247472957894
2.84090909090909,-3.04189703138597
2.8408836901833,-3.08602220781342
2.8328611898017,-3.25989459095014
2.82485875706215,-2.2756192696727
2.82130767593947,-1.31116845404774
2.8169014084507,-3.06960209075801
2.80898876404494,-3.5198627499552
2.8018665564592,-1.83841872760199
2.80112044817927,-0.66215849787569
2.79329608938547,-3.34215521767465
2.78551532033426,-3.18016003547914
2.78255940220712,-3.65941610566564
2.77777777777778,-3.07660427037693
2.77008310249307,-3.02479856183227
2.76338529005317,-2.68897166818685
2.76243093922652,-3.61987595035309
2.75482093663912,-0.759033972925901
2.74725274725275,-2.93661382647984
2.74434330322836,-3.42134296696785
2.73972602739726,-3.6212849462501
2.73224043715847,-2.33350743510247
2.72543253128103,-3.57022720531789
2.72479564032698,-1.61656740142227
2.71739130434783,-2.69271570968776
2.710027100271,-3.47814910985575
2.70665207003324,-3.61359282182267
2.7027027027027,-3.36145535872556
2.69541778975741,-1.39201015617079
2.68817204301075,-0.74435487082486
2.68800102153761,-0.813014529281712
2.68096514745308,-0.497672602439972
2.67379679144385,-3.42103719867303
2.66947849403432,-2.93200880629068
2.66666666666667,0.144542710121489
2.65957446808511,-3.27596764839735
2.6525198938992,-3.13597896316754
2.65108360190854,-2.85868812701853
2.64550264550265,-2.13738430982057
2.63852242744063,-1.77071987109947
2.63281546564802,-1.02718069059768
2.63157894736842,-1.31645507465115
2.6246719160105,-3.44093092629579
2.61780104712042,-3.57164953232928
2.61467321180109,-1.60811780192635
2.61096605744125,-3.37801878326415
2.60416666666667,-3.24458528419758
2.5974025974026,-2.61133958502746
2.59665597293487,-3.15412170925408
2.59067357512953,-2.68012457957685
2.58397932816537,-3.39331937911781
2.5787628875938,-3.31646973929046
2.57731958762887,-3.49924710292218
2.5706940874036,-2.7821918063815
2.56410256410256,-1.82384367478015
2.56099310025846,-3.63984208222596
2.55754475703325,-2.66130781482154
2.55102040816327,-0.710985485470824
2.54452926208651,-3.58460992425024
2.54334576130465,-3.2207033984812
2.53807106598985,-2.94363171683657
2.53164556962025,-3.65208221301661
2.52582002696278,-3.32072724918923
2.52525252525253,-2.67719333146665
2.51889168765743,-3.56296365811697
2.51256281407035,-1.67573839286048
2.50841505927754,-2.85853168191248
2.5062656641604,-3.6061238215755
2.5,-2.02901403891969
2.49376558603491,-1.85428284066939
2.49113002606779,-0.868820872624393
2.48756218905473,-1.76229254985237
2.48138957816377,-3.41061102852937
2.47524752475248,-1.99615976735272
2.47396410088681,-2.07706473122063
2.46913580246914,-3.39102115277053
2.46305418719212,-3.33677279078939
2.45700245700246,-1.12107592948713
2.45691646298279,-0.805234621391075
2.45098039215686,-3.48150050428016
2.44498777506112,-3.42790816026642
2.43998629725955,-3.60080146228243
2.4390243902439,-2.38950095787514
2.4330900243309,-3.64509927765352
2.42718446601942,-3.64016614268884
2.4231727942376,-2.44223125756447
2.42130750605327,-3.42895717781003
2.41545893719807,-2.62975019266026
2.40963855421687,-2.78774026566502
2.40647515001542,-1.40085438830688
2.40384615384615,-2.20256068429598
2.39808153477218,-3.56212415087149
2.39234449760766,-1.86709205588606
2.38989256623105,-2.08796836587025
2.38663484486874,-1.33312922528016
2.38095238095238,-2.79707163895811
2.37529691211401,-2.73783274538296
2.37342425002387,-3.04183017321737
2.3696682464455,-1.73681751655094
2.36406619385343,-3.60961978092227
2.35849056603774,-3.23159756129932
2.35706941399673,-2.93161582803516
2.35294117647059,-1.23604761717375
2.34741784037559,-3.55766034256176
2.34192037470726,-2.30249319670052
2.34082727617829,-3.14711825206835
2.33644859813084,-2.55473220472505
2.33100233100233,-3.12105587332054
2.32558139534884,-3.35823437011693
2.32469705998565,-3.27960159209648
2.32018561484919,-3.00018949981246
2.31481481481481,-3.52724048959449
2.3094688221709,-1.72079718512939
2.30867799418717,-2.71516307741019
2.30414746543779,-3.21507758257415
2.29885057471264,-2.98557592662975
2.29357798165138,-1.65697884209761
2.29276931286565,-3.01160773598046
2.2883295194508,-3.51178666987566
2.28310502283105,-3.44094119487384
2.27790432801822,-2.31666065955447
2.27697025538168,-2.64929471497144
2.27272727272727,-3.48063808487812
2.26757369614512,-2.71655239712608
2.26244343891403,-1.62679826680268
2.26128006633728,-3.49203785104454
2.25733634311512,-3.16959383376699
2.25225225225225,-0.559320386751476
2.24719101123596,-2.50315370389974
2.24569799553977,-2.99833663158311
2.24215246636771,-3.16114763787454
2.23713646532438,-1.21817692231594
2.23214285714286,-3.591213966078
2.23022329796594,-3.08561737470954
2.2271714922049,-3.41780808684752
2.22222222222222,-3.60145786107465
2.21729490022173,-1.88638456997721
2.21485523372636,-3.36368674587548
2.21238938053097,-3.45606130183684
2.2075055187638,-3.21832841671395
2.20264317180617,-1.86265145350471
2.19959306803007,-1.19096855021048
2.1978021978022,-3.32799856630374
2.19298245614035,-3.46916613670815
2.18818380743982,-3.62523164093296
2.18443607114943,-2.49496123987343
2.18340611353712,-3.12845909170333
2.17864923747277,-2.47623934500153
2.17391304347826,-3.55150177974501
2.16938351838518,-3.33885257830765
2.16919739696312,-3.54561652698355
2.16450216450216,-3.22057084550202
2.15982721382289,-2.85365583412708
2.1551724137931,-2.6445388890152
2.15443469003188,-2.63022401743153
2.1505376344086,-3.35753991478141
2.14592274678112,-2.84218749226631
2.14132762312634,-3.05537611905835
2.13958887134342,-3.26384567562122
2.13675213675214,4.2823526027852
2.13219616204691,-3.24885114866411
2.12765957446809,-3.34106474014238
2.12484535249888,-0.717301363509658
2.12314225053079,-0.302216474234636
2.11864406779661,-3.34723950980456
2.11416490486258,-3.07621850071215
2.1102034285686,-3.25299974617765
2.10970464135021,-3.57052378454163
2.10526315789474,-2.77011228713091
2.10084033613445,-3.5824044852881
2.09643605870021,-2.11804061628716
2.09566239948043,-3.38458202731858
2.09205020920502,-3.52362380925392
2.08768267223382,-3.34508382881482
2.08333333333333,-1.74272897523623
2.08122156998634,-3.48845241930546
2.07900207900208,-3.57451105772743
2.0746887966805,-2.47450243077459
2.0703933747412,-3.17189169719081
2.06688024962908,-2.77490554981666
2.06611570247934,-2.91068383027591
2.06185567010309,-3.41222982249404
2.05761316872428,-2.59096963176797
2.05338809034908,-3.33965322820073
2.05263775270925,-2.50695774435341
2.04918032786885,-3.48456974877224
2.04498977505112,-2.85471835796254
2.04081632653061,-2.57611165079229
2.03849339825246,-2.59785988760513
2.03665987780041,-3.14118201252922
2.03252032520325,-3.49788321691134
2.02839756592292,-2.8291012384122
2.0244465099768,-2.82448926513403
2.02429149797571,-1.95290412222568
2.02020202020202,-1.83263181078602
2.01612903225806,-3.20138173164441
2.01207243460765,2.20432912381306
2.0104964162605,-0.725847011245444
2.00803212851406,-2.15099854736614
2.00400801603206,-2.92403900389724
2,-3.55728865154715
1.99664245010979,0.334342810822581
1.99600798403194,-3.39803363951556
1.99203187250996,-3.38582169074707
1.98807157057654,-2.06447014452713
1.98412698412698,-3.62008237032095
1.98288394912707,-3.18398231861725
1.98019801980198,-2.98489689311263
1.97628458498024,-2.51045190885038
1.9723865877712,-3.28475576718595
1.96922025547917,-2.5537404349567
1.96850393700787,-3.65446508573411
1.96463654223969,-2.96901823763848
1.96078431372549,-3.42212879311073
1.95694716242661,-3.31628565422956
1.95565071586595,-3.53140111923157
1.953125,-3.03999390110077
1.94931773879142,-3.51436468443192
1.94552529182879,-2.54189466267151
1.94217468148903,-2.5844113408106
1.94174757281553,-2.99038489413173
1.93798449612403,-3.24467877334988
1.93423597678917,-2.56571530766324
1.93050193050193,-2.09497726568095
1.92879150802078,-3.2113716467915
1.92678227360308,-2.20177432445611
1.92307692307692,-0.267105060318822
1.91938579654511,-2.70621024773218
1.91570881226054,-3.24830549466342
1.91550055557353,-3.09348410456765
1.91204588910134,-2.2566813204509
1.90839694656489,-3.00330128269253
1.9047619047619,-3.45297022690861
1.90230118866894,-3.61798847229458
1.90114068441065,-3.60171544472432
1.89753320683112,-3.47078330051108
1.89393939393939,-3.40538923897496
1.89035916824197,-0.581117234164689
1.88919277620767,-1.18980279138163
1.88679245283019,-3.4880533948252
1.88323917137476,-3.52499349090068
1.8796992481203,1.47357351847142
1.87617469143912,-2.88159092659684
1.87617260787992,-2.86888395646981
1.87265917602996,-2.5537947876047
1.86915887850467,-3.17432807211291
1.86567164179104,-2.61357132313365
1.86324631193156,-3.54799983452885
1.86219739292365,-3.46230173356262
1.85873605947955,-3.06777758357581
1.85528756957328,-2.39215165393538
1.85185185185185,-2.7756205276036
1.8504070195423,-3.32478351120626
1.84842883548983,-3.62907608661829
1.8450184501845,-1.31711047625493
1.84162062615101,-2.64776540547926
1.83823529411765,-2.28916239014812
1.83765620038817,-3.4857670902813
1.8348623853211,-2.76400818371733
1.83150183150183,-3.57193184107818
1.82815356489945,-1.41495318765852
1.82499324481615,-3.39505345374429
1.82481751824817,-3.41442745698911
1.82149362477231,-0.876302481307714
1.81818181818182,-3.48776938408072
1.81488203266788,-3.30197137517986
1.81241754737424,-2.6376965581088
1.81159420289855,-3.57102890138806
1.80831826401447,-2.74086423797761
1.80505415162455,-3.31911545701565
1.8018018018018,-1.466960904131
1.79992850678248,1.43225178643822
1.79856115107914,-2.4631435899828
1.79533213644524,-3.65238727146565
1.7921146953405,-2.34413684170699
1.78890876565295,-2.69806551828644
1.78752552590424,-1.46638137073627
1.78571428571429,-3.15840920781532
1.7825311942959,-2.15732640031241
1.77935943060498,-2.23280415784141
1.77619893428064,-3.29315101263075
1.77520801171763,-2.24233364701042
1.77304964539007,-2.92545067742956
1.76991150442478,-3.56672881421538
1.76678445229682,-0.79766367467992
1.7636684303351,-2.25062584951062
1.76297537528721,-2.5957692059154
1.76056338028169,-3.24958774986014
1.75746924428822,-2.82307404742876
1.75438596491228,-3.05467454045729
1.75131348511384,-3.53319448222448
1.75082703173572,-2.98067754476285
1.74825174825175,-2.14453894418746
1.74520069808028,-1.66604810536109
1.74216027874564,-3.36395532309849
1.73913043478261,-2.986619072662
1.73876240021625,-3.38784082872537
1.73611111111111,-3.30649555799756
1.73310225303293,-3.48288524960294
1.73010380622837,-1.83698731360011
1.72711571675302,-3.63344280835987
1.72678090388436,-1.58976544615903
1.72413793103448,-2.19971680720455
1.72117039586919,-3.26631228634362
1.71821305841924,-1.0922561771534
1.71526586620926,-3.41041064332232
1.71488196987054,-3.35199330586804
1.71232876712329,-1.77925370860511
1.70940170940171,-0.782034501852261
1.70648464163823,-3.41953083875573
1.70357751277683,-3.56069767515099
1.70306502925284,-1.53350510345065
1.70068027210884,-2.80295791602687
1.69779286926995,-3.39464391964752
1.69491525423729,-1.76805303916116
1.69204737732657,-3.36772667221283
1.69132951702965,-3.25366684942964
1.68918918918919,-2.96502353420326
1.68634064080944,-3.20585524683549
1.68350168350168,-3.52741023997684
1.68067226890756,1.03910126897315
1.67967487209265,-3.59331843425108
1.67785234899329,-2.24753005020529
1.6750418760469,-2.64749155249676
1.67224080267559,-3.65159707303182
1.669449081803,-1.62599351191811
1.66810053720006,-2.21097513831018
1.66666666666667,-2.99008675117978
1.66389351081531,-3.60362523837248
1.66112956810631,-3.21958203040013
1.65837479270315,-3.61233977465623
1.65660595894991,-2.36902191992221
1.65562913907285,-0.511381848220462
1.65289256198347,-3.45014322762797
1.65016501650165,-3.23817422902918
1.64744645799012,-2.39709038784469
1.64519058775366,-2.12618147271477
1.64473684210526,-0.720979102422471
1.64203612479475,-2.58161423423892
1.63934426229508,-2.71367740591573
1.6366612111293,-2.35185479821409
1.63398692810458,-2.46496206230425
1.63385387780986,-1.8242641579685
1.63132137030995,-2.9601105511338
1.62866449511401,-2.52800633068243
1.6260162601626,-1.88919834521819
1.62337662337662,-2.45945898924226
1.62259528707809,-3.3972942691539
1.62074554294976,-3.3346988171307
1.61812297734628,-3.47919973982679
1.61550888529887,-3.6324756304596
1.61290322580645,-3.08116223946073
1.61141427725302,-2.98600473027558
1.61030595813205,-2.72528791367535
1.60771704180064,-3.59050955324058
1.60513643659711,-2.36765111915376
1.6025641025641,-3.53555391218996
1.6003103137387,-3.26151193270759
1.6,-1.10769060749113
1.59744408945687,-2.07409993841305
1.59489633173844,0.773482542335178
1.59235668789809,-1.41314579226279
1.58982511923688,-2.87998590585768
1.58928286562298,-3.04261352078553
1.58730158730159,-2.38679432737534
1.58478605388273,-2.35516140911649
1.58227848101266,-3.33138874910274
1.57977883096367,-2.58362397667359
1.57833140565212,-3.15079470005473
1.57728706624606,-1.43142756332913
1.5748031496063,-3.5224161121837
1.57232704402516,-2.23249901129396
1.56985871271586,-0.144826888791253
1.5674554102056,-3.42775973072694
1.56739811912226,-3.03943358764958
1.56494522691706,-2.92394445377713
1.5625,-1.8647417684095
1.5600624024961,-3.03729744128021
1.55763239875389,-3.51135059234913
1.55665435927106,-2.42821157273645
1.5552099533437,-1.39720034151729
1.5527950310559,-3.04594960431778
1.55038759689922,-2.72056882746692
1.54798761609907,-2.06292033266372
1.54592773641948,-3.53998058544367
1.54559505409583,-3.35849687677001
1.54320987654321,-2.94556318230253
1.54083204930663,-3.22510322665901
1.53846153846154,-1.26971026041563
1.53609831029186,-2.2934385500444
1.53527502878042,0.544933292839279
1.53374233128834,-3.57993608415223
1.53139356814701,-2.58013438163219
1.52905198776758,-3.38383802762156
1.52671755725191,-2.85260448803403
1.52469572701757,-3.44011390467845
1.52439024390244,-1.53212185863942
1.5220700152207,-3.34169181845375
1.51975683890577,-3.64932954519606
1.51745068285281,-0.113592048049564
1.51515151515152,-0.994658821130893
1.51418932530435,-3.17461952384523
1.51285930408472,-3.50073360827711
1.51057401812689,-3.4078183253725
1.50829562594268,-1.83701542890695
1.50602409638554,-3.33344678877027
1.50375939849624,-1.36856014850486
1.50375532129974,-1.38983752606542
1.5015015015015,-2.05547514427418
1.49925037481259,-2.93152930083566
1.49700598802395,-3.52891233911425
1.49476831091181,-2.57771729608977
1.49339321612425,-1.23629714102433
1.49253731343284,-3.36639550529507
1.4903129657228,-2.95296468453985
1.48809523809524,-2.05900160391489
1.48588410104012,-1.66107398757539
1.48367952522255,-3.55625466131995
1.4831025143361,-2.830403101496
1.48148148148148,-2.12163058009981
1.4792899408284,-3.29039604159051
1.47710487444609,-1.02752703197769
1.47492625368732,-3.31883373241937
1.4728827239075,-2.67400372485163
1.47275405007364,-2.70065052575496
1.47058823529412,-2.80144115988285
1.46842878120411,-2.62603483126311
1.46627565982405,-3.2368273427126
1.46412884333821,-1.34960033866987
1.46273335620113,-1.91790557232975
1.46198830409357,-3.04576573691791
1.45985401459854,-3.36530922331327
1.45772594752187,-3.2080818824978
1.45560407569141,-3.30444082108191
1.45348837209302,-0.642304648995899
1.45265392594678,-3.47276597425995
1.45137880986938,-1.72478955624792
1.44927536231884,-2.12906444722337
1.44717800289436,-3.35638064649042
1.44508670520231,-2.80586862299428
1.44300144300144,-2.59285495918767
1.44264395121816,-1.46897805596789
1.44092219020173,-3.55160254238732
1.43884892086331,-2.23392465576908
1.4367816091954,-2.90956656676881
1.43472022955524,-1.43179757677127
1.43270295340983,-2.82349145533096
1.43266475644699,-3.05244838541922
1.43061516452074,-2.92563238996855
1.42857142857143,1.99213551621218
1.4265335235378,0.177993539046288
1.42450142450142,-0.56713994593657
1.42283045721435,-3.27863385979266
1.42247510668563,-3.59715854427169
1.42045454545455,2.8711407335609
1.41843971631206,-3.08311502858335
1.41643059490085,-1.3502408923738
1.41442715700141,-2.19990412116466
1.41302599059953,-2.71167842142377
1.41242937853107,-3.25300533779922
1.41043723554302,-3.51268484664991
1.40845070422535,-3.46575997662377
1.40646976090014,-3.30331117143821
1.40449438202247,-3.28386579487438
1.40328908478587,-1.9763620766402
1.40252454417952,-3.34696466052263
1.40056022408964,-3.36735462983865
1.3986013986014,-3.51961136629758
1.39664804469274,-3.54082669647253
1.39470013947001,-1.43982503082556
1.39361927422414,-2.69155253210924
1.39275766016713,-3.21399522038576
1.39082058414465,-3.28018881559744
1.38888888888889,-2.97479826737348
1.3869625520111,-2.62799302100266
1.38504155124654,-3.34598811143841
1.38401609657313,-1.30439387918058
1.38312586445367,3.015696310466
1.38121546961326,-1.56486221634743
1.37931034482759,-3.03782059940816
1.37741046831956,-0.47993257955154
1.37551581843191,-1.22394645450798
1.37447909267754,-1.78561777460443
1.37362637362637,-2.71076585915157
1.37174211248285,-2.60199619574292
1.36986301369863,-0.539739252482756
1.36798905608755,-2.37329064032645
1.36612021857923,-3.30300144597963
1.36500780654601,-1.30349863587405
1.36425648021828,-2.46090565084249
1.36239782016349,-3.16257413830449
1.36054421768707,-1.2615691207897
1.35869565217391,-3.27307805267001
1.35685210312076,-3.24713121792474
1.35560178532937,-2.47397550505773
1.3550135501355,-2.59282850024534
1.3531799729364,-3.48447829680749
1.35135135135135,-3.51612084519514
1.34952766531714,-3.55493334658082
1.34770889487871,-3.12113676183334
1.34626057929891,-3.25365513291329
1.34589502018843,-2.49668181269463
1.34408602150538,-3.38754229764704
1.34228187919463,-2.12751380929553
1.34048257372654,-3.6185437744685
1.33868808567604,-3.42612491835042
1.33698374182495,-2.27927843163819
1.33689839572193,-2.12242841487368
1.33511348464619,-2.23666595440632
1.33333333333333,-3.47436711602954
1.33155792276964,-2.39132933880141
1.32978723404255,-1.08045231478281
1.32802124833997,-1.50663885529569
1.32777082935543,-2.83174018905775
1.3262599469496,-2.44805577105758
1.32450331125828,-2.65336707421336
1.32275132275132,-1.24453300564901
1.32100396301189,-2.3970608214873
1.31926121372032,-3.29557162029995
1.31862140139475,-3.40286536977801
1.31752305665349,-3.3370247411497
1.31578947368421,-2.53032747945202
1.31406044678055,0.306569356025723
1.31233595800525,-2.45435536445195
1.31061598951507,-2.30650710635917
1.30953502048267,-2.64668844228272
1.30890052356021,-2.42806077354517
1.30718954248366,-0.540002435714352
1.30548302872063,-3.21551474469124
1.30378096479791,-3.12808375411118
1.30208333333333,-1.06732140244271
1.30051125217341,-2.92038796755692
1.30039011703511,-3.44848049458407
1.2987012987013,-3.1740647668734
1.2970168612192,-3.6141773463372
1.29533678756477,-2.26694705059186
1.29366106080207,-3.59823329069989
1.29198966408269,-2.84789125415385
1.29154966501488,-3.02544400841553
1.29032258064516,-3.19461352870267
1.28865979381443,-2.53097103289901
1.28700128700129,-3.50789300001055
1.2853470437018,5.47701227823415
1.28369704749679,-3.65610784384479
1.28264983052806,-2.79497391282889
1.28205128205128,-3.09344997827686
1.28040973111396,-2.39354893496216
1.27877237851662,-2.72322154673473
1.27713920817369,-3.07444439946938
1.27551020408163,-2.12390372411376
1.27388535031847,-0.349701343116105
1.27381132318648,-0.410119017688525
1.27226463104326,-3.52450099767004
1.27064803049555,-2.22798432215277
1.26903553299492,-3.420992554676
1.26742712294043,-3.55878931256789
1.26582278481013,-2.63272562475781
1.2650337203959,-2.80225160769408
1.26422250316056,0.301087167826258
1.26262626262626,-3.21967506524519
1.26103404791929,-3.35186707498529
1.25944584382872,-1.50637477485106
1.25786163522013,-1.41946339168133
1.25631660247412,-2.87311296928494
1.25628140703518,-2.82840530939556
1.25470514429109,-0.334501943704519
1.2531328320802,-2.45133019350991
1.25156445556946,-3.11539058000228
1.25,-3.62332130856317
1.24843945068664,-1.73009450170378
1.24765955263087,-1.14548446450557
1.24688279301746,-3.47315784113779
1.2453300124533,-2.62651736947493
1.24378109452736,-1.73834819497095
1.24223602484472,-2.9502854435688
1.24069478908189,-2.87318902596085
1.23915737298637,-2.53230697119222
1.23906215694792,-3.389979800543
1.23762376237624,-2.09742807837604
1.23609394313968,-3.46620953371358
1.23456790123457,-3.55468495116913
1.23304562268804,-3.63586871259563
1.23152709359606,-3.61612177506155
1.23052400435926,-2.5559723553841
1.230012300123,-1.06657262084958
1.22850122850123,-3.14814740808738
1.22699386503067,-3.39749163654359
1.22549019607843,-3.09732697036547
1.22399020807834,-2.75377049893823
1.22249388753056,-3.20666411435486
1.22204468663149,-3.65299403039581
1.22100122100122,-2.3821972913317
1.21951219512195,-2.34708900085358
1.21802679658952,-0.714302679649943
1.21654501216545,-2.71899041198103
1.21506682867558,-1.04383471852945
1.21362379834424,-2.70930637920618
1.21359223300971,-2.2010443260071
1.21212121212121,-3.11175397489019
1.21065375302663,-2.67467848483066
1.20918984280532,-2.50970670157885
1.20772946859903,-2.73585789080128
1.20627261761158,-3.04493852039557
1.20526093687084,-3.50853494862575
1.20481927710843,-2.87930438070331
1.20336943441637,-2.865588487039
1.20192307692308,-1.94248757834547
1.20048019207683,-1.75052130460441
1.19904076738609,-2.80513857627165
1.19760479041916,-3.50544074758705
1.19695570235904,-1.89664517948658
1.19617224880383,-3.36352810051239
1.194743130227,-3.21079477124838
1.19331742243437,-3.15268497231211
1.19189511323004,-0.629194163471207
1.19047619047619,-1.98052591464959
1.18906064209275,-3.58758726231273
1.1887076977119,-2.85288137009918
1.18764845605701,-0.805938975382428
1.18623962040332,-2.51706523821972
1.18483412322275,-3.18775120592648
1.18343195266272,-2.10072239752354
1.18203309692671,-0.0148287511475855
1.18063754427391,-2.49560426430868
1.18051652856881,-3.37938904320442
1.17924528301887,-2.87084055911709
1.17785630153121,-2.37493915752283
1.17647058823529,-2.72403506862606
1.17508813160987,-3.33272939368502
1.17370892018779,-3.59253791791387
1.1723818032866,-2.95971095941682
1.17233294255569,-2.66275375530061
1.17096018735363,-2.26666298373531
1.16959064327485,-2.35463967632922
1.16822429906542,-3.05130166285123
1.16686114352392,-1.19550651899321
1.16550116550117,-2.85950924446292
1.16430313292088,-3.59676946735287
1.16414435389988,-1.13681829652416
1.16279069767442,-3.08645296816898
1.16144018583043,-2.63069299753242
1.16009280742459,-2.98177877624554
1.15874855156431,-2.43476101557725
1.15740740740741,-2.5940589320178
1.15628013120738,-2.90972466887798
1.15606936416185,-1.30819181532972
1.15473441108545,-2.37760499800909
1.15340253748558,-3.08801931489613
1.15207373271889,-3.1171352758417
1.15074798619102,-3.50515700990557
1.14942528735632,-2.0862468143655
1.14831241454351,-3.62270179894657
1.14810562571757,-3.28325359062533
1.14678899082569,-0.939653722012916
1.1454753722795,-2.92657900356705
1.1441647597254,-1.52041425417762
1.14285714285714,-3.65802164719879
1.14155251141553,-1.67558721296579
1.14039960197003,-2.52289468234049
1.14025085518814,-2.06153949705755
1.13895216400911,-3.50853416451524
1.13765642775882,-3.55120544168291
1.13636363636364,-3.21395905320396
1.13507377979569,-3.38298176390428
1.13378684807256,-2.27975924750849
1.13254131515281,0.362192695381471
1.13250283125708,-0.680327837196454
1.13122171945701,-0.409663850992795
1.12994350282486,-3.08445093315147
1.12866817155756,-3.47314163658772
1.12739571589628,-1.71395939475816
1.12612612612613,-2.139343269506
1.12485939257593,-2.98767922671048
1.12473717836475,-3.61901385071921
1.12359550561798,-3.2445141523594
1.12233445566779,-2.80602206357046
1.12107623318386,0.133401776291312
1.11982082866741,-3.62487986554863
1.11856823266219,-2.97984144122354
1.11731843575419,-1.13797442819999
1.11698681846782,-2.08952643802528
1.11607142857143,-2.46939186757391
1.11482720178372,-3.61877151867032
1.11358574610245,-3.20046238497273
1.11234705228031,-1.83972724956201
1.11111111111111,-2.24867655418297
1.10987791342952,-3.15266254688729
1.10928986489522,-1.14194563785953
1.10864745011086,-1.67200979931193
1.10741971207087,-3.5794012138629
1.10619469026549,-3.66249284179936
1.10497237569061,-3.27207331001979
1.1037527593819,0.262169149006628
1.10253583241455,-2.93080713553315
1.10164594963366,-3.21578707116462
1.10132158590308,-1.67177081272045
1.1001100110011,-1.73083704290498
1.0989010989011,-1.89376743149735
1.09769484083425,-3.07638663055546
1.09649122807018,-2.79783222618787
1.09529025191676,-2.0939918935358
1.09409190371991,-2.10240679527679
1.09405470720574,-2.06413547311267
1.09289617486339,-3.56967133886526
1.09170305676856,-3.02680151718787
1.09051254089422,-3.52332968166787
1.08932461873638,-1.87379743366365
1.08813928182807,-3.39556240452036
1.08695652173913,-2.24602984322429
1.08651577465254,-2.36415537239464
1.085776330076,-0.605180954451451
1.08459869848156,-3.55623464677579
1.08342361863489,-3.57326573668719
1.08225108225108,-1.30087682140937
1.08108108108108,-1.03492519820535
1.07991360691145,-2.91987646414655
1.07902879151618,-0.528445489422192
1.07874865156419,-3.64982669713855
1.07758620689655,-3.20871414210863
1.07642626480086,-2.93899356258553
1.0752688172043,-2.80335723222638
1.07411385606874,-1.26023812508852
1.07296137339056,-2.84243684251863
1.07181136120043,-2.23978702654416
1.07159339982267,-3.57663199474812
1.07066381156317,-3.20875003654806
1.06951871657754,0.106064331233132
1.06837606837607,-2.54992856938808
1.06723585912487,-1.63072356773905
1.06609808102345,1.24845449520696
1.06496272630458,-3.2400476450072
1.06420924406472,-1.91423146189778
1.06382978723404,-2.73641205155691
1.06269925611052,-2.83690779393468
1.06157112526539,-2.96204261543719
1.06044538706257,-3.03511239716765
1.0593220338983,-2.36591507825805
1.05820105820106,-1.5258441557013
1.05708245243129,-2.50536298889237
1.0568759711848,-3.03240043115674
1.05596620908131,-3.50976081966611
1.05485232067511,-2.32636502638648
1.05374077976818,-2.2906618426427
1.05263157894737,-3.42702517686892
1.0515247108307,-2.22651470497517
1.05042016806723,-0.244688412891814
1.04959323055823,-3.65156579738329
1.04931794333683,-0.869464527719468
1.0482180293501,-2.99020262733959
1.04712041884817,-2.64185255289807
1.04602510460251,-2.10185898280751
1.04493207941484,-3.10872743890958
1.04384133611691,-3.02206641486476
1.04275286757039,-0.0115236759122679
1.0423606739764,-2.42352991469012
1.04166666666667,-0.0139655188572005
1.04058272632674,-1.94856279398023
1.03950103950104,-2.80248194616505
1.03842159916926,-1.33531844305859
1.03734439834025,-3.42164360194989
1.03626943005181,-2.94961872962916
1.0351966873706,-3.31413303770106
1.03517795563018,-3.14835948417417
1.03412616339193,-3.11600226247894
1.03305785123967,-2.55240273589031
1.03199174406605,-2.95513804320027
1.03092783505155,-1.97645058032601
1.02986611740474,-3.63309867002236
1.02880658436214,-3.24658087860218
1.02804473209331,-0.407706364687878
1.02774922918808,-3.18384880397842
1.02669404517454,-2.78537169571724
1.02564102564103,-2.62809668790556
1.02459016393443,-2.48014036080955
1.02354145342886,-3.16147374858009
1.02249488752556,-3.52574261812709
1.02145045965271,-3.257600148521
1.02096066230605,-3.50186501488848
1.02040816326531,-2.59299902859318
1.01936799184506,-1.37786044221449
1.0183299389002,-1.23304652592348
1.01729399796541,-3.19112869194749
1.01626016260163,-2.4850415898794
1.01522842639594,-1.77473380407617
1.01419878296146,-3.3182623495381
1.01392540755882,-3.23287739348005
1.01317122593718,0.494696428539119
1.01214574898785,-3.28538372549722
1.01112234580384,-2.13787556654496
1.01010101010101,-3.47707087563604
1.00908173562059,-2.4503306610609
1.00806451612903,-2.74498414020699
1.00704934541793,-2.77222002492568
1.00693863147603,-2.61055052941448
1.00603621730382,-3.29833989414684
1.00502512562814,-3.45456435694028
1.00401606425703,-2.61698405639832
1.00300902708124,-3.33979873919024
1.00200400801603,-2.53637240405335
1.001001001001,-2.41852550143708
1,-1.53600851086018
