"bfp_output.P","bfp_output.logBF"
1000,0.412009618061082
993.109181374979,0.66425139455733
986.265846131283,0.790007890250412
979.46966706954,0.800591383337566
972.720319245055,0.724042681663282
966.017479952265,0.594953817326219
959.360828709315,0.443812789435829
952.75004724273,0.289830506978849
946.184819472201,0.138381950597922
939.66483149547,-0.0176820254824106
933.189771573324,-0.193928656030248
926.759330114689,-0.408302256464661
920.373199661823,-0.674278268239571
914.031074875623,-0.99515715441053
907.732652521023,-1.36177032572565
901.477631452492,-1.75465274850567
895.26571259964,-2.14942396914584
889.096598952916,-2.52257886842117
882.969995549409,-2.85532656535771
876.885609458743,-3.13481704497739
870.843149769073,-3.35357325895641
864.842327573172,-3.50847974150845
858.882855954625,-3.60039820765298
852.964449974103,-3.63464980071351
847.086826655741,-3.62144939761272
841.249704973612,-3.57469814637632
835.452805838287,-3.50857369484795
829.695852083491,-3.43365520138824
823.978568452852,-3.35512291837129
818.300681586739,-3.27380321602056
812.661920009195,-3.18896122527532
807.06201411495,-3.1016843874158
801.500696156541,-3.01847649487105
795.977700231499,-2.95432469015152
790.492762269642,-2.93187616333143
785.045620020451,-2.97115246746598
779.636013040523,-3.07201677904369
774.263682681127,-3.20810608848187
768.928372075831,-3.34373660619924
763.629826128224,-3.45457495594946
758.367791499719,-3.53271524715033
753.142016597437,-3.58055115379737
747.952251562182,-3.60406856502133
742.798248256492,-3.6092552260366
737.679760252773,-3.60088189828719
732.596542821523,-3.58237676214481
727.548352919623,-3.55613052343299
722.534949178721,-3.52402311270741
717.556091893692,-3.48789602753574
712.611543011175,-3.44955364637586
707.701066118189,-3.41069089430728
702.824426430835,-3.3733070237571
697.981390783066,-3.34037758268625
693.17172761554,-3.31645130510999
688.39520696455,-3.30780982503243
683.651600451024,-3.32129982546295
678.940681269611,-3.36072156712957
674.262224177835,-3.42165921560815
669.616005485322,-3.49004105607069
665.001803043112,-3.54897503048907
660.419396233031,-3.58837342351994
655.868565957143,-3.60797112733239
651.349094627281,-3.61360892916026
646.860766154633,-3.61251326595937
642.40336593942,-3.61048551690443
637.976680860628,-3.61077341030581
633.580499265825,-3.61400483748529
629.214610961035,-3.61893084732282
624.878807200689,-3.62351704056142
620.57288067765,-3.62567064004794
616.296625513294,-3.62338541006819
612.04983724767,-3.6148290041274
607.832312829723,-3.59893077689459
603.643850607587,-3.57623615255347
599.484250318941,-3.54905847189884
595.353313081437,-3.5203229000683
591.250841383188,-3.49151737870117
587.176639073326,-3.46064255611209
583.130511352622,-3.42133253639305
579.112264764176,-3.36545118636756
575.121707184161,-3.29081101209432
571.158647812643,-3.20857381752712
567.222897164454,-3.14058401816139
563.314267060136,-3.10886388644719
559.432570616938,-3.1276096520195
555.577622239888,-3.19820044265138
551.749237612913,-3.30310100743521
547.947233690029,-3.40410247406696
544.171428686589,-3.45618403072232
540.421642070592,-3.43243178610633
536.697694554048,-3.3381052386092
532.999408084409,-3.20581955649142
529.326605836056,-3.08217953511119
525.679112201842,-3.00874511148784
522.056752784698,-2.99605396032474
518.459354389291,-3.01160765601652
514.886745013749,-3.0026390909591
511.338753841433,-2.93046107829893
507.815211232767,-2.78774578528118
504.315948717136,-2.60343248990476
500.840798984821,-2.43874438709617
500,-2.40953724984949
497.389595879006,-2.35748599315526
493.962174387832,-2.38072371029842
490.558370636505,-2.47915189353467
487.178021879463,-2.60965443983302
483.820966492595,-2.74639664421523
480.487043965513,-2.88513402603347
477.176094893875,-3.03108509228117
473.887960971765,-3.18388873818348
470.622484984128,-3.33312664055093
467.379510799247,-3.46456490322792
464.158883361278,-3.56350595106546
460.960448682844,-3.61344358716969
457.784053837662,-3.60003342191437
454.62954695324,-3.52196368340837
451.49677720361,-3.39448425142789
448.385594802119,-3.23793876691125
445.295850994266,-3.06620972907641
442.22739805059,-2.88749863650777
439.180089259609,-2.71190108293807
436.153778920801,-2.5543909411392
433.14832233764,-2.43124682453331
430.16357581068,-2.36055616455446
427.199396630678,-2.36689927525783
424.255643071778,-2.47407599788546
421.332174384729,-2.68635938330659
418.428850790158,-2.97984548065535
415.545533471888,-3.30561823073354
412.682084570296,-3.5776867585106
409.838367175726,-3.65279717970527
407.014245321944,-3.41396905594028
404.209583979631,-2.95954992866605
401.424249049932,-2.5173249867541
398.658107358044,-2.19087195025345
395.911026646846,-1.96009967158225
393.182875570577,-1.77632468443597
390.473523688556,-1.59331748579332
387.782841458946,-1.35902971270873
385.110700232557,-1.00894187475005
382.4569722467,-0.474809070945734
379.821530619074,0.228942610238211
377.2042493417,0.73568664357605
374.605003274899,0.459675846033368
372.023668141307,-0.384578433356022
369.46012051993,-1.2424372864382
366.914237840249,-1.9660465414877
364.385898376355,-2.37213808469677
361.874981241128,-1.90644656057647
359.381366380463,-0.631455813336895
356.904934567523,0.605032353158824
354.445567397043,1.18974859988807
352.003147279668,0.612998559740267
349.577557436327,-0.929077965148177
347.168681892656,-2.05267984139153
344.776405473446,-2.13816507582375
342.400613797142,-1.79904114040961
340.041193270371,-1.69189819411401
337.698031082509,-1.87392627143283
335.371015200293,-1.83863919041563
333.333333333333,-1.29388631225695
333.060034362459,-1.18412475598772
330.764978074424,-0.101489734129369
328.485736603004,0.600237974813344
326.222200971167,0.00560122046012612
323.97426295282,-1.48577510652658
321.741815067637,-2.53044331659312
319.524750575921,-2.5676134755116
317.322963473498,-1.59086323957554
315.136348486648,0.200867526387488
312.964801067075,1.99068473651942
310.808217386907,2.63624701667711
308.666494333727,1.79896568132448
306.539529505653,0.0375570226764426
304.42722120643,-1.69395844559754
302.329468440578,-2.55539502291775
300.246170908555,-2.14994275706892
298.177229001967,-0.660010930039998
296.122543798804,1.02974605240103
294.082017058706,2.05823561316531
292.055551218275,2.30966860229187
290.043049386399,1.72284198381035
288.04441533963,0.241097149580431
286.059553517574,-1.37772720501023
284.08836901833,-1.78791373431219
282.130767593947,-0.368806921464379
280.18665564592,1.71364188670085
278.255940220713,2.8066408151485
276.338529005317,2.28790562698389
274.434330322837,0.485540322016864
272.543253128103,-1.66873732759914
270.665207003324,-2.92911699027708
268.800102153761,-2.48857820792189
266.947849403432,-0.67735337509357
265.108360190854,1.4393982446439
263.281546564802,2.67890971981708
261.467321180109,2.05896307810291
259.665597293487,-0.452830943689842
257.87628875938,-2.83209874399646
256.099310025846,-3.5677745167796
254.334576130465,-3.2009121878405
252.582002696278,-2.17071922056983
250.841505927754,-0.866261180074086
250,-0.377226176745903
249.113002606779,-0.111797265135048
247.396410088681,-0.794685622691314
245.691646298279,-2.31887867618631
243.998629725955,-2.89465452379245
242.31727942376,-3.01220536173333
240.647515001542,-3.29811363390707
238.989256623105,-3.55856071599926
237.342425002387,-3.59093859993485
235.706941399673,-3.24311371183505
234.082727617829,-2.88739960137537
232.469705998565,-3.04680454147761
230.867799418717,-3.42253928065325
229.276931286565,-3.64717965105883
227.697025538168,-3.07300689104759
226.128006633728,-1.19312425627747
224.569799553977,0.905688298299556
223.022329796594,1.49584779533622
221.485523372636,0.835224113066535
219.959306803008,-0.880355078142354
218.443607114943,-3.04192977488024
216.938351838519,-3.50131648006775
215.443469003188,-2.05974119790677
213.958887134342,-0.525570824950857
212.484535249888,0.264574756896697
211.02034285686,-0.253201012357475
209.566239948043,-1.68939721064806
208.122156998634,-2.79451837286917
206.688024962908,-3.22447772557156
205.263775270925,-3.19558742141295
203.849339825246,-3.1674593424387
202.44465099768,-3.41121842128974
201.04964162605,-3.62774854844978
200,-3.66246629004051
199.664245010979,-3.65313225730086
198.288394912707,-3.5149614435105
196.922025547917,-3.38209509017595
195.565071586595,-3.38374692051336
194.217468148903,-3.31381393232426
192.879150802078,-3.39587355371323
191.550055557353,-3.60863290064442
190.230118866895,-3.64741592928145
188.919277620767,-3.35590996356937
187.617469143912,-2.40558267021349
186.324631193156,-1.81664331632755
185.04070195423,-2.59159050206157
183.765620038817,-3.24261056054889
182.499324481615,-3.53603473430017
181.241754737424,-3.47427123448265
179.992850678248,-2.94744210192227
178.752552590424,-2.41400976263058
177.520801171764,-2.6415339498955
176.297537528721,-3.4232308526064
175.082703173572,-3.63482554798541
173.876240021625,-2.91734917570455
172.678090388436,-1.83482169360387
171.488196987054,-2.07849657919787
170.306502925284,-3.08282063598348
169.132951702965,-3.56785729273796
167.967487209265,-2.70540860202415
166.810053720006,-0.968265513507855
166.666666666667,-0.838272708634586
165.660595894991,-0.818226559595028
164.519058775366,-1.64352310876752
163.385387780986,-1.45571879520586
162.259528707809,-0.818194066097912
161.141427725302,-2.29721770684942
160.03103137387,-3.32325930323945
158.928286562298,-2.46548618486743
157.833140565212,-0.646191600965135
156.745541020559,-0.0988339850626501
155.665435927106,-2.38139725351608
154.592773641948,-3.44951168108694
153.527502878042,-2.29611271687854
152.469572701757,-1.40182098072206
151.418932530435,-2.44346122980108
150.375532129974,-3.51146042881769
149.339321612425,-2.65415502453502
148.310251433611,-2.47293192721689
147.28827239075,-3.23855730410578
146.273335620113,-3.59221522954582
145.265392594678,-3.08534961773885
144.264395121816,-3.16511374962131
143.270295340983,-2.80213575985045
142.857142857143,-2.20790690923679
142.283045721435,-0.990262927579788
141.302599059953,-0.190490019802961
140.328908478587,-2.5900575389504
139.361927422414,-1.83191081011999
138.401609657313,2.87255607533142
137.447909267754,6.0710457290633
136.500780654601,0.350182785857091
135.560178532937,-3.40437859898578
134.626057929891,0.557193253673081
133.698374182495,5.75042314972219
132.777082935543,1.43951584688886
131.862140139475,-1.9325959630129
130.953502048267,-2.17035486172535
130.051125217341,-3.29422837724469
129.154966501488,-3.52057946543065
128.264983052806,-2.17599970912247
127.381132318648,-1.39825605675689
126.50337203959,-1.77516227271213
125.631660247412,-2.82303940648996
125,-3.13740792811863
124.765955263087,-3.29801628803814
123.906215694792,-3.46351202718783
123.052400435926,-3.16267481676904
122.204468663149,-3.31287653199812
121.362379834424,-3.35074015294414
120.526093687084,-2.87772481461375
119.695570235904,-2.93622873161994
118.87076977119,-3.62007678716635
118.051652856881,-3.40452810320449
117.23818032866,-3.49667788768159
116.430313292088,-3.4734757875528
115.628013120738,-2.70670380760388
114.831241454351,-2.51971270735832
114.039960197003,-2.87555268572636
113.254131515281,-2.8235114465704
112.473717836475,-3.4419495402176
111.698681846782,-3.35062906799204
111.111111111111,-2.86171499480768
110.928986489522,-2.85237966102651
110.164594963366,-3.33230899205206
109.405470720574,-3.54277885254548
108.651577465254,-3.25617619688547
107.902879151618,-1.38973570399254
107.159339982267,-0.852435904221788
106.420924406472,-2.66074660362785
105.68759711848,-2.75678721374502
104.959323055823,-0.0845271842474729
104.23606739764,0.113926157573037
103.517795563018,-2.56441324362184
102.804473209331,-3.44627506158433
102.096066230605,-0.923413335920553
101.392540755882,0.557796679163705
100.693863147603,-2.29206228191289
100,-1.59453676100388
100,-1.59453676100379
99.310918137498,-1.61233532642039
98.6265846131283,-3.03887994300474
97.946966706954,-1.99862491328774
97.2720319245054,-2.16623743084544
96.6017479952265,-2.96379247105674
95.9360828709315,-3.42376797724112
95.2750047242729,-3.59814393223076
94.61848194722,-3.42912212868689
93.966483149547,-3.16316519690398
93.3189771573324,-2.63556124654967
92.6759330114688,-3.63792888062154
92.0373199661823,-2.24475649331903
91.4031074875623,-1.60681716949442
90.9090909090909,-3.39988969143816
90.7732652521023,-3.42017585514953
90.1477631452492,-2.8663663811475
89.526571259964,-3.35633621988763
88.9096598952916,-0.828020560105055
88.2969995549409,-0.61066716465309
87.6885609458743,-2.82659757138829
87.0843149769073,-0.43548064192323
86.4842327573172,-1.20591392377561
85.8882855954625,-3.40743119790859
85.2964449974102,-1.8639202677047
84.7086826655741,-3.46483103231894
84.1249704973612,-2.4618171005945
83.5452805838287,-3.21483368207849
83.3333333333333,-3.45521014565692
82.9695852083491,-2.05235441429552
82.3978568452852,-0.200296529623368
81.8300681586739,-2.5682277609488
81.2661920009194,-1.71763433631228
80.706201411495,-2.48029958887572
80.150069615654,-3.66094428542855
79.5977700231498,-3.64508755997049
79.0492762269642,-3.41759114166625
78.5045620020451,-3.65002509980475
77.9636013040523,-3.11011857619202
77.4263682681127,-3.17424363568461
76.9230769230769,-1.82079731551301
76.8928372075831,-1.71644658277772
76.3629826128224,-3.32006112246044
75.8367791499719,-3.44262593903373
75.3142016597437,-2.99041878949564
74.7952251562182,-3.12973906485216
74.2798248256491,-2.57604190254879
73.7679760252773,-3.51193358110673
73.2596542821523,-1.46333061228422
72.7548352919623,-2.73846462157926
72.2534949178722,-3.29745457309179
71.7556091893693,-3.35596288638306
71.4285714285714,-0.0474951744944674
71.2611543011175,0.969077299688895
70.7701066118189,-0.601347672075955
70.2824426430835,-1.63610589155764
69.7981390783066,-1.96110841457392
69.3171727615541,-3.42596621230096
68.839520696455,-3.30836388745119
68.3651600451024,-3.27654760308912
67.8940681269611,-2.74337815971763
67.4262224177834,-2.80110307572876
66.9616005485322,-2.10199120818474
66.6666666666667,-0.249163648556769
66.5001803043112,-0.742506900911262
66.0419396233031,-1.38911148100722
65.5868565957143,-3.60031935910957
65.134909462728,-0.0395354594408657
64.6860766154633,-2.97387398772106
64.2403365939419,-2.09088275608452
63.7976680860628,-2.87811048378112
63.3580499265825,0.674063409421668
62.9214610961034,-3.643741155102
62.5,-1.99319048882004
62.4878807200689,-1.99391105586416
62.057288067765,-3.02380925527818
61.6296625513294,-3.54971679092905
61.204983724767,-2.274941183437
60.7832312829723,-3.57880926335413
60.3643850607587,-3.25414595072076
59.9484250318941,-3.47311945633786
59.5353313081437,-3.22040270072533
59.1250841383188,-1.86365407307046
58.8235294117647,-3.49672941810833
58.7176639073326,-3.32862945113164
58.3130511352622,-3.50579899569116
57.9112264764176,-3.35292774057639
57.5121707184161,-3.60438458583114
57.1158647812643,-2.15639971080686
56.7222897164454,-3.08820801660034
56.3314267060136,-1.00634908018857
55.9432570616938,-1.53087098422621
55.5577622239888,-2.12898694096698
55.5555555555556,-2.1291101563366
55.1749237612912,-1.01793145008825
54.7947233690029,-2.24356684005088
54.4171428686589,-1.54545438273557
54.0421642070592,-2.20768841934197
53.6697694554048,-3.63789251095572
53.2999408084409,-3.29541977639856
52.9326605836056,-2.1685784650089
52.6315789473684,-2.15207799670228
52.5679112201842,-2.25924834709057
52.2056752784698,-2.18129447729911
51.8459354389291,-3.49591875476117
51.488674501375,-3.41327589437652
51.1338753841433,-2.52050993208142
50.7815211232767,-2.31019820480814
50.4315948717136,1.52229452551591
50.0840798984821,-2.9456194694239
50,-1.58482647230569
49.7389595879007,-3.06464802097023
49.3962174387832,-1.43827384183994
49.0558370636505,-1.62669549579722
48.7178021879463,-1.43227618230646
48.3820966492596,-3.4693921402363
48.0487043965513,0.824696844273679
47.7176094893875,-3.62953591284654
47.6190476190476,-2.77816446190404
47.3887960971765,-1.59493087305098
47.0622484984128,-3.59794466634296
46.7379510799246,-3.53124385717718
46.4158883361278,-1.78088675907945
46.0960448682843,-1.99433142406228
45.7784053837662,-2.58809202692383
45.462954695324,-3.0232294095136
45.4545454545455,-3.12277606999454
45.149677720361,-0.537138934623054
44.8385594802119,-3.12515301524943
44.5295850994266,-3.02739515610791
44.222739805059,5.82397298836996
43.9180089259609,-1.39689445269807
43.6153778920801,-2.08889533914164
43.4782608695652,-1.69244980876028
43.314832233764,-3.48176389620313
43.016357581068,-3.51142837006325
42.7199396630678,-3.40125965981245
42.4255643071778,-1.90943825223099
42.1332174384729,-2.88115110084514
41.8428850790158,1.00313465079394
41.6666666666667,-2.33548736442936
41.5545533471888,-0.715767178373976
41.2682084570295,-2.25241424184348
40.9838367175726,-2.92879196900374
40.7014245321944,-0.975204913930308
40.4209583979631,-3.48739985950898
40.1424249049932,-2.89317866630274
40,-3.37402311812691
39.8658107358044,-3.15353619287084
39.5911026646846,-3.6228128525923
39.3182875570577,-2.58076368298195
39.0473523688556,-2.99108241251535
38.7782841458946,-3.41091531158001
38.5110700232557,-1.95983505077053
38.4615384615385,-0.854401639169917
38.24569722467,-3.2729354922216
37.9821530619073,-0.225525915227631
37.72042493417,-3.23755802584828
37.4605003274899,2.29985881888358
37.2023668141307,-2.23904984074057
37.037037037037,-2.65090591480434
36.946012051993,-3.35307973460986
36.6914237840249,-2.99141540180077
36.4385898376355,-2.86028270566116
36.1874981241128,-3.4865372428333
35.9381366380463,-3.03214378440422
35.7142857142857,-3.11196051740786
35.6904934567523,-2.90859101525795
35.4445567397043,-2.64895205338079
35.2003147279668,-3.4343752048119
34.9577557436328,-3.446513701775
34.7168681892656,-3.09128334552927
34.4827586206897,-3.27532872017805
34.4776405473446,-3.25161044440734
34.2400613797142,-0.750928575251332
34.0041193270371,-0.663158132827344
33.7698031082509,-0.997910215884199
33.5371015200293,-1.66303934061743
33.3333333333333,-1.03287115517433
33.3060034362459,0.219837434326071
33.0764978074424,0.199553309423028
32.8485736603004,-1.7782818361821
32.6222200971167,-1.11118711870103
32.397426295282,0.0596037710077342
32.258064516129,-3.12447930323661
32.1741815067637,-1.36797349552064
31.9524750575921,-3.28330910094412
31.7322963473498,-2.87207045112261
31.5136348486648,-3.44905521053102
31.2964801067075,-3.59862750079675
31.25,-3.56457272590101
31.0808217386906,-3.51112662704095
30.8666494333727,-3.11756178764359
30.6539529505653,-3.1344978911335
30.442722120643,-0.669656311066357
30.3030303030303,-2.05711997280475
30.2329468440578,-0.628016657650742
30.0246170908555,-3.24784893528932
29.8177229001967,-1.95268953398824
29.6122543798804,-3.53698812436898
29.4117647058824,-3.3723585521087
29.4082017058706,-3.34901876390888
29.2055551218275,-3.31956294303528
29.0043049386399,-0.820039098657314
28.804441533963,-2.21031181188429
28.6059553517574,-2.35146112095112
28.5714285714286,-3.63766418376171
28.408836901833,-3.63059728511736
28.2130767593947,-3.29739661827063
28.018665564592,-3.10968010076636
27.8255940220712,-2.45249815089597
27.7777777777778,-3.1809953848374
27.6338529005317,-3.35926301813394
27.4434330322836,-1.92118853363039
27.2543253128103,-2.6442066550387
27.0665207003324,-0.437876369795855
27.027027027027,-1.91951592382845
26.8800102153761,-2.77035455345777
26.6947849403432,-0.610570038036808
26.5108360190854,-0.822896400652136
26.3281546564802,-3.40355617764312
26.3157894736842,-3.14718509997031
26.1467321180109,-3.59787092409273
25.9665597293487,-2.48477982847565
25.787628875938,-2.89637325579393
25.6410256410256,-2.8643922246156
25.6099310025846,-3.10586217372589
25.4334576130465,-2.61939208423116
25.2582002696278,-2.90563995197395
25.0841505927754,0.345978787236324
25,-0.951987640916296
24.9113002606779,-1.55763737473175
24.7396410088681,-2.37152981506274
24.5691646298279,-3.33987175350826
24.3998629725955,-1.80061996432569
24.390243902439,-2.41068208804982
24.231727942376,-3.08334089025719
24.0647515001542,-1.96075669102818
23.8989256623105,-3.51762628192783
23.8095238095238,-2.6579100056423
23.7342425002387,-3.4644539473149
23.5706941399673,-3.6565282405359
23.4082727617829,-2.18789654875162
23.2558139534884,-3.60313560768274
23.2469705998565,-3.62980427670258
23.0867799418717,-3.37303509612623
22.9276931286565,-3.40785192623802
22.7697025538168,-0.981892480077202
22.7272727272727,-2.40467289219152
22.6128006633728,-2.08479259926674
22.4569799553977,-2.37968476056507
22.3022329796594,-2.13134576513955
22.2222222222222,-3.11411471985941
22.1485523372636,-0.665748622175594
21.9959306803007,-1.25224086925685
21.8443607114943,-1.88655192996613
21.7391304347826,-2.59737344863749
21.6938351838518,-2.98661852255899
21.5443469003188,-3.26867675072226
21.3958887134342,-2.21401733404228
21.2765957446809,-0.365005963660262
21.2484535249888,-2.54770658138677
21.102034285686,-3.63499096311404
20.9566239948043,-2.60384686226426
20.8333333333333,2.41457484971649
20.8122156998634,-2.68830827371438
20.6688024962908,-2.12839170808264
20.5263775270925,-3.06777406524092
20.4081632653061,-2.65624448254563
20.3849339825246,-1.91799884985299
20.244465099768,-3.02659263311805
20.104964162605,-0.610278606468238
20,-3.10285169055318
19.9664245010979,-2.72234561170206
19.8288394912707,-2.96971274883704
19.6922025547917,-2.44029038784323
19.6078431372549,-3.18099152420482
19.5565071586595,-2.86039354349985
19.4217468148903,-3.36116395871708
19.2879150802078,-1.0634595633107
19.2307692307692,-0.209114301208682
19.1550055557353,0.704399559931137
19.0230118866894,-3.63970602558795
18.8919277620767,-3.45462729326727
18.8679245283019,-2.7013471461111
18.7617469143912,-2.97226775303632
18.6324631193156,-0.979972841965274
18.5185185185185,-3.45443786130131
18.504070195423,-3.17462098889983
18.3765620038817,-0.562831913980356
18.2499324481615,-3.51439469904021
18.1818181818182,-1.69971390314019
18.1241754737424,-3.07710244842515
17.9992850678248,-3.37943911688616
17.8752552590424,-3.56868930939258
17.8571428571429,-1.94729466812954
17.7520801171764,-3.48604718813369
17.6297537528721,1.22034237799274
17.5438596491228,-2.02876498353877
17.5082703173572,-2.81550715960044
17.3876240021625,-3.26313844511396
17.2678090388436,-3.07340468323032
17.2413793103448,-2.88736400819412
17.1488196987054,-3.39132554744095
17.0306502925284,-2.68019497667735
16.9491525423729,-2.29282324961541
16.9132951702965,-3.5152127862846
16.7967487209265,-3.49543617210876
16.6810053720006,-0.484854452764334
16.6666666666667,-3.2650482372088
16.5660595894991,-2.27917538762987
16.4519058775366,-2.97618528834898
16.3934426229508,-2.18511944513959
16.3385387780986,-2.93279398365702
16.2259528707809,-1.29040157291085
16.1290322580645,-1.19199998245353
16.1141427725302,-2.1279087437346
16.003103137387,-3.11530304105762
15.8928286562298,-1.30106928317447
15.8730158730159,-1.33668541647414
15.7833140565212,-2.88898568511238
15.674554102056,-2.59988342995298
15.625,-2.20830540907358
15.5665435927106,-2.45120235899914
15.4592773641948,-2.92236930062746
15.3846153846154,-0.334203999853723
15.3527502878042,-3.13689003635151
15.2469572701757,-3.4262304163593
15.1515151515152,-3.15416945549223
15.1418932530435,-3.16909924628022
15.0375532129974,-3.34347226203637
14.9339321612425,-1.80139121684409
14.9253731343284,-1.68565043944168
14.831025143361,-2.09552302419008
14.728827239075,-3.52173640909266
14.7058823529412,-3.39777118575965
14.6273335620113,-1.48526759097985
14.5265392594678,-3.09858718326289
14.4927536231884,-1.25453454221177
14.4264395121816,-2.77301082710589
14.3270295340983,-1.65238288586222
14.2857142857143,-3.1756048209687
14.2283045721435,-2.89344911782085
14.1302599059953,-1.13866358766721
14.0845070422535,-0.810119185120992
14.0328908478587,0.960075251121016
13.9361927422414,-2.25236204644345
13.8888888888889,-3.30453850754726
13.8401609657313,-1.83800714535287
13.7447909267754,-3.14989515950041
13.6986301369863,-3.66104000169112
13.6500780654601,-0.90035402245682
13.5560178532937,-2.41657204115698
13.5135135135135,-2.76324071384893
13.4626057929891,-3.44826979920615
13.3698374182495,-2.84724177781966
13.3333333333333,0.812144105932892
13.2777082935543,-1.04724509268102
13.1862140139475,-2.7237347730293
13.1578947368421,-2.22387842082757
13.0953502048267,-2.87116427347633
13.0051125217341,-2.74158176086139
12.987012987013,-3.57583723654759
12.9154966501488,-3.38535773014929
12.8264983052806,-1.75292795992281
12.8205128205128,0.135008453897957
12.7381132318648,-3.0633600624733
12.6582278481013,-2.99231840006895
12.650337203959,-1.30706625136839
12.5631660247412,-3.3299978461376
12.5,-1.55634171837626
12.4765955263087,-2.64666996562091
12.3906215694792,-2.50477918422176
12.3456790123457,-3.29036446915067
12.3052400435926,-3.64309461327887
12.2204468663149,1.26636832358868
12.1951219512195,0.496321384317345
12.1362379834424,-2.31041684927824
12.0526093687084,-2.74181005340402
12.0481927710843,-3.26226541016659
11.9695570235904,1.25865122783181
11.9047619047619,-2.79470265094973
11.887076977119,-1.28699751472838
11.8051652856881,-2.78670652807515
11.7647058823529,-3.15997378291213
11.723818032866,-2.20224171337461
11.6430313292088,0.304995850460206
11.6279069767442,-3.14582800670395
11.5628013120738,-3.08220075415671
11.4942528735632,-3.0600516191301
11.4831241454351,-2.76683300772022
11.4039960197003,-3.27746016126057
11.3636363636364,-2.34978995187945
11.3254131515281,-2.22337276032972
11.2473717836475,-2.41530776074616
11.2359550561798,-3.57365621720502
11.1698681846782,-3.30654055569571
11.1111111111111,-0.17870775095805
11.0928986489522,-2.86040761556752
11.0164594963366,-2.53499589015852
10.989010989011,-2.04296059204885
10.9405470720574,-2.83093656043904
10.8695652173913,-0.92476544809541
10.8651577465254,-0.331347491728006
10.7902879151618,-3.07359118767372
10.752688172043,-3.20257566974204
10.7159339982267,-3.13590880135605
10.6420924406472,1.03590395737586
10.6382978723404,1.25176843526429
10.568759711848,-2.04745845452573
10.5263157894737,-3.61106520216019
10.4959323055823,-3.05360220521647
10.423606739764,-3.14318847715254
10.4166666666667,-3.57376696626137
10.3517795563018,-1.86635142165685
10.3092783505155,-3.46813160991324
10.2804473209331,-3.22810044746025
10.2096066230605,-2.98547271870241
10.2040816326531,-3.58333654208247
10.1392540755882,0.14981179464731
10.1010101010101,-2.22979598795869
10.0693863147603,-2.92891366528216
10,-3.36909003858467
10,-3.36908998652758
9.9310918137498,-2.51033620575749
9.9009900990099,-1.57784435493844
9.86265846131282,-0.709178974002223
9.80392156862745,-3.53872585376682
9.79469667069539,-0.527333321718184
9.72720319245054,-3.53095860392481
9.70873786407767,-3.40001722160586
9.66017479952265,-3.22209374237711
9.61538461538461,-2.35230788066438
9.59360828709314,-1.91235570490856
9.52750047242729,-2.23131196367312
9.52380952380952,-2.6250280363473
9.461848194722,-3.1995187556585
9.43396226415094,-2.21337826894692
9.39664831495469,-2.69336356953017
9.34579439252336,-2.67629961327334
9.33189771573324,-2.19735947093248
9.26759330114688,-1.43498204913699
9.25925925925926,-1.86577266625495
9.20373199661822,-3.61925683571497
9.1743119266055,-3.31600565847539
9.14031074875623,-3.60533803686523
9.09090909090909,-3.11954321524781
9.07732652521023,-2.92854287544211
9.01477631452492,-2.93976409402144
9.00900900900901,-2.884450730745
8.9526571259964,-1.06274117580308
8.92857142857143,-1.3080244173344
8.89096598952916,-2.37996077603266
8.84955752212389,0.697304846150236
8.82969995549409,-3.16111746769165
8.7719298245614,-2.96453142861001
8.76885609458743,-3.05588337863029
8.70843149769072,-3.48341252761336
8.69565217391304,-3.22133693113072
8.64842327573172,2.97851662382276
8.62068965517241,0.786042459973875
8.58882855954625,-2.82106601538357
8.54700854700855,-0.967120891777522
8.52964449974102,-2.43057188842784
8.47457627118644,-1.78680772178024
8.47086826655741,-1.91461867621775
8.41249704973612,-3.43003435296778
8.40336134453781,-2.45745531871172
8.35452805838287,-2.10899536280358
8.33333333333333,-1.55907430703909
8.29695852083491,-3.42651729292678
8.26446280991736,-1.27940939429983
8.23978568452852,-3.04661386720472
8.19672131147541,-3.54481086035424
8.18300681586739,-2.61225339335941
8.13008130081301,-2.57678111471155
8.12661920009195,-2.76753676448809
8.0706201411495,-0.780197592472983
8.06451612903226,-3.04613484095678
8.01500696156541,-3.28423026974299
8,-3.16471183243025
7.95977700231498,-3.49380618430801
7.93650793650794,-1.89367658050569
7.90492762269642,-1.03283635344168
7.8740157480315,-3.02218786232946
7.85045620020451,-3.46049053738646
7.8125,-3.47220746928296
7.79636013040523,-2.4886290334666
7.75193798449612,-3.51010978889586
7.74263682681127,-3.47408974760274
7.69230769230769,-3.36796673405403
7.68928372075831,-3.6425144676178
7.63629826128224,-2.97731862032868
7.63358778625954,-2.91939674015951
7.58367791499719,-3.62804176645529
7.57575757575758,-3.32377217627272
7.53142016597437,-1.68255223010193
7.5187969924812,-2.05236147107491
7.47952251562182,-3.3769959001096
7.46268656716418,-2.20591478980675
7.42798248256492,-2.3981752555655
7.40740740740741,-1.30897194736557
7.37679760252773,-3.55525429787458
7.35294117647059,-1.04277854946808
7.32596542821523,-3.42926109554922
7.2992700729927,-2.56243903602317
7.27548352919623,-2.9740724207861
7.2463768115942,-2.93898818813828
7.22534949178722,-3.66175109104482
7.19424460431655,-0.181336672227398
7.17556091893693,-3.21206882210269
7.14285714285714,-3.66176150552856
7.12611543011175,-2.55486758993122
7.09219858156028,-2.23409435313335
7.07701066118189,-3.27418269102868
7.04225352112676,-0.300744845674482
7.02824426430835,-3.10303395378817
6.99300699300699,0.554742009066236
6.97981390783066,-3.24976032629656
6.94444444444444,-1.92385514602229
6.93171727615541,-3.62783328953661
6.89655172413793,-2.09437042579425
6.8839520696455,-3.42834621338586
6.84931506849315,-1.90997446176901
6.83651600451024,-1.25854600563566
6.80272108843537,-3.38332383698836
6.78940681269611,-2.17072949422883
6.75675675675676,-3.4458840801394
6.74262224177834,-2.33442334266006
6.71140939597315,-2.88618602656966
6.69616005485322,-2.93376712662579
6.66666666666667,-3.41255949959843
6.65001803043112,-3.33521258198969
6.62251655629139,-3.52436983406245
6.6041939623303,-3.0303410900985
6.57894736842105,-3.55409977727099
6.55868565957143,-1.36993393590306
6.5359477124183,-3.30522725778827
6.5134909462728,-3.31573861383684
6.49350649350649,-1.21114858820307
6.46860766154633,-2.47065303735867
6.45161290322581,-3.02181539535389
6.42403365939419,-3.16543276294173
6.41025641025641,-2.45223950738962
6.37976680860628,-1.29260899444601
6.36942675159236,-3.18031338190185
6.33580499265825,-1.76926751523855
6.32911392405063,-2.25031320607281
6.29214610961034,-3.03237546618696
6.28930817610063,-3.62585629161667
6.25,-2.95506629653043
6.24878807200689,-3.13554062888938
6.2111801242236,-1.35929046543519
6.2057288067765,-3.33022796180004
6.17283950617284,-2.8300847039702
6.16296625513294,-2.04993733318006
6.13496932515337,-1.71867147949031
6.1204983724767,1.30427833975243
6.09756097560976,-2.88607328388359
6.07832312829723,-1.33302221737234
6.06060606060606,-2.32666301200841
6.03643850607587,-3.42302180056101
6.02409638554217,-3.07046063321699
5.99484250318941,-2.61567811295329
5.98802395209581,-0.710826228371086
5.95353313081437,-2.40078591537989
5.95238095238095,-2.31584076873723
5.91715976331361,-2.4959061206821
5.91250841383188,-2.31054847092507
5.88235294117647,-3.35196908372798
5.87176639073326,-3.50264703429577
5.84795321637427,-1.64571856813823
5.83130511352622,-1.15871589864072
5.81395348837209,-3.58146620314836
5.79112264764176,-3.64823984226218
5.78034682080925,-3.48279107263915
5.75121707184161,-3.44207225261611
5.74712643678161,-0.646816010670515
5.71428571428571,-3.22244620787036
5.71158647812643,-0.499620217235825
5.68181818181818,-3.36765173629065
5.67222897164454,-3.40696358764158
5.64971751412429,-1.76411554307203
5.63314267060136,-1.10079969379175
5.61797752808989,-2.91527394920548
5.59432570616938,-2.96378832765968
5.58659217877095,-2.34532439339533
5.55577622239888,-1.57213926880963
5.55555555555556,-1.80774063050638
5.52486187845304,-2.11706050669549
5.51749237612913,-3.05685391777557
5.49450549450549,-3.34245248550992
5.47947233690029,-2.16189752446497
5.46448087431694,-2.90575889677886
5.44171428686589,-1.82801638607885
5.43478260869565,-3.32154420439845
5.40540540540541,-3.04689272944999
5.40421642070592,-3.16467896596681
5.37634408602151,-3.12048660923612
5.36697694554048,-2.33249054831573
5.3475935828877,-1.91428911643639
5.32999408084409,-2.78077668770963
5.31914893617021,-3.13724175903719
5.29326605836056,-2.97606028604879
5.29100529100529,-2.74004396513724
5.26315789473684,-3.35776606204068
5.25679112201842,0.0137622584629087
5.23560209424084,-3.32909595805942
5.22056752784698,-0.365966426284426
5.20833333333333,-2.19939469053069
5.18459354389291,-3.20469343471974
5.18134715025907,-3.1665205513179
5.15463917525773,-1.88613771468574
5.14886745013749,-2.33315386003819
5.12820512820513,-3.57305218395033
5.11338753841433,-3.0583489762091
5.10204081632653,-3.37718970611463
5.07815211232767,-3.32696680970316
5.0761421319797,-0.70714983737714
5.05050505050505,-3.65049856425766
5.04315948717136,-0.502286356096316
5.0251256281407,-2.20561649586083
5.00840798984821,-3.56857110132882
5,-3.14789489103326
4.97512437810945,-3.42506010539206
4.97389595879006,-2.2386578752431
4.95049504950495,-3.61217197910023
4.93962174387832,-3.5709509793
4.92610837438424,-1.95023115331623
4.90558370636505,-3.48251841524687
4.90196078431372,-2.50364973912793
4.8780487804878,-2.2564018651369
4.87178021879463,-2.70514152578904
4.85436893203883,-2.600097394136
4.83820966492596,-3.10442563695038
4.83091787439613,-3.5649667064459
4.80769230769231,-3.45953394973331
4.80487043965513,-2.96982220470188
4.78468899521531,-0.621994122640653
4.77176094893875,-3.33822485380953
4.76190476190476,-1.92289280549142
4.739336492891,-3.16101965333278
4.73887960971765,-3.02099312662294
4.71698113207547,-3.40325344369436
4.70622484984128,-3.3774277171111
4.69483568075117,-2.76876062334103
4.67379510799246,-3.66224531958134
4.67289719626168,-3.23258038438889
4.65116279069767,-3.5745756083031
4.64158883361278,-2.62235258506758
4.62962962962963,-0.593623881152022
4.60960448682843,-2.76737999481194
4.60829493087558,-3.20768941739244
4.58715596330275,-0.472216590739531
4.57784053837662,-2.83481666765915
4.5662100456621,-3.61398018654655
4.5462954695324,-3.53221216971108
4.54545454545455,-3.18514523671213
4.52488687782805,-3.26201325021936
4.5149677720361,-2.39956576476255
4.5045045045045,-0.370780354550685
4.48430493273543,-3.4650948042338
4.48385594802119,-3.22207997670996
4.46428571428571,-2.74365471268258
4.45295850994265,-0.115823162615821
4.44444444444444,-3.57770983183418
4.42477876106195,-3.59318850546434
4.4222739805059,-3.09321400886467
4.40528634361233,-3.65702431746011
4.39180089259609,-2.21804649328125
4.3859649122807,-2.85222761066275
4.36681222707424,-3.31660515962001
4.361537789208,-3.5798251014276
4.34782608695652,-2.69658932578399
4.3314832233764,-3.1979032462505
4.32900432900433,-3.46489676175791
4.31034482758621,-0.971633754380671
4.30163575810679,-1.71289164836217
4.29184549356223,-2.62853458898381
4.27350427350427,-3.54494547280843
4.27199396630678,-3.44709909015581
4.25531914893617,2.21845726298934
4.24255643071778,-3.53208199140654
4.23728813559322,-3.62883076752761
4.21940928270042,-3.00637126301059
4.21332174384729,-3.5950289610554
4.20168067226891,-1.67432963880249
4.18428850790158,0.10904440378214
4.18410041841004,0.925169138844827
4.16666666666667,-3.2783233792956
4.15545533471888,-3.47824730422569
4.149377593361,-2.16566678122974
4.13223140495868,-1.83839216989953
4.12682084570295,-2.92654228100256
4.11522633744856,-2.43715999385516
4.09838367175726,-3.3965760840296
4.0983606557377,-3.41217516906378
4.08163265306122,-3.20799003163712
4.07014245321944,-3.5723220178048
4.0650406504065,-3.6423639721376
4.04858299595142,-3.32441816522471
4.04209583979631,-3.17143646749836
4.03225806451613,-3.62309790142079
4.01606425702811,-2.86445760244994
4.01424249049932,-3.11205133555459
4,-2.83667588466779
3.98658107358044,-3.22432467317359
3.98406374501992,-3.04604162375396
3.96825396825397,-2.17722606344018
3.95911026646846,-1.82094832416889
3.95256916996047,-2.77270492355837
3.93700787401575,-2.74876091118154
3.93182875570577,-1.01963352341265
3.92156862745098,-3.17097440547631
3.90625,-2.03345078042038
3.90473523688556,-2.62769026915533
3.89105058365759,-2.74417870092183
3.87782841458946,-2.66706876364533
3.87596899224806,-1.88391423634989
3.86100386100386,-2.97659077456289
3.85110700232557,-2.65156802313198
3.84615384615385,-3.21189031679058
3.83141762452107,-1.50205645385737
3.824569722467,-3.62377433938873
3.81679389312977,-1.22718531061657
3.80228136882129,-3.39918399516226
3.79821530619074,-3.56600234986301
3.78787878787879,-2.66797968508011
3.77358490566038,-2.47519085140574
3.772042493417,-2.58594020435292
3.7593984962406,-3.44464484921421
3.74605003274899,-3.1423715429705
3.74531835205992,-3.17519719553992
3.73134328358209,-3.36356350474621
3.72023668141307,-2.14529550310724
3.71747211895911,-3.11800933901382
3.7037037037037,-1.48199401845109
3.6946012051993,-3.63538904172862
3.690036900369,-3.59048465813207
3.67647058823529,-3.23349929359922
3.66914237840249,-2.42020008885175
3.66300366300366,-2.31214644925002
3.64963503649635,-1.154402161865
3.64385898376355,-0.518088149962845
3.63636363636364,-3.1958373693465
3.6231884057971,-3.4456221076487
3.61874981241128,-2.19637929544013
3.6101083032491,-1.69920709999887
3.59712230215827,-3.0588504591815
3.59381366380463,-3.50697223262416
3.584229390681,-2.61044426532136
3.57142857142857,-2.58784185786349
3.56904934567523,-0.566593616688645
3.55871886120996,-3.48024204740239
3.54609929078014,-2.35799709823031
3.54445567397043,-3.02496744214776
3.53356890459364,-3.64254146302393
3.52112676056338,-2.10978939877689
3.52003147279668,-3.11133179577065
3.50877192982456,-2.16619108335665
3.4965034965035,-2.59314707440133
3.49577557436328,-2.08521677474097
3.48432055749129,-2.70313989796413
3.47222222222222,-3.52171099941118
3.47168681892656,-3.19371460622905
3.46020761245675,-1.97052501866868
3.44827586206897,-3.63282435984187
3.44776405473446,-3.16514917160272
3.43642611683849,-2.91131458875081
3.42465753424658,-3.63144092883264
3.42400613797142,-2.79466368487673
3.41296928327645,-2.9064427204115
3.40136054421769,-1.69905955977954
3.40041193270371,-3.59550543914066
3.38983050847458,-3.10932552272815
3.37837837837838,2.66949699217937
3.37698031082509,-2.5993001513559
3.36700336700337,-2.84946457778103
3.35570469798658,-2.82074079748754
3.35371015200293,-3.40568661982162
3.34448160535117,-0.904772809629388
3.33333333333333,-1.01973310756191
3.33060034362459,-1.42928815329237
3.32225913621262,-3.49914096986303
3.3112582781457,-1.84968584480817
3.30764978074424,-3.28237208852159
3.3003300330033,0.831330241752984
3.28947368421053,-3.34927531570075
3.28485736603004,-1.83878128473888
3.27868852459016,-3.17700433449677
3.26797385620915,-3.55725523680929
3.26222200971167,-3.41364209396287
3.25732899022801,-1.29312292231055
3.24675324675325,-3.61933028598765
3.2397426295282,-2.58674897958037
3.23624595469256,-3.58625149268267
3.2258064516129,-3.58153786277542
3.21741815067637,-2.84747841889161
3.21543408360129,-0.138510646299618
3.20512820512821,-2.48136538433466
3.19524750575921,-3.39023077941125
3.19488817891374,-3.11775242910006
3.18471337579618,-0.59063577796412
3.17460317460317,-3.54444975941335
3.17322963473498,-2.61431460471142
3.16455696202532,-1.504165064795
3.15457413249211,-1.91666753409985
3.15136348486648,-2.08335119660283
3.14465408805031,-3.17936638652061
3.13479623824451,-2.68334796859535
3.12964801067075,0.978281339609954
3.125,-2.79965603162814
3.11526479750779,-3.06424197593104
3.10808217386906,-3.3307175710007
3.1055900621118,-3.28156264247762
3.09597523219814,-2.36968392038512
3.08666494333727,-2.46145586490367
3.08641975308642,-1.96923179501651
3.07692307692308,-2.18899948019118
3.06748466257669,-3.3136191969135
3.06539529505653,-3.17730576628467
3.05810397553517,-1.96938891701664
3.04878048780488,-2.52033281584267
3.0442722120643,-3.25240142976919
3.03951367781155,-3.16686006647019
3.03030303030303,-2.00978363844434
3.02329468440578,-1.18735732089665
3.02114803625378,-1.3586089131097
3.01204819277108,-3.44920145617233
3.003003003003,-2.71522931758214
3.00246170908555,-1.95819274228451
2.9940119760479,-3.44563361294642
2.98507462686567,-2.42775269485018
2.98177229001967,-3.08771397940829
2.97619047619048,-2.44400130838435
2.9673590504451,-2.46008207767273
2.96122543798803,-0.405334911812143
2.9585798816568,-3.44498045297375
2.94985250737463,-3.58201252161531
2.94117647058824,-0.957208360755383
2.94082017058706,-2.0477904445007
2.93255131964809,-3.27659668489026
2.92397660818713,-3.64056030708981
2.92055551218275,-3.549078292103
2.91545189504373,-3.30517644213919
2.90697674418605,-2.9038856343807
2.90043049386399,-3.27890018781049
2.89855072463768,-3.56976725427112
2.89017341040462,-1.70353496335594
2.88184438040346,-3.10272665436967
2.8804441533963,-3.52358004841569
2.8735632183908,-3.56751655543858
2.86532951289398,-0.110049225840082
2.86059553517574,-2.57130202429503
2.85714285714286,-1.55270076726732
2.84900284900285,-3.03752941603055
2.84090909090909,-2.81094647146333
2.8408836901833,-2.84325962412181
2.8328611898017,-3.17659642621227
2.82485875706215,-2.35077661520666
2.82130767593947,-1.39266053405627
2.8169014084507,-3.26410465554984
2.80898876404494,-3.31488020850217
2.8018665564592,-2.15954401683838
2.80112044817927,-0.953128486681957
2.79329608938547,-3.23225506055338
2.78551532033426,-3.11583050478633
2.78255940220712,-3.65564036537453
2.77777777777778,-2.77964829461076
2.77008310249307,-2.81439699219161
2.76338529005317,-2.45442964530691
2.76243093922652,-3.6264729474439
2.75482093663912,-0.980415545966774
2.74725274725275,-3.06313468881923
2.74434330322836,-3.6249037730452
2.73972602739726,-3.57723336784296
2.73224043715847,-2.92214200922451
2.72543253128103,-3.40457969948825
2.72479564032698,-1.2336594694896
2.71739130434783,-2.47270371606204
2.710027100271,-3.34664033083699
2.70665207003324,-3.59254809529777
2.7027027027027,-3.5222113532299
2.69541778975741,-1.35361857512926
2.68817204301075,-1.05623712342033
2.68800102153761,-1.14365063417157
2.68096514745308,-0.533845313668404
2.67379679144385,-3.35275645819272
2.66947849403432,-3.11233384884126
2.66666666666667,-0.177049478541998
2.65957446808511,-3.46762300265591
2.6525198938992,-3.16548365294117
2.65108360190854,-2.74574651317497
2.64550264550265,-2.07716620286753
2.63852242744063,-1.49483015564915
2.63281546564802,-1.69009010142222
2.63157894736842,-1.80130594691736
2.6246719160105,-3.57452098137655
2.61780104712042,-3.57199445551445
2.61467321180109,-1.17084960017523
2.61096605744125,-3.53602772348999
2.60416666666667,-3.19600434075597
2.5974025974026,-2.47265485314979
2.59665597293487,-3.3334603638862
2.59067357512953,-2.75512377885213
2.58397932816537,-3.24847799205271
2.5787628875938,-3.28416396392079
2.57731958762887,-3.53588021832312
2.5706940874036,-3.06268305003392
2.56410256410256,-2.07350016471427
2.56099310025846,-3.64270329846662
2.55754475703325,-2.4884632179103
2.55102040816327,-0.763160173132529
2.54452926208651,-3.56349444868921
2.54334576130465,-3.07338886773375
2.53807106598985,-2.89825988364641
2.53164556962025,-3.65731875279611
2.52582002696278,-3.36184575942583
2.52525252525253,-2.70794580550786
2.51889168765743,-3.48260360870763
2.51256281407035,-1.91534318694975
2.50841505927754,-3.04019338458265
2.5062656641604,-3.63877327355383
2.5,-1.77810063798854
2.49376558603491,-2.46932078020366
2.49113002606779,-1.58845547445677
2.48756218905473,-1.94018095021989
2.48138957816377,-3.19662152346511
2.47524752475248,-2.05703068978961
2.47396410088681,-2.34538916894651
2.46913580246914,-3.39716404549817
2.46305418719212,-3.49420615331608
2.45700245700246,-1.18868185318795
2.45691646298279,-0.793833785698136
2.45098039215686,-3.43760673978376
2.44498777506112,-3.07625967447695
2.43998629725955,-3.52241210858146
2.4390243902439,-2.49230309876374
2.4330900243309,-3.64576960957232
2.42718446601942,-3.63909855737405
2.4231727942376,-2.48976634067973
2.42130750605327,-3.26430475371218
2.41545893719807,-2.44628039945492
2.40963855421687,-2.88672313611284
2.40647515001542,-2.03232180339459
2.40384615384615,-2.51174000092446
2.39808153477218,-3.57666234888533
2.39234449760766,-1.86785829551617
2.38989256623105,-2.36639119862327
2.38663484486874,-1.87320434321345
2.38095238095238,-2.70846835831183
2.37529691211401,-2.97577332591994
2.37342425002387,-3.29385191190276
2.3696682464455,-1.48605423311052
2.36406619385343,-3.61091136044306
2.35849056603774,-3.31832413878824
2.35706941399673,-2.61384430387191
2.35294117647059,-1.32350712140332
2.34741784037559,-3.49807759934584
2.34192037470726,-2.06948100950431
2.34082727617829,-2.89643974495471
2.33644859813084,-2.72634243592243
2.33100233100233,-3.11810140026811
2.32558139534884,-3.31761552419054
2.32469705998565,-3.26109645200053
2.32018561484919,-2.40655661737351
2.31481481481481,-3.59340660038297
2.3094688221709,-2.11027985884804
2.30867799418717,-2.81521541171163
2.30414746543779,-3.08102060289498
2.29885057471264,-2.86421009846181
2.29357798165138,-1.77253571461672
2.29276931286565,-3.02131538461502
2.2883295194508,-3.61712475129944
2.28310502283105,-3.43496493933271
2.27790432801822,-2.26617310746924
2.27697025538168,-2.43063073362448
2.27272727272727,-3.25293872812623
2.26757369614512,-2.64286661756649
2.26244343891403,-2.22764873464446
2.26128006633728,-3.37107623752125
2.25733634311512,-3.19994658051474
2.25225225225225,-0.943403300871164
2.24719101123596,-2.42239087481657
2.24569799553977,-2.87776144600412
2.24215246636771,-3.27264069024393
2.23713646532438,-0.864446555287382
2.23214285714286,-3.38569293070303
2.23022329796594,-3.36865950627797
2.2271714922049,-3.40532725134976
2.22222222222222,-3.44108441337861
2.21729490022173,-1.8776805754632
2.21485523372636,-3.44842488890982
2.21238938053097,-3.53683582617519
2.2075055187638,-3.49033717705519
2.20264317180617,-1.8512764922272
2.19959306803007,-1.33654333657712
2.1978021978022,-3.00765666592825
2.19298245614035,-3.57187050734047
2.18818380743982,-3.62224614981305
2.18443607114943,-2.48409645453735
2.18340611353712,-3.04238525568872
2.17864923747277,-2.96403415281092
2.17391304347826,-3.50557037682905
2.16938351838518,-3.05792845418629
2.16919739696312,-3.48447899357948
2.16450216450216,-3.19397254274302
2.15982721382289,-2.7762261737201
2.1551724137931,-2.44216815012411
2.15443469003188,-2.76838047103142
2.1505376344086,-3.44015552376613
2.14592274678112,-2.94673814263357
2.14132762312634,-2.85513265526098
2.13958887134342,-3.34564554206419
2.13675213675214,2.743274331939
2.13219616204691,-3.03895776183937
2.12765957446809,-3.47399196374628
2.12484535249888,-0.375166022510011
2.12314225053079,-0.523163715186125
2.11864406779661,-3.24676036982354
2.11416490486258,-2.90835917254067
2.1102034285686,-3.03268559419841
2.10970464135021,-3.56387872572121
2.10526315789474,-2.42675962080038
2.10084033613445,-3.5723166463779
2.09643605870021,-2.10543943555642
2.09566239948043,-3.33966616958677
2.09205020920502,-3.54727109625544
2.08768267223382,-3.37033532627604
2.08333333333333,-1.90180316235451
2.08122156998634,-3.562776228602
2.07900207900208,-3.489042449904
2.0746887966805,-2.34319850178626
2.0703933747412,-3.27294418657125
2.06688024962908,-2.96895312105381
2.06611570247934,-2.52153599146326
2.06185567010309,-3.28253472798299
2.05761316872428,-2.77176886898202
2.05338809034908,-3.30393606671553
2.05263775270925,-2.53356944652928
2.04918032786885,-3.45773849693416
2.04498977505112,-2.56970288651037
2.04081632653061,-2.73796022050127
2.03849339825246,-3.08609996845446
2.03665987780041,-2.77812336304755
2.03252032520325,-3.55418289167666
2.02839756592292,-2.8679673675514
2.0244465099768,-3.17277288801754
2.02429149797571,-2.38928665320237
2.02020202020202,-1.80804551892841
2.01612903225806,-3.31740649876839
2.01207243460765,1.79724870070924
2.0104964162605,-1.29169901281274
2.00803212851406,-2.3029880252639
2.00400801603206,-3.06145662408333
2,-3.58150844022507
1.99664245010979,-0.049106924029398
1.99600798403194,-3.37377778988376
1.99203187250996,-3.44553480205264
1.98807157057654,-2.65519280723914
1.98412698412698,-3.64098920760132
1.98288394912707,-3.3106269246996
1.98019801980198,-2.98444053975178
1.97628458498024,-2.66401387505946
1.9723865877712,-3.25433587656174
1.96922025547917,-2.23932121511144
1.96850393700787,-3.64688322744832
1.96463654223969,-2.84548112553334
1.96078431372549,-3.47764664072975
1.95694716242661,-2.99084859710534
1.95565071586595,-3.2413056941739
1.953125,-3.13280574700014
1.94931773879142,-3.28382911120793
1.94552529182879,-2.64908534244064
1.94217468148903,-2.41780425787148
1.94174757281553,-2.79790385073933
1.93798449612403,-3.4039111037019
1.93423597678917,-2.46639590001468
1.93050193050193,-2.36334960248173
1.92879150802078,-2.55183278738262
1.92678227360308,-2.01814616565333
1.92307692307692,-0.805494476662925
1.91938579654511,-3.05481330313911
1.91570881226054,-3.22691293782754
1.91550055557353,-3.2683513354858
1.91204588910134,-2.57354734953928
1.90839694656489,-3.11162281851331
1.9047619047619,-3.53091778054376
1.90230118866894,-3.55625467444686
1.90114068441065,-3.48233273026279
1.89753320683112,-3.57789786323768
1.89393939393939,-3.43967229283306
1.89035916824197,-1.02278596465357
1.88919277620767,-0.87738464405724
1.88679245283019,-3.30620316596927
1.88323917137476,-3.30777373974795
1.8796992481203,1.02334874836238
1.87617469143912,-2.70674067462455
1.87617260787992,-2.69201478396452
1.87265917602996,-2.90085537179736
1.86915887850467,-3.26870344464983
1.86567164179104,-2.00684400056978
1.86324631193156,-3.5873547557493
1.86219739292365,-3.46628312906973
1.85873605947955,-3.27817032644104
1.85528756957328,-2.00154101103338
1.85185185185185,-2.72584632281588
1.8504070195423,-3.29957742287201
1.84842883548983,-3.65428404901059
1.8450184501845,-1.64302010337665
1.84162062615101,-2.68444591841078
1.83823529411765,-2.33907842975897
1.83765620038817,-3.54780813272076
1.8348623853211,-2.50585876576484
1.83150183150183,-3.65841658255787
1.82815356489945,-2.00784154359958
1.82499324481615,-3.58366076047384
1.82481751824817,-3.05406815939663
1.82149362477231,-0.902719981381249
1.81818181818182,-3.56624038871841
1.81488203266788,-3.29533209835055
1.81241754737424,-2.64437970277329
1.81159420289855,-3.403015539961
1.80831826401447,-2.48884067179459
1.80505415162455,-3.36468385911597
1.8018018018018,-1.18703822437241
1.79992850678248,1.1666002377461
1.79856115107914,-2.94819076765868
1.79533213644524,-3.66251902783055
1.7921146953405,-2.39639355735157
1.78890876565295,-2.80934591152704
1.78752552590424,-1.46399308059763
1.78571428571429,-3.1007929782116
1.7825311942959,-2.00419290911885
1.77935943060498,-1.6501705099903
1.77619893428064,-2.95089962587447
1.77520801171763,-1.50157624541448
1.77304964539007,-2.90738130415501
1.76991150442478,-3.605852140939
1.76678445229682,0.280314866775076
1.7636684303351,-2.40123159362387
1.76297537528721,-2.24381704346733
1.76056338028169,-3.29883564966603
1.75746924428822,-3.26728613805737
1.75438596491228,-2.98376536478797
1.75131348511384,-3.56545030355597
1.75082703173572,-2.80947133276008
1.74825174825175,-2.21165027473553
1.74520069808028,-2.07363138587369
1.74216027874564,-3.46406461566171
1.73913043478261,-2.97255629906884
1.73876240021625,-3.31174415953619
1.73611111111111,-3.30266988730777
1.73310225303293,-3.52622685288345
1.73010380622837,-2.13135175680629
1.72711571675302,-3.64293768243901
1.72678090388436,-0.800529010855921
1.72413793103448,-2.03601584046488
1.72117039586919,-3.4016495013527
1.71821305841924,-1.58783939025248
1.71526586620926,-3.27586840806189
1.71488196987054,-3.17731173607835
1.71232876712329,-1.82027890249968
1.70940170940171,-0.813665695058385
1.70648464163823,-3.27127100977689
1.70357751277683,-3.57522926812622
1.70306502925284,-1.84013904840954
1.70068027210884,-2.62917949413703
1.69779286926995,-3.48048785333931
1.69491525423729,-1.74808063434544
1.69204737732657,-3.37120470647958
1.69132951702965,-3.08602898432435
1.68918918918919,-2.84320872471072
1.68634064080944,-3.28599664567555
1.68350168350168,-3.62874094808835
1.68067226890756,0.424395775221957
1.67967487209265,-3.51986875368457
1.67785234899329,-2.33840986714851
1.6750418760469,-2.54658362867685
1.67224080267559,-3.61976360498606
1.669449081803,-2.29817261366899
1.66810053720006,-2.13245477000784
1.66666666666667,-2.96520023452383
1.66389351081531,-3.65368056337426
1.66112956810631,-3.31894486940557
1.65837479270315,-3.56356150994899
1.65660595894991,-2.7892563127
1.65562913907285,-0.885147795353116
1.65289256198347,-3.4207045627764
1.65016501650165,-3.37009893068643
1.64744645799012,-2.30707370032668
1.64519058775366,-1.77041033586233
1.64473684210526,-0.334186072852741
1.64203612479475,-2.66453306238277
1.63934426229508,-2.85927003908607
1.6366612111293,-2.28587179018732
1.63398692810458,-2.48894402883051
1.63385387780986,-2.0040869052204
1.63132137030995,-2.70936514212793
1.62866449511401,-2.7830621210784
1.6260162601626,-1.77919481540546
1.62337662337662,-2.79556656884521
1.62259528707809,-3.24969066957793
1.62074554294976,-3.13274699231594
1.61812297734628,-3.52203352994708
1.61550888529887,-3.65594137919727
1.61290322580645,-3.30695945232243
1.61141427725302,-3.44024928257202
1.61030595813205,-2.92784811426177
1.60771704180064,-3.62651196022956
1.60513643659711,-2.75049161678426
1.6025641025641,-3.38375863321307
1.6003103137387,-3.26479018561683
1.6,-1.35155156910543
1.59744408945687,-1.77213535377247
1.59489633173844,1.4589008637622
1.59235668789809,-1.15228886362835
1.58982511923688,-2.91676117407747
1.58928286562298,-2.99305505083962
1.58730158730159,-2.43811565835595
1.58478605388273,-2.12016643046057
1.58227848101266,-3.05496238882928
1.57977883096367,-2.46650443173932
1.57833140565212,-3.02551103911405
1.57728706624606,-1.69752276515357
1.5748031496063,-3.51648849815795
1.57232704402516,-1.85540515459653
1.56985871271586,-0.481605390421531
1.5674554102056,-3.54838029290427
1.56739811912226,-2.96966617525451
1.56494522691706,-2.91365481724413
1.5625,-1.84066185044336
1.5600624024961,-3.01480801376554
1.55763239875389,-3.24969431156004
1.55665435927106,-2.40611549597203
1.5552099533437,-1.40159103505065
1.5527950310559,-2.90431973474888
1.55038759689922,-2.72687344571484
1.54798761609907,-2.07334433214693
1.54592773641948,-3.5448525090715
1.54559505409583,-3.415198750057
1.54320987654321,-2.78108025444298
1.54083204930663,-3.21757515850849
1.53846153846154,-1.34691064684862
1.53609831029186,-2.92815474280551
1.53527502878042,-0.0619150333490195
1.53374233128834,-3.59408488650827
1.53139356814701,-2.5425908403027
1.52905198776758,-3.42298764081543
1.52671755725191,-2.89198371288053
1.52469572701757,-3.49750168312017
1.52439024390244,-1.80614495437338
1.5220700152207,-3.35227203392854
1.51975683890577,-3.62863559411262
1.51745068285281,0.188744218475809
1.51515151515152,-1.54867572301277
1.51418932530435,-3.45155567272983
1.51285930408472,-3.37252261446606
1.51057401812689,-3.48740424675459
1.50829562594268,-2.18178061652339
1.50602409638554,-3.26169298768259
1.50375939849624,-1.28330188286359
1.50375532129974,-1.30514303692196
1.5015015015015,-2.07853050903061
1.49925037481259,-2.98557024707089
1.49700598802395,-3.55503012094227
1.49476831091181,-2.39534875665386
1.49339321612425,-0.837426652706095
1.49253731343284,-3.22211012482644
1.4903129657228,-3.05198718145858
1.48809523809524,-1.66232312641874
1.48588410104012,-2.35728212744273
1.48367952522255,-3.60490220233926
1.4831025143361,-2.51296801428442
1.48148148148148,-2.19781152061175
1.4792899408284,-3.31876668455747
1.47710487444609,-1.5695653851033
1.47492625368732,-3.26998388296193
1.4728827239075,-2.46336936178953
1.47275405007364,-2.57249673935574
1.47058823529412,-2.78705110063798
1.46842878120411,-2.57059793098561
1.46627565982405,-3.46590847505113
1.46412884333821,-0.984109869225686
1.46273335620113,-1.9642657964885
1.46198830409357,-3.39773556060826
1.45985401459854,-3.40331433532632
1.45772594752187,-3.34392807193016
1.45560407569141,-3.21734003696379
1.45348837209302,-0.6574274971836
1.45265392594678,-3.55444212816461
1.45137880986938,-1.17305248319068
1.44927536231884,-2.34516632454209
1.44717800289436,-3.27903913916254
1.44508670520231,-2.66357326468558
1.44300144300144,-2.48975169010829
1.44264395121816,-1.86208701161332
1.44092219020173,-3.58720528567893
1.43884892086331,-2.1169241342471
1.4367816091954,-2.81388801004395
1.43472022955524,-0.9160102917895
1.43270295340983,-2.8329879061054
1.43266475644699,-3.06831047873804
1.43061516452074,-3.27897716517317
1.42857142857143,2.20952122156111
1.4265335235378,-0.742740614945101
1.42450142450142,0.178722389712495
1.42283045721435,-3.19265237666606
1.42247510668563,-3.58887091249464
1.42045454545455,2.16385746669043
1.41843971631206,-3.31682350598593
1.41643059490085,-0.653911239167409
1.41442715700141,-2.01998680507036
1.41302599059953,-2.82960703269647
1.41242937853107,-3.07327807247089
1.41043723554302,-3.36957015039878
1.40845070422535,-3.25532051403747
1.40646976090014,-3.26647494441361
1.40449438202247,-3.03301206290866
1.40328908478587,-1.60543624864941
1.40252454417952,-3.35797982898343
1.40056022408964,-3.19462604381296
1.3986013986014,-3.57041393636949
1.39664804469274,-3.36421039026917
1.39470013947001,-1.66219337104057
1.39361927422414,-2.87780197248095
1.39275766016713,-3.24896224766457
1.39082058414465,-3.20536096453859
1.38888888888889,-2.75429711168182
1.3869625520111,-2.80965615871106
1.38504155124654,-3.24697822352298
1.38401609657313,-1.34814717234571
1.38312586445367,3.08735371665309
1.38121546961326,-1.29996817990006
1.37931034482759,-3.13789978016036
1.37741046831956,-0.930835430131633
1.37551581843191,-1.77987884849152
1.37447909267754,-1.80159854396374
1.37362637362637,-2.75563733992164
1.37174211248285,-2.70441392666278
1.36986301369863,-0.762951731239478
1.36798905608755,-2.45989335973455
1.36612021857923,-3.30088237143907
1.36500780654601,-1.2757646700211
1.36425648021828,-2.61484603663733
1.36239782016349,-2.8780832062837
1.36054421768707,-1.51416463907581
1.35869565217391,-3.51297451974072
1.35685210312076,-3.36556382601354
1.35560178532937,-2.53737117346618
1.3550135501355,-2.67481656655134
1.3531799729364,-3.50698053176414
1.35135135135135,-3.56173963003406
1.34952766531714,-3.60272573110621
1.34770889487871,-2.91336763484675
1.34626057929891,-3.30146980286839
1.34589502018843,-2.63486001931447
1.34408602150538,-2.91981423914803
1.34228187919463,-2.25387129084943
1.34048257372654,-3.54783041263176
1.33868808567604,-3.31856719732327
1.33698374182495,-1.80717105193291
1.33689839572193,-1.75984689369435
1.33511348464619,-2.34831922342344
1.33333333333333,-3.41540775941167
1.33155792276964,-2.48149140948741
1.32978723404255,-1.64035227916947
1.32802124833997,-1.49327327215523
1.32777082935543,-3.19286447335802
1.3262599469496,-2.98581933413923
1.32450331125828,-2.53076479113202
1.32275132275132,-1.31680613006783
1.32100396301189,-2.40280900033003
1.31926121372032,-3.19057666582521
1.31862140139475,-3.13595933485847
1.31752305665349,-3.11570586421474
1.31578947368421,-2.71957196001967
1.31406044678055,0.145421410497268
1.31233595800525,-2.48678589185426
1.31061598951507,-2.49161307047099
1.30953502048267,-2.95516526728128
1.30890052356021,-2.06738787828156
1.30718954248366,-0.624331763464691
1.30548302872063,-3.32318870773473
1.30378096479791,-3.02880985848101
1.30208333333333,-1.05364799852104
1.30051125217341,-3.15383952543577
1.30039011703511,-3.46814008251711
1.2987012987013,-2.67368763352517
1.2970168612192,-3.64799470869927
1.29533678756477,-2.13034798341674
1.29366106080207,-3.62186068341255
1.29198966408269,-2.76109263708086
1.29154966501488,-2.75122820017357
1.29032258064516,-3.28673282848781
1.28865979381443,-2.69355303623926
1.28700128700129,-3.37722041060409
1.2853470437018,4.86453155111132
1.28369704749679,-3.66061592953998
1.28264983052806,-2.71122226817068
1.28205128205128,-3.23497586600468
1.28040973111396,-1.74295654234954
1.27877237851662,-2.68797215684942
1.27713920817369,-3.10386417996049
1.27551020408163,-1.84421477411667
1.27388535031847,0.365946167683536
1.27381132318648,0.53332749223235
1.27226463104326,-3.59598923260357
1.27064803049555,-2.75611038689832
1.26903553299492,-3.34045357741673
1.26742712294043,-3.64175925773248
1.26582278481013,-2.65105601660995
1.2650337203959,-2.68021684895167
1.26422250316056,0.394483358857873
1.26262626262626,-3.24384743367285
1.26103404791929,-3.48944972491246
1.25944584382872,-1.7263994386284
1.25786163522013,-1.00182337225796
1.25631660247412,-2.98452027397989
1.25628140703518,-3.00909059709486
1.25470514429109,-0.534072074793339
1.2531328320802,-2.53195585504131
1.25156445556946,-3.15012640057035
1.25,-3.55032752047951
1.24843945068664,-1.72519795932389
1.24765955263087,-1.32076982481505
1.24688279301746,-3.58273306693534
1.2453300124533,-2.97566259205204
1.24378109452736,-1.90661828058121
1.24223602484472,-2.85717706206513
1.24069478908189,-2.84173857947418
1.23915737298637,-2.55131358333652
1.23906215694792,-3.348294061401
1.23762376237624,-2.24907515420308
1.23609394313968,-3.56488461970288
1.23456790123457,-3.54620865198047
1.23304562268804,-3.62185680107991
1.23152709359606,-3.58231066319159
1.23052400435926,-2.66654720955888
1.230012300123,-1.41644917871015
1.22850122850123,-3.15001116945099
1.22699386503067,-3.51771567616937
1.22549019607843,-3.02526079421726
1.22399020807834,-2.64287899382175
1.22249388753056,-3.32500850100719
1.22204468663149,-3.59803591087025
1.22100122100122,-1.85899339091254
1.21951219512195,-2.53690656619214
1.21802679658952,-0.912687531959373
1.21654501216545,-2.76724142515284
1.21506682867558,-0.0798034765671316
1.21362379834424,-3.18027906292069
1.21359223300971,-2.76524039345422
1.21212121212121,-2.8190321031998
1.21065375302663,-2.29943182711529
1.20918984280532,-2.42255100744112
1.20772946859903,-2.5950166408419
1.20627261761158,-3.11606750752785
1.20526093687084,-3.53849185754678
1.20481927710843,-2.96428344469045
1.20336943441637,-3.05575728344238
1.20192307692308,-2.29499734818453
1.20048019207683,-1.55080138290954
1.19904076738609,-2.59543398714147
1.19760479041916,-3.52742004118199
1.19695570235904,-2.35340813455566
1.19617224880383,-3.36741046543387
1.194743130227,-3.17025824580288
1.19331742243437,-3.22657649789478
1.19189511323004,-1.2554428126737
1.19047619047619,-1.87210301440715
1.18906064209275,-3.64060304496864
1.1887076977119,-2.92596685861816
1.18764845605701,-0.169333940248275
1.18623962040332,-2.47359307282194
1.18483412322275,-3.16961760300158
1.18343195266272,-1.68058889847655
1.18203309692671,0.936658233223473
1.18063754427391,-2.67739679121272
1.18051652856881,-3.41972414046738
1.17924528301887,-3.25847142916909
1.17785630153121,-2.29993787634568
1.17647058823529,-2.87415168776719
1.17508813160987,-3.3094969341093
1.17370892018779,-3.51449154844773
1.1723818032866,-2.78670476651696
1.17233294255569,-2.341257115726
1.17096018735363,-2.51315913145101
1.16959064327485,-2.11309132144042
1.16822429906542,-3.1807343505785
1.16686114352392,-1.34848351298016
1.16550116550117,-3.11642307501246
1.16430313292088,-3.62414349036636
1.16414435389988,-0.99587118458562
1.16279069767442,-3.02962445580008
1.16144018583043,-2.58092351480961
1.16009280742459,-3.17800114947606
1.15874855156431,-2.60832766475213
1.15740740740741,-2.72254745661182
1.15628013120738,-3.13130091918539
1.15606936416185,-0.877277567734136
1.15473441108545,-2.38973745378173
1.15340253748558,-3.19705411478737
1.15207373271889,-2.98224018066345
1.15074798619102,-3.41030871528308
1.14942528735632,-1.73018817422458
1.14831241454351,-3.63085238683397
1.14810562571757,-3.46936554669964
1.14678899082569,-0.571587763000688
1.1454753722795,-3.18046568839146
1.1441647597254,-2.04182623319157
1.14285714285714,-3.63977691499148
1.14155251141553,-1.46314798379266
1.14039960197003,-2.48570666578895
1.14025085518814,-2.39838840559924
1.13895216400911,-3.60241462454446
1.13765642775882,-3.58965049444437
1.13636363636364,-3.39720890994043
1.13507377979569,-3.52747419607398
1.13378684807256,-2.60458030094916
1.13254131515281,0.689864145496206
1.13250283125708,-0.475047659655597
1.13122171945701,-0.429079987785324
1.12994350282486,-3.35414202302224
1.12866817155756,-3.52588333306586
1.12739571589628,-1.1347582109479
1.12612612612613,-1.77059476141555
1.12485939257593,-3.12029868526418
1.12473717836475,-3.50299673951663
1.12359550561798,-3.31204528510743
1.12233445566779,-2.67653962386042
1.12107623318386,0.163845388005588
1.11982082866741,-3.64658434547207
1.11856823266219,-2.64498714577241
1.11731843575419,-0.32288018370637
1.11698681846782,-1.78629406290214
1.11607142857143,-2.49664767205995
1.11482720178372,-3.65217679038467
1.11358574610245,-3.07909565300038
1.11234705228031,-1.79909154792712
1.11111111111111,-2.48601297798002
1.10987791342952,-2.84256567314334
1.10928986489522,-1.23276185419071
1.10864745011086,-2.06590564880609
1.10741971207087,-3.57370229487067
1.10619469026549,-3.65421512315357
1.10497237569061,-3.24708435783385
1.1037527593819,-0.0680001956766132
1.10253583241455,-2.95793545471765
1.10164594963366,-3.29904533672113
1.10132158590308,-1.79767008303831
1.1001100110011,-2.05894633768871
1.0989010989011,-1.85725978788842
1.09769484083425,-3.29261837139775
1.09649122807018,-2.66851568807773
1.09529025191676,-2.00792688148042
1.09409190371991,-1.66704633412707
1.09405470720574,-1.52314118369405
1.09289617486339,-3.54763351131653
1.09170305676856,-2.807127574619
1.09051254089422,-3.16298726027228
1.08932461873638,-1.53494778172303
1.08813928182807,-3.49568783418952
1.08695652173913,-2.05912723179902
1.08651577465254,-2.37751864991393
1.085776330076,-0.144772244619428
1.08459869848156,-3.52999805773258
1.08342361863489,-3.5149634390507
1.08225108225108,-1.48033664271413
1.08108108108108,-0.82914768000911
1.07991360691145,-3.16877337379467
1.07902879151618,-0.534433542181413
1.07874865156419,-3.56112420363327
1.07758620689655,-3.36409891586878
1.07642626480086,-2.87509037209248
1.0752688172043,-3.02411554367775
1.07411385606874,-0.901991192234543
1.07296137339056,-2.9276368722971
1.07181136120043,-2.40602048702463
1.07159339982267,-3.38740207900757
1.07066381156317,-3.27695538039257
1.06951871657754,-0.350305406009094
1.06837606837607,-2.30664254303006
1.06723585912487,-1.78936022447847
1.06609808102345,1.23717867938011
1.06496272630458,-3.16404195327022
1.06420924406472,-1.87153146902191
1.06382978723404,-2.50965894628252
1.06269925611052,-2.92762332979039
1.06157112526539,-2.79317133782636
1.06044538706257,-3.15939776152897
1.0593220338983,-2.52943726700085
1.05820105820106,-1.64881922021088
1.05708245243129,-2.32033213417382
1.0568759711848,-2.94663940769721
1.05596620908131,-3.54707090149513
1.05485232067511,-2.0145058924149
1.05374077976818,-2.26787193761121
1.05263157894737,-3.40146769627365
1.0515247108307,-2.27591432429669
1.05042016806723,0.172523821105178
1.04959323055823,-3.64473293358212
1.04931794333683,-1.1414379400022
1.0482180293501,-3.01807469696241
1.04712041884817,-2.81469506684852
1.04602510460251,-2.38078975460182
1.04493207941484,-3.08021073507227
1.04384133611691,-3.1236791542435
1.04275286757039,0.050203635285631
1.0423606739764,-2.3337261641944
1.04166666666667,-0.541979557165187
1.04058272632674,-2.1000665700668
1.03950103950104,-2.70016257863569
1.03842159916926,-0.967348573203064
1.03734439834025,-3.36571982115636
1.03626943005181,-2.83064463071396
1.0351966873706,-3.26114311719437
1.03517795563018,-3.12441241300702
1.03412616339193,-3.08992299595509
1.03305785123967,-2.51046785784164
1.03199174406605,-2.99457614963343
1.03092783505155,-2.329317744194
1.02986611740474,-3.64225120747214
1.02880658436214,-3.49420666246841
1.02804473209331,-0.773492643323759
1.02774922918808,-3.25943551498464
1.02669404517454,-2.80518240349376
1.02564102564103,-2.61473446537262
1.02459016393443,-2.32092737313341
1.02354145342886,-3.20087778626863
1.02249488752556,-3.50966898477956
1.02145045965271,-3.29586012737236
1.02096066230605,-3.22549473469651
1.02040816326531,-2.57837174663306
1.01936799184506,-1.36476015870097
1.0183299389002,-1.0814141187492
1.01729399796541,-3.26443584320766
1.01626016260163,-2.87680241005018
1.01522842639594,-1.35048019087919
1.01419878296146,-3.38796168988126
1.01392540755882,-3.02492343218561
1.01317122593718,0.323370431725142
1.01214574898785,-3.39950762382874
1.01112234580384,-1.82432824028704
1.01010101010101,-3.52097479399516
1.00908173562059,-2.41648057567165
1.00806451612903,-2.72874938028094
1.00704934541793,-2.66355206267199
1.00693863147603,-2.66491324690817
1.00603621730382,-3.47730757980186
1.00502512562814,-3.43518004963168
1.00401606425703,-2.49249162782292
1.00300902708124,-3.35884395278513
1.00200400801603,-2.47770741771786
1.001001001001,-1.65269155306755
1,-2.09863739000947
