"bfp_output.P","bfp_output.logBF"
1000,0.36127248507221
993.109181374979,0.662537996545884
986.265846131283,0.830216243207322
979.46966706954,0.87143729649434
972.720319245055,0.812878203272153
966.017479952265,0.690479532497155
959.360828709315,0.537821665231736
952.75004724273,0.377769308014725
946.184819472201,0.218990702996639
939.66483149547,0.0567223925210572
933.189771573324,-0.123377020247214
926.759330114689,-0.339220068167132
920.373199661823,-0.605261089166826
914.031074875623,-0.926374915232667
907.732652521023,-1.29499580204328
901.477631452492,-1.69276747215538
895.26571259964,-2.0956382391658
889.096598952916,-2.47964888028398
882.969995549409,-2.82494499984595
876.885609458743,-3.11721014035883
870.843149769073,-3.3472691639909
864.842327573172,-3.51025256236305
858.882855954625,-3.60549916150769
852.964449974103,-3.63750238464568
847.086826655741,-3.61684905037093
841.249704973612,-3.5591718333773
835.452805838287,-3.48123439135137
829.695852083491,-3.39609163886616
823.978568452852,-3.31049798105796
818.300681586739,-3.22573735759614
812.661920009195,-3.14064157000713
807.06201411495,-3.05528330839628
801.500696156541,-2.97475491943207
795.977700231499,-2.91234922210684
790.492762269642,-2.88906343614057
785.045620020451,-2.92410775669033
779.636013040523,-3.01817679245822
774.263682681127,-3.14703374875559
768.928372075831,-3.27693183189653
763.629826128224,-3.38428812413765
758.367791499719,-3.46093782872019
753.142016597437,-3.50860570715836
747.952251562182,-3.53260089039757
742.798248256492,-3.53839918664765
737.679760252773,-3.53055252578381
732.596542821523,-3.51281227344667
727.548352919623,-3.48871420812805
722.534949178721,-3.46168434221839
717.556091893692,-3.43396630192911
712.611543011175,-3.4060497770338
707.701066118189,-3.37815078583916
702.824426430835,-3.35172745440986
697.981390783066,-3.32989267926647
693.17172761554,-3.31744365078104
688.39520696455,-3.32058667916395
683.651600451024,-3.34542026773134
678.940681269611,-3.39417109671099
674.262224177835,-3.46048460867028
669.616005485322,-3.52914212922102
665.001803043112,-3.58378476835012
660.419396233031,-3.61611674749356
655.868565957143,-3.62774762920243
651.349094627281,-3.62575242411283
646.860766154633,-3.6179344849054
642.40336593942,-3.61029017375629
637.976680860628,-3.60613742349262
633.580499265825,-3.60620117087394
629.214610961035,-3.60943146784926
624.878807200689,-3.61412421022113
620.57288067765,-3.61862091643179
616.296625513294,-3.62130756364506
612.04983724767,-3.62039649322225
607.832312829723,-3.61414832642081
603.643850607587,-3.60156139642585
599.484250318941,-3.5827481873131
595.353313081437,-3.55824507859289
591.250841383188,-3.52741639199767
587.176639073326,-3.48700049736685
583.130511352622,-3.4314564007961
579.112264764176,-3.35720291227487
575.121707184161,-3.27011891029185
571.158647812643,-3.1885357350997
567.222897164454,-3.13518828859845
563.314267060136,-3.12607304628856
559.432570616938,-3.16559646045136
555.577622239888,-3.24461918325515
551.749237612913,-3.33740162999588
547.947233690029,-3.40419831804256
544.171428686589,-3.40798947368504
540.421642070592,-3.33652651300222
536.697694554048,-3.20970372974754
532.999408084409,-3.06978346625688
529.326605836056,-2.96529233906513
525.679112201842,-2.92927997461895
522.056752784698,-2.95423345314712
518.459354389291,-2.98961595144588
514.886745013749,-2.97533460402009
511.338753841433,-2.87702516290595
507.815211232767,-2.69834241245787
504.315948717136,-2.48264187972274
500.840798984821,-2.30596538301334
500,-2.27793670245584
497.389595879006,-2.24001620283063
493.962174387832,-2.30081840587065
490.558370636505,-2.44590380015903
487.178021879463,-2.62012506016053
483.820966492595,-2.78951201806869
480.487043965513,-2.94406403388124
477.176094893875,-3.08678267456328
473.887960971765,-3.22221388252079
470.622484984128,-3.35052894605594
467.379510799247,-3.4669882972815
464.158883361278,-3.56120230290058
460.960448682844,-3.6159184483959
457.784053837662,-3.61237264417413
454.62954695324,-3.54371566185882
451.49677720361,-3.42209822021014
448.385594802119,-3.2684700576538
445.295850994266,-3.09852934880562
442.22739805059,-2.91982879964471
439.180089259609,-2.7378574565681
436.153778920801,-2.56239120036916
433.14832233764,-2.41006390292135
430.16357581068,-2.30572501090561
427.199396630678,-2.28120037362855
424.255643071778,-2.36307903249105
421.332174384729,-2.55503921119965
418.428850790158,-2.83490759394824
415.545533471888,-3.16367319615808
412.682084570296,-3.47477629978455
409.838367175726,-3.6409729696757
407.014245321944,-3.52297503488436
404.209583979631,-3.15483447374025
401.424249049932,-2.72810274065263
398.658107358044,-2.36181365176425
395.911026646846,-2.05987153406026
393.182875570577,-1.78461710651198
390.473523688556,-1.4947447099869
387.782841458946,-1.14322308275861
385.110700232557,-0.663763999126313
382.4569722467,0.0222802816023959
379.821530619074,0.89807241597352
377.2042493417,1.51977681856961
374.605003274899,1.17741076897155
372.023668141307,0.140658749029645
369.46012051993,-0.925415796789205
366.914237840249,-1.85803720705941
364.385898376355,-2.43587999672097
361.874981241128,-1.96217727598444
359.381366380463,-0.481776830028347
356.904934567523,0.975102050619275
354.445567397043,1.6943729604612
352.003147279668,1.15910166026344
349.577557436327,-0.395762895542229
347.168681892656,-1.551295776467
344.776405473446,-1.7159392986661
342.400613797142,-1.54633003547816
340.041193270371,-1.68477344771112
337.698031082509,-2.09948649451395
335.371015200293,-2.2081242230778
333.333333333333,-1.71974901572686
333.060034362459,-1.61393770636389
330.764978074424,-0.533544570645613
328.485736603004,0.249500918539771
326.222200971167,-0.161476388461106
323.97426295282,-1.48674255494405
321.741815067637,-2.48209876899976
319.524750575921,-2.53682600221945
317.322963473498,-1.5526776573544
315.136348486648,0.317324623643704
312.964801067075,2.17466488301951
310.808217386907,2.74110866460469
308.666494333727,1.72807020707227
306.539529505653,-0.157331573240223
304.42722120643,-1.93178785800596
302.329468440578,-2.79407708806745
300.246170908555,-2.311142773946
298.177229001967,-0.561991352851247
296.122543798804,1.5364977148344
294.082017058706,2.84171055361584
292.055551218275,3.06427048194035
290.043049386399,2.25707144793892
288.04441533963,0.482465828070976
286.059553517574,-1.49328926091449
284.08836901833,-2.26943173539366
282.130767593947,-1.05357906179351
280.18665564592,1.13286312457156
278.255940220713,2.57069837194435
276.338529005317,2.42449372320333
274.434330322837,0.836914998595934
272.543253128103,-1.32473137905462
270.665207003324,-2.75028870786663
268.800102153761,-2.51242285983117
266.947849403432,-0.85758841795096
265.108360190854,1.16627996165885
263.281546564802,2.37362049621693
261.467321180109,1.79111115874726
259.665597293487,-0.620067656910133
257.87628875938,-2.88148031349207
256.099310025846,-3.52447579812404
254.334576130465,-3.11973491504456
252.582002696278,-2.12639588979023
250.841505927754,-0.853498562662945
250,-0.360181355086648
249.113002606779,-0.085539369684521
247.396410088681,-0.78949786846287
245.691646298279,-2.39213782713436
243.998629725955,-2.99946235441164
242.31727942376,-3.0799551311503
240.647515001542,-3.3012310684431
238.989256623105,-3.53622314653962
237.342425002387,-3.54592046542951
235.706941399673,-3.13027786257031
234.082727617829,-2.73224159547352
232.469705998565,-2.92031554942956
230.867799418717,-3.35373638292595
229.276931286565,-3.64870980183828
227.697025538168,-3.10920976307845
226.128006633728,-1.1967866875227
224.569799553977,0.953269652781178
223.022329796594,1.53644991319634
221.485523372636,0.803688528945504
219.959306803008,-1.00605306873389
218.443607114943,-3.14166087248627
216.938351838519,-3.38025246677419
215.443469003188,-1.68638062811113
213.958887134342,-0.120565521579958
212.484535249888,0.490241819919921
211.02034285686,-0.239744464002153
209.566239948043,-1.79800273697715
208.122156998634,-2.93428686543565
206.688024962908,-3.34017507014051
205.263775270925,-3.30803274939215
203.849339825246,-3.32371970079474
202.44465099768,-3.5475533081816
201.04964162605,-3.6291948673987
200,-3.58092643713565
199.664245010979,-3.56010114378641
198.288394912707,-3.44448338057033
196.922025547917,-3.39120352299123
195.565071586595,-3.47090136695327
194.217468148903,-3.35700731924787
192.879150802078,-3.27759523568734
191.550055557353,-3.48434654356994
190.230118866895,-3.63803431127694
188.919277620767,-3.49255168320216
187.617469143912,-2.63995108070035
186.324631193156,-1.83126126162325
185.04070195423,-2.41473478284602
183.765620038817,-3.07192790760059
182.499324481615,-3.47219762512288
181.241754737424,-3.50865858728617
179.992850678248,-2.93403977588239
178.752552590424,-2.29936687918022
177.520801171764,-2.4863445930214
176.297537528721,-3.34474554623791
175.082703173572,-3.64638815884079
173.876240021625,-2.88280031789862
172.678090388436,-1.66126516977591
171.488196987054,-1.90781874419049
170.306502925284,-3.02947470063999
169.132951702965,-3.5564913579753
167.967487209265,-2.59740768472137
166.810053720006,-0.739284451995938
166.666666666667,-0.610774051256736
165.660595894991,-0.718436942772381
164.519058775366,-1.72190132450872
163.385387780986,-1.44589932523253
162.259528707809,-0.408064048294203
161.141427725302,-1.86456088775624
160.03103137387,-3.29623767127169
158.928286562298,-2.71032529112467
157.833140565212,-0.880738154230708
156.745541020559,-0.141904290701244
155.665435927106,-2.27237702850526
154.592773641948,-3.42490673490011
153.527502878042,-2.43288392475913
152.469572701757,-1.70160132267547
151.418932530435,-2.68851492334205
150.375532129974,-3.52871553873011
149.339321612425,-2.5742929325233
148.310251433611,-2.44530828519795
147.28827239075,-3.28563190033325
146.273335620113,-3.44731295927958
145.265392594678,-2.81706121766608
144.264395121816,-3.04234176326984
143.270295340983,-2.6939159214388
142.857142857143,-2.02589136275666
142.283045721435,-0.611080669208302
141.302599059953,0.322259956047835
140.328908478587,-2.37335245071896
139.361927422414,-1.35464833787234
138.401609657313,4.03471511874874
137.53370369527,7.47753931689112
136.500780654601,0.57438734911175
135.560178532937,-3.37907807020148
134.626057929891,1.1646383687929
133.698374182495,6.69642034414357
132.777082935543,1.67452811960756
131.862140139475,-1.80678598120387
130.953502048267,-2.21174891512662
130.051125217341,-3.3742648996277
129.154966501488,-3.48065636758649
128.264983052806,-2.09674532661689
127.381132318648,-1.74061241370576
126.50337203959,-2.12893515665807
125.631660247412,-2.73239190698849
125,-2.92468738585968
124.765955263087,-3.11711202794258
123.906215694792,-3.57357175447798
123.052400435926,-3.25628536878382
122.204468663149,-3.25308496610374
121.362379834424,-3.29287996215403
120.526093687084,-2.86619893175502
119.695570235904,-2.9986391217606
118.87076977119,-3.64434765915932
118.051652856881,-3.44607743662014
117.23818032866,-3.53321341270044
116.430313292088,-3.45445776692896
115.628013120738,-2.79898583300648
114.831241454351,-2.77688105936935
114.039960197003,-2.66253338242258
113.254131515281,-2.62039201918757
112.473717836475,-3.44500623479636
111.698681846782,-3.20700862168986
111.111111111111,-2.53169098562345
110.928986489522,-2.54387422669519
110.164594963366,-3.29050859088921
109.405470720574,-3.51501539433995
108.651577465254,-3.17857302501549
107.902879151618,-1.23713292618454
107.159339982267,-0.673875534871438
106.420924406472,-2.53991596200744
105.68759711848,-2.79417896180943
104.959323055823,0.26216455216353
104.23606739764,0.524938606600547
103.517795563018,-2.2789095322522
102.804473209331,-3.43878746183993
102.096066230605,-0.483485886544098
101.392540755882,1.25656812805473
100.693863147603,-2.03540998160677
100,-1.34990866748007
100,-1.34990866747999
99.310918137498,-1.30185386569657
98.6265846131283,-2.88198213073162
97.946966706954,-1.95026591794676
97.2720319245054,-2.24657250902778
96.6017479952265,-2.96041517540994
95.9360828709315,-3.38981655556285
95.2750047242729,-3.6380937423702
94.61848194722,-3.54709967962385
93.966483149547,-3.16095286731918
93.3189771573324,-2.62228248407403
92.6759330114688,-3.6393915652723
92.0373199661823,-2.30664913714819
91.4031074875623,-1.85360422073291
90.9090909090909,-3.36546903695564
90.7732652521023,-3.34846685054056
90.1477631452492,-2.90749449756403
89.526571259964,-3.45058573509983
88.9096598952916,-1.01450069585281
88.2969995549409,-0.668003633466991
87.6885609458743,-2.6719152121832
87.0843149769073,-0.642957439906847
86.4842327573172,-1.27898023464247
85.8882855954625,-3.47603244397284
85.2964449974102,-1.63246036419455
84.7086826655741,-3.29528923331945
84.1249704973612,-2.39475713450004
83.5452805838287,-2.99534378957947
83.3333333333333,-3.39982396678102
82.9695852083491,-2.26620978594503
82.3978568452852,-0.302724428661047
81.8300681586739,-2.66640966862068
81.2661920009194,-1.85496697855403
80.706201411495,-2.55678730751547
80.150069615654,-3.66126239506614
79.5977700231498,-3.63936857944422
79.0492762269642,-3.43328866416179
78.5045620020451,-3.63540098305183
77.9636013040523,-3.03637556457356
77.4263682681127,-3.03353663547791
76.9230769230769,-1.97315213689556
76.8928372075831,-1.88970058169094
76.3629826128224,-3.40254021650109
75.8367791499719,-3.45957433278106
75.3142016597437,-3.25698138273115
74.7952251562182,-3.05878320144479
74.2798248256491,-2.72474691825765
73.7679760252773,-3.53245607477488
73.2596542821523,-1.65368516174235
72.7548352919623,-3.13403655942455
72.2534949178722,-3.38453854817503
71.7556091893693,-3.37465292721627
71.4285714285714,-0.199937153002661
71.2611543011175,0.732509454295088
70.7701066118189,-0.186240189271397
70.2824426430835,-1.24487667898414
69.7981390783066,-1.64198749816283
69.3171727615541,-3.4387934505827
68.839520696455,-3.25448808999796
68.3651600451024,-3.27494353545746
67.8940681269611,-2.73153940984529
67.4262224177834,-2.91095795082854
66.9616005485322,-2.2111839602975
66.6666666666667,-0.498479588703598
66.5001803043112,-0.800644810984816
66.0419396233031,-0.87296478977215
65.5868565957143,-3.61811995330107
65.134909462728,0.619164328695907
64.6860766154633,-2.91398801277641
64.2403365939419,-2.19667559814784
63.7976680860628,-2.6405066268782
63.3580499265825,0.416494772270302
62.9214610961034,-3.56111718415535
62.5,-1.90340315778591
62.4878807200689,-1.91797002512991
62.057288067765,-3.20378785242336
61.6296625513294,-3.53660304422446
61.204983724767,-2.45245841117649
60.7832312829723,-3.44332735601302
60.3643850607587,-3.45459633504664
59.9484250318941,-3.43153661275373
59.5353313081437,-3.23742077333072
59.1250841383188,-1.70619851125037
58.8235294117647,-3.43708358225681
58.7176639073326,-3.24701989862084
58.3130511352622,-3.43515646098505
57.9112264764176,-3.20668735902738
57.5121707184161,-3.59242379761049
57.1158647812643,-2.25519819392788
56.7222897164454,-3.05513700686096
56.3314267060136,-1.03808299914523
55.9432570616938,-1.31421259672656
55.5577622239888,-2.25966322057313
55.5555555555556,-2.26093038341677
55.1749237612912,-0.918821276782448
54.7947233690029,-2.29740493895842
54.4171428686589,-1.75440034445911
54.0421642070592,-2.12840379017792
53.6697694554048,-3.65701040148017
53.2999408084409,-3.17999783243045
52.9326605836056,-2.07206961025936
52.6315789473684,-2.40057037228966
52.5679112201842,-2.55878813328108
52.2056752784698,-2.18534798440042
51.8459354389291,-3.60997843053785
51.488674501375,-3.48903081022091
51.1338753841433,-2.49212530614816
50.7815211232767,-1.68203148851419
50.4315948717136,1.90359001425928
50.0840798984821,-2.73668242726979
50,-1.27128101419639
49.7389595879007,-3.06819920182358
49.3962174387832,-0.73047827162075
49.0558370636505,-1.66275248234372
48.7178021879463,-1.4202359402456
48.3820966492596,-3.44763175350122
48.0487043965513,0.704173601195198
47.7176094893875,-3.59558530359207
47.6190476190476,-2.66846289258658
47.3887960971765,-1.64968065309715
47.0622484984128,-3.57748211545039
46.7379510799246,-3.52817563192316
46.4158883361278,-1.86681126884617
46.0960448682843,-1.88819239814263
45.7784053837662,-2.88138218684032
45.462954695324,-3.30110750345708
45.4545454545455,-3.365202692164
45.149677720361,-0.500861898431689
44.8385594802119,-3.32984864884069
44.5295850994266,-2.79281695697589
44.222739805059,5.5172196879294
43.9180089259609,-1.19573165316184
43.6153778920801,-2.14010689904778
43.4782608695652,-1.79879380852064
43.314832233764,-3.40647281851606
43.016357581068,-3.54784091262702
42.7199396630678,-3.48567558668033
42.4255643071778,-2.08654770306331
42.1332174384729,-2.82892889701263
41.8428850790158,1.02706382601248
41.6666666666667,-2.25750767419096
41.5545533471888,-0.707215641147211
41.2682084570295,-1.93393057648445
40.9838367175726,-3.08654938516271
40.7014245321944,-1.20164355383614
40.4209583979631,-3.5272319206448
40.1424249049932,-2.84699142507237
40,-3.46548054234166
39.8658107358044,-3.4016431208759
39.5911026646846,-3.59593903658101
39.3182875570577,-2.79793355310666
39.0473523688556,-3.03784764421611
38.7782841458946,-3.46992110133389
38.5110700232557,-2.29387778766637
38.4615384615385,-1.1492263757746
38.24569722467,-3.28599012538454
37.9821530619073,0.0673406593516477
37.72042493417,-3.4254469346808
37.4605003274899,2.90063606033578
37.2023668141307,-2.464116956289
37.037037037037,-2.39590407282811
36.946012051993,-3.31227754602777
36.6914237840249,-3.19267538204657
36.4385898376355,-2.69859096739806
36.1874981241128,-3.39195925410162
35.9381366380463,-3.16439961090414
35.7142857142857,-3.10156829685918
35.6904934567523,-2.90708514272482
35.4445567397043,-2.62781465732071
35.2003147279668,-3.33414449659393
34.9577557436328,-3.43987898618637
34.7168681892656,-3.30507662487075
34.4827586206897,-3.24513557123241
34.4776405473446,-3.22699607472201
34.2400613797142,-0.550929019148991
34.0041193270371,-0.853814406040935
33.7698031082509,-1.15121917782123
33.5371015200293,-1.71668734935521
33.3333333333333,-0.825909580876622
33.3060034362459,0.165884186657213
33.0764978074424,-0.186788016708287
32.8485736603004,-1.73678638381578
32.6222200971167,-1.57242564782522
32.397426295282,-0.135112819134501
32.258064516129,-2.9808759752333
32.1741815067637,-1.25594955882756
31.9524750575921,-3.23850840869324
31.7322963473498,-2.91477832835822
31.5136348486648,-3.47186598654418
31.2964801067075,-3.58995066984665
31.25,-3.6249463752736
31.0808217386906,-3.38539911819755
30.8666494333727,-2.87102261188535
30.6539529505653,-3.16851331522563
30.442722120643,-0.867873945915799
30.3030303030303,-2.00829637237906
30.2329468440578,-1.06306857899404
30.0246170908555,-2.9766221191801
29.8177229001967,-1.44130012597212
29.6122543798804,-3.50747949314281
29.4117647058824,-3.50106788953282
29.4082017058706,-3.48068548885915
29.2055551218275,-3.08001914532557
29.0043049386399,-0.675081078949442
28.804441533963,-1.89113369012001
28.6059553517574,-2.34011285404993
28.5714285714286,-3.64968077384791
28.408836901833,-3.61674663791835
28.2130767593947,-3.24656442906241
28.018665564592,-3.09088669142205
27.8255940220712,-2.1589111700846
27.7777777777778,-3.09694652597356
27.6338529005317,-3.25167684360697
27.4434330322836,-1.76494213275917
27.2543253128103,-2.29349332696107
27.0665207003324,-0.178137496623957
27.027027027027,-1.49511577548072
26.8800102153761,-2.61782748156217
26.6947849403432,-0.440532402758019
26.5108360190854,-1.10566521458871
26.3281546564802,-3.46430649155517
26.3157894736842,-3.25382809035572
26.1467321180109,-3.5772243029222
25.9665597293487,-2.47261173674557
25.787628875938,-3.0568267098403
25.6410256410256,-2.80591483408899
25.6099310025846,-2.7750640948722
25.4334576130465,-2.83395125726953
25.2582002696278,-2.8181660876351
25.0841505927754,0.585714937984155
25,-0.714687690805657
24.9113002606779,-1.94303925810321
24.7396410088681,-2.66531083161395
24.5691646298279,-3.1799948583792
24.3998629725955,-1.76674624781226
24.390243902439,-2.4338232063552
24.231727942376,-2.940348398897
24.0647515001542,-2.16850701986727
23.8989256623105,-3.41479328644486
23.8095238095238,-2.69101122403985
23.7342425002387,-3.49389525740942
23.5706941399673,-3.65871965460068
23.4082727617829,-2.41200486387752
23.2558139534884,-3.63169628685885
23.2469705998565,-3.63079471930417
23.0867799418717,-3.29003012996365
22.9276931286565,-3.57812167939128
22.7697025538168,-1.3956952614334
22.7272727272727,-2.617736975492
22.6128006633728,-2.2653155418787
22.4569799553977,-2.68533061199612
22.3022329796594,-2.1522987986073
22.2222222222222,-3.06100719447975
22.1485523372636,-0.113996969579897
21.9959306803007,-1.12793489149372
21.8443607114943,-1.53849189963447
21.7391304347826,-2.74057510260603
21.6938351838518,-3.03755839282878
21.5443469003188,-3.20060177295233
21.3958887134342,-1.94320597617364
21.2765957446809,-0.300265223890373
21.2484535249888,-2.62697179658813
21.102034285686,-3.58808971414346
20.9566239948043,-2.32496878070408
20.8333333333333,2.96683934733422
20.8122156998634,-2.63930578690154
20.6688024962908,-2.2815931570115
20.5263775270925,-3.17274624218829
20.4081632653061,-2.38562233342058
20.3849339825246,-1.96192531212487
20.244465099768,-3.08828352358001
20.104964162605,-0.425912888584018
20,-3.00031945640479
19.9664245010979,-2.42822132164919
19.8288394912707,-3.23393257965675
19.6922025547917,-2.50801677925086
19.6078431372549,-3.17461494019694
19.5565071586595,-2.83427731660698
19.4217468148903,-3.37743818470723
19.2879150802078,-1.42185769586917
19.2307692307692,-0.30363433018483
19.1550055557353,0.649087308048469
19.0230118866894,-3.62476885246793
18.8919277620767,-3.47436763869937
18.8679245283019,-2.79257311201196
18.7617469143912,-3.12667812472834
18.6324631193156,-0.390711180749558
18.5185185185185,-3.49605985398456
18.504070195423,-2.86407794703596
18.3765620038817,-0.47860473360826
18.2499324481615,-3.51530080177353
18.1818181818182,-1.6547025144428
18.1241754737424,-3.05321807884293
17.9992850678248,-3.49912296676866
17.8752552590424,-3.65574765506879
17.8571428571429,-1.96902467086037
17.7520801171764,-3.49804144975307
17.6297537528721,1.02266077655923
17.5438596491228,-1.76833742060175
17.5082703173572,-2.62934456257899
17.3876240021625,-3.21641741207768
17.2678090388436,-3.21039532045504
17.2413793103448,-2.98868360191777
17.1488196987054,-3.37273032040563
17.0306502925284,-2.96661834675045
16.9491525423729,-2.34607666426519
16.9132951702965,-3.60625358129932
16.7967487209265,-3.52303947798203
16.6810053720006,-0.527279395384379
16.6666666666667,-3.38719355940598
16.5660595894991,-2.54529601987114
16.4519058775366,-3.03793422127002
16.3934426229508,-2.15052281529942
16.3385387780986,-3.04883138686604
16.2259528707809,-1.38800134987742
16.1290322580645,-0.975911930837166
16.1141427725302,-2.18477198112633
16.003103137387,-2.74868782890219
15.8928286562298,-1.48097210436024
15.8730158730159,-1.61153507843225
15.7833140565212,-2.66039869261491
15.674554102056,-2.23572141528403
15.625,-2.15094080054539
15.5665435927106,-2.21534356842092
15.4592773641948,-2.96818337634125
15.3846153846154,-0.177722788843321
15.3527502878042,-3.23892501534264
15.2469572701757,-3.45627550138068
15.1515151515152,-2.94527971650821
15.1418932530435,-3.094648786261
15.0375532129974,-3.39034820644521
14.9339321612425,-1.84492069570332
14.9253731343284,-1.59981929918838
14.831025143361,-1.75194017488847
14.728827239075,-3.51715139993838
14.7058823529412,-3.30779331693689
14.6273335620113,-1.12779394883112
14.5265392594678,-3.01696900816644
14.4927536231884,-1.32689744872978
14.4264395121816,-2.82769567946336
14.3270295340983,-1.75101180653088
14.2857142857143,-3.22637949623113
14.2283045721435,-3.02690828506364
14.1302599059953,-1.04131180108409
14.0845070422535,-0.868248172438295
14.0328908478587,0.574294751593944
13.9361927422414,-2.21004667697236
13.8888888888889,-3.13920250114934
13.8401609657313,-1.63479936857804
13.7447909267754,-3.17551002022968
13.6986301369863,-3.66087009181258
13.6500780654601,-0.740370487681569
13.5560178532937,-2.48474282958541
13.5135135135135,-3.0959684333648
13.4626057929891,-3.33456121188361
13.3698374182495,-2.89392369059696
13.3333333333333,0.368536917739353
13.2777082935543,-0.675617999456061
13.1862140139475,-2.6951088983012
13.1578947368421,-2.29255223671292
13.0953502048267,-2.99868371922259
13.0051125217341,-2.55028258487355
12.987012987013,-3.56244626847772
12.9154966501488,-3.50116854588763
12.8264983052806,-1.88618762203906
12.8205128205128,0.0512814427742585
12.7381132318648,-2.95796084139318
12.6582278481013,-2.85691915882374
12.650337203959,-0.829287015863637
12.5631660247412,-3.11084974620486
12.5,-1.82270178478522
12.4765955263087,-2.60836744347859
12.3906215694792,-2.22846937275154
12.3456790123457,-3.23498770030498
12.3052400435926,-3.60636506379019
12.2204468663149,1.46377045409485
12.1951219512195,0.239800057916104
12.1362379834424,-2.24888584538707
12.0526093687084,-3.06390316209054
12.0481927710843,-3.40738158750498
11.9695570235904,1.3372004598089
11.9047619047619,-2.67803125165654
11.887076977119,-0.65972538412431
11.8051652856881,-2.87167650142184
11.7647058823529,-3.2950046512832
11.723818032866,-2.14353985662946
11.6430313292088,0.111839758313768
11.6279069767442,-3.39485937326303
11.5628013120738,-2.92543843389678
11.4942528735632,-3.06458459531991
11.4831241454351,-3.05406852125135
11.4039960197003,-3.30405864146554
11.3636363636364,-2.50314424336163
11.3254131515281,-2.31173177059001
11.2473717836475,-2.01482615741927
11.2359550561798,-3.53668493559321
11.1698681846782,-3.27714248464862
11.1111111111111,0.0178712233398146
11.0928986489522,-2.82678978685153
11.0164594963366,-2.42165306005553
10.989010989011,-1.7694057045055
10.9405470720574,-2.9936082897364
10.8695652173913,-0.785062310271267
10.8651577465254,0.1203894728062
10.7902879151618,-2.98265254781684
10.752688172043,-3.34135987087908
10.7159339982267,-2.96162266730543
10.6420924406472,0.245095329681438
10.6382978723404,0.210623540017811
10.568759711848,-1.88973345311156
10.5263157894737,-3.61887898583238
10.4959323055823,-3.04670092213812
10.423606739764,-3.12794935505097
10.4166666666667,-3.54803906109172
10.3517795563018,-2.51111123086052
10.3092783505155,-3.52160335222167
10.2804473209331,-3.17912336544527
10.2096066230605,-2.86899394069631
10.2040816326531,-3.50199963097593
10.1392540755882,-0.122644276902899
10.1010101010101,-2.56274985758959
10.0693863147603,-3.21562927118485
10,-3.10416624146061
10,-3.10416624146081
9.9310918137498,-2.51303057081143
9.9009900990099,-1.29069672133458
9.86265846131282,-0.778417279090813
9.80392156862745,-3.50901984627582
9.79469667069539,-0.940868256906138
9.72720319245054,-3.44268297873718
9.70873786407767,-3.56842549177382
9.66017479952265,-3.24630581991273
9.61538461538461,-2.32013918302557
9.59360828709314,-1.54668406385938
9.52750047242729,-2.6046981867547
9.52380952380952,-2.88288915543164
9.461848194722,-3.16243528605987
9.43396226415094,-2.27606981187635
9.39664831495469,-2.9193488455527
9.34579439252336,-2.56591299710855
9.33189771573324,-2.11988254619815
9.26759330114688,-1.77244021747945
9.25925925925926,-1.90859140366122
9.20373199661822,-3.64133169392555
9.1743119266055,-3.22230019407571
9.14031074875623,-3.55096925579819
9.09090909090909,-3.22725141516893
9.07732652521023,-2.71588730683204
9.01477631452492,-2.71990694024658
9.00900900900901,-2.93453707558178
8.9526571259964,-0.983685847472468
8.92857142857143,-1.3190852105866
8.89096598952916,-2.39614316791384
8.84955752212389,0.00691573699241577
8.82969995549409,-3.2805688130952
8.7719298245614,-2.77019202818546
8.76885609458743,-2.99772638073317
8.70843149769072,-3.41099362364265
8.69565217391304,-3.24395093528143
8.64842327573172,2.54083819973493
8.62068965517241,1.36263513295971
8.58882855954625,-2.6158639904264
8.54700854700855,-0.762943044036727
8.52964449974102,-2.44985430005142
8.47457627118644,-1.60064136048454
8.47086826655741,-1.64763963835228
8.41249704973612,-3.34378307601365
8.40336134453781,-1.99759736596998
8.35452805838287,-2.13074641314982
8.33333333333333,-1.36663439083771
8.29695852083491,-3.43296656713418
8.26446280991736,-1.41787612489197
8.23978568452852,-2.51068808554246
8.19672131147541,-3.49960913777827
8.18300681586739,-2.84275804111668
8.13008130081301,-2.69956507598949
8.12661920009195,-2.86349532680422
8.0706201411495,-1.02058693916949
8.06451612903226,-3.1202211069958
8.01500696156541,-3.28864522918259
8,-3.28064274360421
7.95977700231498,-3.49381128243057
7.93650793650794,-1.34144339333055
7.90492762269642,-1.2160637036416
7.8740157480315,-3.10333971045254
7.85045620020451,-3.49822364502277
7.8125,-3.42711244877342
7.79636013040523,-1.99640618688174
7.75193798449612,-3.57110157184764
7.74263682681127,-3.34901054912528
7.69230769230769,-3.46368507976551
7.68928372075831,-3.66253268402663
7.63629826128224,-2.97743883582136
7.63358778625954,-2.75095977520861
7.58367791499719,-3.62705684487507
7.57575757575758,-3.47245680150813
7.53142016597437,-1.5130719768935
7.5187969924812,-1.85001765222749
7.47952251562182,-3.44436471658717
7.46268656716418,-2.2823024667018
7.42798248256492,-2.55029191971122
7.40740740740741,-1.58601196875388
7.37679760252773,-3.45244075600395
7.35294117647059,-1.08287275004052
7.32596542821523,-3.30625194582127
7.2992700729927,-2.63680140867613
7.27548352919623,-3.13149703657332
7.2463768115942,-2.9425670416543
7.22534949178722,-3.55012606952261
7.19424460431655,-0.33737550195671
7.17556091893693,-3.15765663173532
7.14285714285714,-3.63298411572851
7.12611543011175,-2.69243923628199
7.09219858156028,-2.09835496720286
7.07701066118189,-3.33641693953019
7.04225352112676,-0.552966778295153
7.02824426430835,-3.14822289731488
6.99300699300699,0.299482541034952
6.97981390783066,-3.36437790292576
6.94444444444444,-1.91214681391097
6.93171727615541,-3.65733027640142
6.89655172413793,-2.06230437103828
6.8839520696455,-3.34307382725604
6.84931506849315,-1.78091176424244
6.83651600451024,-1.40211122986231
6.80272108843537,-3.39781734135364
6.78940681269611,-2.21685617825328
6.75675675675676,-3.38713011627369
6.74262224177834,-2.33171684146513
6.71140939597315,-2.86528782038068
6.69616005485322,-2.95809598210958
6.66666666666667,-3.54537085964547
6.65001803043112,-3.3143793362975
6.62251655629139,-3.466842349733
6.6041939623303,-2.96103701630649
6.57894736842105,-3.43471804136835
6.55868565957143,-1.42496125075594
6.5359477124183,-3.25788464826463
6.5134909462728,-3.38047949947018
6.49350649350649,-1.25519744378452
6.46860766154633,-2.52927584058643
6.45161290322581,-3.27891525072526
6.42403365939419,-3.36275928486968
6.41025641025641,-2.69985985656681
6.37976680860628,-1.47634963529357
6.36942675159236,-2.91576907688097
6.33580499265825,-2.15513385311469
6.32911392405063,-2.57112201190834
6.29214610961034,-3.08799220640447
6.28930817610063,-3.59063069709445
6.25,-3.20624639622595
6.24878807200689,-3.32526161132808
6.2111801242236,-1.22236948298963
6.2057288067765,-3.28236008116745
6.17283950617284,-2.93916880646268
6.16296625513294,-1.78581230593322
6.13496932515337,-1.57175296772716
6.1204983724767,1.83385100478744
6.09756097560976,-3.14495872740538
6.07832312829723,-1.51343498044748
6.06060606060606,-2.09670379080556
6.03643850607587,-3.41972976212868
6.02409638554217,-3.10103419237789
5.99484250318941,-2.66884341764613
5.98802395209581,-1.00596398735366
5.95353313081437,-2.33276042298042
5.95238095238095,-2.07194901361371
5.91715976331361,-2.53362498718262
5.91250841383188,-2.61581310512134
5.88235294117647,-3.35196631732371
5.87176639073326,-3.55640766092788
5.84795321637427,-1.7898359240596
5.83130511352622,-0.796870796157132
5.81395348837209,-3.58808608488534
5.79112264764176,-3.63431733575721
5.78034682080925,-3.49123935818808
5.75121707184161,-3.40179601520104
5.74712643678161,-0.52182846673234
5.71428571428571,-3.47977748811082
5.71158647812643,-0.920077047783347
5.68181818181818,-3.31194240399726
5.67222897164454,-3.25746023157863
5.64971751412429,-1.53960566585014
5.63314267060136,-1.52066122375872
5.61797752808989,-2.93332063865302
5.59432570616938,-3.051974100537
5.58659217877095,-2.25471723061004
5.55577622239888,-1.41907207845601
5.55555555555556,-1.66224239337826
5.52486187845304,-1.95722685681904
5.51749237612913,-3.18111095867134
5.49450549450549,-3.28922190547801
5.47947233690029,-2.13122005754529
5.46448087431694,-2.91549971328963
5.44171428686589,-1.48102156758632
5.43478260869565,-3.15911249123469
5.40540540540541,-2.87539336784765
5.40421642070592,-2.88402303857448
5.37634408602151,-3.27610958583191
5.36697694554048,-2.63579649441051
5.3475935828877,-1.67291053183528
5.32999408084409,-2.91600388310148
5.31914893617021,-3.08044658237254
5.29326605836056,-3.12783164295312
5.29100529100529,-2.86508558176989
5.26315789473684,-3.22884770829317
5.25679112201842,0.185124907394813
5.23560209424084,-3.21263895945234
5.22056752784698,-0.936935015918674
5.20833333333333,-1.9573613277865
5.18459354389291,-2.86169223477354
5.18134715025907,-3.1929782559999
5.15463917525773,-2.24955974890996
5.14886745013749,-2.5618149870548
5.12820512820513,-3.52590998371495
5.11338753841433,-3.0061059461985
5.10204081632653,-3.10177905946513
5.07815211232767,-3.45841874682251
5.0761421319797,-0.570057788970284
5.05050505050505,-3.62902896451596
5.04315948717136,-0.334816508161661
5.0251256281407,-2.42329037256378
5.00840798984821,-3.46839645886602
5,-2.97097584158403
4.97512437810945,-3.37010591891437
4.97389595879006,-2.26252503853704
4.95049504950495,-3.55593016731553
4.93962174387832,-3.60025332737787
4.92610837438424,-1.99212702921669
4.90558370636505,-3.41622191208348
4.90196078431372,-2.59929630708582
4.8780487804878,-2.59301977041981
4.87178021879463,-2.64048000198069
4.85436893203883,-2.58032506558002
4.83820966492596,-3.00042742076748
4.83091787439613,-3.56255912116977
4.80769230769231,-3.49858897463981
4.80487043965513,-2.69369162982964
4.78468899521531,0.0661369382003629
4.77176094893875,-3.29208577774367
4.76190476190476,-1.73455576455357
4.739336492891,-3.28280381440269
4.73887960971765,-3.07891254713287
4.71698113207547,-3.51603240295584
4.70622484984128,-3.23598743302476
4.69483568075117,-2.59875356815435
4.67379510799246,-3.66151944433399
4.67289719626168,-3.25507658273683
4.65116279069767,-3.575791398275
4.64158883361278,-2.75854125564642
4.62962962962963,-1.23744894906052
4.60960448682843,-3.03376001220961
4.60829493087558,-3.18512513938164
4.58715596330275,-0.22100660741098
4.57784053837662,-2.91288546161369
4.5662100456621,-3.53687128567095
4.5462954695324,-3.56783180406513
4.54545454545455,-3.38425922355516
4.52488687782805,-3.00319436778581
4.5149677720361,-2.88429521831456
4.5045045045045,-0.573049942100066
4.48430493273543,-3.53550784702785
4.48385594802119,-3.28553805270517
4.46428571428571,-2.45363860991746
4.45295850994265,-0.42134905751568
4.44444444444444,-3.5273816958982
4.42477876106195,-3.54183836577719
4.4222739805059,-3.00063324333409
4.40528634361233,-3.64978197862397
4.39180089259609,-1.77977900618388
4.3859649122807,-2.77393772787395
4.36681222707424,-3.37153811054047
4.361537789208,-3.54227674413392
4.34782608695652,-3.10399998816392
4.3314832233764,-3.14200516505756
4.32900432900433,-3.43104798059614
4.31034482758621,-0.912189104717252
4.30163575810679,-1.7656322935919
4.29184549356223,-2.73644974899302
4.27350427350427,-3.58753078635568
4.27199396630678,-3.45645081462934
4.25531914893617,2.22706211670273
4.24255643071778,-3.59634493314241
4.23728813559322,-3.64224771591777
4.21940928270042,-3.26947271448365
4.21332174384729,-3.62424203986249
4.20168067226891,-0.96150119814889
4.18428850790158,-0.0890595225796842
4.18410041841004,0.698176744075472
4.16666666666667,-3.15603484689286
4.15545533471888,-3.50621749930012
4.149377593361,-2.12956611446047
4.13223140495868,-1.93977688670865
4.12682084570295,-2.86790575467266
4.11522633744856,-2.63439459074358
4.09838367175726,-3.46440812352422
4.0983606557377,-3.48100658742977
4.08163265306122,-2.94165621395912
4.07014245321944,-3.54931750922982
4.0650406504065,-3.62879317861457
4.04858299595142,-3.48658247555748
4.04209583979631,-3.22405624098111
4.03225806451613,-3.61446321517631
4.01606425702811,-2.93319007365154
4.01424249049932,-3.17204060179817
4,-2.99317335261521
3.98658107358044,-3.28517273202136
3.98406374501992,-3.14936703314207
3.96825396825397,-2.02777403686305
3.95911026646846,-2.09131498770848
3.95256916996047,-2.71771260216216
3.93700787401575,-2.62841329943169
3.93182875570577,-1.24616900891491
3.92156862745098,-3.19867790676697
3.90625,-2.37843696181271
3.90473523688556,-2.89797090019287
3.89105058365759,-2.85214629854373
3.87782841458946,-2.58533351725158
3.87596899224806,-1.77477769809404
3.86100386100386,-3.01684691620447
3.85110700232557,-2.35303632024469
3.84615384615385,-3.22274448983897
3.83141762452107,-1.36265083916312
3.824569722467,-3.62928580545421
3.81679389312977,-1.0128301498117
3.80228136882129,-3.20664482357263
3.79821530619074,-3.61621272189886
3.78787878787879,-2.83984870572292
3.77358490566038,-2.47151618327147
3.772042493417,-2.02677330386031
3.7593984962406,-3.32532737211987
3.74605003274899,-3.07873791251829
3.74531835205992,-3.07104581134235
3.73134328358209,-3.38813330505395
3.72023668141307,-2.27252789511443
3.71747211895911,-3.10852122865073
3.7037037037037,-1.09435508326892
3.6946012051993,-3.59743060759534
3.690036900369,-3.51480616474874
3.67647058823529,-3.28917984183821
3.66914237840249,-2.71607528216709
3.66300366300366,-2.27443280165401
3.64963503649635,-1.25292635226917
3.64385898376355,-0.595070139046252
3.63636363636364,-3.20974001404393
3.6231884057971,-3.44338450195924
3.61874981241128,-2.31453551915684
3.6101083032491,-1.75014753595554
3.59712230215827,-3.32979611752439
3.59381366380463,-3.36425654944217
3.584229390681,-2.43406131018575
3.57142857142857,-2.75559262681936
3.56904934567523,-0.554680011843582
3.55871886120996,-3.52498289860467
3.54609929078014,-2.2244580971152
3.54445567397043,-2.72587821241025
3.53356890459364,-3.64371037531593
3.52112676056338,-2.41773729337698
3.52003147279668,-3.11033009790715
3.50877192982456,-1.69084969911902
3.4965034965035,-2.75567506616242
3.49577557436328,-2.2959815718214
3.48432055749129,-2.4521252283143
3.47222222222222,-3.4861952726553
3.47168681892656,-3.05601652192133
3.46020761245675,-1.94740337884944
3.44827586206897,-3.63686014443688
3.44776405473446,-3.12407274576541
3.43642611683849,-2.80015092548866
3.42465753424658,-3.6519103081239
3.42400613797142,-2.82708780225742
3.41296928327645,-3.11034301678664
3.40136054421769,-1.86119669374029
3.40041193270371,-3.64864103532163
3.38983050847458,-3.08641545456738
3.37837837837838,2.59188403087682
3.37698031082509,-2.7151701024082
3.36700336700337,-2.99962870508231
3.35570469798658,-3.06904139977909
3.35371015200293,-3.40751977182388
3.34448160535117,-0.101081642815909
3.33333333333333,-1.05866602757161
3.33060034362459,-1.45023794044867
3.32225913621262,-3.41950802102293
3.3112582781457,-1.23683773028118
3.30764978074424,-3.25940695449817
3.3003300330033,0.134030547710911
3.28947368421053,-3.46871334994126
3.28485736603004,-1.67041655780703
3.27868852459016,-3.3650209732233
3.26797385620915,-3.55155482946413
3.26222200971167,-3.33963200145886
3.25732899022801,-1.13747985837544
3.24675324675325,-3.62157641252402
3.2397426295282,-2.5541041233772
3.23624595469256,-3.64493388929777
3.2258064516129,-3.56103462751671
3.21741815067637,-2.8943285362463
3.21543408360129,-0.585967474269704
3.20512820512821,-2.79336626284548
3.19524750575921,-3.37339500782731
3.19488817891374,-3.13442865496291
3.18471337579618,-0.43875237700514
3.17460317460317,-3.42864324054657
3.17322963473498,-2.40325332353934
3.16455696202532,-1.13217813755993
3.15457413249211,-2.26161334880247
3.15136348486648,-2.49550367764514
3.14465408805031,-3.35632313488712
3.13479623824451,-2.381508250457
3.12964801067075,0.992701509971529
3.125,-2.87552951145279
3.11526479750779,-3.19658123413047
3.10808217386906,-3.33464702596053
3.1055900621118,-3.3388582233086
3.09597523219814,-1.98599392664756
3.08666494333727,-2.66444275575064
3.08641975308642,-2.18996458379551
3.07692307692308,-2.15969803913388
3.06748466257669,-3.24030312615902
3.06539529505653,-3.16282639421503
3.05810397553517,-1.83194102040242
3.04878048780488,-2.6113524972181
3.0442722120643,-3.23887602820151
3.03951367781155,-3.10416025042995
3.03030303030303,-2.30438610565566
3.02329468440578,-1.70484109314294
3.02114803625378,-1.81566382850452
3.01204819277108,-3.5818252615404
3.003003003003,-2.88918582350022
3.00246170908555,-1.76210030302975
2.9940119760479,-3.54064467321104
2.98507462686567,-2.57223314057033
2.98177229001967,-3.0636196879857
2.97619047619048,-2.41289967354661
2.9673590504451,-2.67203313791456
2.96122543798803,-0.336724424679271
2.9585798816568,-3.4870318793278
2.94985250737463,-3.57874049889413
2.94117647058824,-0.106685222833231
2.94082017058706,-1.58849593519589
2.93255131964809,-3.28849655739513
2.92397660818713,-3.63773070139699
2.92055551218275,-3.52804078225328
2.91545189504373,-3.21370978810945
2.90697674418605,-2.75008003624695
2.90043049386399,-3.38730920470227
2.89855072463768,-3.47703417674274
2.89017341040462,-1.86810353921229
2.88184438040346,-3.21249311906457
2.8804441533963,-3.56319110687387
2.8735632183908,-3.44493285910213
2.86532951289398,0.208986995308057
2.86059553517574,-2.58746589023373
2.85714285714286,-1.50076031888427
2.84900284900285,-3.16529514779638
2.84090909090909,-2.95103501217148
2.8408836901833,-2.99799258768258
2.8328611898017,-3.13308045184298
2.82485875706215,-2.53091892314911
2.82130767593947,-1.25253960929258
2.8169014084507,-3.04945734146316
2.80898876404494,-3.46752248848365
2.8018665564592,-2.01770687141872
2.80112044817927,-0.566628273924645
2.79329608938547,-3.42816167179607
2.78551532033426,-3.24245799424876
2.78255940220712,-3.66087537855422
2.77777777777778,-2.82969378069871
2.77008310249307,-3.02289044553855
2.76338529005317,-2.48854817559644
2.76243093922652,-3.60454280611925
2.75482093663912,-0.854575583319966
2.74725274725275,-3.02289956369206
2.74434330322836,-3.52206879274585
2.73972602739726,-3.58067091897591
2.73224043715847,-2.50557717552901
2.72543253128103,-3.51477080763957
2.72479564032698,-1.47234173418981
2.71739130434783,-2.51087679693635
2.710027100271,-3.4161417671613
2.70665207003324,-3.61129783408462
2.7027027027027,-3.35711102425723
2.69541778975741,-1.04939295319714
2.68817204301075,-0.611591754990751
2.68800102153761,-0.739878732989307
2.68096514745308,-1.14108457058354
2.67379679144385,-3.45897129175394
2.66947849403432,-2.96841778814327
2.66666666666667,-0.117431069853875
2.65957446808511,-3.36226271917762
2.6525198938992,-3.26843377649704
2.65108360190854,-3.07490017692056
2.64550264550265,-2.11710861876055
2.63852242744063,-1.66794885229391
2.63281546564802,-1.89906864005111
2.63157894736842,-1.84065643057671
2.6246719160105,-3.51544842643339
2.61780104712042,-3.46917189045017
2.61467321180109,-1.43709127109527
2.61096605744125,-3.45032185615504
2.60416666666667,-3.24935223831302
2.5974025974026,-2.556642007694
2.59665597293487,-3.26430984191519
2.59067357512953,-2.89879920942199
2.58397932816537,-3.30803539311314
2.5787628875938,-3.26789406938128
2.57731958762887,-3.51509091490704
2.5706940874036,-2.91990513725484
2.56410256410256,-2.06416843130777
2.56099310025846,-3.64927795035502
2.55754475703325,-2.44266514912966
2.55102040816327,-1.3108207465266
2.54452926208651,-3.56196459809187
2.54334576130465,-3.14434872629566
2.53807106598985,-3.01392797326703
2.53164556962025,-3.6623734635247
2.52582002696278,-3.22899930183199
2.52525252525253,-2.8161832854136
2.51889168765743,-3.52376527777481
2.51256281407035,-2.02787869730754
2.50841505927754,-3.10755118998001
2.5062656641604,-3.61726287935705
2.5,-1.69747342334379
2.49376558603491,-1.98040888060056
2.49113002606779,-1.47866443520588
2.48756218905473,-1.79173793867941
2.48138957816377,-3.41437832617758
2.47524752475248,-1.90364811938839
2.47396410088681,-2.26134947484949
2.46913580246914,-3.23176820761004
2.46305418719212,-3.36920702237843
2.45700245700246,-1.06768324903187
2.45691646298279,-0.729899894753582
2.45098039215686,-3.32216349277386
2.44498777506112,-3.41863403577708
2.43998629725955,-3.57957705601812
2.4390243902439,-2.41777197534337
2.4330900243309,-3.61898157622825
2.42718446601942,-3.64085613345575
2.4231727942376,-2.3665018261065
2.42130750605327,-3.26602514148471
2.41545893719807,-2.34167741628736
2.40963855421687,-2.91191607656306
2.40647515001542,-1.86315363945921
2.40384615384615,-2.20344937674211
2.39808153477218,-3.62406047466178
2.39234449760766,-1.65403347944233
2.38989256623105,-2.12479612738262
2.38663484486874,-1.47305207547331
2.38095238095238,-2.61485748231923
2.37529691211401,-2.93765063152746
2.37342425002387,-3.03488460892869
2.3696682464455,-1.5491129564259
2.36406619385343,-3.6266518898423
2.35849056603774,-3.23884270900238
2.35706941399673,-2.89204076589256
2.35294117647059,-1.4673632134603
2.34741784037559,-3.44362970700915
2.34192037470726,-1.97027108021411
2.34082727617829,-2.88106225835015
2.33644859813084,-2.78446133718794
2.33100233100233,-3.01291908128779
2.32558139534884,-3.21591806937858
2.32469705998565,-3.43906950859313
2.32018561484919,-2.38509494640102
2.31481481481481,-3.59087236813978
2.3094688221709,-1.88406810562797
2.30867799418717,-2.61567498421762
2.30414746543779,-3.19763613945529
2.29885057471264,-2.9725978614217
2.29357798165138,-1.50781762632409
2.29276931286565,-3.28221417331293
2.2883295194508,-3.6182462558964
2.28310502283105,-3.35486584412875
2.27790432801822,-2.33164047948558
2.27697025538168,-2.50815092398896
2.27272727272727,-3.17690719372036
2.26757369614512,-3.02865251585346
2.26244343891403,-1.74605115538376
2.26128006633728,-3.36376601457242
2.25733634311512,-3.01703740671807
2.25225225225225,-0.568326975555901
2.24719101123596,-2.54346725316928
2.24569799553977,-2.97499124725639
2.24215246636771,-3.27785389293403
2.23713646532438,-1.40132060146227
2.23214285714286,-3.56054026731006
2.23022329796594,-3.09523187491241
2.2271714922049,-3.46381559934401
2.22222222222222,-3.52133386607486
2.21729490022173,-1.97679625892423
2.21485523372636,-3.53863824892128
2.21238938053097,-3.59943572824512
2.2075055187638,-3.46983616269808
2.20264317180617,-2.20909687129982
2.19959306803007,-1.25152411228303
2.1978021978022,-3.01282222784034
2.19298245614035,-3.50400565216507
2.18818380743982,-3.65652488394503
2.18443607114943,-2.64113246656926
2.18340611353712,-3.26987483499532
2.17864923747277,-2.88544092846804
2.17391304347826,-3.50198840400362
2.16938351838518,-3.19933210840672
2.16919739696312,-3.50806553299368
2.16450216450216,-3.22538113080285
2.15982721382289,-2.84749196370278
2.1551724137931,-2.67146376313222
2.15443469003188,-2.75526931116211
2.1505376344086,-3.23468259163023
2.14592274678112,-3.02979569059066
2.14132762312634,-2.6796757832662
2.13958887134342,-3.34546144845556
2.13675213675214,3.31506544902765
2.13219616204691,-2.96166093022613
2.12765957446809,-3.50731096859415
2.12484535249888,-0.516281620176822
2.12314225053079,-0.840990323522003
2.11864406779661,-3.0734001808678
2.11416490486258,-3.08003300368322
2.1102034285686,-2.85350035377369
2.10970464135021,-3.5985476467742
2.10526315789474,-2.73342353009844
2.10084033613445,-3.55927412158983
2.09643605870021,-2.30827229840461
2.09566239948043,-3.30488821364848
2.09205020920502,-3.40953825502238
2.08768267223382,-3.23149391814034
2.08333333333333,-1.57906625298001
2.08122156998634,-3.53642486872014
2.07900207900208,-3.58586205687804
2.0746887966805,-2.45716077311989
2.0703933747412,-3.03646214447117
2.06688024962908,-2.8096980558537
2.06611570247934,-2.59603674600755
2.06185567010309,-3.38336733800277
2.05761316872428,-2.93717052675607
2.05338809034908,-3.44830669653198
2.05263775270925,-2.47012396665597
2.04918032786885,-3.45214951211973
2.04498977505112,-2.77296367499103
2.04081632653061,-2.50168216017287
2.03849339825246,-2.57621476224896
2.03665987780041,-3.01465198962854
2.03252032520325,-3.4460935984015
2.02839756592292,-2.86659336996167
2.0244465099768,-3.01063703470727
2.02429149797571,-2.23712312801252
2.02020202020202,-1.89978148799515
2.01612903225806,-3.29224890879929
2.01207243460765,2.47792404970945
2.0104964162605,-0.769026175850693
2.00803212851406,-2.24281070576206
2.00400801603206,-3.16624815730152
2,-3.6235497079004
1.99664245010979,0.311282628662856
1.99600798403194,-3.45748752606557
1.99203187250996,-3.38365571939603
1.98807157057654,-2.33635541344189
1.98412698412698,-3.62347738295132
1.98288394912707,-3.23550411598061
1.98019801980198,-3.02474947728357
1.97628458498024,-2.64009153010296
1.9723865877712,-3.3414096648277
1.96922025547917,-2.52071579601427
1.96850393700787,-3.63448771574648
1.96463654223969,-2.97356152321235
1.96078431372549,-3.42675597357704
1.95694716242661,-3.14827982379613
1.95565071586595,-3.31165859185973
1.953125,-3.09431609078335
1.94931773879142,-3.45817976682069
1.94552529182879,-2.97711348651721
1.94217468148903,-2.76733898716007
1.94174757281553,-3.09200196778194
1.93798449612403,-3.24837455868358
1.93423597678917,-2.37332518715642
1.93050193050193,-2.2665295615259
1.92879150802078,-2.76446692700749
1.92678227360308,-1.79339855824132
1.92307692307692,-0.664649417305109
1.91938579654511,-2.77154109056967
1.91570881226054,-3.34090814561624
1.91550055557353,-3.32181383773981
1.91204588910134,-2.28173220678517
1.90839694656489,-3.09285067310638
1.9047619047619,-3.5146671130971
1.90230118866894,-3.63947500765995
1.90114068441065,-3.53935692012645
1.89753320683112,-3.6106770188184
1.89393939393939,-3.55284338954443
1.89035916824197,-1.06275884920266
1.88919277620767,-0.840289979756458
1.88679245283019,-3.43231023355134
1.88323917137476,-3.26363175884985
1.8796992481203,0.962906184250234
1.87617469143912,-2.49700395469311
1.87617260787992,-2.48018357212159
1.87265917602996,-2.77929512210401
1.86915887850467,-3.26153752487259
1.86567164179104,-2.55192811758702
1.86324631193156,-3.59733033660639
1.86219739292365,-3.49274221022336
1.85873605947955,-3.22863401985667
1.85528756957328,-2.41100914342477
1.85185185185185,-2.61326932423959
1.8504070195423,-3.30615021793487
1.84842883548983,-3.66089045120598
1.8450184501845,-1.52274538962252
1.84162062615101,-2.83869792720348
1.83823529411765,-2.34354489979169
1.83765620038817,-3.59343388257819
1.8348623853211,-2.68819027144395
1.83150183150183,-3.60981530293766
1.82815356489945,-2.15189394182387
1.82499324481615,-3.57390554158966
1.82481751824817,-3.01910139608482
1.82149362477231,-1.20826370878738
1.81818181818182,-3.53333970443837
1.81488203266788,-3.27861951045561
1.81241754737424,-2.55482035566971
1.81159420289855,-3.51530352138534
1.80831826401447,-2.83797762231783
1.80505415162455,-3.29594352565332
1.8018018018018,-1.71209623129136
1.79992850678248,0.909284798126852
1.79856115107914,-2.62436182103776
1.79533213644524,-3.65995479468101
1.7921146953405,-2.24552287676557
1.78890876565295,-2.91564288250403
1.78752552590424,-1.39253772339311
1.78571428571429,-3.10126022435603
1.7825311942959,-1.91579660656704
1.77935943060498,-1.7760022668469
1.77619893428064,-3.2747462813502
1.77520801171763,-2.02574333602929
1.77304964539007,-2.93376793265726
1.76991150442478,-3.57911148491943
1.76678445229682,-0.4841115806751
1.7636684303351,-2.43096283064072
1.76297537528721,-2.49009406842837
1.76056338028169,-3.27416869820113
1.75746924428822,-3.18411383506797
1.75438596491228,-3.17695747632861
1.75131348511384,-3.53660963029035
1.75082703173572,-2.57866407517762
1.74825174825175,-2.00876227345953
1.74520069808028,-1.38374905021247
1.74216027874564,-3.40531379481804
1.73913043478261,-3.07138521056539
1.73876240021625,-3.23619489021784
1.73611111111111,-3.40836567780148
1.73310225303293,-3.43676382347293
1.73010380622837,-1.88565419622118
1.72711571675302,-3.63493796237567
1.72678090388436,-0.959319775962522
1.72413793103448,-2.019434711247
1.72117039586919,-3.37745392957957
1.71821305841924,-1.30872937646462
1.71526586620926,-3.30177281896432
1.71488196987054,-3.36783306072847
1.71232876712329,-1.45234046298934
1.70940170940171,-0.816446838731802
1.70648464163823,-3.26445849339408
1.70357751277683,-3.48427923944403
1.70306502925284,-1.73859524263078
1.70068027210884,-3.07566499022577
1.69779286926995,-3.39263368802936
1.69491525423729,-1.54225866525085
1.69204737732657,-3.15499790514441
1.69132951702965,-3.09316203754691
1.68918918918919,-3.08576356244215
1.68634064080944,-3.25807781843947
1.68350168350168,-3.51388424548081
1.68067226890756,1.14539287618816
1.67967487209265,-3.58833371801041
1.67785234899329,-2.37972585009252
1.6750418760469,-2.5537900177769
1.67224080267559,-3.60429936707554
1.669449081803,-1.83596023297813
1.66810053720006,-2.17816078730525
1.66666666666667,-2.8603222452409
1.66389351081531,-3.64429206085698
1.66112956810631,-3.10554019073349
1.65837479270315,-3.53314548691766
1.65660595894991,-2.39722066382684
1.65562913907285,-0.969152492620149
1.65289256198347,-3.34045701348948
1.65016501650165,-3.3686492016187
1.64744645799012,-2.34265681951713
1.64519058775366,-2.06705662052912
1.64473684210526,-0.742183992032476
1.64203612479475,-2.49876161868131
1.63934426229508,-3.01615328324923
1.6366612111293,-2.56458438393541
1.63398692810458,-2.39283361831924
1.63385387780986,-1.62586197312431
1.63132137030995,-2.88034626616648
1.62866449511401,-2.66257585717012
1.6260162601626,-1.91503260018693
1.62337662337662,-2.63505380185291
1.62259528707809,-3.34094887277335
1.62074554294976,-3.29554934657765
1.61812297734628,-3.57281157049253
1.61550888529887,-3.64157191301437
1.61290322580645,-3.2184932595308
1.61141427725302,-3.09060098323384
1.61030595813205,-2.79999292161271
1.60771704180064,-3.65864687496257
1.60513643659711,-2.79056279781038
1.6025641025641,-3.43592190479178
1.6003103137387,-3.13632966874315
1.6,-1.42467800813342
1.59744408945687,-1.82442701281756
1.59489633173844,0.360125568132436
1.59235668789809,-1.32933388140556
1.58982511923688,-2.94299262292666
1.58928286562298,-2.83948453721136
1.58730158730159,-2.40309141576334
1.58478605388273,-2.16078444523118
1.58227848101266,-3.11122695453313
1.57977883096367,-2.35645306920089
1.57833140565212,-3.22066534396385
1.57728706624606,-1.55658292097437
1.5748031496063,-3.55747827309876
1.57232704402516,-2.20038639728655
1.56985871271586,-0.380698551199667
1.5674554102056,-3.46310270625279
1.56739811912226,-2.95746875970171
1.56494522691706,-2.91179987140374
1.5625,-1.58481502731071
1.5600624024961,-3.00431113656752
1.55763239875389,-3.45868025582545
1.55665435927106,-2.29713045135973
1.5552099533437,-1.12853037486853
1.5527950310559,-3.18662587337344
1.55038759689922,-2.56431239721068
1.54798761609907,-2.10094297341704
1.54592773641948,-3.58537933787117
1.54559505409583,-3.43892762347344
1.54320987654321,-2.87384753582661
1.54083204930663,-3.29239948972626
1.53846153846154,-1.3464062347417
1.53609831029186,-2.52753536301797
1.53527502878042,-0.140034378990445
1.53374233128834,-3.54382578732067
1.53139356814701,-2.71240107988346
1.52905198776758,-3.41571623697076
1.52671755725191,-2.88940965763144
1.52469572701757,-3.53432683649164
1.52439024390244,-1.72875628536432
1.5220700152207,-3.17763636736695
1.51975683890577,-3.63033274428708
1.51745068285281,1.06668519397424
1.51515151515152,-0.977309776257424
1.51418932530435,-3.22804535954726
1.51285930408472,-3.51733501483146
1.51057401812689,-3.38782370447954
1.50829562594268,-1.72027923806938
1.50602409638554,-3.26021152651993
1.50375939849624,-1.61038815539815
1.50375532129974,-1.62851579663818
1.5015015015015,-2.07027121254604
1.49925037481259,-2.99244421874202
1.49700598802395,-3.59872055543458
1.49476831091181,-2.50141369633566
1.49339321612425,-0.956478391330459
1.49253731343284,-3.30788485693817
1.4903129657228,-2.92320740176752
1.48809523809524,-1.91841408979728
1.48588410104012,-1.7839930931964
1.48367952522255,-3.59449091324991
1.4831025143361,-2.78724568098796
1.48148148148148,-2.2987071439059
1.4792899408284,-3.19646728727129
1.47710487444609,-1.3464122110122
1.47492625368732,-3.33875322333547
1.4728827239075,-2.59430971308471
1.47275405007364,-2.77191685802181
1.47058823529412,-2.93209042463131
1.46842878120411,-2.416860555614
1.46627565982405,-3.35945024512052
1.46412884333821,-1.45512993623656
1.46273335620113,-1.76298828202747
1.46198830409357,-3.26062435478645
1.45985401459854,-3.52948968894047
1.45772594752187,-3.24053627787715
1.45560407569141,-3.19880707110736
1.45348837209302,-0.875943720142327
1.45265392594678,-3.5705942923722
1.45137880986938,-1.39187826212865
1.44927536231884,-2.36582016741589
1.44717800289436,-3.28628859908256
1.44508670520231,-2.75543205003053
1.44300144300144,-2.38769307126177
1.44264395121816,-1.80863364100726
1.44092219020173,-3.54479780557072
1.43884892086331,-2.25132718475852
1.4367816091954,-3.0605954211792
1.43472022955524,-1.44781431828563
1.43270295340983,-2.75773779037503
1.43266475644699,-2.97495580620766
1.43061516452074,-3.19905793479445
1.42857142857143,2.1141402526318
1.4265335235378,0.289775389525592
1.42450142450142,-0.230341377013228
1.42283045721435,-3.18146923117147
1.42247510668563,-3.59226586235776
1.42045454545455,1.8758296062792
1.41843971631206,-3.34614726254501
1.41643059490085,-0.850323174046944
1.41442715700141,-2.34120647425085
1.41302599059953,-2.81537821240063
1.41242937853107,-3.32525695610242
1.41043723554302,-3.50775322483345
1.40845070422535,-3.40496982344628
1.40646976090014,-3.18075536829131
1.40449438202247,-2.9692002092636
1.40328908478587,-1.91915547529485
1.40252454417952,-3.32378229221605
1.40056022408964,-3.0953980493655
1.3986013986014,-3.49501411504645
1.39664804469274,-3.55625812373629
1.39470013947001,-1.60715273078999
1.39361927422414,-2.41970860760771
1.39275766016713,-3.22318591420459
1.39082058414465,-3.23831122815433
1.38888888888889,-2.75989527413004
1.3869625520111,-2.59898095271712
1.38504155124654,-3.33967772793154
1.38401609657313,-1.448560324322
1.38312586445367,2.68292496591331
1.38121546961326,-1.50418146801966
1.37931034482759,-2.96563680190958
1.37741046831956,-0.649403927951577
1.37551581843191,-1.89331116344702
1.37447909267754,-1.86585015081219
1.37362637362637,-2.67247504456132
1.37174211248285,-2.61659123812175
1.36986301369863,-0.507677314590619
1.36798905608755,-2.27269843881707
1.36612021857923,-3.34715278262122
1.36500780654601,-1.28685925879152
1.36425648021828,-2.61374441528066
1.36239782016349,-2.89255679289841
1.36054421768707,-1.56292344178159
1.35869565217391,-3.49428764783515
1.35685210312076,-3.0678711128002
1.35560178532937,-2.30762899748226
1.3550135501355,-2.63093480021684
1.3531799729364,-3.50574016170001
1.35135135135135,-3.52027851271854
1.34952766531714,-3.63238486176489
1.34770889487871,-2.93552058842458
1.34626057929891,-3.09358359909312
1.34589502018843,-2.32996404707775
1.34408602150538,-3.00193814596296
1.34228187919463,-2.46858372959521
1.34048257372654,-3.62299895726197
1.33868808567604,-3.37023158164409
1.33698374182495,-1.40037625279536
1.33689839572193,-1.60566288993932
1.33511348464619,-2.40933799027702
1.33333333333333,-3.42016837155405
1.33155792276964,-2.50931877708497
1.32978723404255,-1.54591184376046
1.32802124833997,-1.82204812797273
1.32777082935543,-3.12169813143849
1.3262599469496,-2.67180390030013
1.32450331125828,-2.17972418831199
1.32275132275132,-1.89020079189286
1.32100396301189,-2.45097179703184
1.31926121372032,-3.00648629674678
1.31862140139475,-3.16062709290066
1.31752305665349,-3.13258055865218
1.31578947368421,-2.55413984453314
1.31406044678055,0.290241507185773
1.31233595800525,-2.37730356996972
1.31061598951507,-2.7069041856288
1.30953502048267,-2.98607592083642
1.30890052356021,-2.62076975782487
1.30718954248366,-0.821271307865525
1.30548302872063,-3.32250596626785
1.30378096479791,-2.96293621360358
1.30208333333333,-0.969021115944069
1.30051125217341,-3.13974823989012
1.30039011703511,-3.49151636176115
1.2987012987013,-3.06971602950564
1.2970168612192,-3.66233309426768
1.29533678756477,-2.26825756599912
1.29366106080207,-3.60495837946957
1.29198966408269,-2.74305473301272
1.29154966501488,-3.04136030385372
1.29032258064516,-3.33598445171328
1.28865979381443,-2.37699703017436
1.28700128700129,-3.40767538267856
1.2853470437018,4.8614945005016
1.28369704749679,-3.64594155992848
1.28264983052806,-2.84822779188483
1.28205128205128,-3.31810838946638
1.28040973111396,-2.1316180053793
1.27877237851662,-2.54753346188162
1.27713920817369,-3.14685044273672
1.27551020408163,-2.38762268740681
1.27388535031847,-0.0364131434511519
1.27381132318648,0.304386723754438
1.27226463104326,-3.5507524715674
1.27064803049555,-2.53573120458663
1.26903553299492,-3.45044778984167
1.26742712294043,-3.61522531742257
1.26582278481013,-2.30575021608662
1.2650337203959,-2.65260436143871
1.26422250316056,0.389804677833969
1.26262626262626,-3.18425857035099
1.26103404791929,-3.4425846642908
1.25944584382872,-1.75363948535182
1.25786163522013,-1.15184095751929
1.25631660247412,-2.90617229569996
1.25628140703518,-2.91849886556435
1.25470514429109,-0.819384374208407
1.2531328320802,-2.42365414411021
1.25156445556946,-3.18874909502754
1.25,-3.61248492317098
1.24843945068664,-1.88768593027954
1.24765955263087,-1.34680766027243
1.24688279301746,-3.56447409317642
1.2453300124533,-2.8978412805434
1.24378109452736,-1.8486887586432
1.24223602484472,-2.93743318203171
1.24069478908189,-2.85596724196419
1.23915737298637,-2.2033273379299
1.23906215694792,-3.17629121126894
1.23762376237624,-2.25181916890683
1.23609394313968,-3.51249960045096
1.23456790123457,-3.55686637895824
1.23304562268804,-3.6192135852802
1.23152709359606,-3.49156249197584
1.23052400435926,-2.2581570561784
1.230012300123,-1.48636678360604
1.22850122850123,-3.18665984944483
1.22699386503067,-3.53387439192589
1.22549019607843,-2.93398103865176
1.22399020807834,-2.6535258974077
1.22249388753056,-3.33697862989838
1.22204468663149,-3.60786183967609
1.22100122100122,-1.77514352800049
1.21951219512195,-2.40682151399993
1.21802679658952,-0.658712901486505
1.21654501216545,-2.51845287985516
1.21506682867558,0.0701908750523801
1.21362379834424,-3.20800904070866
1.21359223300971,-2.78651379645559
1.21212121212121,-3.03152845975849
1.21065375302663,-2.36898034086171
1.20918984280532,-2.32820724074672
1.20772946859903,-2.79864671482779
1.20627261761158,-3.01124980666291
1.20526093687084,-3.54503593951692
1.20481927710843,-3.0980312043798
1.20336943441637,-2.80079075251826
1.20192307692308,-2.34644249352247
1.20048019207683,-1.64691478234034
1.19904076738609,-2.84790950216451
1.19760479041916,-3.51454117616525
1.19695570235904,-2.48101431362839
1.19617224880383,-3.52870838618476
1.194743130227,-3.0728517015021
1.19331742243437,-3.12678369156118
1.19189511323004,-0.564499583955334
1.19047619047619,-2.11647185347793
1.18906064209275,-3.65263563436066
1.1887076977119,-2.95502510076424
1.18764845605701,-0.235680354945468
1.18623962040332,-2.17030353464737
1.18483412322275,-3.29236154720023
1.18343195266272,-2.20251837488847
1.18203309692671,0.370372145727221
1.18063754427391,-2.83439252676997
1.18051652856881,-3.43691530073751
1.17924528301887,-2.99480347835945
1.17785630153121,-2.21192891052574
1.17647058823529,-2.63715644236974
1.17508813160987,-3.42359778264993
1.17370892018779,-3.53138993999813
1.1723818032866,-2.80219790878861
1.17233294255569,-2.69033041432616
1.17096018735363,-2.22719858481694
1.16959064327485,-2.09043017587158
1.16822429906542,-3.07685368652254
1.16686114352392,-1.38853732659471
1.16550116550117,-3.1065418307033
1.16430313292088,-3.64682983283607
1.16414435389988,-0.907646574272699
1.16279069767442,-3.04632336117607
1.16144018583043,-2.76518117793172
1.16009280742459,-3.06216428237924
1.15874855156431,-2.78613489164415
1.15740740740741,-2.97298341843212
1.15628013120738,-2.91119446905376
1.15606936416185,-1.35031533316195
1.15473441108545,-2.21059684998867
1.15340253748558,-3.03257543026155
1.15207373271889,-2.98625929878009
1.15074798619102,-3.52721408188718
1.14942528735632,-1.88035108398499
1.14831241454351,-3.60876229814589
1.14810562571757,-3.34215136167027
1.14678899082569,-0.555694757800363
1.1454753722795,-3.16312382072489
1.1441647597254,-1.53539753947198
1.14285714285714,-3.62248403424787
1.14155251141553,-1.62469559243642
1.14039960197003,-2.42128586214109
1.14025085518814,-2.24192672336003
1.13895216400911,-3.64429156465693
1.13765642775882,-3.6248941427268
1.13636363636364,-3.28728433317228
1.13507377979569,-3.48455120482397
1.13378684807256,-2.59836363941708
1.13254131515281,1.03312982727566
1.13250283125708,-0.275577070703927
1.13122171945701,-0.0407087092969318
1.12994350282486,-3.11408400925454
1.12866817155756,-3.5210919375999
1.12739571589628,-1.24279264459669
1.12612612612613,-1.92324902699566
1.12485939257593,-3.11866567741491
1.12473717836475,-3.57258459739169
1.12359550561798,-3.34334306599784
1.12233445566779,-2.44979944924271
1.12107623318386,0.222553979034321
1.11982082866741,-3.66299591245727
1.11856823266219,-2.82046174124234
1.11731843575419,-0.532785572399528
1.11698681846782,-1.83332425042483
1.11607142857143,-2.29456795179136
1.11482720178372,-3.64674017271117
1.11358574610245,-3.13267886591391
1.11234705228031,-1.70185163805801
1.11111111111111,-2.08501700308936
1.10987791342952,-3.04474649986617
1.10928986489522,-0.644548837506231
1.10864745011086,-1.78852706262831
1.10741971207087,-3.59519485176458
1.10619469026549,-3.65235799326892
1.10497237569061,-3.21148912114732
1.1037527593819,-0.464921564030912
1.10253583241455,-2.94528106258455
1.10164594963366,-3.37295238488128
1.10132158590308,-2.0230619645376
1.1001100110011,-1.74170874985539
1.0989010989011,-1.91577885554379
1.09769484083425,-3.06402525347964
1.09649122807018,-2.67382372711067
1.09529025191676,-2.15948194510996
1.09409190371991,-2.07607983722279
1.09405470720574,-1.80091100682973
1.09289617486339,-3.59175474715577
1.09170305676856,-2.9218346351078
1.09051254089422,-3.44275537532745
1.08932461873638,-1.68884236015812
1.08813928182807,-3.56026151787749
1.08695652173913,-2.23119450454486
1.08651577465254,-2.23127483201845
1.085776330076,-0.531115549423457
1.08459869848156,-3.56478413224361
1.08342361863489,-3.54440813493171
1.08225108225108,-1.25382174730059
1.08108108108108,-1.34013612921067
1.07991360691145,-3.088741106862
1.07902879151618,-0.769650113779885
1.07874865156419,-3.62207638233651
1.07758620689655,-3.3288457543724
1.07642626480086,-2.8994521454892
1.0752688172043,-2.97074736364111
1.07411385606874,-0.866649756091372
1.07296137339056,-2.88421147381161
1.07181136120043,-2.38987444284903
1.07159339982267,-3.35301680347346
1.07066381156317,-3.06915427354498
1.06951871657754,-0.55226755548109
1.06837606837607,-2.3106179408014
1.06723585912487,-1.9241276559798
1.06609808102345,1.29777764696563
1.06496272630458,-3.20924614729138
1.06420924406472,-1.99317726147394
1.06382978723404,-2.60267159526206
1.06269925611052,-3.04597674139115
1.06157112526539,-3.06819031779731
1.06044538706257,-2.95464400796045
1.0593220338983,-2.68381259231763
1.05820105820106,-1.81559243685067
1.05708245243129,-2.46481631438457
1.0568759711848,-2.68862974699958
1.05596620908131,-3.5587907587131
1.05485232067511,-1.96757054600827
1.05374077976818,-1.81137506453966
1.05263157894737,-3.38884140263736
1.0515247108307,-2.16040900928605
1.05042016806723,0.166929406831078
1.04959323055823,-3.66237350786521
1.04931794333683,-0.970353209591916
1.0482180293501,-3.15769020481342
1.04712041884817,-2.38908258831988
1.04602510460251,-2.28192289832289
1.04493207941484,-2.90766285999485
1.04384133611691,-3.22173945839999
1.04275286757039,0.470398942834483
1.0423606739764,-2.13165400753705
1.04166666666667,-0.625122897166203
1.04058272632674,-1.98100543809486
1.03950103950104,-2.7110756708367
1.03842159916926,-0.746200340353236
1.03734439834025,-3.38820973706494
1.03626943005181,-2.9434176312928
1.0351966873706,-2.97615267949724
1.03517795563018,-2.7523501368572
1.03412616339193,-3.02713222322562
1.03305785123967,-2.44167078283995
1.03199174406605,-2.93071972613803
1.03092783505155,-2.05350499942581
1.02986611740474,-3.65333669185868
1.02880658436214,-3.39472644889856
1.02804473209331,-1.04105537625399
1.02774922918808,-3.25440117838518
1.02669404517454,-3.00112452550918
1.02564102564103,-2.74969339522716
1.02459016393443,-2.24930349354623
1.02354145342886,-3.30997736435306
1.02249488752556,-3.5379631766619
1.02145045965271,-3.2142618234259
1.02096066230605,-3.33878152616488
1.02040816326531,-2.5166042537394
1.01936799184506,-1.6629870240546
1.0183299389002,-1.2636308843911
1.01729399796541,-3.12263358748789
1.01626016260163,-2.73283480218579
1.01522842639594,-1.56525737920385
1.01419878296146,-3.43604641033907
1.01392540755882,-3.29971856218203
1.01317122593718,0.310274871580437
1.01214574898785,-3.22919978110168
1.01112234580384,-2.11851455270583
1.01010101010101,-3.50740249565531
1.00908173562059,-2.17352402515608
1.00806451612903,-2.65321924207542
1.00704934541793,-2.63131483722209
1.00693863147603,-2.16851894479596
1.00603621730382,-3.41135686255897
1.00502512562814,-3.23343970040097
1.00401606425703,-2.46839108516296
1.00300902708124,-3.39914407268524
1.00200400801603,-2.56661111256441
1.001001001001,-2.0611031149604
1,-2.00148979099724
