"bfp_output.P","bfp_output.logBF"
1000,0.497853570736528
993.109181374979,0.750325196594948
986.265846131283,0.864219015789605
979.46966706954,0.853741802869156
972.720319245055,0.75163878528257
966.017479952265,0.597528023665821
959.360828709315,0.426003118560648
952.75004724273,0.258841538620222
946.184819472201,0.102363566542995
939.66483149547,-0.0510775020052092
933.189771573324,-0.218726394314397
926.759330114689,-0.421047965416089
920.373199661823,-0.674403276644436
914.031074875623,-0.984729721806711
907.732652521023,-1.34466233019655
901.477631452492,-1.73539285894382
895.26571259964,-2.13212941313331
889.096598952916,-2.51025720415138
882.969995549409,-2.84961884100162
876.885609458743,-3.13608621752423
870.843149769073,-3.36120156374612
864.842327573172,-3.52128718195335
858.882855954625,-3.61715161268863
852.964449974103,-3.65462979464776
847.086826655741,-3.64496106070275
841.249704973612,-3.60332444991071
835.452805838287,-3.54504378082451
829.695852083491,-3.48141183827586
823.978568452852,-3.4178495486593
818.300681586739,-3.35507019264785
812.661920009195,-3.29190655191284
807.06201411495,-3.22842916940383
801.500696156541,-3.16888721676151
795.977700231499,-3.12395405864963
790.492762269642,-3.10990301735684
785.045620020451,-3.14082730692389
779.636013040523,-3.21583107067756
774.263682681127,-3.31494103799731
768.928372075831,-3.41177877154608
763.629826128224,-3.48866453197611
758.367791499719,-3.54010823910711
753.142016597437,-3.56810486570888
747.952251562182,-3.57708264214194
742.798248256492,-3.5711884042055
737.679760252773,-3.5533944599861
732.596542821523,-3.52571383018737
727.548352919623,-3.49044757560163
722.534949178721,-3.45184448494846
717.556091893692,-3.41534761993692
712.611543011175,-3.38416733605846
707.701066118189,-3.35869788668533
702.824426430835,-3.33914339588805
697.981390783066,-3.32725071537693
693.17172761554,-3.32646041174579
688.39520696455,-3.3411387149287
683.651600451024,-3.37461466498443
678.940681269611,-3.42569516275038
674.262224177835,-3.48556091919387
669.616005485322,-3.53967120119109
665.001803043112,-3.57583594186992
660.419396233031,-3.59106298091119
655.868565957143,-3.59079961065474
651.349094627281,-3.58368276750046
646.860766154633,-3.57725737078304
642.40336593942,-3.57605643908378
637.976680860628,-3.58121592436525
633.580499265825,-3.59113269194297
629.214610961035,-3.6029295586821
624.878807200689,-3.61392722720721
620.57288067765,-3.62217087758041
616.296625513294,-3.62600925155307
612.04983724767,-3.62368068135087
607.832312829723,-3.61373320463788
603.643850607587,-3.59601923504844
599.484250318941,-3.57203046756573
595.353313081437,-3.54366387984329
591.250841383188,-3.51086947917407
587.176639073326,-3.46954679788792
583.130511352622,-3.41169679443218
579.112264764176,-3.33063184570623
575.121707184161,-3.23109140959421
571.158647812643,-3.13454435703921
567.222897164454,-3.06982171463438
563.314267060136,-3.05802432608852
559.432570616938,-3.10508342218126
555.577622239888,-3.19936796213731
551.749237612913,-3.30933646600367
547.947233690029,-3.38842203780275
544.171428686589,-3.39577641837836
540.421642070592,-3.32109626240999
536.697694554048,-3.19057263849053
532.999408084409,-3.05265386918766
529.326605836056,-2.9572451735312
525.679112201842,-2.93122057690631
522.056752784698,-2.95597282665566
518.459354389291,-2.97341975518297
514.886745013749,-2.92558088129213
511.338753841433,-2.78822116120896
507.815211232767,-2.57899670613225
504.315948717136,-2.35588861378256
500.840798984821,-2.20405070723374
500,-2.18670652214693
497.389595879006,-2.18996083805522
493.962174387832,-2.31071350349675
490.558370636505,-2.50505148245874
487.178021879463,-2.7091943878889
483.820966492595,-2.88905956991
480.487043965513,-3.03844416096335
477.176094893875,-3.16583099145991
473.887960971765,-3.28099279836318
470.622484984128,-3.38616341541278
467.379510799247,-3.47497642743535
464.158883361278,-3.53502704275108
460.960448682844,-3.55129685010989
457.784053837662,-3.51411778548926
454.62954695324,-3.42926427257917
451.49677720361,-3.3167694560464
448.385594802119,-3.19624185241018
445.295850994266,-3.07579601118872
442.22739805059,-2.95411933251439
439.180089259609,-2.83001863150694
436.153778920801,-2.71078980895931
433.14832233764,-2.61296196407799
430.16357581068,-2.55738242184067
427.199396630678,-2.56490831992688
424.255643071778,-2.65048256893634
421.332174384729,-2.81516380995258
418.428850790158,-3.0443187676107
415.545533471888,-3.30805911165951
412.682084570296,-3.54377680614005
409.838367175726,-3.62791315556187
407.014245321944,-3.4381102852317
404.209583979631,-3.03289311862552
401.424249049932,-2.60778605630231
398.658107358044,-2.26716162965262
395.911026646846,-2.00348412512467
393.182875570577,-1.77908195070206
390.473523688556,-1.55959093744247
387.782841458946,-1.30282034108374
385.110700232557,-0.946559752921199
382.4569722467,-0.422280195084435
379.821530619074,0.251570960682433
377.2042493417,0.703109962420162
374.605003274899,0.359458746421827
372.023668141307,-0.543909521411204
369.46012051993,-1.44602575760508
366.914237840249,-2.17021193619071
364.385898376355,-2.45226797861583
361.874981241128,-1.71065609537502
359.381366380463,-0.1957705192121
356.904934567523,1.11708326339865
354.445567397043,1.66224956271281
352.003147279668,0.993336366171993
349.577557436327,-0.649431226505508
347.168681892656,-1.87556225120668
344.776405473446,-2.08606197110181
342.400613797142,-1.88971014708154
340.041193270371,-1.89683968956306
337.698031082509,-2.11815000959363
335.371015200293,-2.06206510434601
333.333333333333,-1.49317076171315
333.060034362459,-1.38131787416166
330.764978074424,-0.28959185564015
328.485736603004,0.444707549443156
326.222200971167,-0.0425915701479864
323.97426295282,-1.403298887209
321.741815067637,-2.35669034926449
319.524750575921,-2.30726010215561
317.322963473498,-1.19487275540039
315.136348486648,0.747931322203489
312.964801067075,2.516222996695
310.808217386907,2.84447613164143
308.666494333727,1.59875533440577
306.539529505653,-0.399622251485662
304.42722120643,-2.14808726057522
302.329468440578,-2.88349600819272
300.246170908555,-2.22909673504993
298.177229001967,-0.31987880289888
296.122543798804,1.89352688444915
294.082017058706,3.28165283327734
292.055551218275,3.53750975934095
290.043049386399,2.6378668374944
288.04441533963,0.680241361851093
286.059553517574,-1.44102111276349
284.08836901833,-2.28691695299203
282.130767593947,-1.12219124078832
280.18665564592,0.975902663160515
278.255940220713,2.31107351079344
276.338529005317,2.12575007210196
274.434330322837,0.59617478272482
272.543253128103,-1.45619650954641
270.665207003324,-2.78938085700396
268.800102153761,-2.51905921457789
266.947849403432,-0.892793209341231
265.108360190854,1.08545232875689
263.281546564802,2.29680348048312
261.467321180109,1.79042914533828
259.665597293487,-0.543033290527101
257.87628875938,-2.81438668230039
256.099310025846,-3.53340620569919
254.334576130465,-3.22441834280236
252.582002696278,-2.34527919919155
250.841505927754,-1.18983300576466
250,-0.738092420873197
249.113002606779,-0.480433568183865
247.396410088681,-1.08111040864783
245.691646298279,-2.50953836403361
243.998629725955,-3.0836996838528
242.31727942376,-3.19908097178223
240.647515001542,-3.40881622089277
238.989256623105,-3.58921169480909
237.342425002387,-3.55630027665652
235.706941399673,-3.13235271347885
234.082727617829,-2.76671084167024
232.469705998565,-2.96225629624511
230.867799418717,-3.3662110661295
229.276931286565,-3.65698031598707
227.697025538168,-3.2074352634183
226.128006633728,-1.51002861202995
224.569799553977,0.384941950773727
223.022329796594,0.953934208980816
221.485523372636,0.489374393516148
219.959306803008,-1.03118603352838
218.443607114943,-3.04817734269609
216.938351838519,-3.42801883672429
215.443469003188,-2.09247733577153
213.958887134342,-0.782045169133407
212.484535249888,-0.111177421142098
211.02034285686,-0.60860775279779
209.566239948043,-1.95622146654231
208.122156998634,-2.94354557603254
206.688024962908,-3.27815324319739
205.263775270925,-3.22694470015089
203.849339825246,-3.21308601303992
202.44465099768,-3.4023831079934
201.04964162605,-3.51979239444675
200,-3.56699636173941
199.664245010979,-3.58120025235204
198.288394912707,-3.5464568540185
196.922025547917,-3.38944846380523
195.565071586595,-3.3121733726917
194.217468148903,-3.13037660585361
192.879150802078,-3.12235387395482
191.550055557353,-3.39152472790526
190.230118866895,-3.52973668909528
188.919277620767,-3.29908710199031
187.617469143912,-2.40416316284883
186.324631193156,-1.88641628025295
185.04070195423,-2.68035932884025
183.765620038817,-3.33935563308828
182.499324481615,-3.60264510031062
181.241754737424,-3.38991895802037
179.992850678248,-2.66246236846289
178.752552590424,-2.01899813637014
177.520801171764,-2.36628502088505
176.297537528721,-3.3792338841785
175.082703173572,-3.61658240496812
173.876240021625,-2.65185033655573
172.678090388436,-1.24832823179416
171.488196987054,-1.63380683967729
170.306502925284,-2.95015276145032
169.132951702965,-3.52058245333979
167.967487209265,-2.36051628575221
166.810053720006,-0.251061651156344
166.666666666667,-0.120638242814532
165.660595894991,-0.415118070605511
164.519058775366,-1.69878741334589
163.385387780986,-1.36868957482157
162.259528707809,-0.0884016359446873
161.141427725302,-1.53650363395142
160.03103137387,-3.12173934625489
158.928286562298,-2.74837571133188
157.833140565212,-0.871564224069924
156.745541020559,0.181048202036426
155.665435927106,-1.90062786097949
154.592773641948,-3.38474172899653
153.527502878042,-2.53793535088966
152.469572701757,-1.6574310262943
151.418932530435,-2.45187808309636
150.375532129974,-3.58844834276898
149.339321612425,-2.96298457190384
148.310251433611,-2.76295352349798
147.28827239075,-3.38008251516505
146.273335620113,-3.51410421867358
145.265392594678,-2.95784920967425
144.264395121816,-3.21777391713753
143.270295340983,-3.0977902095142
142.857142857143,-2.5543290771139
142.283045721435,-1.34365739201213
141.302599059953,-0.42591772286904
140.328908478587,-2.52825710139184
139.361927422414,-1.85682836885051
138.401609657313,2.63831987222402
137.447909267754,5.94011535395784
136.500780654601,0.290612768984393
135.560178532937,-3.52408613377834
134.626057929891,0.335978630494727
133.698374182495,5.63794042588812
132.777082935543,1.76151289996431
131.862140139475,-2.04704222158629
130.953502048267,-2.29939763627741
130.051125217341,-3.28766270020376
129.154966501488,-3.62200574966122
128.264983052806,-2.60321566563961
127.381132318648,-1.68783484209082
126.50337203959,-1.6147896749389
125.631660247412,-2.74498503744074
125,-3.26937238303618
124.765955263087,-3.43718875947747
123.906215694792,-3.52301924935396
123.052400435926,-3.16905403546606
122.204468663149,-3.2662325531363
121.362379834424,-3.24770970223208
120.526093687084,-2.9524976649469
119.695570235904,-3.2028398846047
118.87076977119,-3.63616116570825
118.051652856881,-3.4173907812373
117.23818032866,-3.59355431086795
116.430313292088,-3.39222877396896
115.628013120738,-2.80898024022032
114.831241454351,-2.90758017390921
114.039960197003,-2.65426167945246
113.254131515281,-2.65377934768706
112.473717836475,-3.48749776368369
111.698681846782,-3.17885635791763
111.111111111111,-2.5506638157852
110.928986489522,-2.59468089966198
110.164594963366,-3.37985687249768
109.405470720574,-3.52400813289214
108.651577465254,-3.34675963769824
107.902879151618,-1.68945800407651
107.159339982267,-0.882692105875956
106.420924406472,-2.42230024252468
105.68759711848,-2.86019035711898
104.959323055823,-0.503207901148225
104.23606739764,-0.277433489967744
103.517795563018,-2.38097854963673
102.804473209331,-3.58451856441711
102.096066230605,-1.17167950210311
101.392540755882,0.679534570586488
100.693863147603,-2.18197280532972
100,-1.77572723195631
100,-1.77572723195622
99.310918137498,-1.63094339502346
98.6265846131283,-3.09766824798471
97.946966706954,-2.04066652378885
97.2720319245054,-2.17005419502653
96.6017479952265,-3.09713300178889
95.9360828709315,-3.40657945439637
95.2750047242729,-3.65822433040516
94.61848194722,-3.57585949639967
93.966483149547,-3.22366807033655
93.3189771573324,-2.83309396374942
92.6759330114688,-3.6525398678301
92.0373199661823,-2.38151041185703
91.4031074875623,-1.89256085835658
90.9090909090909,-3.31158665183899
90.7732652521023,-3.29403855188253
90.1477631452492,-2.85389089196611
89.526571259964,-3.41970036137622
88.9096598952916,-0.639776804532981
88.2969995549409,-0.307744905628748
87.6885609458743,-2.86124262694563
87.0843149769073,-0.526441545909004
86.4842327573172,-1.43244810349686
85.8882855954625,-3.30966148523138
85.2964449974102,-1.50177826732313
84.7086826655741,-3.29585957111113
84.1249704973612,-2.37055160867792
83.5452805838287,-3.04912266448955
83.3333333333333,-3.41908234775509
82.9695852083491,-2.50612993126991
82.3978568452852,-0.836611604664919
81.8300681586739,-2.62587999643132
81.2661920009194,-2.10447094302053
80.706201411495,-2.77847894582588
80.150069615654,-3.66194896562252
79.5977700231498,-3.61842844493223
79.0492762269642,-3.39827991501378
78.5045620020451,-3.6354495242039
77.9636013040523,-2.95044686469226
77.4263682681127,-3.12571274566956
76.9230769230769,-2.03020353629618
76.8928372075831,-1.92849447759856
76.3629826128224,-3.29872065088967
75.8367791499719,-3.56445305177307
75.3142016597437,-3.26218484026701
74.7952251562182,-3.06850362377291
74.2798248256491,-2.77984019476609
73.7679760252773,-3.50603338781361
73.2596542821523,-1.23493197327393
72.7548352919623,-2.9180302742814
72.2534949178722,-3.18353430796248
71.7556091893693,-3.28435314427916
71.4285714285714,0.45218635314949
71.2611543011175,1.69282887927155
70.7701066118189,-0.519711259909609
70.2824426430835,-0.674177183759592
69.7981390783066,-1.55126114202327
69.3171727615541,-3.46582173661964
68.839520696455,-3.34375871602283
68.3651600451024,-3.29585108309179
67.8940681269611,-2.96180718245601
67.4262224177834,-2.97918171447686
66.9616005485322,-2.34302377546636
66.6666666666667,-0.519256314171069
66.5001803043112,-0.850044713275575
66.0419396233031,-1.005726470134
65.5868565957143,-3.62386517061706
65.134909462728,0.406182928237475
64.6860766154633,-3.01291727512897
64.2403365939419,-2.35048904526509
63.7976680860628,-2.89073410214733
63.3580499265825,0.341327823741541
62.9214610961034,-3.6358174698462
62.5,-1.86612926324083
62.4878807200689,-1.85789696001857
62.057288067765,-2.92633505882115
61.6296625513294,-3.61927749712775
61.204983724767,-2.33341143256741
60.7832312829723,-3.51039932401705
60.3643850607587,-3.41894190971005
59.9484250318941,-3.32945226355961
59.5353313081437,-2.99890496702757
59.1250841383188,-1.6846404897329
58.8235294117647,-3.20624297469216
58.7176639073326,-2.95923804434404
58.3130511352622,-3.50265714955038
57.9112264764176,-3.04626741652363
57.5121707184161,-3.54331700613521
57.1158647812643,-2.18059627851248
56.7222897164454,-3.1913285477252
56.3314267060136,-0.769311887714319
55.9432570616938,-1.62540405013827
55.5577622239888,-2.38614056797068
55.5555555555556,-2.3863627814792
55.1749237612912,-1.02979668879989
54.7947233690029,-2.56929424768539
54.4171428686589,-1.86170840075858
54.0421642070592,-2.11795859779168
53.6697694554048,-3.65747150347429
53.2999408084409,-3.06322043029085
52.9326605836056,-2.21507339055578
52.6315789473684,-2.62077456868972
52.5679112201842,-2.67358224940811
52.2056752784698,-2.67155407178246
51.8459354389291,-3.56589053374965
51.488674501375,-3.2698528367887
51.1338753841433,-2.04805131445981
50.7815211232767,-2.10336730049378
50.4315948717136,2.85147232233856
50.0840798984821,-2.55924963637663
50,-1.0186615451327
49.7389595879007,-3.1487330241399
49.3962174387832,-0.791893945815455
49.0558370636505,-1.71225316330868
48.7178021879463,-1.27895640413065
48.3820966492596,-3.49580580550691
48.0487043965513,0.4101723924117
47.7176094893875,-3.60517446742464
47.6190476190476,-2.72705623500185
47.3887960971765,-1.4723013953439
47.0622484984128,-3.54881921276579
46.7379510799246,-3.4727052064389
46.4158883361278,-1.9657930986704
46.0960448682843,-2.45270946916757
45.7784053837662,-2.74260355841416
45.462954695324,-2.94080402490404
45.4545454545455,-3.03328729786959
45.149677720361,0.208381821956171
44.8385594802119,-3.1058500938761
44.5295850994266,-3.02358059595276
44.2516733097705,6.35820798198764
43.9180089259609,-1.25183367168223
43.6153778920801,-2.15460792576014
43.4782608695652,-1.87716148775136
43.314832233764,-3.43567756793113
43.016357581068,-3.58233684437509
42.7199396630678,-3.50340920888017
42.4255643071778,-2.2545734542774
42.1332174384729,-2.80939808612312
41.8428850790158,0.916085899324362
41.6666666666667,-2.10029928349881
41.5545533471888,-0.461042138682283
41.2682084570295,-2.26337805691535
40.9838367175726,-2.71971755651112
40.7014245321944,-1.26289632466135
40.4209583979631,-3.3905473967746
40.1424249049932,-2.52998695418007
40,-3.24972381594547
39.8658107358044,-3.36263596120041
39.5911026646846,-3.61206935154096
39.3182875570577,-2.78623164671877
39.0473523688556,-2.95958851845922
38.7782841458946,-3.45959818654709
38.5110700232557,-2.10031967960084
38.4615384615385,-1.22063917931622
38.24569722467,-3.35752622225332
37.9821530619073,-0.584681523578705
37.72042493417,-3.36046096511937
37.4605003274899,2.83118589972917
37.2023668141307,-2.44747228928777
37.037037037037,-2.35585610728422
36.946012051993,-3.13683952652583
36.6914237840249,-3.2233883249725
36.4385898376355,-2.63552342455615
36.1874981241128,-3.42585380632941
35.9381366380463,-3.10183872294477
35.7142857142857,-3.0939074858898
35.6904934567523,-2.78935141653586
35.4445567397043,-2.60330978533402
35.2003147279668,-3.54566918016031
34.9577557436328,-3.37828395524583
34.7168681892656,-3.35915582221487
34.4827586206897,-3.19254115361776
34.4776405473446,-3.1691619677591
34.2400613797142,-1.10512761702283
34.0041193270371,-0.977431060759907
33.7698031082509,-1.21289276963868
33.5371015200293,-1.957150986238
33.3333333333333,-1.02243308725469
33.3060034362459,0.129362634606214
33.0764978074424,0.0501779226953447
32.8485736603004,-1.00361724135238
32.6222200971167,-1.35215095498922
32.397426295282,-0.358651888589843
32.258064516129,-2.78977472256134
32.1741815067637,-1.41226182977344
31.9524750575921,-3.11063379635133
31.7322963473498,-3.00908420390486
31.5136348486648,-3.3594074967806
31.2964801067075,-3.59443392146731
31.25,-3.64385222973685
31.0808217386906,-3.48305901872352
30.8666494333727,-2.91799260100607
30.6539529505653,-3.22349999015098
30.442722120643,-0.300255079037508
30.3030303030303,-1.86360374740378
30.2329468440578,-0.571861366097504
30.0246170908555,-3.05441922228531
29.8177229001967,-1.68293365558854
29.6122543798804,-3.45946630543453
29.4117647058824,-3.50378380242092
29.4082017058706,-3.48250500711954
29.2055551218275,-3.04685574418401
29.0043049386399,-0.72172263618999
28.804441533963,-2.28595220450428
28.6059553517574,-2.37232312530811
28.5714285714286,-3.6142613464308
28.408836901833,-3.60372982049496
28.2130767593947,-3.16001245315577
28.018665564592,-3.16027952111046
27.8255940220712,-2.61453712597592
27.7777777777778,-3.41269910095893
27.6338529005317,-3.48278510876731
27.4434330322836,-2.01019835985691
27.2543253128103,-2.77135337349447
27.0665207003324,-0.652296850384725
27.027027027027,-1.80700855752745
26.8800102153761,-2.79758572453583
26.6947849403432,-0.988248031443827
26.5108360190854,-1.16585157957492
26.3281546564802,-3.49632075569356
26.3157894736842,-3.28875547666443
26.1467321180109,-3.52216676847147
25.9665597293487,-2.53974994370899
25.787628875938,-2.75666870608843
25.6410256410256,-2.63072792007811
25.6099310025846,-2.84108419548023
25.4334576130465,-2.57137309293123
25.2582002696278,-2.95638185437097
25.0841505927754,0.45779321976615
25,-0.847192066691274
24.9113002606779,-1.67290180034767
24.7396410088681,-2.4517846961602
24.5691646298279,-3.25876020094953
24.3998629725955,-1.39611316234483
24.390243902439,-2.0434547087553
24.231727942376,-3.04911694343179
24.0647515001542,-1.94968296334612
23.8989256623105,-3.46780697134416
23.8095238095238,-2.80635903631083
23.7342425002387,-3.53385134467363
23.5706941399673,-3.64951349366829
23.4082727617829,-2.20704639838304
23.2558139534884,-3.5851797068265
23.2469705998565,-3.63318811951298
23.0867799418717,-3.45680872911184
22.9276931286565,-3.60714494493716
22.7697025538168,-0.952349719761865
22.7272727272727,-2.37203426814478
22.6128006633728,-2.03200207344276
22.4569799553977,-2.85396548759719
22.3022329796594,-2.35696668477599
22.2222222222222,-3.28362196030853
22.1485523372636,-0.642477915809262
21.9959306803007,-1.57059595698693
21.8443607114943,-1.8868377608771
21.7391304347826,-2.56059756705498
21.6938351838518,-3.14999557320301
21.5443469003188,-3.20221546322268
21.3958887134342,-1.9530680039541
21.2765957446809,-0.737421019274374
21.2484535249888,-2.90125396812
21.102034285686,-3.6230033875871
20.9566239948043,-2.72314736664633
20.8333333333333,2.37016385830264
20.8122156998634,-2.75017078699384
20.6688024962908,-2.19102510748256
20.5263775270925,-3.14195848306063
20.4081632653061,-2.55712262300112
20.3849339825246,-2.07143798898108
20.244465099768,-3.18485994547215
20.104964162605,-0.476314805149211
20,-3.02644205819943
19.9664245010979,-2.55105027618567
19.8288394912707,-3.28786621282976
19.6922025547917,-2.38888900563374
19.6078431372549,-3.11726407653388
19.5565071586595,-2.63758950039739
19.4217468148903,-3.30084081396258
19.2879150802078,-1.41332926681614
19.2307692307692,-0.045219730010909
19.1550055557353,0.428553792478302
19.0230118866894,-3.6234363463737
18.8919277620767,-3.55864294665802
18.8679245283019,-2.91734115139446
18.7617469143912,-3.07704311500755
18.6324631193156,-0.538554203107149
18.5185185185185,-3.53384479268187
18.504070195423,-2.84413992138284
18.3765620038817,-0.373646716760258
18.2499324481615,-3.47394406391048
18.1818181818182,-1.48885104038926
18.1241754737424,-2.91561715130642
17.9992850678248,-3.50292500621877
17.8752552590424,-3.62239595124087
17.8571428571429,-1.46805360638349
17.7520801171764,-3.52500761213347
17.6297537528721,0.671869684774028
17.5438596491228,-1.79165668328026
17.5082703173572,-2.98853454526305
17.3876240021625,-3.08389057630479
17.2678090388436,-2.92347537367722
17.2413793103448,-2.68139289041114
17.1488196987054,-3.47832025921881
17.0306502925284,-2.75052651529513
16.9491525423729,-2.24774173832814
16.9132951702965,-3.5103395292872
16.7967487209265,-3.56230067710821
16.6810053720006,-0.368449782796641
16.6666666666667,-3.20304056516742
16.5660595894991,-2.07955849763978
16.4519058775366,-3.00745040173667
16.3934426229508,-2.04771643290972
16.3385387780986,-2.76946959530174
16.2259528707809,-1.24087048373546
16.1290322580645,-1.05043318441146
16.1141427725302,-2.23484371954852
16.003103137387,-2.77248027464345
15.8928286562298,-1.06795481850908
15.8730158730159,-1.41768918875727
15.7833140565212,-2.55286705183407
15.674554102056,-2.49188257404263
15.625,-2.22345550398124
15.5665435927106,-2.6044232618449
15.4592773641948,-2.93404457304107
15.3846153846154,-0.580547770276506
15.3527502878042,-3.35909186060412
15.2469572701757,-3.50912720408332
15.1515151515152,-3.08991820087193
15.1418932530435,-3.2542872599627
15.0375532129974,-3.38953034216875
14.9339321612425,-1.73573237482419
14.9253731343284,-1.74445482335126
14.831025143361,-1.76733557601689
14.728827239075,-3.56818637158691
14.7058823529412,-3.34433654709918
14.6273335620113,-1.4090343167263
14.5265392594678,-2.8869019197816
14.4927536231884,-1.70202892028702
14.4264395121816,-2.71943944620839
14.3270295340983,-1.83497012733487
14.2857142857143,-3.05557068947719
14.2283045721435,-2.88875332539443
14.1302599059953,-1.56835947332582
14.0845070422535,-1.46897888876198
14.0328908478587,0.782937361073142
13.9361927422414,-2.50684993224065
13.8888888888889,-3.00730310734924
13.8401609657313,-1.28241864883595
13.7447909267754,-3.02271490064013
13.6986301369863,-3.6380925600804
13.6500780654601,-1.2684967565144
13.5560178532937,-2.56690592573288
13.5135135135135,-2.87728576533133
13.4626057929891,-3.36904786191429
13.3698374182495,-2.58681512588826
13.3333333333333,1.04452062488788
13.2777082935543,-0.837294485219881
13.1862140139475,-3.00628975291307
13.1578947368421,-2.41654781550447
13.0953502048267,-2.96150142939764
13.0051125217341,-2.83909409004634
12.987012987013,-3.65343515441283
12.9154966501488,-3.29031475116404
12.8264983052806,-1.63186057232449
12.8205128205128,0.384707844773961
12.7381132318648,-3.20923832977477
12.6582278481013,-3.04504273515239
12.650337203959,-1.39761057477979
12.5631660247412,-3.3916587134128
12.5,-1.70336832811021
12.4765955263087,-2.8935506036165
12.3906215694792,-2.45898474697877
12.3456790123457,-3.24062698401921
12.3052400435926,-3.55803258402981
12.2204468663149,1.24375902198746
12.1951219512195,-0.13972421969289
12.1362379834424,-2.25651718322011
12.0526093687084,-2.88363909530072
12.0481927710843,-3.32441294907458
11.9695570235904,1.20601025678251
11.9047619047619,-2.53650486639871
11.887076977119,-1.0567330874786
11.8051652856881,-2.51481160490509
11.7647058823529,-2.9691579245307
11.723818032866,-1.77448941627089
11.6430313292088,0.441552325269119
11.6279069767442,-3.28146067001036
11.5628013120738,-2.96527528467099
11.4942528735632,-3.33356048720317
11.4831241454351,-2.7698950803538
11.4039960197003,-2.93157837429238
11.3636363636364,-2.15408129894071
11.3254131515281,-2.08737771139952
11.2473717836475,-2.07959434674946
11.2359550561798,-3.5689905025833
11.1698681846782,-3.3943256066983
11.1111111111111,-0.18270322357058
11.0928986489522,-3.01479773748771
11.0164594963366,-2.59383628830646
10.989010989011,-2.30019333367728
10.9405470720574,-2.83483543519999
10.8695652173913,-0.257817100330054
10.8651577465254,0.381643262198925
10.7902879151618,-2.90887086886856
10.752688172043,-3.1239072660047
10.7159339982267,-3.1745594595341
10.6420924406472,1.19841527976674
10.6382978723404,1.65543564167352
10.568759711848,-2.19070337916194
10.5263157894737,-3.62455124188123
10.4959323055823,-3.15225718894238
10.423606739764,-2.93656265480773
10.4166666666667,-3.63488492353796
10.3517795563018,-2.14892532388502
10.3092783505155,-3.37634751507384
10.2804473209331,-3.15971747330563
10.2096066230605,-3.01277077132191
10.2040816326531,-3.50947583945851
10.1392540755882,0.145072329198787
10.1010101010101,-2.50131333564338
10.0693863147603,-3.03812765136483
10,-3.1283846381341
10,-3.12838463813433
9.9310918137498,-2.67665595902114
9.9009900990099,-1.33075147672944
9.86265846131282,-0.676048705882645
9.80392156862745,-3.48195884916036
9.79469667069539,-0.722471882844142
9.72720319245054,-3.51634385001334
9.70873786407767,-3.56530069899029
9.66017479952265,-3.20996079584692
9.61538461538461,-2.60803869113802
9.59360828709314,-1.69750705187043
9.52750047242729,-2.57388836663155
9.52380952380952,-2.82414173235345
9.461848194722,-3.21438610948952
9.43396226415094,-2.4877731698378
9.39664831495469,-2.91483057344514
9.34579439252336,-2.37938261309729
9.33189771573324,-2.34518290205043
9.26759330114688,-1.76638481371831
9.25925925925926,-2.22241413616676
9.20373199661822,-3.58115795612762
9.1743119266055,-3.32716231926328
9.14031074875623,-3.59220875570561
9.09090909090909,-2.97839269344196
9.07732652521023,-2.73033737021482
9.01477631452492,-2.81507975453617
9.00900900900901,-2.78445396033699
8.9526571259964,-1.73648813918031
8.92857142857143,-1.76402614214943
8.89096598952916,-2.57924388432279
8.84955752212389,0.293711455560573
8.82969995549409,-3.11800191016477
8.7719298245614,-2.98868578109765
8.76885609458743,-3.11527465676532
8.70843149769072,-3.41247054427741
8.69565217391304,-3.25074821996169
8.64842327573172,2.76724771121859
8.62068965517241,1.57836382758568
8.58882855954625,-2.67892058473209
8.54700854700855,-0.612429452253035
8.52964449974102,-2.72883664603141
8.47457627118644,-1.68553076825135
8.47086826655741,-1.6326227005927
8.41249704973612,-3.37808369286217
8.40336134453781,-2.10505718543605
8.35452805838287,-2.12791857832967
8.33333333333333,-1.25498181437897
8.29695852083491,-3.42415082261162
8.26446280991736,-1.53454377813473
8.23978568452852,-2.92460481646138
8.19672131147541,-3.47819598370877
8.18300681586739,-2.4435194555639
8.13008130081301,-2.41773500851083
8.12661920009195,-2.73402380805511
8.0706201411495,-0.720491146667693
8.06451612903226,-3.1592623945895
8.01500696156541,-3.30215285974215
8,-3.28927634174597
7.95977700231498,-3.47025233028891
7.93650793650794,-1.34279088335365
7.90492762269642,-1.51824776850462
7.8740157480315,-3.19971356949032
7.85045620020451,-3.47154035572548
7.8125,-3.54735740909059
7.79636013040523,-2.23728294436755
7.75193798449612,-3.57713524317991
7.74263682681127,-3.47911631734776
7.69230769230769,-3.34455135454088
7.68928372075831,-3.60050310820851
7.63629826128224,-3.08297644048154
7.63358778625954,-2.96338956920074
7.58367791499719,-3.58828300036718
7.57575757575758,-3.39309751160077
7.53142016597437,-1.56116768143446
7.5187969924812,-1.76213796045551
7.47952251562182,-3.37580710715481
7.46268656716418,-2.3300912992763
7.42798248256492,-2.58304027592514
7.40740740740741,-1.40198353542611
7.37679760252773,-3.56869413470805
7.35294117647059,-0.934777262373284
7.32596542821523,-3.35189999335803
7.2992700729927,-2.60479958535883
7.27548352919623,-2.80966801464425
7.2463768115942,-3.15173335424152
7.22534949178722,-3.66278456512419
7.19424460431655,0.24210344373562
7.17556091893693,-3.19192586080971
7.14285714285714,-3.66224006323129
7.12611543011175,-2.56534038064479
7.09219858156028,-1.81771792915047
7.07701066118189,-3.19888947718284
7.04225352112676,-0.272308937553116
7.02824426430835,-2.90756106771355
6.99300699300699,0.133489882097838
6.97981390783066,-3.35983009304182
6.94444444444444,-2.20347446526626
6.93171727615541,-3.6215736057323
6.89655172413793,-1.88031709896229
6.8839520696455,-3.41397463226771
6.84931506849315,-1.95643520723798
6.83651600451024,-1.72383909974827
6.80272108843537,-3.430627242926
6.78940681269611,-2.49466038058263
6.75675675675676,-3.46419252784461
6.74262224177834,-2.28048018675535
6.71140939597315,-2.83199523617183
6.69616005485322,-3.0485265035504
6.66666666666667,-3.57766327399456
6.65001803043112,-3.49751513355433
6.62251655629139,-3.43309622244278
6.6041939623303,-3.07962786702962
6.57894736842105,-3.51593804829293
6.55868565957143,-1.42913743885027
6.5359477124183,-3.16931515116992
6.5134909462728,-3.2822018089348
6.49350649350649,-0.898053444165025
6.46860766154633,-2.57016238228301
6.45161290322581,-2.96057341638523
6.42403365939419,-3.30581466727089
6.41025641025641,-2.50223642396586
6.37976680860628,-1.45482207939274
6.36942675159236,-3.18765901673096
6.33580499265825,-1.74098375403563
6.32911392405063,-2.14065382925458
6.29214610961034,-3.12009063754528
6.28930817610063,-3.6436365219122
6.25,-3.15347852168999
6.24878807200689,-3.28170808774585
6.2111801242236,-1.1887591804594
6.2057288067765,-3.25847725181866
6.17283950617284,-2.9068881258933
6.16296625513294,-1.46443061050159
6.13496932515337,-1.60457279461154
6.1204983724767,2.05416940492784
6.09756097560976,-3.2725904301693
6.07832312829723,-1.22193350665706
6.06060606060606,-1.99811668828643
6.03643850607587,-3.41873991685945
6.02409638554217,-3.09228956180233
5.99484250318941,-2.7896786043474
5.98802395209581,-0.721097740240746
5.95353313081437,-2.39560612119099
5.95238095238095,-2.1644006824335
5.91715976331361,-2.5316441357467
5.91250841383188,-2.39122706591051
5.88235294117647,-3.29444706919905
5.87176639073326,-3.53711709653715
5.84795321637427,-1.10534482880156
5.83130511352622,-1.32982125473113
5.81395348837209,-3.54085545381472
5.79112264764176,-3.58257040272253
5.78034682080925,-3.60332934214979
5.75121707184161,-3.5130452791859
5.74712643678161,-0.206478020184487
5.71428571428571,-3.25615195854418
5.71158647812643,-0.23986053963598
5.68181818181818,-3.4018045876276
5.67222897164454,-3.40749429399757
5.64971751412429,-1.01208294798489
5.63314267060136,-1.29311717774159
5.61797752808989,-2.85888554344687
5.59432570616938,-3.14856550448153
5.58659217877095,-2.38967311180668
5.55577622239888,-1.52988745588579
5.55555555555556,-1.77270966355926
5.52486187845304,-2.05454627767581
5.51749237612913,-3.25915125290434
5.49450549450549,-3.35720993490183
5.47947233690029,-2.33531222596376
5.46448087431694,-2.90222451335076
5.44171428686589,-1.38355742021904
5.43478260869565,-3.17506566977429
5.40540540540541,-2.9479365574305
5.40421642070592,-3.05403870055401
5.37634408602151,-3.43872381479222
5.36697694554048,-2.702586888949
5.3475935828877,-1.42097462339965
5.32999408084409,-2.69744121763089
5.31914893617021,-3.24335863730091
5.29326605836056,-3.28631059593102
5.29100529100529,-2.58586721382742
5.26315789473684,-3.35478933391901
5.25679112201842,-0.180731577602255
5.23560209424084,-3.43350784568114
5.22056752784698,-0.53983571680403
5.20833333333333,-2.19949788889688
5.18459354389291,-3.09324677143421
5.18134715025907,-3.17096724920618
5.15463917525773,-2.01861909582179
5.14886745013749,-2.48279940814082
5.12820512820513,-3.56108021078615
5.11338753841433,-3.06389215491468
5.10204081632653,-3.28320123724377
5.07815211232767,-3.40812767398232
5.0761421319797,-0.587508597283981
5.05050505050505,-3.65429253543489
5.04315948717136,-0.588125728632018
5.0251256281407,-2.46945128711298
5.00840798984821,-3.48320198991054
5,-2.62110258203351
4.97512437810945,-3.51162934582241
4.97389595879006,-2.0155611110555
4.95049504950495,-3.5325054005324
4.93962174387832,-3.58374887550677
4.92610837438424,-1.57060834364797
4.90558370636505,-3.52264722419748
4.90196078431372,-2.43185326261335
4.8780487804878,-2.5803610776238
4.87178021879463,-2.61124651985089
4.85436893203883,-2.44475726725299
4.83820966492596,-2.99079144073012
4.83091787439613,-3.58146314285157
4.80769230769231,-3.49118129444183
4.80487043965513,-2.7695098125833
4.78468899521531,0.0703953753329829
4.77176094893875,-3.39539765834494
4.76190476190476,-1.99631472204073
4.739336492891,-3.22655760492817
4.73887960971765,-2.97943300792654
4.71698113207547,-3.42748490372751
4.70622484984128,-3.39829676657949
4.69483568075117,-2.77527945630983
4.67379510799246,-3.65362106138543
4.67289719626168,-3.12557074824685
4.65116279069767,-3.46679165044894
4.64158883361278,-2.62960988469227
4.62962962962963,-0.847471694716982
4.60960448682843,-2.74862557577189
4.60829493087558,-3.29181245335591
4.58715596330275,-0.083370365333205
4.57784053837662,-2.90292610823472
4.5662100456621,-3.62391896518867
4.5462954695324,-3.5267244001498
4.54545454545455,-3.25265646338353
4.52488687782805,-3.08630737680162
4.5149677720361,-2.58326509564868
4.5045045045045,-0.780417068635567
4.48430493273543,-3.47093161822182
4.48385594802119,-3.15462109535623
4.46428571428571,-2.5489578124211
4.45295850994265,-0.225667678802533
4.44444444444444,-3.5589433556798
4.42477876106195,-3.47696410240426
4.4222739805059,-3.21042145823558
4.40528634361233,-3.66255256903157
4.39180089259609,-1.96806155974418
4.3859649122807,-2.85614910284054
4.36681222707424,-3.45123828748306
4.361537789208,-3.6064830467006
4.34782608695652,-2.74482487792239
4.3314832233764,-3.169788067493
4.32900432900433,-3.45545844759486
4.31034482758621,-0.24541767898226
4.30163575810679,-1.74248946821246
4.29184549356223,-2.86783178204039
4.27350427350427,-3.54900245047518
4.27199396630678,-3.49872682775726
4.25531914893617,2.53966205532764
4.24255643071778,-3.54612718905004
4.23728813559322,-3.642469534639
4.21940928270042,-3.21604018019975
4.21332174384729,-3.54622683060544
4.20168067226891,-1.24061049224833
4.18428850790158,-0.174819744919101
4.18410041841004,0.601134619071208
4.16666666666667,-3.06372555069585
4.15545533471888,-3.40965376586625
4.149377593361,-2.22004593216497
4.13223140495868,-1.54778029768611
4.12682084570295,-2.88445283235971
4.11522633744856,-2.62175616143396
4.09838367175726,-3.37486992320974
4.0983606557377,-3.39474168516663
4.08163265306122,-2.95887023562853
4.07014245321944,-3.43981826996754
4.0650406504065,-3.66326159470038
4.04858299595142,-3.35255490180038
4.04209583979631,-3.16438839445335
4.03225806451613,-3.6397307131226
4.01606425702811,-2.66645088434849
4.01424249049932,-3.00160389034981
4,-2.91022218467894
3.98658107358044,-3.16581862338226
3.98406374501992,-3.04772521420962
3.96825396825397,-2.59774464404925
3.95911026646846,-2.32661571823563
3.95256916996047,-2.74117986379933
3.93700787401575,-2.9397923855346
3.93182875570577,-1.79648886980443
3.92156862745098,-3.10101530369935
3.90625,-2.26336470102698
3.90473523688556,-2.83411753604117
3.89105058365759,-2.98295203067762
3.87782841458946,-2.64769078675716
3.87596899224806,-1.54431656881136
3.86100386100386,-2.93098478135446
3.85110700232557,-2.34775736575274
3.84615384615385,-3.31248090679771
3.83141762452107,-1.15578737331769
3.824569722467,-3.65620182764321
3.81679389312977,-1.18899777186406
3.80228136882129,-3.24702717372495
3.79821530619074,-3.61353902284871
3.78787878787879,-2.79959058633615
3.77358490566038,-2.60798267581758
3.772042493417,-2.30204762762916
3.7593984962406,-3.37584378969644
3.74605003274899,-3.12150751569198
3.74531835205992,-3.08410533273179
3.73134328358209,-3.46820197140932
3.72023668141307,-2.37471992685085
3.71747211895911,-3.21375131060587
3.7037037037037,-1.08951311912831
3.6946012051993,-3.62926488119454
3.690036900369,-3.56990516094295
3.67647058823529,-3.41168338255396
3.66914237840249,-2.79433833923137
3.66300366300366,-2.07969416197046
3.64963503649635,-1.57128685068964
3.64385898376355,-0.0370716780504194
3.63636363636364,-3.24540368579938
3.6231884057971,-3.46379580343709
3.61874981241128,-2.733813242907
3.6101083032491,-1.4424582032512
3.59712230215827,-3.21102336770313
3.59381366380463,-3.52870904847772
3.584229390681,-2.3990477092863
3.57142857142857,-2.70558847431034
3.56904934567523,-1.06773002830659
3.55871886120996,-3.50445186162345
3.54609929078014,-2.41824541855787
3.54445567397043,-2.74301900842435
3.53356890459364,-3.65572728501918
3.52112676056338,-2.36700586654562
3.52003147279668,-3.27031296728223
3.50877192982456,-1.69118201486533
3.4965034965035,-2.92301805596709
3.49577557436328,-2.47070625403024
3.48432055749129,-2.65455094278196
3.47222222222222,-3.34133710906827
3.47168681892656,-3.11878309648791
3.46020761245675,-1.90427571459285
3.44827586206897,-3.56679355509923
3.44776405473446,-3.04108757592227
3.43642611683849,-3.05133321160393
3.42465753424658,-3.64291783443108
3.42400613797142,-2.65021774290768
3.41296928327645,-2.75645903379098
3.40136054421769,-1.59226626967402
3.40041193270371,-3.6573677886415
3.38983050847458,-3.2341849826309
3.37837837837838,2.87944112794522
3.37698031082509,-2.55639087802812
3.36700336700337,-3.16782522950147
3.35570469798658,-2.8297159678644
3.35371015200293,-3.50364103015611
3.34448160535117,-0.639039260702769
3.33333333333333,-1.16843178794836
3.33060034362459,-1.40042796705425
3.32225913621262,-3.47806591732104
3.3112582781457,-1.06855846637925
3.30764978074424,-3.21654192013228
3.3003300330033,0.591751600306272
3.28947368421053,-3.43384958845827
3.28485736603004,-1.88388577425915
3.27868852459016,-3.5650923692648
3.26797385620915,-3.47708324344212
3.26222200971167,-3.29726514845985
3.25732899022801,-1.47036090535156
3.24675324675325,-3.5723655904873
3.2397426295282,-2.46082806036379
3.23624595469256,-3.5406236362195
3.2258064516129,-3.57183227920184
3.21741815067637,-2.65307196328977
3.21543408360129,-0.149152703745567
3.20512820512821,-2.71159114925778
3.19524750575921,-3.2930413193503
3.19488817891374,-3.02558525279097
3.18471337579618,-0.571238494228889
3.17460317460317,-3.43176865340372
3.17322963473498,-2.10308254799848
3.16455696202532,-1.41293040705976
3.15457413249211,-2.32033979790104
3.15136348486648,-2.35708096284405
3.14465408805031,-3.34968674845647
3.13479623824451,-2.40173768512461
3.12964801067075,0.560887632027904
3.125,-2.69068703932184
3.11526479750779,-3.26882229612657
3.10808217386906,-3.28953455890855
3.1055900621118,-3.15928234670427
3.09597523219814,-2.1066803034716
3.08666494333727,-2.83119517406684
3.08641975308642,-2.4487041299928
3.07692307692308,-2.06541569367654
3.06748466257669,-3.10341188427865
3.06539529505653,-3.35616059379573
3.05810397553517,-1.96476020988562
3.04878048780488,-2.60470462067688
3.0442722120643,-3.18480622386157
3.03951367781155,-3.3707788395876
3.03030303030303,-2.32943027848328
3.02329468440578,-1.94591773393746
3.02114803625378,-1.7825455854218
3.01204819277108,-3.56814340782251
3.003003003003,-2.88892580486908
3.00246170908555,-1.74575658562191
2.9940119760479,-3.39281401893923
2.98507462686567,-2.39436923281802
2.98177229001967,-2.86223711515792
2.97619047619048,-2.79772590629021
2.9673590504451,-2.34093819288391
2.96122543798803,-0.566848123666243
2.9585798816568,-3.53952708987431
2.94985250737463,-3.63695199701423
2.94117647058824,-0.640417906869014
2.94082017058706,-1.86734061931831
2.93255131964809,-3.2270257277792
2.92397660818713,-3.64191794821518
2.92055551218275,-3.5735618407579
2.91545189504373,-3.20346786998111
2.90697674418605,-2.7748243683324
2.90043049386399,-3.30937765688351
2.89855072463768,-3.52554165444713
2.89017341040462,-1.83400547029712
2.88184438040346,-3.26073077688646
2.8804441533963,-3.56467382309541
2.8735632183908,-3.53845403115558
2.86532951289398,0.73452466128639
2.86059553517574,-2.94767539403359
2.85714285714286,-1.572804622919
2.84900284900285,-2.93326318967005
2.84090909090909,-3.01993130522332
2.8408836901833,-3.05489953533013
2.8328611898017,-3.27174296629392
2.82485875706215,-2.34819307692511
2.82130767593947,-1.50426891694586
2.8169014084507,-2.84941415871692
2.80898876404494,-3.20051773492203
2.8018665564592,-1.75049410017605
2.80112044817927,-0.794497246846457
2.79329608938547,-3.23940488113645
2.78551532033426,-3.35057342893866
2.78255940220712,-3.66196702378188
2.77777777777778,-2.96356317284055
2.77008310249307,-2.98995794402053
2.76338529005317,-2.48511434120008
2.76243093922652,-3.65071675506284
2.75482093663912,-0.704298474439962
2.74725274725275,-3.14145716302108
2.74434330322836,-3.52945342675435
2.73972602739726,-3.56956434679712
2.73224043715847,-2.511653925466
2.72543253128103,-3.37505117548899
2.72479564032698,-1.56110265368242
2.71739130434783,-2.49645600530111
2.710027100271,-3.44550245298809
2.70665207003324,-3.61771123157829
2.7027027027027,-3.5028316399868
2.69541778975741,-1.2427588857344
2.68817204301075,-0.0597871440741171
2.68800102153761,-0.0455191294167419
2.68096514745308,-1.02336178087453
2.67379679144385,-3.34045719365177
2.66947849403432,-2.77836933749175
2.66666666666667,0.211700526784729
2.65957446808511,-3.43963989366837
2.6525198938992,-3.25449306342535
2.65108360190854,-2.93220110965835
2.64550264550265,-2.06734463896701
2.63852242744063,-2.02556583833221
2.63281546564802,-1.88575815117262
2.63157894736842,-1.78625903181408
2.6246719160105,-3.50866222355925
2.61780104712042,-3.48054234149189
2.61467321180109,-1.41945753161466
2.61096605744125,-3.40459739186549
2.60416666666667,-3.2024240771138
2.5974025974026,-2.71275731268745
2.59665597293487,-3.27246340205344
2.59067357512953,-3.02147927141446
2.58397932816537,-3.07677586661738
2.5787628875938,-3.42255389400232
2.57731958762887,-3.44391254745021
2.5706940874036,-2.99833452087985
2.56410256410256,-1.87768381037388
2.56099310025846,-3.63419602375101
2.55754475703325,-2.49694914987834
2.55102040816327,-1.00414910315289
2.54452926208651,-3.5860480083589
2.54334576130465,-2.82145959673862
2.53807106598985,-2.80714304233994
2.53164556962025,-3.61304518367076
2.52582002696278,-3.14385469490774
2.52525252525253,-2.86662427552509
2.51889168765743,-3.44218152450123
2.51256281407035,-1.72583380594944
2.50841505927754,-3.05552041225935
2.5062656641604,-3.59993740588295
2.5,-2.12324951263816
2.49376558603491,-2.18828457720091
2.49113002606779,-1.4495935213602
2.48756218905473,-2.26498289488675
2.48138957816377,-3.26117248033635
2.47524752475248,-1.53620526579202
2.47396410088681,-2.20170019601089
2.46913580246914,-3.29925436158031
2.46305418719212,-3.52333205224103
2.45700245700246,-0.716469133662808
2.45691646298279,-0.399977569940044
2.45098039215686,-3.48130085543842
2.44498777506112,-3.22359775829072
2.43998629725955,-3.56830492931884
2.4390243902439,-2.10342933126152
2.4330900243309,-3.63779619089056
2.42718446601942,-3.64735844659297
2.4231727942376,-2.48626539496622
2.42130750605327,-3.20971892997018
2.41545893719807,-2.69050470743617
2.40963855421687,-2.95126801962517
2.40647515001542,-1.51629326985956
2.40384615384615,-2.18417571979311
2.39808153477218,-3.53487931701498
2.39234449760766,-1.70337763598364
2.38989256623105,-2.15512238275532
2.38663484486874,-1.99224562351976
2.38095238095238,-2.67955636737473
2.37529691211401,-2.98258860892356
2.37342425002387,-3.20920451466925
2.3696682464455,-1.80146752988214
2.36406619385343,-3.62372732467419
2.35849056603774,-3.44150322441647
2.35706941399673,-2.82360817804543
2.35294117647059,-1.48139579756981
2.34741784037559,-3.3591090370743
2.34192037470726,-1.5843824043094
2.34082727617829,-2.76006951563921
2.33644859813084,-2.99451565316665
2.33100233100233,-3.12742695815764
2.32558139534884,-3.13981037965776
2.32469705998565,-3.37942309270958
2.32018561484919,-2.43055561015576
2.31481481481481,-3.57960588044717
2.3094688221709,-1.35730662187437
2.30867799418717,-2.94459034574585
2.30414746543779,-3.09405397952328
2.29885057471264,-2.9722144700993
2.29357798165138,-0.979720532249085
2.29276931286565,-3.04915993434549
2.2883295194508,-3.6581326474055
2.28310502283105,-3.42328729010985
2.27790432801822,-2.22933573257644
2.27697025538168,-2.34118875675217
2.27272727272727,-3.23626147142407
2.26757369614512,-2.98901813516941
2.26244343891403,-1.81803454060938
2.26128006633728,-3.38501207130444
2.25733634311512,-3.18761279375895
2.25225225225225,-0.672152560313502
2.24719101123596,-2.47327804216014
2.24569799553977,-3.17727300436529
2.24215246636771,-3.28687141155414
2.23713646532438,-1.35230415833685
2.23214285714286,-3.45706803540871
2.23022329796594,-3.30827518207301
2.2271714922049,-3.36271337523491
2.22222222222222,-3.40291142678306
2.21729490022173,-1.77472432269378
2.21485523372636,-3.54996631202108
2.21238938053097,-3.51521258463775
2.2075055187638,-3.41091055618623
2.20264317180617,-2.29075901358994
2.19959306803007,-1.58281736205346
2.1978021978022,-3.27822191544702
2.19298245614035,-3.52418330840966
2.18818380743982,-3.62321640042209
2.18443607114943,-2.63549495094621
2.18340611353712,-3.1854235827292
2.17864923747277,-2.86534560749781
2.17391304347826,-3.45589176296898
2.16938351838518,-3.15553829112177
2.16919739696312,-3.49246377620532
2.16450216450216,-3.29612496807406
2.15982721382289,-2.99091628913971
2.1551724137931,-2.48709008610926
2.15443469003188,-2.60629297741796
2.1505376344086,-3.13281783589668
2.14592274678112,-2.97561796910015
2.14132762312634,-2.92576856594875
2.13958887134342,-3.29511580850312
2.13675213675214,3.45294395397192
2.13219616204691,-3.1599108499836
2.12765957446809,-3.49374761985969
2.12484535249888,-0.360470108807884
2.12314225053079,-0.0213697255267773
2.11864406779661,-3.27731714226844
2.11416490486258,-2.88518998479382
2.1102034285686,-2.88691496579788
2.10970464135021,-3.64298428498021
2.10526315789474,-2.5092944408265
2.10084033613445,-3.61887367419872
2.09643605870021,-2.30978280987771
2.09566239948043,-3.27896655643694
2.09205020920502,-3.50519828295854
2.08768267223382,-3.34727651904098
2.08333333333333,-1.81670806635072
2.08122156998634,-3.5119442654519
2.07900207900208,-3.57196967945158
2.0746887966805,-2.50184619046628
2.0703933747412,-3.21285996904036
2.06688024962908,-3.12738021875462
2.06611570247934,-2.83747226883674
2.06185567010309,-3.27783727715463
2.05761316872428,-3.00775609026477
2.05338809034908,-3.27924233821231
2.05263775270925,-2.161211277356
2.04918032786885,-3.36091634788984
2.04498977505112,-2.54853397032611
2.04081632653061,-2.84855158783649
2.03849339825246,-2.83925644477868
2.03665987780041,-2.64694848893414
2.03252032520325,-3.48620806677219
2.02839756592292,-2.85576579566831
2.0244465099768,-2.95355054206824
2.02429149797571,-2.04164653770546
2.02020202020202,-1.96855252636952
2.01612903225806,-3.37362238642508
2.01207243460765,2.75083078264972
2.0104964162605,-0.931428594360294
2.00803212851406,-2.20920572980485
2.00400801603206,-3.17044267489258
2,-3.6056331694579
1.99664245010979,-0.0572867165958071
1.99600798403194,-3.50722393047966
1.99203187250996,-3.43087349094391
1.98807157057654,-2.09865818613805
1.98412698412698,-3.64309729862877
1.98288394912707,-3.30597480958256
1.98019801980198,-3.09150707795764
1.97628458498024,-2.47031899246472
1.9723865877712,-3.37719062308845
1.96922025547917,-2.23640466831069
1.96850393700787,-3.64177369939004
1.96463654223969,-2.9093032599943
1.96078431372549,-3.55509304581208
1.95694716242661,-2.99761162454792
1.95565071586595,-3.14692839772318
1.953125,-3.1229309988828
1.94931773879142,-3.23402804702719
1.94552529182879,-3.05803264093823
1.94217468148903,-2.74438455589238
1.94174757281553,-2.75634315555588
1.93798449612403,-3.43252249928947
1.93423597678917,-2.57462426222072
1.93050193050193,-2.085870957972
1.92879150802078,-2.59190039062939
1.92678227360308,-2.04251784312414
1.92307692307692,-0.858261649882233
1.91938579654511,-2.86028525131091
1.91570881226054,-3.31121534723307
1.91550055557353,-3.29086328435228
1.91204588910134,-2.50467039876805
1.90839694656489,-2.93097413985351
1.9047619047619,-3.47667970141024
1.90230118866894,-3.60461445396991
1.90114068441065,-3.45678690092741
1.89753320683112,-3.54003221800523
1.89393939393939,-3.46517165612725
1.89035916824197,-0.49113764380139
1.88919277620767,-0.421456954822626
1.88679245283019,-3.38822649622791
1.88323917137476,-3.3970114551311
1.8796992481203,1.4288580903798
1.87617469143912,-2.75599822219128
1.87617260787992,-2.74114214759028
1.87265917602996,-2.80456436476002
1.86915887850467,-3.01670678257754
1.86567164179104,-2.40963457430784
1.86324631193156,-3.57809871049583
1.86219739292365,-3.51579560601693
1.85873605947955,-3.17604207084865
1.85528756957328,-2.37885930428278
1.85185185185185,-2.58951566177937
1.8504070195423,-3.34304382290669
1.84842883548983,-3.66072364030917
1.8450184501845,-1.67181530833586
1.84162062615101,-2.86499759124204
1.83823529411765,-2.33615569614842
1.83765620038817,-3.60796409256774
1.8348623853211,-2.75978555176088
1.83150183150183,-3.62694075384375
1.82815356489945,-1.923174374287
1.82499324481615,-3.62235003642409
1.82481751824817,-3.04133965714164
1.82149362477231,-1.03590828605747
1.81818181818182,-3.38971649825238
1.81488203266788,-3.2360851352238
1.81241754737424,-2.49764255792773
1.81159420289855,-3.34798338851199
1.80831826401447,-2.64583753226928
1.80505415162455,-3.3547807514207
1.8018018018018,-1.43606892325031
1.79992850678248,0.920241613050185
1.79856115107914,-2.65778705754529
1.79533213644524,-3.66326304713989
1.7921146953405,-2.26630814411102
1.78890876565295,-2.71382168626242
1.78752552590424,-1.71837031912114
1.78571428571429,-3.29704780511453
1.7825311942959,-1.94369313062453
1.77935943060498,-1.97312595198262
1.77619893428064,-3.15874200348615
1.77520801171763,-1.66523676335127
1.77304964539007,-2.60313826651095
1.76991150442478,-3.61492050254399
1.76678445229682,0.215358622903683
1.7636684303351,-2.15172297436508
1.76297537528721,-2.47739587719361
1.76056338028169,-3.18726508517205
1.75746924428822,-3.34807592558213
1.75438596491228,-3.14896360039496
1.75131348511384,-3.53468560431694
1.75082703173572,-2.51702135033012
1.74825174825175,-2.13075255417778
1.74520069808028,-1.29768604948272
1.74216027874564,-3.49730179330096
1.73913043478261,-3.1313191626893
1.73876240021625,-3.15644567705807
1.73611111111111,-3.26277223590399
1.73310225303293,-3.56867638031305
1.73010380622837,-2.19258581963008
1.72711571675302,-3.63723471558189
1.72678090388436,-0.69000489850067
1.72413793103448,-2.1309621937289
1.72117039586919,-3.39323547356916
1.71821305841924,-1.2540427854728
1.71526586620926,-3.29242189461699
1.71488196987054,-3.10848163009431
1.71232876712329,-1.63969206723039
1.70940170940171,-0.846413145734441
1.70648464163823,-3.29523657616256
1.70357751277683,-3.46894809737766
1.70306502925284,-1.42941199553952
1.70068027210884,-2.87143028885164
1.69779286926995,-3.53525550384291
1.69491525423729,-1.28584333318376
1.69204737732657,-3.39166596416716
1.69132951702965,-2.98919068829111
1.68918918918919,-2.96164983212936
1.68634064080944,-3.12675670985019
1.68350168350168,-3.60515917464395
1.68067226890756,0.429005803208573
1.67967487209265,-3.60583065664197
1.67785234899329,-1.88917938230817
1.6750418760469,-2.73868014748738
1.67224080267559,-3.55477088905426
1.669449081803,-1.84204973359099
1.66810053720006,-2.08520793974072
1.66666666666667,-3.02020834725358
1.66389351081531,-3.63034874005875
1.66112956810631,-3.15720708278401
1.65837479270315,-3.62605204373348
1.65660595894991,-2.41008756889495
1.65562913907285,-0.930066723414465
1.65289256198347,-3.25900357414512
1.65016501650165,-3.2892147718518
1.64744645799012,-2.52112072995076
1.64519058775366,-1.89257243142408
1.64473684210526,-0.0469617111207112
1.64203612479475,-2.48183462302186
1.63934426229508,-2.86071321159992
1.6366612111293,-2.3819713760706
1.63398692810458,-2.35579399615151
1.63385387780986,-1.99650414491911
1.63132137030995,-2.32036344309618
1.62866449511401,-2.80866555078814
1.6260162601626,-2.15927665626922
1.62337662337662,-2.53609092354402
1.62259528707809,-3.28423558994173
1.62074554294976,-3.20987482562164
1.61812297734628,-3.60040822430907
1.61550888529887,-3.63417995743749
1.61290322580645,-3.18891590801182
1.61141427725302,-3.31276772824831
1.61030595813205,-2.86155216913765
1.60771704180064,-3.64844656321481
1.60513643659711,-2.89242544597344
1.6025641025641,-3.37604419205997
1.6003103137387,-3.15636242673566
1.6,-1.4699387430894
1.59744408945687,-1.57054796258405
1.59489633173844,0.982956990908908
1.59235668789809,-1.06684410821485
1.58982511923688,-2.92305064600877
1.58928286562298,-3.04898521680867
1.58730158730159,-2.55298960874681
1.58478605388273,-2.19619128145667
1.58227848101266,-3.11014358368528
1.57977883096367,-2.20051452230659
1.57833140565212,-3.21515461643811
1.57728706624606,-1.85817826206378
1.5748031496063,-3.57935608902774
1.57232704402516,-2.09479626217257
1.56985871271586,-0.214997132447205
1.5674554102056,-3.57023357272505
1.56739811912226,-3.14351186683113
1.56494522691706,-2.938309039684
1.5625,-1.84059537374069
1.5600624024961,-2.90399401940068
1.55763239875389,-3.42440341870228
1.55665435927106,-2.30773062751193
1.5552099533437,-1.10390304936437
1.5527950310559,-3.1906356736644
1.55038759689922,-2.4839500912543
1.54798761609907,-1.86244932119102
1.54592773641948,-3.38687992942469
1.54559505409583,-3.40833078783991
1.54320987654321,-3.00187706809545
1.54083204930663,-3.1262461095677
1.53846153846154,-1.57184377278154
1.53609831029186,-2.55652981928462
1.53527502878042,0.288904549774021
1.53374233128834,-3.60746768267581
1.53139356814701,-2.89546019141589
1.52905198776758,-3.2217653515964
1.52671755725191,-2.99279394398412
1.52469572701757,-3.5072230917752
1.52439024390244,-1.72329318346133
1.5220700152207,-3.46257164161791
1.51975683890577,-3.60075866224401
1.51745068285281,0.588787252779714
1.51515151515152,-1.29819901362184
1.51418932530435,-3.2471062264763
1.51285930408472,-3.4717908803921
1.51057401812689,-3.37942736082031
1.50829562594268,-1.84691625395787
1.50602409638554,-3.34282900694059
1.50375939849624,-1.23503863870927
1.50375532129974,-1.26440076954018
1.5015015015015,-1.51321181947007
1.49925037481259,-3.09738031219414
1.49700598802395,-3.60982389062571
1.49476831091181,-2.22595947131448
1.49339321612425,-1.48718773798735
1.49253731343284,-3.42051379749985
1.4903129657228,-3.17277607759946
1.48809523809524,-2.05581192991944
1.48588410104012,-2.05133193752938
1.48367952522255,-3.64169370719064
1.4831025143361,-2.55914705870414
1.48148148148148,-2.2215251899927
1.4792899408284,-3.27386425139901
1.47710487444609,-1.34754490848338
1.47492625368732,-3.27025522917999
1.4728827239075,-2.6914068152849
1.47275405007364,-2.90850488292447
1.47058823529412,-2.77627202144584
1.46842878120411,-2.42575831016974
1.46627565982405,-3.15817698608999
1.46412884333821,-1.93689568767244
1.46273335620113,-1.81119165031638
1.46198830409357,-3.28347012314112
1.45985401459854,-3.44438321121082
1.45772594752187,-3.29261832027539
1.45560407569141,-3.33198260231309
1.45348837209302,-0.795842884866214
1.45265392594678,-3.59160716926042
1.45137880986938,-1.45722914213327
1.44927536231884,-2.17314362199537
1.44717800289436,-3.21441153315116
1.44508670520231,-2.45216890915428
1.44300144300144,-2.75888581347597
1.44264395121816,-1.88191902893093
1.44092219020173,-3.52799720531659
1.43884892086331,-2.54481985142449
1.4367816091954,-3.12449821705153
1.43472022955524,-1.09381107819693
1.43270295340983,-2.39421022045628
1.43266475644699,-2.63477721941107
1.43061516452074,-3.18622413077683
1.42857142857143,1.56300533731356
1.4265335235378,0.068216296311097
1.42450142450142,-0.242915250669095
1.42283045721435,-3.23693768721464
1.42247510668563,-3.65706821869149
1.42045454545455,1.87072477999711
1.41843971631206,-3.45573237990247
1.41643059490085,-1.01399574464507
1.41442715700141,-1.74423933571363
1.41302599059953,-2.98838881559633
1.41242937853107,-3.07357104959108
1.41043723554302,-3.39750617757381
1.40845070422535,-3.45182277520605
1.40646976090014,-3.22682531703544
1.40449438202247,-3.30292979081305
1.40328908478587,-1.82729765823928
1.40252454417952,-3.35366433928483
1.40056022408964,-3.30814970135402
1.3986013986014,-3.45058066508953
1.39664804469274,-3.54076572646907
1.39470013947001,-1.86103264595074
1.39361927422414,-2.62410871522281
1.39275766016713,-3.37027371122245
1.39082058414465,-3.16588451577969
1.38888888888889,-2.65899256319319
1.3869625520111,-2.65781820715206
1.38504155124654,-3.35947548302691
1.38401609657313,-1.58392230750548
1.38312586445367,2.76321088860611
1.38121546961326,-1.44625430040945
1.37931034482759,-3.05367170615927
1.37741046831956,-0.926949737074078
1.37551581843191,-1.22218957431572
1.37447909267754,-1.74730484793583
1.37362637362637,-2.75652295870709
1.37174211248285,-2.96670493614043
1.36986301369863,-0.309599231773499
1.36798905608755,-2.55673618432693
1.36612021857923,-3.40460476616969
1.36500780654601,-1.6137306813877
1.36425648021828,-2.43749202315002
1.36239782016349,-2.94603066296245
1.36054421768707,-1.77743497538823
1.35869565217391,-3.43568939567349
1.35685210312076,-3.18784056869405
1.35560178532937,-2.25270582960122
1.3550135501355,-2.7903275778935
1.3531799729364,-3.53652175044094
1.35135135135135,-3.5362484610727
1.34952766531714,-3.60943028430453
1.34770889487871,-2.82466655420749
1.34626057929891,-3.1531373277326
1.34589502018843,-2.60857707459682
1.34408602150538,-3.05441568154576
1.34228187919463,-2.5184466911662
1.34048257372654,-3.53590622359668
1.33868808567604,-3.37087967491261
1.33698374182495,-2.11202541798321
1.33689839572193,-2.1860214489513
1.33511348464619,-2.11193905633233
1.33333333333333,-3.51080781330988
1.33155792276964,-2.39377956505642
1.32978723404255,-1.52347170042612
1.32802124833997,-1.72530398833323
1.32777082935543,-3.1345037766287
1.3262599469496,-2.93793186959719
1.32450331125828,-2.25273682608188
1.32275132275132,-1.58865593764123
1.32100396301189,-2.4000125790984
1.31926121372032,-2.94870653217209
1.31862140139475,-3.09465964053977
1.31752305665349,-3.0368625033994
1.31578947368421,-2.58145001748441
1.31406044678055,-0.0970060875330132
1.31233595800525,-2.20516008620857
1.31061598951507,-2.90451307289451
1.30953502048267,-2.98735524446426
1.30890052356021,-2.38621285748827
1.30718954248366,-0.669249668377442
1.30548302872063,-3.40727744062418
1.30378096479791,-3.2841067555223
1.30208333333333,-0.268463628593945
1.30051125217341,-3.0720729524467
1.30039011703511,-3.48666755169678
1.2987012987013,-2.85666501246616
1.2970168612192,-3.65542625821162
1.29533678756477,-2.3081910658834
1.29366106080207,-3.6002751992067
1.29198966408269,-2.78593694288976
1.29154966501488,-3.0036305660913
1.29032258064516,-3.20736642983764
1.28865979381443,-2.52041191385318
1.28700128700129,-3.43037259728505
1.2853470437018,3.44945228276852
1.28369704749679,-3.65368903989032
1.28264983052806,-2.64903288251865
1.28205128205128,-3.37044978415313
1.28040973111396,-1.3835388240691
1.27877237851662,-2.64525954557792
1.27713920817369,-3.07713714776197
1.27551020408163,-1.85053883542126
1.27388535031847,0.122497898254029
1.27381132318648,0.479716680836494
1.27226463104326,-3.52837031833173
1.27064803049555,-2.62168623068974
1.26903553299492,-3.26260085070937
1.26742712294043,-3.62419231850294
1.26582278481013,-2.58759093218488
1.2650337203959,-2.96743359856272
1.26422250316056,0.917158079298265
1.26262626262626,-3.26438594334619
1.26103404791929,-3.4488968410334
1.25944584382872,-1.36515637824716
1.25786163522013,-1.15245520958028
1.25631660247412,-2.92864632792564
1.25628140703518,-2.97271540515843
1.25470514429109,-0.860247808879175
1.2531328320802,-2.32016306280205
1.25156445556946,-3.11200062709163
1.25,-3.52290311628392
1.24843945068664,-2.07140920852295
1.24765955263087,-0.883675682177862
1.24688279301746,-3.5206646440822
1.2453300124533,-2.85812156837566
1.24378109452736,-1.73334568051133
1.24223602484472,-3.09655732736713
1.24069478908189,-2.81060609464749
1.23915737298637,-2.57264456949845
1.23906215694792,-3.3333291166745
1.23762376237624,-2.32780487764965
1.23609394313968,-3.56078448517463
1.23456790123457,-3.56524447004908
1.23304562268804,-3.64448890081435
1.23152709359606,-3.58591037564325
1.23052400435926,-2.57618852307963
1.230012300123,-1.19694503836034
1.22850122850123,-3.30795762819899
1.22699386503067,-3.49737134156784
1.22549019607843,-2.8964868893607
1.22399020807834,-2.512569126075
1.22249388753056,-3.41330930170802
1.22204468663149,-3.59041172683301
1.22100122100122,-1.81098018129809
1.21951219512195,-2.66101105780281
1.21802679658952,-0.947283482963978
1.21654501216545,-2.66625305921745
1.21506682867558,0.421064397029643
1.21362379834424,-3.27857360825807
1.21359223300971,-2.82722198545731
1.21212121212121,-2.91281465619816
1.21065375302663,-2.11771584324607
1.20918984280532,-2.7010706998392
1.20772946859903,-2.25022677197436
1.20627261761158,-2.77941860042783
1.20526093687084,-3.60450396977618
1.20481927710843,-2.86580838130201
1.20336943441637,-3.17684538189534
1.20192307692308,-2.20559805546913
1.20048019207683,-1.67964296916146
1.19904076738609,-2.65545602173485
1.19760479041916,-3.48371182023608
1.19695570235904,-2.24099703573104
1.19617224880383,-3.54748244192804
1.194743130227,-2.83675299599353
1.19331742243437,-3.26694065899546
1.19189511323004,-0.739753595395977
1.19047619047619,-2.41831582300189
1.18906064209275,-3.65987869594171
1.1887076977119,-2.96636750332974
1.18764845605701,0.0952499344099538
1.18623962040332,-2.51555622733145
1.18483412322275,-3.17186498277057
1.18343195266272,-1.40783811039689
1.18203309692671,0.593393298456552
1.18063754427391,-2.47029861247396
1.18051652856881,-3.46272543352405
1.17924528301887,-3.21788533956042
1.17785630153121,-2.02273804588618
1.17647058823529,-2.75286294525746
1.17508813160987,-3.39882583651173
1.17370892018779,-3.53022000739171
1.1723818032866,-3.0054367491907
1.17233294255569,-2.78620588228123
1.17096018735363,-2.32933197835198
1.16959064327485,-2.07197255494783
1.16822429906542,-3.18678650203908
1.16686114352392,-1.62685556616791
1.16550116550117,-3.17505680549318
1.16430313292088,-3.61239313060168
1.16414435389988,-0.733477830848112
1.16279069767442,-2.93641909385293
1.16144018583043,-2.56285199058034
1.16009280742459,-3.4289473003766
1.15874855156431,-2.51765091136768
1.15740740740741,-2.73153765535256
1.15628013120738,-3.25737420172815
1.15606936416185,-0.905934013683274
1.15473441108545,-2.26463847650801
1.15340253748558,-2.99075793224095
1.15207373271889,-2.96354908415172
1.15074798619102,-3.44969710939032
1.14942528735632,-1.78407090509735
1.14831241454351,-3.5632390504172
1.14810562571757,-3.44607527709244
1.14678899082569,-0.609234115595295
1.1454753722795,-3.28320485020212
1.1441647597254,-1.53584188693518
1.14285714285714,-3.60258187672839
1.14155251141553,-1.62515079770703
1.14039960197003,-2.31652010368615
1.14025085518814,-2.25402107920159
1.13895216400911,-3.61351857816977
1.13765642775882,-3.57719443815732
1.13636363636364,-3.22562977164689
1.13507377979569,-3.40602022204059
1.13378684807256,-2.54400940139829
1.13254131515281,1.28068311290021
1.13250283125708,-0.279820270839262
1.13122171945701,0.136928285140034
1.12994350282486,-3.20913830806212
1.12866817155756,-3.5786989749112
1.12739571589628,-1.39290487862096
1.12612612612613,-2.06247846328791
1.12485939257593,-3.01949888760982
1.12473717836475,-3.4399194510981
1.12359550561798,-3.32688751088538
1.12233445566779,-2.96494337953807
1.12107623318386,0.0780828061886512
1.11982082866741,-3.61196370367211
1.11856823266219,-2.71944899338412
1.11731843575419,-0.824352187309965
1.11698681846782,-1.76200266515086
1.11607142857143,-2.36985300793729
1.11482720178372,-3.62275389500582
1.11358574610245,-2.87272161784166
1.11234705228031,-1.85388267280187
1.11111111111111,-1.86536960746828
1.10987791342952,-3.00981979521107
1.10928986489522,-0.784447348857763
1.10864745011086,-2.10299702850078
1.10741971207087,-3.51302680029148
1.10619469026549,-3.65282490067504
1.10497237569061,-3.3655618824312
1.1037527593819,0.3363064333352
1.10253583241455,-2.8317552287424
1.10164594963366,-3.12837660727591
1.10132158590308,-1.59572098159468
1.1001100110011,-2.03770243402193
1.0989010989011,-1.23921782326463
1.09769484083425,-3.30865249634207
1.09649122807018,-2.55873330806211
1.09529025191676,-2.41492170855134
1.09409190371991,-1.79532867752261
1.09405470720574,-1.46747652324863
1.09289617486339,-3.56912874813745
1.09170305676856,-2.86055519011684
1.09051254089422,-3.38265284418086
1.08932461873638,-1.57242377201306
1.08813928182807,-3.58377294435705
1.08695652173913,-2.15824840532788
1.08651577465254,-2.62063494781794
1.085776330076,-0.669621692138587
1.08459869848156,-3.6003714494342
1.08342361863489,-3.3621513776268
1.08225108225108,-1.40249945796698
1.08108108108108,-0.891293729963915
1.07991360691145,-3.22345295826725
1.07902879151618,-0.64426992132304
1.07874865156419,-3.61410948832387
1.07758620689655,-3.20660681792303
1.07642626480086,-3.03996822841101
1.0752688172043,-2.87374970091035
1.07411385606874,-1.38566853034088
1.07296137339056,-3.14696805262242
1.07181136120043,-2.22213867385524
1.07159339982267,-3.31685217282223
1.07066381156317,-3.2178123734251
1.06951871657754,-0.818781483125245
1.06837606837607,-1.94245318736894
1.06723585912487,-1.77124220347762
1.06609808102345,0.783818236646728
1.06496272630458,-3.20093201596945
1.06420924406472,-1.97153780630843
1.06382978723404,-2.5792421867993
1.06269925611052,-3.00916260047073
1.06157112526539,-2.69154146166663
1.06044538706257,-3.01605002775376
1.0593220338983,-2.40401120622054
1.05820105820106,-1.63793894470036
1.05708245243129,-2.67586749186723
1.0568759711848,-2.75126498798208
1.05596620908131,-3.46859908507822
1.05485232067511,-2.15412575070776
1.05374077976818,-2.0496583754308
1.05263157894737,-3.30338737465196
1.0515247108307,-2.41953649389425
1.05042016806723,0.146571067703197
1.04959323055823,-3.65180525215815
1.04931794333683,-0.938014164557454
1.0482180293501,-3.23072497445009
1.04712041884817,-2.71176272431871
1.04602510460251,-2.07247771504019
1.04493207941484,-3.20406510102039
1.04384133611691,-3.21980562417086
1.04275286757039,0.915258463065915
1.0423606739764,-2.56143504524946
1.04166666666667,-0.525385548199448
1.04058272632674,-1.83311402785089
1.03950103950104,-2.66872664039975
1.03842159916926,-0.816715399258906
1.03734439834025,-3.30930963122595
1.03626943005181,-2.95390948536736
1.0351966873706,-3.35083966722821
1.03517795563018,-3.20576959632036
1.03412616339193,-2.9780202820748
1.03305785123967,-2.74646934222981
1.03199174406605,-2.94582289608628
1.03092783505155,-2.12755544321375
1.02986611740474,-3.60239918597916
1.02880658436214,-3.57188029206061
1.02804473209331,-1.19018863725413
1.02774922918808,-3.33031562172102
1.02669404517454,-2.74648653251377
1.02564102564103,-2.71415225271381
1.02459016393443,-2.11130943026832
1.02354145342886,-3.34424989186267
1.02249488752556,-3.31143957676791
1.02145045965271,-3.21004038274743
1.02096066230605,-3.22345607413943
1.02040816326531,-2.56681543126221
1.01936799184506,-2.00621794606924
1.0183299389002,-1.13610491059891
1.01729399796541,-3.24063386839837
1.01626016260163,-2.71748505502013
1.01522842639594,-1.05590626269663
1.01419878296146,-3.22036578814631
1.01392540755882,-3.01344443671614
1.01317122593718,-0.116490673321702
1.01214574898785,-3.40679499758739
1.01112234580384,-1.72044442100862
1.01010101010101,-3.52417664361264
1.00908173562059,-2.05998969614769
1.00806451612903,-2.9137727952892
1.00704934541793,-3.02493673879253
1.00693863147603,-2.5048297689578
1.00603621730382,-3.24535713988386
1.00502512562814,-3.46100989801441
1.00401606425703,-2.68318631889606
1.00300902708124,-3.27122836412571
1.00200400801603,-2.71518767073909
1.001001001001,-1.9397334878103
1,-2.14437242230793
