"bfp_output.P","bfp_output.logBF"
1000,-2.53292301598959
993.109181374979,-2.39068901998653
986.265846131283,-2.27845431232482
979.46966706954,-2.21225416994916
972.720319245055,-2.20119331042131
966.017479952265,-2.24592160608388
959.360828709315,-2.33955259884281
952.75004724273,-2.47007456504083
946.184819472201,-2.62301026742706
939.66483149547,-2.78357885755455
933.189771573324,-2.93827687415041
926.759330114689,-3.07613199688914
920.373199661823,-3.18980195211351
914.031074875623,-3.27637191753932
907.732652521023,-3.3374621613599
901.477631452492,-3.37835923999203
895.26571259964,-3.40630585301777
889.096598952916,-3.42848201011305
882.969995549409,-3.4502544933574
876.885609458743,-3.47399285040354
870.843149769073,-3.49846955463691
864.842327573172,-3.51885712519465
858.882855954625,-3.52760462241029
852.964449974103,-3.51664437823653
847.086826655741,-3.48082696270863
841.249704973612,-3.42104155269053
835.452805838287,-3.3447123429057
829.695852083491,-3.26298709258803
823.978568452852,-3.18674910019883
818.300681586739,-3.12417532055845
812.661920009195,-3.08065918520374
807.06201411495,-3.06011475665268
801.500696156541,-3.06618576659657
795.977700231499,-3.1019349078533
790.492762269642,-3.16688822672794
785.045620020451,-3.25248917750228
779.636013040523,-3.34153901944857
774.263682681127,-3.41623672201139
768.928372075831,-3.46799676896067
763.629826128224,-3.49873722560717
758.367791499719,-3.51534457612824
753.142016597437,-3.52476508198766
747.952251562182,-3.53228238375523
742.798248256492,-3.54171266498686
737.679760252773,-3.55598952473043
732.596542821523,-3.57702192884092
727.548352919623,-3.60393814112318
722.534949178721,-3.63100928679519
717.556091893692,-3.65060742125702
712.611543011175,-3.66027126099662
707.701066118189,-3.66317078939236
702.824426430835,-3.66311871357079
697.981390783066,-3.66210343723243
693.17172761554,-3.6606367666311
688.39520696455,-3.65867627330443
683.651600451024,-3.65635314599156
678.940681269611,-3.65434590805138
674.262224177835,-3.65356678418059
669.616005485322,-3.65400877753752
665.001803043112,-3.65367081526001
660.419396233031,-3.64884992029108
655.868565957143,-3.63561871036155
651.349094627281,-3.61138737124794
646.860766154633,-3.57613245565239
642.40336593942,-3.53316616994239
637.976680860628,-3.48860720327606
633.580499265825,-3.44860277582598
629.214610961035,-3.41516366649314
624.878807200689,-3.38366442565048
620.57288067765,-3.34447588596991
616.296625513294,-3.28832570459688
612.04983724767,-3.21291723177053
607.832312829723,-3.12739104789106
603.643850607587,-3.05114616043998
599.484250318941,-3.00662262549165
595.353313081437,-3.01064017364977
591.250841383188,-3.0690774201286
587.176639073326,-3.17438126625303
583.130511352622,-3.3029813859534
579.112264764176,-3.41574029832496
575.121707184161,-3.4719131998374
571.158647812643,-3.45508621443987
567.222897164454,-3.38396275888975
563.314267060136,-3.29430188143926
559.432570616938,-3.21566846874982
555.577622239888,-3.1616961906184
551.749237612913,-3.12957924172677
547.947233690029,-3.10311180833313
544.171428686589,-3.06099144814034
540.421642070592,-2.98917416632234
536.697694554048,-2.88896427230493
532.999408084409,-2.77714596416591
529.326605836056,-2.6811434119332
525.679112201842,-2.62767191432728
522.056752784698,-2.62350075174786
518.459354389291,-2.64509270966964
514.886745013749,-2.65501871298339
511.338753841433,-2.62905065313016
507.815211232767,-2.57021146279792
504.315948717136,-2.50896700275474
500.840798984821,-2.48987977643902
500,-2.49557756689135
497.389595879006,-2.54062977620149
493.962174387832,-2.64757218104524
490.558370636505,-2.77178829915133
487.178021879463,-2.88546909749332
483.820966492595,-2.98820844273002
480.487043965513,-3.0958495322812
477.176094893875,-3.20973556902679
473.887960971765,-3.28935205298778
470.622484984128,-3.26403717107815
467.379510799247,-3.07244028072734
464.158883361278,-2.69219963958015
460.960448682844,-2.16475940879426
457.784053837662,-1.61379725053639
454.62954695324,-1.20310785092685
451.49677720361,-1.02832236263147
448.385594802119,-1.06264394307304
445.295850994266,-1.21510694594191
442.22739805059,-1.41014437988037
439.180089259609,-1.61857259102085
436.153778920801,-1.84201229693566
433.14832233764,-2.07819243116243
430.16357581068,-2.30661489862059
427.199396630678,-2.50561098104846
424.255643071778,-2.67147791976255
421.332174384729,-2.81837645180327
418.428850790158,-2.96400214549113
415.545533471888,-3.11788022221948
412.682084570296,-3.28045402146271
409.838367175726,-3.44527781396969
407.014245321944,-3.59037658451715
404.209583979631,-3.6610233175656
401.424249049932,-3.56534056467761
398.658107358044,-3.17406350659662
395.911026646846,-2.36187465379013
393.182875570577,-1.22471589739787
390.473523688556,-0.303924493426972
387.782841458946,-0.105572794660911
385.110700232557,-0.473775746947193
382.4569722467,-0.849335172814714
379.821530619074,-0.51192325222912
377.2042493417,1.29582210699643
374.605003274899,4.10856027631668
371.108016766958,6.03825495472644
369.46012051993,5.84915577077276
366.914237840249,4.75582354574512
364.385898376355,3.54779858777819
361.874981241128,3.53477185864064
359.381366380463,4.74954992498768
356.904934567523,5.54467103861798
354.445567397043,4.6845623643748
352.003147279668,1.84768473493493
349.577557436327,-1.56891713809675
347.168681892656,-3.43357222823509
344.776405473446,-3.5503056820673
342.400613797142,-2.91654078409068
340.041193270371,-2.191420308518
337.698031082509,-1.53257853708869
335.371015200293,-0.887337194898389
333.333333333333,-0.338662264949231
333.060034362459,-0.271643381411432
330.764978074424,0.136535294350456
328.485736603004,0.0590279335642565
326.222200971167,-0.589074742203858
323.97426295282,-1.28708734134743
321.741815067637,-1.40756121544698
319.524750575921,-0.882273087579146
317.322963473498,-0.0336439413078251
315.136348486648,0.525139580918268
312.964801067075,0.2236232032101
310.808217386907,-0.747903693722729
308.666494333727,-1.80082476658863
306.539529505653,-2.58477580046063
304.42722120643,-2.93018495967071
302.329468440578,-2.76287012995662
300.246170908555,-2.17588939744364
298.177229001967,-1.53031048078936
296.122543798804,-1.30891165359217
294.082017058706,-1.6209893832199
292.055551218275,-2.20246066724057
290.043049386399,-2.81950027275512
288.04441533963,-3.34257602926378
286.059553517574,-3.62501633123405
284.08836901833,-3.49716630771443
282.130767593947,-3.03528533483024
280.18665564592,-2.63377045235564
278.255940220713,-2.51784954452485
276.338529005317,-2.61830745317847
274.434330322837,-2.81626093991572
272.543253128103,-3.07291232073866
270.665207003324,-3.35299664518869
268.800102153761,-3.56010047544209
266.947849403432,-3.64761550939756
265.108360190854,-3.66353790064071
263.281546564802,-3.66050236452299
261.467321180109,-3.65151330454922
259.665597293487,-3.6005295161993
257.87628875938,-3.44927721882255
256.099310025846,-3.23144845436128
254.334576130465,-3.04214094460944
252.582002696278,-2.93658035879833
250.841505927754,-2.76902509125669
250,-2.62032304137953
249.113002606779,-2.43259678827895
247.396410088681,-2.24245171924037
245.691646298279,-2.66058061381211
243.998629725955,-3.02711856682795
242.31727942376,-2.88659948934396
240.647515001542,-2.54507138911849
238.989256623105,-2.50295667126773
237.342425002387,-2.58521535182022
235.706941399673,-2.59372409658492
234.082727617829,-2.4884450964539
232.469705998565,-2.30212141305885
230.867799418717,-2.33431251684605
229.276931286565,-2.91276841841237
227.697025538168,-3.46203941716608
226.128006633728,-3.30874256492317
224.569799553977,-2.54178658747024
223.022329796594,-1.43144104820969
221.485523372636,0.20948530401579
219.959306803008,1.90047166368853
218.443607114943,1.88012317333154
216.938351838519,-0.230085161839848
215.443469003188,-2.35480170892542
213.958887134342,-3.16412504529314
212.484535249888,-2.65244444166263
211.02034285686,-1.61416802241915
209.566239948043,-1.14046543727683
208.122156998634,-1.05977943856284
206.688024962908,-0.991020262725708
205.263775270925,-1.01242536416153
203.849339825246,-0.944919532906776
202.44465099768,-0.920249793183397
201.04964162605,-1.33070442428426
200,-2.00127566479066
199.664245010979,-2.26691125088952
198.288394912707,-3.26525354214457
196.922025547917,-3.28950339562375
195.565071586595,-2.48349938389368
194.217468148903,-1.58619835147406
192.879150802078,-1.66964223277152
191.550055557353,-2.7858567104689
190.230118866895,-2.95572006908709
188.919277620767,-2.39763714300177
187.617469143912,-2.66524957750552
186.324631193156,-2.71348356585561
185.04070195423,-2.77093767626125
183.765620038817,-1.71264668592179
182.499324481615,1.82345167286248
181.241754737424,3.18309190063771
179.992850678248,0.748297312960422
178.752552590424,-2.23020441601319
177.520801171764,-3.37553049876866
176.297537528721,-1.85831922080764
175.082703173572,0.0908136537169542
173.876240021625,1.00308158981956
172.678090388436,-0.418991825661162
171.488196987054,-2.59734470952268
170.306502925284,-3.3871553244319
169.132951702965,-2.8866329516709
167.967487209265,-1.60152200205821
166.810053720006,-0.627340161022697
166.666666666667,-0.552189170744252
165.660595894991,-0.146610307719025
164.519058775366,-0.079711134185156
163.385387780986,-0.672476181265959
162.259528707809,-1.83329744692819
161.141427725302,-2.96218175112447
160.03103137387,-2.97093003567961
158.928286562298,-2.07112530321133
157.833140565212,-1.66537650781312
156.745541020559,-1.68339552719977
155.665435927106,-2.36174116581578
154.592773641948,-3.26806873727848
153.527502878042,-3.58806410795129
152.469572701757,-3.625472571455
151.418932530435,-3.63153471366881
150.375532129974,-3.64742183825247
149.339321612425,-3.65912639212065
148.310251433611,-3.65773304154906
147.28827239075,-3.64003459507681
146.273335620113,-3.52982869845233
145.265392594678,-3.08850059421426
144.264395121816,-2.07630478071188
143.270295340983,-1.56306370684593
142.857142857143,-1.61743702642373
142.283045721435,-1.83405787054714
141.302599059953,-2.60321376229212
140.328908478587,-3.65352174307319
139.361927422414,-2.17588408289894
138.401609657313,0.484241501981889
137.447909267754,4.04120705808505
136.500780654601,2.84711974652003
135.560178532937,-2.54268834109127
134.626057929891,-2.77192720055397
133.698374182495,1.05513180584687
132.777082935543,4.27229168201102
131.862140139475,-0.0879786444516624
130.953502048267,-1.51557447480432
130.051125217341,-2.83586578108519
129.154966501488,-3.26184664332977
128.264983052806,-3.05979023221762
127.381132318648,-2.05471091759939
126.50337203959,-1.20905089120118
125.631660247412,-1.22823939363677
125,-0.20254121341939
124.765955263087,0.163803048694821
123.906215694792,-1.35023344083772
123.052400435926,-3.0584120457474
122.204468663149,-3.02221305338839
121.362379834424,0.34079019746746
120.526093687084,1.06494273938281
119.695570235904,-1.41819611903234
118.87076977119,-2.482858691407
118.051652856881,-2.34270126796973
117.23818032866,-2.86274499141465
116.430313292088,-3.58620233086334
115.628013120738,-2.94656383853954
114.831241454351,-1.50796339911799
114.039960197003,-0.536112078248475
113.254131515281,-1.77571673285548
112.473717836475,-2.70702430554102
111.698681846782,-2.18869794568196
111.111111111111,-2.06998343367821
110.928986489522,-2.03801998794575
110.164594963366,-2.51730795729513
109.405470720574,-2.99446993791396
108.651577465254,-3.36740746833443
107.902879151618,-3.62892939685268
107.159339982267,-3.0367079963196
106.420924406472,-1.84284839848025
105.68759711848,0.810010494270007
104.959323055823,-0.702059329517435
104.23606739764,-3.29506599751543
103.517795563018,-0.632136799107466
102.804473209331,4.42050874461352
102.096066230605,1.68111438939453
101.392540755882,-3.09888404096035
100.693863147603,-2.76415377907606
100,-1.31408212184617
100,-1.31408212184611
99.310918137498,-1.45720569076324
98.6265846131283,-2.3152186241035
97.946966706954,-2.0574121954924
97.2720319245054,-2.15428187651527
96.6017479952265,-2.90139273153293
95.9360828709315,-3.63430104440242
95.2750047242729,-3.14866711548795
94.61848194722,-1.85292451867671
93.966483149547,-0.567243095102195
93.3189771573324,-1.67572687221512
92.6759330114688,-3.33336016958999
92.0373199661823,-3.31522000352502
91.4031074875623,-1.83181595529565
90.9090909090909,-0.517712548369739
90.7732652521023,-0.177641118490054
90.1477631452492,-1.55208183818142
89.526571259964,-3.3465072279916
88.9096598952916,0.285854027399115
88.2969995549409,-1.17117444289202
87.6885609458743,-3.19608764211382
87.0843149769073,0.383851714469945
86.4842327573172,-0.76362475397779
85.8882855954625,-3.59068391159048
85.2964449974102,-2.39433604480582
84.7086826655741,-3.38574497876182
84.1249704973612,-3.65644588173997
83.5452805838287,-3.56068438907131
83.3333333333333,-3.45238766060065
82.9695852083491,-3.33810722803285
82.3978568452852,-1.83925458782179
81.8300681586739,-0.492166451835469
81.2661920009194,-3.08085488256533
80.706201411495,-1.49936149495174
80.150069615654,2.3973412736131
79.5977700231498,-2.19130969645623
79.0492762269642,-3.10118825587476
78.5045620020451,-0.718315738549772
77.9636013040523,-0.881757938901454
77.4263682681127,-2.75047597026885
76.9230769230769,-3.09273927195236
76.8928372075831,-2.98522309635446
76.3629826128224,-2.95089102880446
75.8367791499719,-3.53301963999722
75.3142016597437,-3.23177921841103
74.7952251562182,-1.79504313608136
74.2798248256491,-1.76675085108588
73.7679760252773,-3.26194680028508
73.2596542821523,-2.00909138895143
72.7548352919623,-3.10979302734917
72.2534949178722,-3.45922089885145
71.7556091893693,-1.36494554594399
71.4285714285714,1.86465233371975
71.2611543011175,0.0674933760531546
70.7701066118189,-3.43705114417635
70.2824426430835,3.15771504473658
69.7981390783066,-1.79895350373659
69.3171727615541,-3.60261061187439
68.839520696455,-2.92339409874664
68.3651600451024,-1.60240696290817
67.8940681269611,-2.39069799437216
67.4262224177834,-3.63692052521601
66.9616005485322,-2.64123579474848
66.6666666666667,-2.42385642285238
66.5001803043112,-2.02250549261607
66.0419396233031,0.125145706982342
65.5868565957143,-3.34150816193481
65.134909462728,-3.2266477395773
64.6860766154633,-2.41354101113556
64.2403365939419,-1.63260901791493
63.7976680860628,-3.38455276588023
63.3580499265825,-1.76479590873027
62.9214610961034,-3.14657790678926
62.5,-0.947648330292945
62.4878807200689,-0.881196437303212
62.057288067765,-2.57490793492523
61.6296625513294,-3.36244079308856
61.204983724767,-3.37493726840126
60.7832312829723,-2.67829928579074
60.3643850607587,-2.37728710498076
59.9484250318941,-3.43988900827231
59.5353313081437,-2.53621959565565
59.1250841383188,-1.99645385305403
58.8235294117647,-2.36791745977522
58.7176639073326,-2.37531318775457
58.3130511352622,-3.56214656570036
57.9112264764176,-1.68143853400734
57.5121707184161,-1.9449334742214
57.1158647812643,-3.64873688615257
56.7222897164454,-3.38642684345801
56.3314267060136,-3.13208023080123
55.9432570616938,-2.96908932886931
55.5577622239888,-3.62144339406627
55.5555555555556,-3.62381973454343
55.1749237612912,-3.43178913082748
54.7947233690029,-3.23635306437692
54.4171428686589,-3.07460259611558
54.0421642070592,-3.45582093497255
53.6697694554048,-3.10373744380881
53.2999408084409,-0.466498583511348
52.9326605836056,-2.65565897246067
52.6315789473684,-3.26769501958533
52.5679112201842,-2.87971676495287
52.2056752784698,-2.02697715193714
51.8459354389291,-2.70266971426262
51.488674501375,-3.48103256564247
51.1338753841433,-0.289825029969033
50.7815211232767,-2.000937973343
50.4315948717136,-2.06935486634775
50.0840798984821,-3.19381620905393
50,-2.95107601039642
49.7389595879007,-3.3210780686269
49.3962174387832,-2.79616254583278
49.0558370636505,-2.7903046778761
48.7178021879463,-2.23965275021738
48.3820966492596,-3.61197883657787
48.0487043965513,-3.0734899858334
47.7176094893875,-2.4915880760527
47.6190476190476,-1.76868252518157
47.3887960971765,-1.48935063440318
47.0622484984128,-3.63880899571042
46.7379510799246,3.45858375450333
46.4158883361278,-3.12432821005462
46.0960448682843,-2.30386835109759
45.7784053837662,-3.44177935420803
45.462954695324,-3.48818678395754
45.4545454545455,-3.48810644556407
45.149677720361,-1.15897959649599
44.8385594802119,-2.32369957060878
44.5295850994266,-3.19800437885977
44.222739805059,-0.897191959619088
43.9180089259609,-2.13898628106578
43.6153778920801,-3.05488407680867
43.4782608695652,-3.54618250304226
43.314832233764,-2.98088018218449
43.016357581068,-2.12647033427261
42.7199396630678,-3.36437628402971
42.4255643071778,-3.48093912716323
42.1332174384729,-3.31887658131502
41.8428850790158,0.420008639479097
41.6666666666667,-3.3964756335071
41.5545533471888,-0.931134799360545
41.2682084570295,-3.18722110014859
40.9838367175726,0.509258417236386
40.7014245321944,-3.62052450114005
40.4209583979631,-3.4201312856113
40.1424249049932,-1.30651707805542
40,-3.47087970191729
39.8658107358044,-2.60808244457685
39.5911026646846,-3.52807527253715
39.3182875570577,-3.43224543865797
39.0473523688556,-1.3352450421067
38.7782841458946,-1.75808079275545
38.5110700232557,-2.33970831067337
38.4615384615385,-2.90698636847982
38.24569722467,-3.24654062384262
37.9821530619073,-0.412009368434052
37.72042493417,-3.49642043410933
37.4605003274899,0.0652277820303953
37.2023668141307,-1.562191328737
37.037037037037,-2.64576613200257
36.946012051993,-3.56043767811083
36.6914237840249,-3.54806899585658
36.4385898376355,-2.94400015674803
36.1874981241128,-1.42185942725707
35.9381366380463,-2.37019211851604
35.7142857142857,-2.08056755444728
35.6904934567523,-2.09502862033859
35.4445567397043,-2.81669642670517
35.2003147279668,-1.91362172034111
34.9577557436328,-2.91208591251295
34.7168681892656,-3.54180772095755
34.4827586206897,-3.3144917663276
34.4776405473446,-3.2817445916841
34.2400613797142,-3.61735463785704
34.0041193270371,-1.46036639962518
33.7698031082509,-2.90801736755132
33.5371015200293,-0.0714744510496059
33.3333333333333,-3.27442507052727
33.3060034362459,-2.89277710139391
33.0764978074424,-2.09428872993881
32.8485736603004,-3.52409290559457
32.6222200971167,-2.96922031203133
32.397426295282,-2.19838572911375
32.258064516129,-2.88734010262611
32.1741815067637,-0.3200188702403
31.9524750575921,-0.19702771101971
31.7322963473498,-2.89617623177603
31.5136348486648,-3.22256191343218
31.2964801067075,-3.39415334990293
31.25,-2.55055711411931
31.0808217386906,-2.19544609774486
30.8666494333727,-3.00689217887161
30.6539529505653,-2.53506653523847
30.442722120643,0.263957712253405
30.3030303030303,-2.67739130154531
30.2329468440578,-0.081272305920872
30.0246170908555,-3.62350600978005
29.8177229001967,-2.06561071384841
29.6122543798804,-3.32581724249315
29.4117647058824,-2.49786357166804
29.4082017058706,-2.43831524997652
29.2055551218275,-0.911382054299433
29.0043049386399,-3.15931371668538
28.804441533963,-3.17218185274525
28.6059553517574,-3.16139579358308
28.5714285714286,-3.20891332874451
28.408836901833,-3.61176568475225
28.2130767593947,-3.27422322758617
28.018665564592,-3.5929269625583
27.8255940220712,-2.64323757370878
27.7777777777778,-3.22943849718369
27.6338529005317,-2.28831546586972
27.4434330322836,-3.38234180496941
27.2543253128103,-1.68634147367858
27.0665207003324,-0.644215948888141
27.027027027027,2.32743211171946
26.8800102153761,-2.3253010644462
26.6947849403432,-3.17237191125458
26.5108360190854,-2.79742153002466
26.3281546564802,-3.28197933868555
26.3157894736842,-3.03705863845219
26.1467321180109,-3.12503590788823
25.9665597293487,-2.26308224055658
25.787628875938,2.15542025212979
25.6410256410256,-1.45864810061716
25.6099310025846,-0.0505294481028882
25.4334576130465,-2.13742396005294
25.2582002696278,0.955633071858576
25.0841505927754,0.659762994470346
25,0.278793464358064
24.9113002606779,-2.37247528948056
24.7396410088681,-3.60136567386483
24.5691646298279,-3.09354368895374
24.3998629725955,-3.14406625634275
24.390243902439,-3.49832653908116
24.231727942376,-2.52388213344836
24.0647515001542,0.49352728524885
23.8989256623105,-2.90646396246474
23.8095238095238,-3.3605819100105
23.7342425002387,-0.533744706820708
23.5706941399673,-2.85631869166412
23.4082727617829,-1.35926526339075
23.2558139534884,-2.55006052266851
23.2469705998565,-2.79900766027877
23.0867799418717,-2.60011215020269
22.9276931286565,-0.168921754648873
22.7697025538168,-1.49589234664485
22.7272727272727,-0.879378233956866
22.6128006633728,-2.68604256907552
22.4569799553977,-0.662307635080491
22.3022329796594,-1.67360065160367
22.2222222222222,-2.7176704039055
22.1485523372636,-0.445407029062021
21.9959306803007,-2.73677006810102
21.8443607114943,-3.28726275434759
21.7391304347826,-2.7983734905825
21.6938351838518,-3.16746363405785
21.5443469003188,-2.96683728313216
21.3958887134342,-1.52445154757886
21.2765957446809,-1.88413633752232
21.2484535249888,-3.32189267284904
21.102034285686,-3.16921286915528
20.9566239948043,-3.30109982209775
20.8333333333333,-2.7437633773432
20.8122156998634,-0.89196139304526
20.6688024962908,-3.36242324521795
20.5263775270925,-2.66617773980776
20.4081632653061,-2.72624664926276
20.3849339825246,-3.04414272289382
20.244465099768,-1.24296744220087
20.104964162605,-0.663564716608344
20,-3.34217807926684
19.9664245010979,-2.84423821858881
19.8288394912707,-3.42801911165297
19.6922025547917,-1.75278619494004
19.6078431372549,-3.30953849005796
19.5565071586595,-1.33166698353947
19.4217468148903,-0.217098549445249
19.2879150802078,-3.41276453171964
19.2307692307692,-3.13175698832323
19.1550055557353,-2.40652835111664
19.0230118866894,-2.55936882758861
18.8919277620767,-0.953951548955142
18.8679245283019,-1.98647908156355
18.7617469143912,-3.1451748677759
18.6324631193156,-3.33148063090747
18.5185185185185,-2.73201503150899
18.504070195423,-2.86476799557432
18.3765620038817,-3.30587518063238
18.2499324481615,-3.10540063412518
18.1818181818182,-3.12694183176732
18.1241754737424,-1.17922252116012
17.9992850678248,-3.39113320690113
17.8752552590424,-3.20460380552343
17.8571428571429,-1.4300630803999
17.7520801171764,-2.99412878095812
17.6297537528721,-2.79687649325519
17.5438596491228,-2.19891753048325
17.5082703173572,-3.39073058104357
17.3876240021625,-3.23868084957565
17.2678090388436,-3.47460814215774
17.2413793103448,-2.00588251241772
17.1488196987054,-3.35078894189898
17.0306502925284,-1.5364358514053
16.9491525423729,-2.09741057619309
16.9132951702965,-3.11148161916533
16.7967487209265,-3.41322955741436
16.6810053720006,-2.65912383620478
16.6666666666667,-2.92241144011295
16.5660595894991,-2.01130177078111
16.4519058775366,-2.96922454535671
16.3934426229508,-3.39115862381153
16.3385387780986,-3.4960724042442
16.2259528707809,-3.55702481938918
16.1290322580645,-3.44185689620108
16.1141427725302,-1.34555466161778
16.003103137387,-3.50924239817398
15.8928286562298,-3.02608683127509
15.8730158730159,-2.0661663236673
15.7833140565212,-2.83822521480804
15.674554102056,-3.09210458098265
15.625,-1.76546415986045
15.5665435927106,-1.81563561726405
15.4592773641948,-3.1513890875906
15.3846153846154,-2.59024377689861
15.3527502878042,-2.19842362540792
15.2469572701757,-2.89974003406506
15.1515151515152,1.39156764670533
15.1418932530435,-1.3967502339331
15.0375532129974,-1.5255253805716
14.9339321612425,0.793321631423471
14.9253731343284,0.136262609220798
14.831025143361,-2.38819235466319
14.728827239075,-2.80657446900143
14.7058823529412,-3.35150346699823
14.6273335620113,-3.03536412170647
14.5265392594678,-1.88049750898314
14.4927536231884,-3.65275033983748
14.4264395121816,-2.89084066429536
14.3270295340983,-1.35774076051389
14.2857142857143,-0.379524436431391
14.2283045721435,-2.03341227975691
14.1302599059953,-2.97388185024483
14.0845070422535,-0.851444085986041
14.0328908478587,0.975468599527535
13.9361927422414,-3.49922734052994
13.8888888888889,-2.1894135484588
13.8401609657313,-2.69777830677271
13.7447909267754,-1.42027027522375
13.6986301369863,-1.48203600921787
13.6500780654601,-3.5424616171753
13.5560178532937,-1.06680139539277
13.5135135135135,-2.74832314155712
13.4626057929891,-3.08138173117366
13.3698374182495,-3.21465332221599
13.3333333333333,-1.22756544777148
13.2777082935543,-3.13480399359507
13.1862140139475,-3.42814770502364
13.1578947368421,-2.40296721601738
13.0953502048267,-0.670393861538694
13.0051125217341,-3.42948095399349
12.987012987013,-3.5796111169847
12.9154966501488,-3.00699401048511
12.8264983052806,-1.81951407926295
12.8205128205128,-2.30113172203267
12.7381132318648,-2.69459245824707
12.6582278481013,-3.50420956692987
12.650337203959,-2.56750458792545
12.5631660247412,-3.01145574917133
12.5,-2.60428390822805
12.4765955263087,-2.71692425009446
12.3906215694792,-2.94821590234018
12.3456790123457,-3.40029321144693
12.3052400435926,-3.43332119119513
12.2204468663149,-1.86295082468812
12.1951219512195,-2.75183375831279
12.1362379834424,-2.47815964277442
12.0526093687084,-3.39289961084504
12.0481927710843,-3.41391284315791
11.9695570235904,0.622346862566237
11.9047619047619,-2.51766258806442
11.887076977119,-1.70228542095553
11.8051652856881,-2.86260511954775
11.7647058823529,-2.45856173287656
11.723818032866,-0.0193231645049066
11.6430313292088,-1.34147616733197
11.6279069767442,-3.45784172576306
11.5628013120738,-2.97359947569314
11.4942528735632,-1.29632913617636
11.4831241454351,-1.63802198792255
11.4039960197003,-3.61248449993583
11.3636363636364,-2.99881702684983
11.3254131515281,-3.56585725193734
11.2473717836475,-2.41852403581994
11.2359550561798,-2.98847009500094
11.1698681846782,-2.36819415915665
11.1111111111111,-2.2314533556959
11.0928986489522,-3.5906663562816
11.0164594963366,-2.1710533122165
10.989010989011,-3.29534742717841
10.9405470720574,-2.73048622956311
10.8695652173913,-2.77637464470812
10.8651577465254,-2.87400167211554
10.7902879151618,-2.71651852729782
10.752688172043,-1.99125250095359
10.7159339982267,-0.567578641876518
10.6420924406472,-1.27494259974297
10.6382978723404,-0.865025533116902
10.568759711848,-3.617581473973
10.5263157894737,-3.28443259409625
10.4959323055823,-1.77410876780494
10.423606739764,-1.90919159929363
10.4166666666667,0.622893211034939
10.3517795563018,-3.03864323417978
10.3092783505155,-2.85515131899153
10.2804473209331,-2.56858201929431
10.2096066230605,-2.11145993985725
10.2040816326531,-2.22611105601798
10.1392540755882,-2.30984687176346
10.1010101010101,-2.97313992715059
10.0693863147603,-2.74737421967496
10,-1.9472453859913
10,-1.94724538599116
9.9310918137498,-2.48165542796358
9.9009900990099,-1.99814304141726
9.86265846131282,-2.94392683419921
9.80392156862745,-2.02331863458862
9.79469667069539,3.04224532944689
9.72720319245054,-3.16685585562227
9.70873786407767,-2.50680958879222
9.66017479952265,1.01072870569344
9.61538461538461,-2.54886029609444
9.59360828709314,-3.01601465221044
9.52750047242729,-3.21884905272482
9.52380952380952,-2.78671515384208
9.461848194722,-2.35130290962418
9.43396226415094,-3.5499004016312
9.39664831495469,-1.9934150331501
9.34579439252336,-3.51082451073584
9.33189771573324,-2.43844216863284
9.26759330114688,-3.23190605604064
9.25925925925926,-3.18054445554777
9.20373199661822,-3.53445455326966
9.1743119266055,-1.92635487305956
9.14031074875623,-3.66211182484063
9.09090909090909,-2.22194052696868
9.07732652521023,-3.09259011754717
9.01477631452492,-3.2509134119379
9.00900900900901,-2.10942901653741
8.9526571259964,-3.08614182747784
8.92857142857143,-3.35994028698398
8.89096598952916,-3.15947770547448
8.84955752212389,0.689280742031788
8.82969995549409,-3.40499707768411
8.7719298245614,-3.29499525344762
8.76885609458743,-3.45094837745172
8.70843149769072,-2.54167637849657
8.69565217391304,-3.45128284648429
8.64842327573172,-0.562072674116204
8.62068965517241,-1.65854011611158
8.58882855954625,-1.46899077862254
8.54700854700855,-3.16990609129429
8.52964449974102,-1.45643197011436
8.47457627118644,-2.19465564542638
8.47086826655741,-3.29959127199065
8.41249704973612,-2.96075291253912
8.40336134453781,-2.92599140714749
8.35452805838287,-1.7937710018907
8.33333333333333,-1.49165974140937
8.29695852083491,-2.74275454154216
8.26446280991736,-2.30990381985402
8.23978568452852,-3.64824019802115
8.19672131147541,-2.6101672716863
8.18300681586739,-3.62580415935833
8.13008130081301,-2.39376015198338
8.12661920009195,-1.57791779053404
8.0706201411495,-1.3987817702861
8.06451612903226,-2.65736840801379
8.01500696156541,-3.018861474757
8,-2.2298245508574
7.95977700231498,-3.52549265399072
7.93650793650794,-2.39148497612363
7.90492762269642,-3.21627009186239
7.8740157480315,-1.66673290137076
7.85045620020451,-1.96832050941488
7.8125,-3.65101471862549
7.79636013040523,-3.04861296079791
7.75193798449612,-2.24122766746653
7.74263682681127,-2.7843432225206
7.69230769230769,-2.57132626532474
7.68928372075831,-3.11167019101004
7.63629826128224,-1.93614081413495
7.63358778625954,-1.98764863672813
7.58367791499719,-2.00734983336171
7.57575757575758,-3.4187239295659
7.53142016597437,-3.35383143365352
7.5187969924812,-2.65316255491744
7.47952251562182,-2.75272183394311
7.46268656716418,-2.83498192314594
7.42798248256492,-2.61491822874462
7.40740740740741,-2.49197323866086
7.37679760252773,-3.12873844876894
7.35294117647059,-1.48235159245165
7.32596542821523,-3.5025045158526
7.2992700729927,-3.44915800662498
7.27548352919623,-1.44685614716824
7.2463768115942,-3.34661590094749
7.22534949178722,-2.26382953573481
7.19424460431655,-3.11854534718396
7.17556091893693,-2.95655078303168
7.14285714285714,-2.91670086700786
7.12611543011175,-1.50137310336903
7.09219858156028,-2.63268993787285
7.07701066118189,-1.92458396205815
7.04225352112676,-1.70865002852694
7.02824426430835,-2.58747115323628
6.99300699300699,-0.840917161339756
6.97981390783066,-3.42618995916704
6.94444444444444,-0.137233168171558
6.93171727615541,-1.51252112034528
6.89655172413793,-3.31389630503487
6.8839520696455,-3.0640807652161
6.84931506849315,-2.9852716355342
6.83651600451024,-1.85272539880607
6.80272108843537,-1.27310407478843
6.78940681269611,-2.19573092637539
6.75675675675676,-2.22594217308734
6.74262224177834,-3.43950968251049
6.71140939597315,-2.21114105659621
6.69616005485322,-3.01461311548708
6.66666666666667,-3.13469330755175
6.65001803043112,-2.05071122780528
6.62251655629139,-3.39038511661969
6.6041939623303,-3.13213307792351
6.57894736842105,-2.20074825041824
6.55868565957143,-0.424347303598078
6.5359477124183,-2.9327659417312
6.5134909462728,-3.074940205364
6.49350649350649,-2.08131346440195
6.46860766154633,-2.33476840388432
6.45161290322581,-3.07085978389001
6.42403365939419,-3.5970822304569
6.41025641025641,-3.61727228596412
6.37976680860628,-3.01186547152444
6.36942675159236,-0.984744238720036
6.33580499265825,-2.07436494557468
6.32911392405063,-2.0219962617043
6.29214610961034,-3.15985642211713
6.28930817610063,-2.68002668634845
6.25,-3.62390587645977
6.24878807200689,-3.63428721189806
6.2111801242236,-0.00226578077127737
6.2057288067765,-0.302283238649362
6.17283950617284,-1.70719058050222
6.16296625513294,-3.05954359429468
6.13496932515337,-3.29712254544402
6.1204983724767,-3.17981581857397
6.09756097560976,-2.95580039880671
6.07832312829723,-0.71264062373974
6.06060606060606,-3.62638823633103
6.03643850607587,-2.95874962188223
6.02409638554217,-1.02262174122601
5.99484250318941,-2.79457828012051
5.98802395209581,-3.05971059163762
5.95353313081437,-3.06493777987974
5.95238095238095,-2.82126899777442
5.91715976331361,-2.16877359260236
5.91250841383188,-2.09781196782445
5.88235294117647,-2.83385202272161
5.87176639073326,-1.97989809141459
5.84795321637427,-2.96639957861195
5.83130511352622,-2.60256127791431
5.81395348837209,-3.46016369234631
5.79112264764176,-1.77877678243079
5.78034682080925,-3.20411723119157
5.75121707184161,-2.15453612317485
5.74712643678161,1.36613313129484
5.71428571428571,-3.21694038228442
5.71158647812643,-2.39425376890263
5.68181818181818,-3.47583822457862
5.67222897164454,-1.87184939823741
5.64971751412429,-2.61360986963295
5.63314267060136,-3.28644542202927
5.61797752808989,-3.64311636310621
5.59432570616938,-3.29938038217629
5.58659217877095,-3.36554943515729
5.55577622239888,-2.02062782915597
5.55555555555556,-1.98923984267868
5.52486187845304,-3.04880082954643
5.51749237612913,-3.48225997686266
5.49450549450549,-3.5365901015629
5.47947233690029,-3.381214292693
5.46448087431694,-1.42216672353508
5.44171428686589,-2.92039784832
5.43478260869565,-3.23711848204111
5.40540540540541,-3.61016823344046
5.40421642070592,-3.59652985966793
5.37634408602151,-2.75070859474165
5.36697694554048,0.62447761999086
5.3475935828877,-3.58016782129347
5.32999408084409,-3.58467638375584
5.31914893617021,-2.77502861354959
5.29326605836056,-3.27624756807422
5.29100529100529,-2.2964793316401
5.26315789473684,-3.60556281475634
5.25679112201842,-3.54461534949614
5.23560209424084,-3.42657079350944
5.22056752784698,-2.97724509014609
5.20833333333333,-2.62301280345862
5.18459354389291,-3.65859220035217
5.18134715025907,-3.41433534387717
5.15463917525773,-2.65707045457058
5.14886745013749,-3.12316331541877
5.12820512820513,-2.97149600307911
5.11338753841433,-3.43613031787846
5.10204081632653,-2.74123436638485
5.07815211232767,-2.12850853462147
5.0761421319797,-0.0583636577051534
5.05050505050505,-3.40296699596559
5.04315948717136,-3.16675868834666
5.0251256281407,-2.94554564437559
5.00840798984821,-2.33044848268666
5,-3.4012154273126
4.97512437810945,-3.22548589186921
4.97389595879006,-1.11961051004097
4.95049504950495,-3.37166360247179
4.93962174387832,-3.13977514639417
4.92610837438424,-0.649211827252951
4.90558370636505,-2.50309249138162
4.90196078431372,-1.44398887491875
4.8780487804878,-3.22973557477415
4.87178021879463,-3.42640535715692
4.85436893203883,1.27173656702731
4.83820966492596,0.146269333116028
4.83091787439613,-2.94483234637228
4.80769230769231,-3.41084022280991
4.80487043965513,-3.09119205685591
4.78468899521531,-2.73562519862487
4.77176094893875,-2.02112743774522
4.76190476190476,-3.37921388057607
4.739336492891,-3.52728073828372
4.73887960971765,-3.59755165661518
4.71698113207547,-2.66430088103992
4.70622484984128,-3.15312738097644
4.69483568075117,-2.56115125841056
4.67379510799246,-2.0572990217859
4.67289719626168,-2.26751036590566
4.65116279069767,-1.42176676851083
4.64158883361278,-3.63542222385042
4.62962962962963,-3.28656338568289
4.60960448682843,-3.64043458702558
4.60829493087558,-2.42951323524771
4.58715596330275,-0.221153938395825
4.57784053837662,-2.80010119903137
4.5662100456621,-3.09561730044355
4.5462954695324,-3.23150092372257
4.54545454545455,-2.68306368855665
4.52488687782805,-3.42539534051859
4.5149677720361,-3.13811510739968
4.5045045045045,1.78016971639956
4.48430493273543,-1.21114504348305
4.48385594802119,-1.7022970562664
4.46428571428571,-2.34566581763884
4.45295850994265,-2.15142058434413
4.44444444444444,-1.94017331191274
4.42477876106195,-3.27154614135771
4.4222739805059,-3.3432909795663
4.40528634361233,-3.2946987100649
4.39180089259609,-3.46924291557626
4.3859649122807,-3.43963970862863
4.36681222707424,-3.21923184909322
4.361537789208,-3.21369485924698
4.34782608695652,-3.42058402804913
4.3314832233764,0.444828165737865
4.32900432900433,-3.00880100225977
4.31034482758621,-2.2689931183025
4.30163575810679,-2.81303821165526
4.29184549356223,-2.58116003129687
4.27350427350427,-2.9354635102094
4.27199396630678,-3.3156691628953
4.25531914893617,-1.32814458598603
4.24255643071778,-0.863544109590332
4.23728813559322,-3.31767275135011
4.21940928270042,-3.38741019389688
4.21332174384729,-3.2469141693566
4.20168067226891,-1.38795873547731
4.18428850790158,-1.58237857475084
4.18410041841004,-1.26022553424088
4.16666666666667,-3.51831461055253
4.15545533471888,-2.58153400516583
4.149377593361,-2.99955621385105
4.13223140495868,-3.23780565215359
4.12682084570295,-2.01344456303645
4.11522633744856,-2.67424827689193
4.09838367175726,-3.41501665589898
4.0983606557377,-3.42208263362398
4.08163265306122,-2.82766236557587
4.07014245321944,-3.36773955920817
4.0650406504065,-3.39101808698687
4.04858299595142,-3.54246616389359
4.04209583979631,-3.60138155823999
4.03225806451613,-2.45154270247714
4.01606425702811,-2.42852635879715
4.01424249049932,-2.87208538377039
4,-3.02517470700489
3.98658107358044,-3.11376533451026
3.98406374501992,-2.36299162364353
3.96825396825397,-2.93541766501952
3.95911026646846,-3.48622143029597
3.95256916996047,-3.35243649395936
3.93700787401575,-2.69643421176938
3.93182875570577,-3.0638403982942
3.92156862745098,-1.71119369008091
3.90625,-3.03552636616878
3.90473523688556,-2.0733073887754
3.89105058365759,-3.30581291948412
3.87782841458946,-1.75889876477411
3.87596899224806,-2.90529523215163
3.86100386100386,-3.12263461027355
3.85110700232557,-3.29224939626827
3.84615384615385,-3.0366296590882
3.83141762452107,-2.37687159777412
3.824569722467,-2.81164056080562
3.81679389312977,0.289556791749637
3.80228136882129,-2.61339839241425
3.79821530619074,-2.49806317369051
3.78787878787879,-3.52836767822695
3.77358490566038,-2.40163948961925
3.772042493417,0.834317152352573
3.7593984962406,-3.27013265018926
3.74605003274899,-1.36254914639731
3.74531835205992,-2.16036152771313
3.73134328358209,-3.13141690722382
3.72023668141307,-0.561443652432909
3.71747211895911,-2.82402440958988
3.7037037037037,-3.07902031059289
3.6946012051993,-2.82905250332966
3.690036900369,-2.5338908169911
3.67647058823529,-3.03875690516606
3.66914237840249,-3.65707165894657
3.66300366300366,-1.12143038208121
3.64963503649635,-3.59644059433493
3.64385898376355,-0.387234901727122
3.63636363636364,-2.55545002748759
3.6231884057971,-3.25576043198957
3.61874981241128,-2.7683991850866
3.6101083032491,-2.04237792090459
3.59712230215827,-2.2396504812436
3.59381366380463,-3.47776760524287
3.584229390681,-1.70979067080317
3.57142857142857,-2.15943174620305
3.56904934567523,-1.53213608683206
3.55871886120996,-2.67722567912035
3.54609929078014,-2.63406216788529
3.54445567397043,-1.18351400748379
3.53356890459364,-2.86430522141712
3.52112676056338,-1.34187984714303
3.52003147279668,-3.27175654121244
3.50877192982456,-3.6104175670393
3.4965034965035,-2.60615867857855
3.49577557436328,-3.57307112270645
3.48432055749129,-3.04375287627853
3.47222222222222,-3.48820746995998
3.47168681892656,-2.92161002671379
3.46020761245675,-3.65008486209076
3.44827586206897,-3.2020158726989
3.44776405473446,-3.06652055076141
3.43642611683849,-2.9469514814934
3.42465753424658,-2.65103262817173
3.42400613797142,-0.951162407267371
3.41296928327645,-3.29984388270314
3.40136054421769,-3.30263090687806
3.40041193270371,-2.5938531766131
3.38983050847458,-3.07294836710384
3.37837837837838,0.0583423382323831
3.37698031082509,-2.64931217678552
3.36700336700337,-2.9624773109882
3.35570469798658,-2.33617505242516
3.35371015200293,-2.36058270507864
3.34448160535117,0.91936920318192
3.33333333333333,-2.97769775777656
3.33060034362459,-3.26594384456596
3.32225913621262,-3.06466657846279
3.3112582781457,-0.934694335400461
3.30764978074424,-3.50633704475147
3.3003300330033,-3.21730638128617
3.28947368421053,-3.24821273232602
3.28485736603004,-3.0557724314077
3.27868852459016,-3.45178472505578
3.26797385620915,-3.42984415437989
3.26222200971167,-3.40023321223115
3.25732899022801,-2.25056095102128
3.24675324675325,-3.5236889220733
3.2397426295282,-3.5665099686423
3.23624595469256,-3.39305135313624
3.2258064516129,-2.00052970350869
3.21741815067637,-3.18030411501384
3.21543408360129,-3.09602118252117
3.20512820512821,-0.680335848569011
3.19524750575921,-1.71524146732262
3.19488817891374,-1.69855320505841
3.18471337579618,-2.36200626434295
3.17460317460317,-3.61256568452726
3.17322963473498,-2.33860759608889
3.16455696202532,-1.97926392312665
3.15457413249211,-1.88357151658767
3.15136348486648,-2.76682504526191
3.14465408805031,-2.57761825026791
3.13479623824451,-0.862488091510623
3.12964801067075,-1.74307597667022
3.125,-3.6591934849133
3.11526479750779,-3.53588967105547
3.10808217386906,-3.49636031083896
3.1055900621118,-2.6424571155277
3.09597523219814,-2.38302110954585
3.08666494333727,-3.28382062893776
3.08641975308642,-3.47991708206502
3.07692307692308,-2.84080581268689
3.06748466257669,-1.76904298725268
3.06539529505653,-3.47866605000716
3.05810397553517,-2.84457096356577
3.04878048780488,-3.44802743819248
3.0442722120643,-3.61383310187146
3.03951367781155,-3.00644497965412
3.03030303030303,-2.89893147296435
3.02329468440578,-3.19199136132574
3.02114803625378,-2.30446669433659
3.01204819277108,-2.49525666342545
3.003003003003,-3.33351888503735
3.00246170908555,-2.30499980346705
2.9940119760479,-3.17906859956328
2.98507462686567,-3.21193111597089
2.98177229001967,-3.05669556595621
2.97619047619048,-1.7897051331932
2.9673590504451,-3.56045895395347
2.96122543798803,-2.619782620402
2.9585798816568,-3.63365838358272
2.94985250737463,-2.47219963034145
2.94117647058824,-1.24871480820378
2.94082017058706,-2.39155879450736
2.93255131964809,-3.24321244028929
2.92397660818713,-3.28445866744523
2.92055551218275,-2.72372909447308
2.91545189504373,1.5997118483884
2.90697674418605,-2.98892180696471
2.90043049386399,-3.44485331011388
2.89855072463768,-3.17169839778229
2.89017341040462,-3.1467904729988
2.88184438040346,-3.48698377795393
2.8804441533963,-3.13667588449313
2.8735632183908,-2.46013294001774
2.86532951289398,-2.20432315989869
2.86059553517574,-3.09166066666917
2.85714285714286,-3.1216083015198
2.84900284900285,-3.16760658011882
2.84090909090909,-2.7195378466741
2.8408836901833,-2.79327746452379
2.8328611898017,-3.57690667467532
2.82485875706215,-3.22296124227609
2.82130767593947,-3.06974742592596
2.8169014084507,-0.0959747727666906
2.80898876404494,-3.46225417386047
2.8018665564592,-2.78380569666013
2.80112044817927,-2.67795804868019
2.79329608938547,-1.24119584156385
2.78551532033426,-3.57357300922088
2.78255940220712,-3.2253529289721
2.77777777777778,-2.69912877152448
2.77008310249307,-2.6634227856921
2.76338529005317,-3.63902855194369
2.76243093922652,-2.63738154464418
2.75482093663912,-1.24681171693133
2.74725274725275,-3.33271858224235
2.74434330322836,-3.40679406371974
2.73972602739726,-3.22421083832783
2.73224043715847,-1.00420590001302
2.72543253128103,-3.04942517276869
2.72479564032698,-1.43490739310401
2.71739130434783,-3.37147487323177
2.710027100271,-3.03782179119902
2.70665207003324,-3.55755019997899
2.7027027027027,-2.96148255444332
2.69541778975741,-3.20681116258551
2.68817204301075,-0.563949603076092
2.68800102153761,0.0303746756025491
2.68096514745308,-2.48529059105574
2.67379679144385,-2.56059296543959
2.66947849403432,-2.56570483525946
2.66666666666667,1.50427163051289
2.65957446808511,-2.63381853023098
2.6525198938992,-2.79729801057057
2.65108360190854,-2.50162567020582
2.64550264550265,-2.7269951971668
2.63852242744063,-2.70744868611122
2.63281546564802,-0.337761389945579
2.63157894736842,-1.14517376390183
2.6246719160105,-3.46931563636506
2.61780104712042,-3.5264810818402
2.61467321180109,-2.980356734045
2.61096605744125,-3.28960531667836
2.60416666666667,-2.36351807841556
2.5974025974026,-3.40347409903647
2.59665597293487,-2.53675270390574
2.59067357512953,-3.35745301667212
2.58397932816537,-3.54586391910622
2.5787628875938,-3.6405680642391
2.57731958762887,-3.34449813239241
2.5706940874036,-3.21091167275913
2.56410256410256,-1.87567311497262
2.56099310025846,-3.55664342201303
2.55754475703325,-2.17868134274779
2.55102040816327,0.093081638654259
2.54452926208651,-2.92867583139839
2.54334576130465,-2.67789800871075
2.53807106598985,-2.3748678095675
2.53164556962025,-3.25581018299222
2.52582002696278,-3.09205331793488
2.52525252525253,-3.64696264513092
2.51889168765743,-3.40765984006664
2.51256281407035,-3.47896087618765
2.50841505927754,-1.36402796604282
2.5062656641604,-3.29973180391427
2.5,-2.97411541935657
2.49376558603491,-2.67846254616448
2.49113002606779,0.282326076662391
2.48756218905473,-2.6605129715128
2.48138957816377,-2.25241585393381
2.47524752475248,-3.12480479627261
2.47396410088681,-3.05005702130374
2.46913580246914,-3.15411179950028
2.46305418719212,-3.58843844535952
2.45700245700246,-1.17448087406113
2.45691646298279,-0.808803887314563
2.45098039215686,-3.32043469898552
2.44498777506112,-3.56847030111812
2.43998629725955,-3.54579972285618
2.4390243902439,-3.29297420212701
2.4330900243309,-2.66743482669595
2.42718446601942,-3.18023638338245
2.4231727942376,-3.51409210700451
2.42130750605327,-3.63747183868726
2.41545893719807,-2.46551233214783
2.40963855421687,-3.25491668833173
2.40647515001542,0.505119461045486
2.40384615384615,-1.8152962808045
2.39808153477218,-3.14767336106128
2.39234449760766,-2.77816553907725
2.38989256623105,-3.07347816025851
2.38663484486874,-2.42479936413285
2.38095238095238,-1.72286342567342
2.37529691211401,-3.26307751724435
2.37342425002387,-3.19977245918336
2.3696682464455,-3.23952433700175
2.36406619385343,-3.21884111396606
2.35849056603774,-2.16424444830254
2.35706941399673,-3.66152830446064
2.35294117647059,-3.29163932680403
2.34741784037559,-3.53666409039637
2.34192037470726,-2.71857036144741
2.34082727617829,-3.00340237480428
2.33644859813084,-0.117029411352926
2.33100233100233,-1.15307307915297
2.32558139534884,-3.3369719965912
2.32469705998565,-3.16901325318637
2.32018561484919,-2.50272083321674
2.31481481481481,-3.04066983651996
2.3094688221709,-2.25367225843048
2.30867799418717,-1.88903972452472
2.30414746543779,-2.99000239018106
2.29885057471264,-2.27125631516817
2.29357798165138,-1.74319503020423
2.29276931286565,-2.85927346365035
2.2883295194508,-2.28098916055419
2.28310502283105,-2.69320767031409
2.27790432801822,-2.84453728408276
2.27697025538168,-2.89203374274335
2.27272727272727,-3.66257528391604
2.26757369614512,-3.31366418151036
2.26244343891403,-3.26069648463025
2.26128006633728,-2.24717774004052
2.25733634311512,-2.70278294957104
2.25225225225225,-2.33101898139618
2.24719101123596,-2.97582226658913
2.24569799553977,-3.23964903306101
2.24215246636771,-3.18930756707986
2.23713646532438,-2.51914248575751
2.23214285714286,-3.30547301340969
2.23022329796594,-3.53036090783292
2.2271714922049,-1.33286186417542
2.22222222222222,-3.28057787907936
2.21729490022173,-2.56307297083428
2.21485523372636,-2.24107363112152
2.21238938053097,-2.72071192250065
2.2075055187638,-2.81461496979675
2.20264317180617,-2.44662305581074
2.19959306803007,-2.50911500283437
2.1978021978022,-2.76037415748898
2.19298245614035,-2.15381258932309
2.18818380743982,-3.63898873402145
2.18443607114943,-0.749524463831487
2.18340611353712,-2.24001946698599
2.17864923747277,-2.14852795681962
2.17391304347826,-1.5818386627911
2.16938351838518,-3.56276170478157
2.16919739696312,-3.45317530980445
2.16450216450216,-2.90944629369842
2.15982721382289,-3.12772564625076
2.1551724137931,-3.51794352328413
2.15443469003188,-2.27983035085209
2.1505376344086,-2.9315705066689
2.14592274678112,-3.52443826098296
2.14132762312634,-3.26984609962322
2.13958887134342,-3.02228709551003
2.13675213675214,0.510493791799935
2.13219616204691,-3.56511777916888
2.12765957446809,-2.52576291078905
2.12484535249888,-3.52485977084875
2.12314225053079,-2.67064164358463
2.11864406779661,-3.60983150374751
2.11416490486258,-2.09912178432001
2.1102034285686,-3.29696702871363
2.10970464135021,-3.39045289894711
2.10526315789474,-3.49911688485995
2.10084033613445,-2.91932520860511
2.09643605870021,-0.943945720584462
2.09566239948043,-2.81830019170065
2.09205020920502,-3.55915389211766
2.08768267223382,-1.20393362202771
2.08333333333333,-3.24982372662786
2.08122156998634,-1.83912773652078
2.07900207900208,-2.78241731295172
2.0746887966805,-3.54541332502897
2.0703933747412,-3.45579047953803
2.06688024962908,-3.03859341475187
2.06611570247934,-2.98987097102629
2.06185567010309,-1.64060462369086
2.05761316872428,-3.39790832601859
2.05338809034908,-1.23971865815183
2.05263775270925,-2.87452250855339
2.04918032786885,-2.37007896826067
2.04498977505112,-3.29756799939305
2.04081632653061,-3.5960911362339
2.03849339825246,-3.56236121124347
2.03665987780041,-3.59158166903127
2.03252032520325,-2.56822025798429
2.02839756592292,-3.57157708306418
2.0244465099768,-1.90206134405268
2.02429149797571,-1.20573257451881
2.02020202020202,-2.235270502115
2.01612903225806,-3.18738741383519
2.01207243460765,-3.30814743015822
2.0104964162605,-2.09955564144108
2.00803212851406,-1.94865710312605
2.00400801603206,-3.08488047725087
2,-3.61928164939793
1.99664245010979,-3.21249554921719
1.99600798403194,-3.17898598974817
1.99203187250996,-2.86091969291256
1.98807157057654,-3.66250618272654
1.98412698412698,-2.95458973674756
1.98288394912707,-3.5053506647106
1.98019801980198,-3.30080246193914
1.97628458498024,-3.4188727632699
1.9723865877712,-3.22895992584339
1.96922025547917,-3.18489953330568
1.96850393700787,-2.94546786252205
1.96463654223969,-2.81694025605101
1.96078431372549,-3.44330435512615
1.95694716242661,-3.3473478211212
1.95565071586595,-2.85741881021768
1.953125,-3.15835815599241
1.94931773879142,-1.48485559014589
1.94552529182879,-3.36986200074819
1.94217468148903,-2.85024356591468
1.94174757281553,-1.03522667258052
1.93798449612403,-3.648037582035
1.93423597678917,-3.17553869922703
1.93050193050193,-2.94991582207264
1.92879150802078,-3.58586886954852
1.92678227360308,-3.30583048616695
1.92307692307692,-3.04753755435488
1.91938579654511,-1.17857499870849
1.91570881226054,-3.44416785517411
1.91550055557353,-3.57148661569398
1.91204588910134,-2.72203756918263
1.90839694656489,-1.81368173945206
1.9047619047619,-3.55401257614234
1.90230118866894,-2.68714570395231
1.90114068441065,-3.43518072792453
1.89753320683112,-2.16295078636348
1.89393939393939,-3.48581276385611
1.89035916824197,-2.91430672091017
1.88919277620767,-3.63857235197274
1.88679245283019,-1.37250215855165
1.88323917137476,-3.41305106514876
1.8796992481203,1.03258056415097
1.87617469143912,-2.45869830859139
1.87617260787992,-2.466120096609
1.87265917602996,-3.39834089401104
1.86915887850467,-3.59605910488129
1.86567164179104,-3.53609007724357
1.86324631193156,-3.17229616279279
1.86219739292365,-2.8017768184403
1.85873605947955,-2.15511257528795
1.85528756957328,-2.80290870521038
1.85185185185185,-2.18722065233772
1.8504070195423,-3.10365162929831
1.84842883548983,-2.07894119144616
1.8450184501845,-2.3144105214471
1.84162062615101,-3.62843374405908
1.83823529411765,-1.36188552428832
1.83765620038817,-3.47716367770702
1.8348623853211,-3.21136647243953
1.83150183150183,-3.64006152036564
1.82815356489945,-1.37405498538505
1.82499324481615,-2.53126949342892
1.82481751824817,-3.0957078120543
1.82149362477231,-1.92839131985219
1.81818181818182,-3.32014734646564
1.81488203266788,-2.88547878452784
1.81241754737424,-3.13910029672241
1.81159420289855,-3.66178713550867
1.80831826401447,-2.83750257703827
1.80505415162455,-3.27376403980416
1.8018018018018,-2.6329525324342
1.79992850678248,-0.450565525877617
1.79856115107914,-2.69372228663074
1.79533213644524,-2.62430766552735
1.7921146953405,-2.74299790156457
1.78890876565295,-3.5277811719621
1.78752552590424,-2.91438427187738
1.78571428571429,-3.61724301000025
1.7825311942959,-3.10524648530291
1.77935943060498,-2.93349324570466
1.77619893428064,-3.17349996600093
1.77520801171763,-3.37148049276864
1.77304964539007,-2.74412680716251
1.76991150442478,-3.46695152024536
1.76678445229682,-3.1471524807798
1.7636684303351,-2.02702345061835
1.76297537528721,-3.63330006654841
1.76056338028169,-3.24291331056626
1.75746924428822,-1.87582744700854
1.75438596491228,-3.02370203010072
1.75131348511384,-2.06983513193678
1.75082703173572,-3.3538649378113
1.74825174825175,-0.151072810537197
1.74520069808028,-2.28478813602585
1.74216027874564,-2.92138662965096
1.73913043478261,-3.56412089633231
1.73876240021625,-3.44706275232768
1.73611111111111,-1.11463042740585
1.73310225303293,-3.52799626688791
1.73010380622837,-1.58457113573761
1.72711571675302,-2.93458608013951
1.72678090388436,-3.62257595690967
1.72413793103448,-2.4204677498529
1.72117039586919,-3.56624060877403
1.71821305841924,-2.58573168190791
1.71526586620926,-3.50989938742181
1.71488196987054,-2.61959365682467
1.71232876712329,-3.14993054122827
1.70940170940171,-1.39293824836936
1.70648464163823,-3.45494400426294
1.70357751277683,-3.3917848614049
1.70306502925284,-3.1229249148226
1.70068027210884,-3.53553666115438
1.69779286926995,-0.706486609521032
1.69491525423729,-2.97292930553997
1.69204737732657,-3.63622230833318
1.69132951702965,-2.97783317275234
1.68918918918919,-3.46462724704046
1.68634064080944,-2.69848126240133
1.68350168350168,-3.30537805591522
1.68067226890756,-0.293079582688317
1.67967487209265,-3.17515259945052
1.67785234899329,-1.80526566612185
1.6750418760469,-0.653304193213908
1.67224080267559,-2.16373411209615
1.669449081803,-2.21041421264077
1.66810053720006,-1.53126214999447
1.66666666666667,-3.04382175621584
1.66389351081531,-3.13639140460982
1.66112956810631,-1.31939927808373
1.65837479270315,-3.05242705319496
1.65660595894991,-3.47197863457871
1.65562913907285,-2.64754064876818
1.65289256198347,-3.2904948226505
1.65016501650165,-2.96554993443733
1.64744645799012,-3.14386005411212
1.64519058775366,-2.80451429660236
1.64473684210526,-1.07958639044709
1.64203612479475,-3.11636308955668
1.63934426229508,-2.33047999927508
1.6366612111293,-3.06616177770551
1.63398692810458,-3.43268322165424
1.63385387780986,-2.2189605524591
1.63132137030995,-3.52631007417399
1.62866449511401,-2.39094754368322
1.6260162601626,-3.53594003740549
1.62337662337662,-3.2062587265524
1.62259528707809,-3.52209140302373
1.62074554294976,-3.45075552994355
1.61812297734628,-3.02060058600075
1.61550888529887,-3.48199540461909
1.61290322580645,-2.4567126781002
1.61141427725302,-0.71053151878102
1.61030595813205,-3.26598022787312
1.60771704180064,-3.59140401874331
1.60513643659711,-1.87831747314878
1.6025641025641,-2.81385781730027
1.6003103137387,-2.77975511520908
1.6,2.21312750145332
1.59744408945687,-2.01260423969473
1.59489633173844,-0.707527284498705
1.59235668789809,-0.564886964627571
1.58982511923688,-3.59787154798583
1.58928286562298,-2.58007198116727
1.58730158730159,-2.71965211539368
1.58478605388273,-2.80193463775209
1.58227848101266,-3.34092458523606
1.57977883096367,-2.87649647177629
1.57833140565212,-2.24083898495068
1.57728706624606,-0.0830474030822286
1.5748031496063,-2.15349209151303
1.57232704402516,-3.17077333893253
1.56985871271586,-1.09996653108858
1.5674554102056,-3.52441625724999
1.56739811912226,-3.38296885382031
1.56494522691706,-3.01725008986703
1.5625,-3.01456730345627
1.5600624024961,-3.61396685400806
1.55763239875389,-2.80516887367018
1.55665435927106,-2.55608084089034
1.5552099533437,-2.05936973417409
1.5527950310559,-2.83571711997059
1.55038759689922,-2.8589283936544
1.54798761609907,-1.3875487624649
1.54592773641948,-2.76238917505928
1.54559505409583,-3.0451321653836
1.54320987654321,-3.24740092744069
1.54083204930663,-3.2780472690983
1.53846153846154,-1.93965142570299
1.53609831029186,-2.23534949464529
1.53527502878042,-0.822057244356396
1.53374233128834,-2.57919479605932
1.53139356814701,-3.5195100939152
1.52905198776758,-2.67227844125416
1.52671755725191,-2.83582593265414
1.52469572701757,-1.57992843396523
1.52439024390244,-3.16537704183416
1.5220700152207,-1.74795290815974
1.51975683890577,-3.05717389058035
1.51745068285281,-2.44660441253783
1.51515151515152,-0.664294166642445
1.51418932530435,-2.52352386307929
1.51285930408472,-1.83568722847518
1.51057401812689,-3.00954714143109
1.50829562594268,-1.9509449814724
1.50602409638554,-2.44972823674523
1.50375939849624,-3.17008697961212
1.50375532129974,-3.1978351893142
1.5015015015015,-2.35582301015979
1.49925037481259,-1.80140367936148
1.49700598802395,-3.4512250917357
1.49476831091181,-3.20000385953731
1.49339321612425,-1.12258563725085
1.49253731343284,-3.28727043084468
1.4903129657228,-3.59429803645322
1.48809523809524,-3.54573065153842
1.48588410104012,-2.56794030599864
1.48367952522255,-2.51187930856612
1.4831025143361,-2.67172216365061
1.48148148148148,-3.52082488365535
1.4792899408284,-3.15527034976268
1.47710487444609,-1.82309854683437
1.47492625368732,-2.93659876929972
1.4728827239075,-2.74776915363223
1.47275405007364,-3.00067731746973
1.47058823529412,-3.53843911007565
1.46842878120411,-1.38493581108132
1.46627565982405,-1.49935867287122
1.46412884333821,-0.614741520520862
1.46273335620113,-1.9812396620194
1.46198830409357,1.34463453289896
1.45985401459854,-3.2058814684626
1.45772594752187,-2.58170030668166
1.45560407569141,-2.03095033199791
1.45348837209302,0.615763719485661
1.45265392594678,-2.8820657214692
1.45137880986938,-2.5199154838947
1.44927536231884,0.121087701949723
1.44717800289436,-3.43792382645385
1.44508670520231,-3.65333311311066
1.44300144300144,-2.09578144993018
1.44264395121816,-0.968694603655858
1.44092219020173,-3.63943190870183
1.43884892086331,-2.2427860243675
1.4367816091954,-3.42661666052062
1.43472022955524,-3.55572555591443
1.43270295340983,-2.96471203021029
1.43266475644699,-3.03999992377878
1.43061516452074,-2.33976390791322
1.42857142857143,-0.871786086552372
1.4265335235378,0.928398012393264
1.42450142450142,-1.64381930623589
1.42283045721435,-1.27270705749258
1.42247510668563,-3.5531621498071
1.42045454545455,-0.218301476802405
1.41843971631206,-1.22694775590387
1.41643059490085,-3.1063554643551
1.41442715700141,-0.921899271631115
1.41302599059953,-2.06156872140745
1.41242937853107,-1.40227408583861
1.41043723554302,-2.99317491154236
1.40845070422535,-2.82041589820657
1.40646976090014,-3.35582321290287
1.40449438202247,-3.11486758444682
1.40328908478587,-2.24646839359984
1.40252454417952,-3.14037956784464
1.40056022408964,-3.23240412588053
1.3986013986014,-3.43774240847922
1.39664804469274,-2.20607697115956
1.39470013947001,-2.89773127582306
1.39361927422414,-1.60931363215824
1.39275766016713,-3.23547916557048
1.39082058414465,-1.77345807986451
1.38888888888889,-3.35567077306485
1.3869625520111,-2.65806345299891
1.38504155124654,-3.28800065916952
1.38401609657313,-0.814284827401432
1.38312586445367,-1.54822859503714
1.38121546961326,-3.01549601676684
1.37931034482759,-3.37148005721233
1.37741046831956,-3.65842903056612
1.37551581843191,-0.775086871156911
1.37447909267754,-3.04481809839607
1.37362637362637,-3.05391589611385
1.37174211248285,-3.33102057251473
1.36986301369863,-2.12038472653456
1.36798905608755,-3.50003221899469
1.36612021857923,-3.56411612612187
1.36500780654601,0.0808636211057392
1.36425648021828,-3.01974069516335
1.36239782016349,-3.37202751022114
1.36054421768707,-1.34904069256064
1.35869565217391,-3.57439068987061
1.35685210312076,-3.09619523334994
1.35560178532937,0.748400556315933
1.3550135501355,1.70942157731001
1.3531799729364,-3.404186688124
1.35135135135135,-2.94430846810611
1.34952766531714,-3.05477239847142
1.34770889487871,-2.43466484808927
1.34626057929891,-2.82809964677785
1.34589502018843,-2.49605222726229
1.34408602150538,-2.27993205499124
1.34228187919463,-0.712695669313102
1.34048257372654,-3.63989323498891
1.33868808567604,-2.37251835988355
1.33698374182495,-2.94325224533902
1.33689839572193,-3.29729316928843
1.33511348464619,-2.98221588927101
1.33333333333333,-3.4594234432901
1.33155792276964,-2.36127420082858
1.32978723404255,-3.57309852318918
1.32802124833997,-2.77296165147545
1.32777082935543,-2.31645017977881
1.3262599469496,-2.22159860627236
1.32450331125828,-2.25865433347617
1.32275132275132,-3.32142243144711
1.32100396301189,-3.07070423229033
1.31926121372032,-3.40493847255579
1.31862140139475,-2.9372379631862
1.31752305665349,-3.60083043060153
1.31578947368421,-3.38046694142674
1.31406044678055,-1.27203974321101
1.31233595800525,-0.214823179910961
1.31061598951507,-2.89241672000942
1.30953502048267,-0.72916518729438
1.30890052356021,0.539910295342755
1.30718954248366,-0.155077210482754
1.30548302872063,-2.78694124417545
1.30378096479791,-1.34873300958615
1.30208333333333,-2.15179883655294
1.30051125217341,-1.1397490013701
1.30039011703511,-3.1699279933746
1.2987012987013,-2.53918330794964
1.2970168612192,-1.78767063259256
1.29533678756477,-3.47309012587921
1.29366106080207,-3.05307931687058
1.29198966408269,-3.09504578860251
1.29154966501488,-3.06136454956809
1.29032258064516,-3.58707467421008
1.28865979381443,-2.43155195955306
1.28700128700129,-2.65434551719108
1.2853470437018,2.1145086722337
1.28369704749679,-3.03532694035548
1.28264983052806,-3.45568693161338
1.28205128205128,-1.8332800466364
1.28040973111396,-3.61084085625368
1.27877237851662,-2.22465921833223
1.27713920817369,-2.20481329520173
1.27551020408163,-3.14069579401267
1.27388535031847,-0.259670804027887
1.27381132318648,-1.26677229821838
1.27226463104326,-3.17780429200892
1.27064803049555,-1.63120700502175
1.26903553299492,-2.69862912478701
1.26742712294043,-3.60146370928355
1.26582278481013,-3.41179773452184
1.2650337203959,-3.52977355444331
1.26422250316056,0.0920179830368015
1.26262626262626,-3.41127702705672
1.26103404791929,-2.12908026848118
1.25944584382872,-1.07420635705592
1.25786163522013,-3.1928405859857
1.25631660247412,-1.05054160215844
1.25628140703518,-0.461736007381471
1.25470514429109,1.57850910089939
1.2531328320802,-3.14804677408177
1.25156445556946,-2.96777314145678
1.25,-2.93188402573171
1.24843945068664,-3.34950764039665
1.24765955263087,-0.541649754451366
1.24688279301746,-3.52769589019483
1.2453300124533,-0.148073472943547
1.24378109452736,-1.30725844491608
1.24223602484472,-3.49469022426207
1.24069478908189,-2.80451064684909
1.23915737298637,-3.50540882431256
1.23906215694792,-3.41699321545171
1.23762376237624,-2.2302678666327
1.23609394313968,-3.63296337739724
1.23456790123457,-3.61487284194372
1.23304562268804,-2.60138488317097
1.23152709359606,-2.34331628346636
1.23052400435926,-3.30752712486797
1.230012300123,-3.34326279526307
1.22850122850123,-2.58172434852402
1.22699386503067,-3.46580429922555
1.22549019607843,-2.92363230974938
1.22399020807834,-3.65247456483579
1.22249388753056,-3.48992070173336
1.22204468663149,-3.23787610049218
1.22100122100122,-2.9331249248985
1.21951219512195,-2.24763568081583
1.21802679658952,-3.46311836120033
1.21654501216545,-3.34263983162334
1.21506682867558,-2.27602680764489
1.21362379834424,-3.6567977789419
1.21359223300971,-3.61060431127474
1.21212121212121,-2.54695931406705
1.21065375302663,-0.815149763976119
1.20918984280532,-3.02371641030002
1.20772946859903,-3.03427767596234
1.20627261761158,-2.27001048657432
1.20526093687084,-2.53768616930175
1.20481927710843,-3.07414781581515
1.20336943441637,-0.708447060681134
1.20192307692308,-2.77164833532999
1.20048019207683,-2.45658794913144
1.19904076738609,-2.50296859585584
1.19760479041916,-3.57313684654239
1.19695570235904,-0.315827721034235
1.19617224880383,-3.44230623111609
1.194743130227,-2.2724916342501
1.19331742243437,-2.56117578407683
1.19189511323004,-1.47766662658808
1.19047619047619,-2.78041839848474
1.18906064209275,-2.75917290680713
1.1887076977119,-1.12482186833351
1.18764845605701,-2.0718149683163
1.18623962040332,-1.47685417177201
1.18483412322275,-3.64487052174693
1.18343195266272,-1.82198371121477
1.18203309692671,-1.83863734448355
1.18063754427391,-3.12622007912939
1.18051652856881,-3.45475679869146
1.17924528301887,0.344479296976904
1.17785630153121,-3.60485566670108
1.17647058823529,-2.84291142565639
1.17508813160987,-3.55578884152272
1.17370892018779,-1.62151740972602
1.1723818032866,-2.11546823662799
1.17233294255569,-1.41232615772928
1.17096018735363,-2.67082465652372
1.16959064327485,-2.28767207109534
1.16822429906542,-0.727264985379587
1.16686114352392,0.430132860904412
1.16550116550117,-2.85398463546449
1.16430313292088,-3.41217566379357
1.16414435389988,-0.774941157197428
1.16279069767442,-2.19567717744298
1.16144018583043,-3.35961332318878
1.16009280742459,-3.55682653226843
1.15874855156431,-2.94769287190045
1.15740740740741,-1.44341039693638
1.15628013120738,-1.75150667635681
1.15606936416185,-0.992619034518991
1.15473441108545,-3.63149068379182
1.15340253748558,-1.60072552400258
1.15207373271889,-3.39152586498961
1.15074798619102,-2.8712052895034
1.14942528735632,-3.4098846708229
1.14831241454351,-2.77511588588431
1.14810562571757,-2.70575615279439
1.14678899082569,-1.97092508639092
1.1454753722795,-2.71877338262633
1.1441647597254,-2.41268959277867
1.14285714285714,-2.76263927579098
1.14155251141553,-3.42733997934807
1.14039960197003,-1.70456721448981
1.14025085518814,-1.98515153048701
1.13895216400911,-3.35866156985933
1.13765642775882,-2.98778732714198
1.13636363636364,-1.83519401782079
1.13507377979569,-3.52423604681202
1.13378684807256,-2.27855137366212
1.13254131515281,-1.76551921243309
1.13250283125708,-1.99176844263722
1.13122171945701,-2.02258877427142
1.12994350282486,-3.63080683313735
1.12866817155756,-3.57238529720628
1.12739571589628,-1.96479166776758
1.12612612612613,-3.00677990686718
1.12485939257593,-2.64014295117242
1.12473717836475,-3.54569874708867
1.12359550561798,-0.285721018263767
1.12233445566779,-3.06978688219327
1.12107623318386,-3.31653857110326
1.11982082866741,-3.50171311609794
1.11856823266219,-3.57297961005066
1.11731843575419,-2.22905014579232
1.11698681846782,-3.51539191572847
1.11607142857143,-2.94255040152181
1.11482720178372,-2.99684005958415
1.11358574610245,-3.4554080258478
1.11234705228031,-2.92963803783432
1.11111111111111,-2.60511893864047
1.10987791342952,-2.93227842748702
1.10928986489522,-1.25791988862066
1.10864745011086,-1.60817234294667
1.10741971207087,-3.25605239718167
1.10619469026549,-0.436368729535739
1.10497237569061,-3.06097275609333
1.1037527593819,-0.489404345561449
1.10253583241455,1.11299248408772
1.10164594963366,-2.30237288471262
1.10132158590308,-3.27550182621324
1.1001100110011,-2.69216374747303
1.0989010989011,-3.52670647872356
1.09769484083425,-3.00285348200047
1.09649122807018,-3.44773981596706
1.09529025191676,-0.315208139307127
1.09409190371991,-3.0600213051225
1.09405470720574,-3.26891686003831
1.09289617486339,-2.53025923372915
1.09170305676856,-0.554798845487919
1.09051254089422,-3.30260304445495
1.08932461873638,-2.88929286455284
1.08813928182807,-2.73899799670327
1.08695652173913,-1.16984747198158
1.08651577465254,-2.29372030686251
1.085776330076,-3.40028278815346
1.08459869848156,-3.51218459180752
1.08342361863489,-3.6501046377876
1.08225108225108,-2.36503190230367
1.08108108108108,-2.67009230330329
1.07991360691145,-2.48402039942921
1.07902879151618,-3.49927192641318
1.07874865156419,-3.33057203165115
1.07758620689655,-1.99750047852141
1.07642626480086,-2.19041390056007
1.0752688172043,-1.39613794926667
1.07411385606874,-3.65640423362604
1.07296137339056,-3.23519349255839
1.07181136120043,2.28243157680545
1.07159339982267,-3.38160071086166
1.07066381156317,-0.334710766536015
1.06951871657754,-2.83129267098398
1.06837606837607,-0.321844840200053
1.06723585912487,-1.68745894967274
1.06609808102345,-3.46619516308162
1.06496272630458,-3.33940305911421
1.06420924406472,-2.17472451061512
1.06382978723404,-2.76613742068305
1.06269925611052,-1.69216886123514
1.06157112526539,-3.20983084303178
1.06044538706257,-1.33349693544396
1.0593220338983,-1.14956277006494
1.05820105820106,-3.0422219905926
1.05708245243129,-3.53370500176642
1.0568759711848,-3.53197900076703
1.05596620908131,-2.89700020129289
1.05485232067511,-2.96015453009836
1.05374077976818,-2.60617470308601
1.05263157894737,-3.20234133653276
1.0515247108307,-3.26052531922648
1.05042016806723,-2.93144792570318
1.04959323055823,-3.43771098770385
1.04931794333683,-0.71299530487219
1.0482180293501,-3.22363020105966
1.04712041884817,-3.08199532652541
1.04602510460251,-1.56082125608618
1.04493207941484,-3.55851080866894
1.04384133611691,-3.62182866427365
1.04275286757039,-2.62609864137142
1.0423606739764,-2.99281119632463
1.04166666666667,1.4739757592228
1.04058272632674,-1.13444227894366
1.03950103950104,-3.2654796079537
1.03842159916926,-0.289779187255827
1.03734439834025,-2.45322544550641
1.03626943005181,-2.56141069306643
1.0351966873706,-3.35563532497134
1.03517795563018,-2.8037035841571
1.03412616339193,-3.23265250599915
1.03305785123967,-2.63524102307324
1.03199174406605,-3.20065626904626
1.03092783505155,-3.11614491037899
1.02986611740474,-3.29129310819784
1.02880658436214,-2.88011670305907
1.02804473209331,-3.24885175354667
1.02774922918808,-1.54469428065915
1.02669404517454,-2.75826664372668
1.02564102564103,-3.32607888093669
1.02459016393443,-3.35438713420499
1.02354145342886,-2.99717261078176
1.02249488752556,-2.72283344887291
1.02145045965271,-2.95909987697673
1.02096066230605,-3.03438014278332
1.02040816326531,-3.35754709625116
1.01936799184506,-3.57091494402261
1.0183299389002,-3.54219307227644
1.01729399796541,-3.55163697337364
1.01626016260163,-2.51030462620609
1.01522842639594,-2.09295912330874
1.01419878296146,-3.28115227930378
1.01392540755882,-3.62809784188029
1.01317122593718,-3.04393494593308
1.01214574898785,-3.24141458245058
1.01112234580384,-1.91659289353567
1.01010101010101,-2.11201508971431
1.00908173562059,-2.54220492815024
1.00806451612903,-1.48097018287445
1.00704934541793,0.778880522488284
1.00693863147603,-3.32300916948365
1.00603621730382,-0.919156723845201
1.00502512562814,-3.41046962595153
1.00401606425703,-2.93932435788299
1.00300902708124,0.674380422909498
1.00200400801603,-2.62048839268702
1.001001001001,-3.16312637078012
1,2.08206605682598
