"bfp_output.P","bfp_output.logBF"
1000,-0.648533199481458
993.109181374979,-0.541800448002827
986.265846131283,-0.486922610306986
979.46966706954,-0.481918094518089
972.720319245055,-0.521646331253588
966.017479952265,-0.600231587118894
959.360828709315,-0.713346860558128
952.75004724273,-0.859429056146278
946.184819472201,-1.03943478571933
939.66483149547,-1.2552734801112
933.189771573324,-1.50737783485972
926.759330114689,-1.79215364888726
920.373199661823,-2.10029577456042
914.031074875623,-2.4168871925208
907.732652521023,-2.72352361729413
901.477631452492,-3.00163754431854
895.26571259964,-3.2355074518238
889.096598952916,-3.41373180711168
882.969995549409,-3.5289734320476
876.885609458743,-3.57675765610959
870.843149769073,-3.55456550776365
864.842327573172,-3.46236588704108
858.882855954625,-3.30516499419978
852.964449974103,-3.09671747004956
847.086826655741,-2.86144169380382
841.249704973612,-2.63085597110021
835.452805838287,-2.43441492023531
829.695852083491,-2.29039992909527
823.978568452852,-2.20318026992522
818.300681586739,-2.16729078903056
812.661920009195,-2.17389927107875
807.06201411495,-2.21567297323964
801.500696156541,-2.28861938113671
795.977700231499,-2.39072220698777
790.492762269642,-2.51747469367565
785.045620020451,-2.65657184381341
779.636013040523,-2.78821699581534
774.263682681127,-2.89470998702778
768.928372075831,-2.9701786924373
763.629826128224,-3.01997442798465
758.367791499719,-3.05339566634045
753.142016597437,-3.07800345085566
747.952251562182,-3.09738527582926
742.798248256492,-3.11028904994013
737.679760252773,-3.10956325108368
732.596542821523,-3.08211170481111
727.548352919623,-3.01607914344965
722.534949178721,-2.9201684386003
717.556091893692,-2.83252579194014
712.611543011175,-2.79062686204689
707.701066118189,-2.8034612947202
702.824426430835,-2.86159308853491
697.981390783066,-2.95418091607662
693.17172761554,-3.07314318834157
688.39520696455,-3.20901448488278
683.651600451024,-3.34426573633793
678.940681269611,-3.448973839775
674.262224177835,-3.4862468369309
669.616005485322,-3.43025384237297
665.001803043112,-3.28278588983884
660.419396233031,-3.07002877062568
655.868565957143,-2.82512154698277
651.349094627281,-2.57610046698936
646.860766154633,-2.34533149993511
642.40336593942,-2.1533055426478
637.976680860628,-2.01931959117858
633.580499265825,-1.95730850388058
629.214610961035,-1.97124189379077
624.878807200689,-2.0556202328019
620.57288067765,-2.2005724412718
616.296625513294,-2.39554983975209
612.04983724767,-2.62770103616297
607.832312829723,-2.87737653492537
603.643850607587,-3.11662537563081
599.484250318941,-3.31307571425828
595.353313081437,-3.4350206966523
591.250841383188,-3.45298857593711
587.176639073326,-3.34038232277451
583.130511352622,-3.08300730695181
579.112264764176,-2.70393199874801
575.121707184161,-2.28432959659277
571.158647812643,-1.93604408604629
567.222897164454,-1.73227711786604
563.314267060136,-1.67637816568201
559.432570616938,-1.7339200930488
555.577622239888,-1.87326553092877
551.749237612913,-2.07872896782372
547.947233690029,-2.33999560696328
544.171428686589,-2.63486802141564
540.421642070592,-2.92235862379259
536.697694554048,-3.14819074109321
532.999408084409,-3.25182060312623
529.326605836056,-3.17638306493445
525.679112201842,-2.89687630950653
522.056752784698,-2.45832372802119
518.459354389291,-1.97156794144125
514.886745013749,-1.54683613711624
511.338753841433,-1.23712525926121
507.815211232767,-1.04475122944551
504.315948717136,-0.95960141691297
500.840798984821,-0.984719825017446
500,-1.00902889983068
497.389595879006,-1.13340933628389
493.962174387832,-1.41049310467612
490.558370636505,-1.80465096195193
487.178021879463,-2.29122096994812
483.820966492595,-2.82096153900111
480.487043965513,-3.29762289436239
477.176094893875,-3.59141379994362
473.887960971765,-3.61848769818279
470.622484984128,-3.4050694865498
467.379510799247,-3.04866420863804
464.158883361278,-2.64286239375108
460.960448682844,-2.25080573893915
457.784053837662,-1.91504301235018
454.62954695324,-1.66480079552157
451.49677720361,-1.51545934705039
448.385594802119,-1.47688444832262
445.295850994266,-1.5669475595438
442.22739805059,-1.80527562431332
439.180089259609,-2.17664607941652
436.153778920801,-2.60158180096009
433.14832233764,-2.97439189869793
430.16357581068,-3.23733039969276
427.199396630678,-3.39856830244404
424.255643071778,-3.49499606529492
421.332174384729,-3.55735801283087
418.428850790158,-3.60035767017105
415.545533471888,-3.62809218142307
412.682084570296,-3.64049196436649
409.838367175726,-3.63607642413786
407.014245321944,-3.61405841881001
404.209583979631,-3.57435165801136
401.424249049932,-3.50980734708609
398.658107358044,-3.40116001934093
395.911026646846,-3.22885191248811
393.182875570577,-3.01099658172832
390.473523688556,-2.82811340189907
387.782841458946,-2.74093953055411
385.110700232557,-2.70424558358713
382.4569722467,-2.58896610769407
379.821530619074,-2.20116325319052
377.2042493417,-1.41877823052205
374.605003274899,-0.641494414629288
372.023668141307,-0.471574549303749
369.46012051993,-0.859935575759418
366.914237840249,-1.43265730700083
364.385898376355,-1.56335554455081
361.874981241128,-0.475899734778475
359.381366380463,1.1820099106436
356.904934567523,2.00016897721436
354.445567397043,1.52373232072678
352.003147279668,-0.120021506702282
349.577557436327,-2.00154931537061
347.168681892656,-2.91206604643871
344.776405473446,-2.92429925274485
342.400613797142,-2.74404415893734
340.041193270371,-2.55850461842804
337.698031082509,-2.00071836592597
335.371015200293,-0.688373631125766
333.333333333333,1.03544586903384
333.060034362459,1.28921512162832
330.764978074424,3.32219367566397
328.485736603004,4.28339007027792
326.222200971167,3.06847837046643
323.97426295282,0.501208547331108
321.741815067637,-1.46914084028519
319.524750575921,-2.14674155870604
317.322963473498,-1.64275410483962
315.136348486648,-0.327459578424121
312.964801067075,0.980305454157549
310.808217386907,1.53507466025691
308.666494333727,1.34616875688689
306.539529505653,0.74215358481131
304.42722120643,0.154468541318569
302.329468440578,0.22249154886642
300.246170908555,1.38380932068968
298.177229001967,3.05677805760913
296.122543798804,3.55982388255955
294.082017058706,2.43970392152669
292.055551218275,1.12804014449215
290.043049386399,0.383941855733743
288.04441533963,-0.195657507443694
286.059553517574,-0.578784039166986
284.08836901833,0.128840722990465
282.130767593947,2.02462276449332
280.18665564592,3.31607452135343
278.255940220713,2.57682056579386
276.338529005317,0.40579553787659
274.434330322837,-1.75678522454747
272.543253128103,-2.64727222432232
270.665207003324,-1.27745936717066
268.800102153761,2.41294473797511
266.947849403432,6.74285162671454
265.108360190854,9.10364361200773
263.281546564802,7.94002243101766
261.467321180109,3.64731765838018
259.665597293487,-1.35643465576696
257.87628875938,-3.58820481521341
256.099310025846,-2.46621573015049
254.334576130465,0.133499745208458
252.582002696278,2.89423329108361
250.841505927754,5.13692552609244
250,5.69360297688936
249.113002606779,5.46757824162579
247.396410088681,1.68330091127756
245.691646298279,-2.60322944369868
243.998629725955,-3.33058298280379
242.31727942376,-2.53807423442627
240.647515001542,-1.6606199603372
238.989256623105,-1.1384811777048
237.342425002387,-1.45829325713309
235.706941399673,-2.29489798979746
234.082727617829,-1.76072892716014
232.469705998565,-0.20541285927187
230.867799418717,0.570462011871077
229.276931286565,-0.609438056555784
227.697025538168,-2.62035349758424
226.128006633728,-3.2318706342893
224.569799553977,-1.45989553740879
223.022329796594,2.15237174045642
221.485523372636,6.28838979812564
219.959306803008,7.97172087870938
218.443607114943,4.105189119132
216.938351838519,-1.23005508765554
215.443469003188,-3.28491458328905
213.958887134342,-2.04725577798838
212.484535249888,0.828717228991271
211.02034285686,2.77888900644253
209.566239948043,2.04927637102923
208.122156998634,-0.0162709076283631
206.688024962908,-1.9792078998545
205.263775270925,-2.76936480728592
203.849339825246,-2.53306476881805
202.44465099768,-2.43562945119946
201.04964162605,-2.98595510993753
200,-3.39583061756665
199.664245010979,-3.48013786186122
198.288394912707,-3.55222014588999
196.922025547917,-3.36126047194999
195.565071586595,-3.33639501534558
194.217468148903,-3.41384324291728
192.879150802078,-3.38043603437238
191.550055557353,-3.41460647947052
190.230118866895,-3.3804874481509
188.919277620767,-3.43586183245979
187.617469143912,-3.59369439742279
186.324631193156,-3.27781403539508
185.04070195423,-2.99812323192846
183.765620038817,-2.40420123914545
182.499324481615,-1.76571708403402
181.241754737424,-2.06773113008192
179.992850678248,-2.21933298170613
178.752552590424,-2.41570335996702
177.520801171764,-3.2237814589866
176.297537528721,-3.11093642188113
175.082703173572,-2.03949399190717
173.876240021625,-0.16780180848887
172.678090388436,0.878470788489797
171.488196987054,-0.669648872030119
170.306502925284,-2.22046982351817
169.132951702965,-2.98721877268651
167.967487209265,-2.53100541973695
166.810053720006,-1.16948190789521
166.666666666667,-0.987952409338827
165.660595894991,0.540804352716852
164.519058775366,2.93152173762387
163.385387780986,4.67907213503795
162.259528707809,1.2965634645001
161.141427725302,-3.2617836572118
160.03103137387,-1.21443266553463
158.928286562298,4.33127363209359
157.833140565212,7.71456332983754
156.745541020559,3.30603619151031
155.665435927106,-2.94412520713096
154.592773641948,-2.12211714877283
153.527502878042,1.72607167794179
152.469572701757,2.60748437819696
151.418932530435,-0.61577685290042
150.375532129974,-3.36843211006704
149.339321612425,-1.60481586334601
148.310251433611,-0.590998829460186
147.28827239075,-1.71485945769056
146.273335620113,-3.29943378384773
145.265392594678,-2.3278970047158
144.264395121816,-1.8519849883116
143.270295340983,-1.7654901213083
142.857142857143,-1.86802629353401
142.283045721435,-1.80534726642626
141.302599059953,-1.01078004281522
140.328908478587,-2.17989918195191
139.361927422414,-1.44910721112908
138.401609657313,2.79710160349338
137.447909267754,6.21461377078136
136.500780654601,2.00350422944682
135.560178532937,-3.17591958854548
134.626057929891,-1.06590055673056
133.698374182495,3.89795315521439
132.777082935543,2.04654978759634
131.862140139475,-2.00437355914458
130.953502048267,-3.39382167736694
130.051125217341,-3.59272753721943
129.154966501488,-3.23341484143516
128.264983052806,-2.98178807735298
127.381132318648,-3.26634540367727
126.50337203959,-2.81092368890806
125.631660247412,-1.56980999563261
125,-1.09575030809359
124.765955263087,-1.40220776549186
123.906215694792,-3.40753660307781
123.052400435926,-3.33925505785883
122.204468663149,-2.02094520016477
121.362379834424,-1.71028722990327
120.526093687084,-2.66341639591119
119.695570235904,-3.31807301933606
118.87076977119,-3.32779286367319
118.051652856881,-3.24306728120204
117.23818032866,-3.14816508481827
116.430313292088,-3.46425054240963
115.628013120738,-3.65882299977026
114.831241454351,-3.16339250361964
114.039960197003,-2.55829477520369
113.254131515281,-2.61039275338386
112.473717836475,-3.55519347652794
111.698681846782,-2.97373315886012
111.111111111111,-1.49182389576419
110.928986489522,-1.04750151766704
110.164594963366,-0.759655819812603
109.405470720574,-3.01306010036292
108.651577465254,-3.11707557817082
107.902879151618,-1.49737891525619
107.159339982267,-1.17606989464944
106.420924406472,-2.69926511430411
105.68759711848,-1.60049944061195
104.959323055823,-0.773411279008836
104.23606739764,-3.2015189356308
103.517795563018,-2.68483055759072
102.804473209331,1.18644392000967
102.096066230605,0.0304841101335187
101.392540755882,-2.35603920634856
100.693863147603,-0.80181082484152
100,-0.750849754083741
100,-0.750849754083855
99.310918137498,-1.31558493520928
98.6265846131283,-2.30353521299885
97.946966706954,-2.67151824847205
97.2720319245054,-2.53214358603692
96.6017479952265,-3.55358338784513
95.9360828709315,-2.89467449592
95.2750047242729,-2.69562235254757
94.61848194722,-3.52447669509733
93.966483149547,0.776743691733647
93.3189771573324,0.149724750169317
92.6759330114688,-3.49019194861612
92.0373199661823,-1.36158312405591
91.4031074875623,-0.539103907649898
90.9090909090909,-1.75725738527113
90.7732652521023,-1.74658070424483
90.1477631452492,-2.68819130017398
89.526571259964,-2.99281474740611
88.9096598952916,0.519323000142966
88.2969995549409,-0.687928480698342
87.6885609458743,-3.4833287394738
87.0843149769073,-0.736388234325044
86.4842327573172,-1.19756087295517
85.8882855954625,-2.85808437802801
85.2964449974102,-2.19421584219325
84.7086826655741,-2.96922602738367
84.1249704973612,-2.19957844613476
83.5452805838287,-3.60609903585124
83.3333333333333,-3.04812159062656
82.9695852083491,-1.95677480589431
82.3978568452852,-3.24134410429802
81.8300681586739,2.31941500550979
81.2661920009194,-0.681076662385133
80.706201411495,-0.769580818375952
80.2028719106221,9.40386250544173
79.5977700231498,-1.38157792033634
79.0492762269642,-0.921828258206612
78.5045620020451,0.0170472883870518
77.9636013040523,1.25150795445719
77.4263682681127,-3.65985417118922
76.9230769230769,1.33941226968053
76.8928372075831,1.71100673756893
76.3629826128224,-3.12193012776064
75.8367791499719,-1.81249268997923
75.3142016597437,-2.8451945718828
74.7952251562182,-2.32107204320378
74.2798248256491,-2.38546366816113
73.7679760252773,-3.11171273319281
73.2596542821523,-2.18082284359444
72.7548352919623,-3.34167013799661
72.2534949178722,-3.53542619339809
71.7556091893693,-2.3570223082
71.4285714285714,-1.06418205574927
71.2611543011175,-1.8169848768975
70.7701066118189,-3.15692274527317
70.2824426430835,-0.876848346423382
69.7981390783066,-2.26773428220165
69.3171727615541,-3.14712372775305
68.839520696455,-3.49691440424054
68.3651600451024,-1.05917848405492
67.8940681269611,-2.6739997226383
67.4262224177834,-2.26040214418684
66.9616005485322,-2.94540500702022
66.6666666666667,0.959298419607951
66.5001803043112,1.0802925369048
66.0419396233031,-1.45181455714087
65.5868565957143,-0.57610563589311
65.134909462728,-1.47300383540449
64.6860766154633,-2.00298589884432
64.2403365939419,-1.95551886212821
63.7976680860628,-3.20506753168446
63.3580499265825,0.0453260873113566
62.9214610961034,-2.77327781160023
62.5,-2.11757582225418
62.4878807200689,-2.15861435684298
62.057288067765,-2.92917534437118
61.6296625513294,-2.82711700553137
61.204983724767,-3.47752988437692
60.7832312829723,-1.73789215665398
60.3643850607587,-3.44330022767464
59.9484250318941,-2.83998250225677
59.5353313081437,-3.65781282122274
59.1250841383188,-3.65891506838663
58.8235294117647,-2.86707047407914
58.7176639073326,-1.86108985904338
58.3130511352622,-2.77656979918349
57.9112264764176,-2.46090706955787
57.5121707184161,-2.13711929520077
57.1158647812643,-3.65628495473542
56.7222897164454,-2.85722932414283
56.3314267060136,-2.73313401045963
55.9432570616938,-2.66672733944396
55.5577622239888,-2.49731017003706
55.5555555555556,-2.47432538144848
55.1749237612912,-1.9918849075119
54.7947233690029,-2.83933206952356
54.4171428686589,-2.78672172476522
54.0421642070592,-3.02137085233671
53.6697694554048,-3.10690214279272
53.2999408084409,-3.54187262872712
52.9326605836056,-2.02191823251628
52.6315789473684,-2.89260578365791
52.5679112201842,-3.09884505385581
52.2056752784698,-1.02969048133731
51.8459354389291,-3.37953632411419
51.488674501375,-3.44695788895494
51.1338753841433,-2.71778120533367
50.7815211232767,-2.53251506875302
50.4315948717136,-0.762965407152488
50.0840798984821,-3.13566291220935
50,-2.70270567020377
49.7389595879007,-3.25896632372779
49.3962174387832,-2.40975370280055
49.0558370636505,-2.59274742643258
48.7178021879463,-3.19638333078175
48.3820966492596,-3.25716155377533
48.0487043965513,-0.0589684644665267
47.7176094893875,-2.84837652073683
47.6190476190476,-1.60952406056075
47.3887960971765,-1.95583628224882
47.0622484984128,-3.35628721243053
46.7379510799246,2.13821419494092
46.4158883361278,-2.05499031761364
46.0960448682843,-1.80732671078955
45.7784053837662,-3.02101852269645
45.462954695324,-2.96577804864729
45.4545454545455,-2.96172275459962
45.149677720361,-2.84465313222678
44.8385594802119,-1.90259501308575
44.5295850994266,-2.6731963573679
44.222739805059,7.87125529139259
43.9180089259609,-0.125312902710031
43.6153778920801,-0.748460005401209
43.4782608695652,-2.01485225127756
43.314832233764,-2.00012521898766
43.016357581068,-3.45806221684385
42.7199396630678,-1.46259410512196
42.4255643071778,-2.13965292042057
42.1332174384729,-0.745574342801386
41.8428850790158,-0.333246800977331
41.6666666666667,-2.89347251629156
41.5545533471888,-1.32240810001768
41.2682084570295,-3.42215756263244
40.9838367175726,-0.949737708946468
40.7014245321944,-2.83111732687454
40.4209583979631,-3.44776690545786
40.1424249049932,-0.0232715085879915
40,-3.26494770423566
39.8658107358044,-1.47421393239828
39.5911026646846,-2.9911179047897
39.3182875570577,-2.69588882875133
39.0473523688556,-0.687790464133978
38.7782841458946,-2.89802587973365
38.5110700232557,-3.12953056734978
38.4615384615385,-3.59867318938746
38.24569722467,-1.63253280439919
37.9821530619073,-1.53801490062538
37.72042493417,-3.39447073091808
37.4605003274899,-1.71849091649421
37.2023668141307,-3.21840476307481
37.037037037037,-3.59250404829977
36.946012051993,-3.20237260940082
36.6914237840249,-2.06662732027852
36.4385898376355,-2.7494092881234
36.1874981241128,-2.36389105520187
35.9381366380463,-3.20522840649012
35.7142857142857,-2.44659130694502
35.6904934567523,-2.76570859051436
35.4445567397043,-1.1641166556585
35.2003147279668,-2.00124068271243
34.9577557436328,-3.20017996324402
34.7168681892656,-3.54539624708176
34.4827586206897,-3.43517358897405
34.4776405473446,-3.3537435655986
34.2400613797142,-3.20079728481805
34.0041193270371,-1.46701432686551
33.7698031082509,-3.50322486869085
33.5371015200293,-0.916446203459524
33.3333333333333,-2.25190420210331
33.3060034362459,-0.305641813416268
33.0764978074424,-3.07283194390531
32.8485736603004,-3.42462007918122
32.6222200971167,-2.82505340935036
32.397426295282,0.425783819627516
32.258064516129,-2.87806587288547
32.1741815067637,0.300792120506391
31.9524750575921,-3.14997841595267
31.7322963473498,-3.65021835232012
31.5136348486648,-3.26252537687737
31.2964801067075,-2.76026336330518
31.25,-3.41475635248654
31.0808217386906,-3.10224620529503
30.8666494333727,-3.41278233305432
30.6539529505653,-2.95688746674135
30.442722120643,-0.673690573348817
30.3030303030303,-3.64747473596192
30.2329468440578,-2.57619034081223
30.0246170908555,-3.43149893174334
29.8177229001967,-3.06704738770001
29.6122543798804,-3.29068460591271
29.4117647058824,-3.11495400137839
29.4082017058706,-3.06251847232674
29.2055551218275,-3.03701687829412
29.0043049386399,-2.94457366624654
28.804441533963,-2.05005301732954
28.6059553517574,-3.17957795249746
28.5714285714286,-3.64753822704152
28.408836901833,-3.54438651530917
28.2130767593947,-2.76655086452312
28.018665564592,-3.50026140730433
27.8255940220712,-2.80640448741245
27.7777777777778,-3.63473812404977
27.6338529005317,-1.53363917505514
27.4434330322836,-1.49892262981187
27.2543253128103,-1.75079679104173
27.0665207003324,0.806283261105581
27.027027027027,-0.78275849213379
26.8800102153761,1.64792178759653
26.6947849403432,0.892933175711552
26.5108360190854,-3.30410232410854
26.3281546564802,-2.09508198997407
26.3157894736842,-0.815414101909378
26.1467321180109,-1.79747446354802
25.9665597293487,-3.11718897692343
25.787628875938,-1.24955133973433
25.6410256410256,-2.15364246809751
25.6099310025846,-2.38097374628601
25.4334576130465,-2.24103695802232
25.2582002696278,1.67511263787653
25.0841505927754,0.806010518444954
25,7.58793719294004
24.9113002606779,4.02379367688092
24.7396410088681,1.92009320275976
24.5691646298279,-2.81408952721032
24.3998629725955,-1.71691615920669
24.390243902439,-2.16029787361249
24.231727942376,-2.52993630552482
24.0647515001542,-2.03651459731115
23.8989256623105,-3.42144400313158
23.8095238095238,-3.41127561382781
23.7342425002387,-1.98256925994046
23.5706941399673,-1.95964879325588
23.4082727617829,-0.412074241118215
23.2558139534884,-2.94024797328059
23.2469705998565,-3.47385557667125
23.0867799418717,-3.09481293606769
22.9276931286565,-2.2946445253212
22.7697025538168,-2.27220773018912
22.7272727272727,-3.2350881661891
22.6128006633728,-2.25930792469124
22.4569799553977,-1.02457810673466
22.3022329796594,-2.87662400447514
22.2222222222222,-3.39475185015139
22.1485523372636,-0.842113225847565
21.9959306803007,-2.07106973158794
21.8443607114943,-2.94014138367047
21.7391304347826,-3.26330644459814
21.6938351838518,-0.101318292614518
21.5443469003188,-2.86186848053587
21.3958887134342,-3.07394915120222
21.2765957446809,-0.645059557199697
21.2484535249888,-1.14031355537956
21.102034285686,-3.34330575305359
20.9566239948043,-2.84091044979068
20.8333333333333,-2.81146840479989
20.8122156998634,-3.20836775853574
20.6688024962908,-3.30939117502374
20.5263775270925,-1.5695287915956
20.4081632653061,-2.47454978336129
20.3849339825246,0.190467216730544
20.244465099768,-1.85540971381989
20.104964162605,-0.382243139807723
20,-2.3051767604026
19.9664245010979,-3.39221673435496
19.8288394912707,-3.07125217978718
19.6922025547917,-3.53586360582248
19.6078431372549,-3.46804311301322
19.5565071586595,-2.53547528616415
19.4217468148903,-2.94549267136962
19.2879150802078,-3.02729157482114
19.2307692307692,-2.58076800751099
19.1550055557353,-2.71519609348122
19.0230118866894,-3.65278622146213
18.8919277620767,-2.38835667351396
18.8679245283019,-0.844179631742416
18.7617469143912,-3.47152287877172
18.6324631193156,-1.24491809213527
18.5185185185185,-3.53482887038829
18.504070195423,-2.90789458088256
18.3765620038817,-1.23468534921211
18.2499324481615,-3.19116556954894
18.1818181818182,-3.55353389361361
18.1241754737424,-2.45518321371081
17.9992850678248,-3.25284469973861
17.8752552590424,-3.32855151557389
17.8571428571429,-2.93286019883682
17.7520801171764,-3.29217955031357
17.6297537528721,-3.27620717690852
17.5438596491228,0.118387571877538
17.5082703173572,-2.2218182919603
17.3876240021625,-2.35572617116706
17.2678090388436,-3.04228279231217
17.2413793103448,-2.4565811724302
17.1488196987054,-3.25012370431564
17.0306502925284,-0.496412498299615
16.9491525423729,2.44382666676218
16.9132951702965,-2.39359438818125
16.7967487209265,-3.59576828290759
16.6810053720006,0.51119084524898
16.6666666666667,-1.59826962687522
16.5660595894991,-3.26648592791751
16.4519058775366,-2.92149782357019
16.3934426229508,-3.14164720421713
16.3385387780986,-3.42156130911091
16.2259528707809,-3.59500910882799
16.1290322580645,-1.39140118811907
16.1141427725302,-0.773267130941387
16.003103137387,-3.56798156651707
15.8928286562298,-3.27128747386136
15.8730158730159,0.241324336329957
15.7833140565212,-2.2682553620135
15.674554102056,-2.55845668413231
15.625,-1.29022112829385
15.5665435927106,-1.0647865622365
15.4592773641948,-2.97172569835673
15.3846153846154,-0.356058026081523
15.3527502878042,-3.43864145743849
15.2469572701757,-2.5323744580745
15.1515151515152,0.632315342317004
15.1418932530435,-1.11155480985577
15.0375532129974,-2.74694789312782
14.9339321612425,-0.224059749209043
14.9253731343284,0.16626204291227
14.831025143361,-3.00526249030305
14.728827239075,-2.51509760891674
14.7058823529412,-2.72943331780739
14.6273335620113,-3.65478808582308
14.5265392594678,-1.66910741295346
14.4927536231884,-3.39173868829341
14.4264395121816,-3.64181474997347
14.3270295340983,-1.03880610842786
14.2857142857143,-0.634396073010246
14.2283045721435,-0.506232071625457
14.1302599059953,-1.80308858635969
14.0845070422535,-0.683407469345705
14.0328908478587,1.03716317838779
13.9361927422414,-1.76102642692608
13.8888888888889,-3.03549138188869
13.8401609657313,-1.32297256936293
13.7447909267754,-3.27518348416758
13.6986301369863,-3.50555300570205
13.6500780654601,-1.88845970617991
13.5560178532937,-0.605231959690097
13.5135135135135,-0.703250818422315
13.4626057929891,-1.85433895329332
13.3698374182495,-2.15863224249768
13.3333333333333,3.15485944038317
13.2777082935543,-1.57136191723437
13.1862140139475,-2.386774421135
13.1578947368421,-1.54503326576933
13.0953502048267,1.68316172220544
13.0051125217341,-3.42638801177223
12.987012987013,-1.93178341022671
12.9154966501488,-3.3523746300528
12.8264983052806,0.960572115684291
12.8205128205128,1.48015798965621
12.7381132318648,-2.438681076392
12.6582278481013,-2.58596996325012
12.650337203959,-1.52423175624564
12.5631660247412,-3.03763219437614
12.5,-1.69808731376566
12.4765955263087,-2.94983460612745
12.3906215694792,-3.4853249754248
12.3456790123457,-2.93261846540021
12.3052400435926,-3.28424582330872
12.2204468663149,-0.638146951327637
12.1951219512195,-1.58010313346652
12.1362379834424,-0.952489697350823
12.0526093687084,-1.18086676496021
12.0481927710843,-1.46996720779445
11.9695570235904,4.84994730482082
11.9047619047619,-3.4802362797926
11.887076977119,-1.45539270655892
11.8051652856881,-2.17553093475622
11.7647058823529,-3.25314203720789
11.723818032866,-1.94572936347849
11.6430313292088,0.330162852161568
11.6279069767442,-3.04319273022569
11.5628013120738,-2.59333105344786
11.4942528735632,-1.299747881013
11.4831241454351,-0.445555043510391
11.4039960197003,-3.6566520394109
11.3636363636364,-3.65231021835155
11.3254131515281,-3.24899465946954
11.2473717836475,-3.14416183708958
11.2359550561798,-3.28529865525739
11.1698681846782,-3.15753529390848
11.1111111111111,-1.49353155081179
11.0928986489522,-3.31444644421166
11.0164594963366,-2.35306161735788
10.989010989011,-0.666393095180903
10.9405470720574,-2.43604652681396
10.8695652173913,-0.980912920024859
10.8651577465254,-1.26077551160209
10.7902879151618,-2.83643253418448
10.752688172043,-2.84522746842715
10.7159339982267,-2.38988496624158
10.6420924406472,-2.6812096275399
10.6382978723404,-2.1666306083449
10.568759711848,-3.22699581143139
10.5263157894737,-3.49072363559055
10.4959323055823,-2.7721669462402
10.423606739764,-1.91808810453282
10.4166666666667,-2.44665567012312
10.3517795563018,-1.6255042923676
10.3092783505155,-3.20537213749018
10.2804473209331,-2.44568213820035
10.2096066230605,-2.70383981913649
10.2040816326531,-2.61590124697779
10.1392540755882,-0.222752799155653
10.1010101010101,-3.64775157610652
10.0693863147603,-3.52109257339977
10,-1.87884215927069
10,-1.87884215927051
9.9310918137498,-2.85603460305232
9.9009900990099,0.70278433096117
9.86265846131282,0.0566377144311803
9.80392156862745,-3.41184355660773
9.79469667069539,0.855210572261588
9.72720319245054,-2.80044058419652
9.70873786407767,-3.41519976476247
9.66017479952265,-1.467065703322
9.61538461538461,-3.08924170405329
9.59360828709314,-2.98899897358389
9.52750047242729,-2.17707892588767
9.52380952380952,-2.55611863425808
9.461848194722,-1.98257465015014
9.43396226415094,-3.40035809873172
9.39664831495469,-3.35503761800741
9.34579439252336,-2.84762462819067
9.33189771573324,-2.83728198579932
9.26759330114688,-1.7472519683843
9.25925925925926,-0.979949959124592
9.20373199661822,-2.72029997051784
9.1743119266055,-3.41451728807508
9.14031074875623,-3.46719767532552
9.09090909090909,-1.10780761732932
9.07732652521023,-3.11993364778395
9.01477631452492,-3.32339524675863
9.00900900900901,-3.62244683863689
8.9526571259964,-2.0132307553048
8.92857142857143,-3.28443750978449
8.89096598952916,-2.68952405096551
8.84955752212389,0.653158093795004
8.82969995549409,-1.7220811400832
8.7719298245614,-2.52003277051299
8.76885609458743,-3.37172363617601
8.70843149769072,-3.39123692585148
8.69565217391304,-3.62502151276318
8.64842327573172,1.32815383455845
8.62068965517241,-1.78277875242231
8.58882855954625,-1.12224322962792
8.54700854700855,0.387232467337346
8.52964449974102,-0.714873037830169
8.47457627118644,-2.0934286813913
8.47086826655741,-3.60191111001539
8.41249704973612,-3.49673816541793
8.40336134453781,-2.29471073551936
8.35452805838287,1.29271558217268
8.33333333333333,1.22046894646436
8.29695852083491,-3.29215488412803
8.26446280991736,-2.24909106078071
8.23978568452852,-3.32065504230114
8.19672131147541,-3.40497158143348
8.18300681586739,-3.42461194390922
8.13008130081301,-3.13689664212655
8.12661920009195,-2.88107093418695
8.0706201411495,-2.29252784326776
8.06451612903226,-1.65925669607541
8.01500696156541,-3.6062023780599
8,-3.60347042798484
7.95977700231498,-3.17351931844008
7.93650793650794,-2.5274552100502
7.90492762269642,-3.2081625021227
7.8740157480315,0.555043699445567
7.85045620020451,-3.28518887993162
7.8125,-3.60010641540934
7.79636013040523,-3.21362468871906
7.75193798449612,-2.91472298125775
7.74263682681127,-3.08228685862802
7.69230769230769,-3.59467151137901
7.68928372075831,-3.22894098645197
7.63629826128224,-2.50142239399669
7.63358778625954,-2.5309174328109
7.58367791499719,-3.25405951384372
7.57575757575758,-3.33407403503376
7.53142016597437,-2.94933710161338
7.5187969924812,-2.56341401317205
7.47952251562182,-2.47903334144082
7.46268656716418,-3.42887102154962
7.42798248256492,-3.08491107260506
7.40740740740741,-2.53407580286055
7.37679760252773,-3.16689691374143
7.35294117647059,1.24761764743231
7.32596542821523,-3.4253285098871
7.2992700729927,-3.36569244411309
7.27548352919623,-2.89684763104922
7.2463768115942,-2.79364535483271
7.22534949178722,-1.43970093837045
7.19424460431655,0.0242285216916018
7.17556091893693,-2.40814479180654
7.14285714285714,-2.91999201026929
7.12611543011175,-2.3948546132497
7.09219858156028,-2.24249044650018
7.07701066118189,-2.40862439139992
7.04225352112676,-0.952461786598898
7.02824426430835,-2.47718358072414
6.99300699300699,0.347697863666345
6.97981390783066,-3.00944000902892
6.94444444444444,-1.23795019773281
6.93171727615541,-3.43501823054639
6.89655172413793,-3.22231007292985
6.8839520696455,-2.9254867585238
6.84931506849315,-2.41904308468666
6.83651600451024,-1.072907658531
6.80272108843537,-2.72494198053486
6.78940681269611,-2.05201134019218
6.75675675675676,-0.668847180798518
6.74262224177834,-3.12126522900696
6.71140939597315,-2.57619889723746
6.69616005485322,-3.13566605220437
6.66666666666667,-3.0607530320109
6.65001803043112,-2.32617799209815
6.62251655629139,-2.76168326731546
6.6041939623303,-3.65058932116967
6.57894736842105,-2.75551301026239
6.55868565957143,-0.248168438907252
6.5359477124183,-2.11628876413779
6.5134909462728,-2.82726685275214
6.49350649350649,-1.11330569664123
6.46860766154633,-1.18733057339908
6.45161290322581,-1.1458263843394
6.42403365939419,-3.48913896309484
6.41025641025641,-2.74583770974653
6.37976680860628,-2.66491874978162
6.36942675159236,-2.38028149316157
6.33580499265825,0.1292701572463
6.32911392405063,-2.00990367382725
6.29214610961034,-3.37905255325701
6.28930817610063,-2.60217831880744
6.25,-3.3648951689753
6.24878807200689,-3.29432412107571
6.2111801242236,-0.99499053526075
6.2057288067765,-2.33453971763056
6.17283950617284,-2.4494003528046
6.16296625513294,-3.41848278767047
6.13496932515337,-3.25184695264893
6.1204983724767,-1.84566128427236
6.09756097560976,-3.58400268930979
6.07832312829723,-1.60803700330346
6.06060606060606,-3.53788544563512
6.03643850607587,-3.30650258104081
6.02409638554217,-2.25365933343285
5.99484250318941,-2.57598821641694
5.98802395209581,-3.10789340816212
5.95353313081437,-3.11115672904453
5.95238095238095,-3.38309474409321
5.91715976331361,-2.73173887656143
5.91250841383188,-3.18085128294255
5.88235294117647,-3.10786739733434
5.87176639073326,-3.18545273386816
5.84795321637427,-2.5318894400218
5.83130511352622,-1.93022068404899
5.81395348837209,-3.38053604688876
5.79112264764176,-3.40764067072315
5.78034682080925,-3.56957423480953
5.75121707184161,-3.56107875798419
5.74712643678161,-0.69007063112998
5.71428571428571,-2.87799849810421
5.71158647812643,-2.51459819187759
5.68181818181818,-2.83357213194362
5.67222897164454,-3.39625291490828
5.64971751412429,0.169285152292123
5.63314267060136,-2.75128748566403
5.61797752808989,-2.28265261562729
5.59432570616938,-3.36848482768265
5.58659217877095,-2.37305876460909
5.55577622239888,-0.344823771293373
5.55555555555556,-0.790049483000369
5.52486187845304,-2.57817564937674
5.51749237612913,-3.48658246138801
5.49450549450549,-3.10361839008761
5.47947233690029,-2.07364431768472
5.46448087431694,-3.47171822281542
5.44171428686589,-2.30424574537848
5.43478260869565,-3.31192327186612
5.40540540540541,-3.37288999091281
5.40421642070592,-3.29517425285446
5.37634408602151,-3.65532540417451
5.36697694554048,-2.11324273123365
5.3475935828877,-2.71038860879734
5.32999408084409,-3.2695831249692
5.31914893617021,-3.52736921236952
5.29326605836056,-3.55406814798503
5.29100529100529,-2.97976501289834
5.26315789473684,-3.51937550513243
5.25679112201842,-3.26527792816433
5.23560209424084,-2.2683867544281
5.22056752784698,-1.97803948550425
5.20833333333333,-1.95471029001917
5.18459354389291,-3.49915490428158
5.18134715025907,-3.64762511006232
5.15463917525773,-1.84086443761039
5.14886745013749,-1.94546317184746
5.12820512820513,-2.30889699399314
5.11338753841433,-3.37023383515143
5.10204081632653,-3.2134992857995
5.07815211232767,-3.29429633043311
5.0761421319797,-0.971630530900664
5.05050505050505,-3.35550529961882
5.04315948717136,-3.49142632506915
5.0251256281407,-3.16183798195764
5.00840798984821,-3.28868646146249
5,-3.34304652304125
4.97512437810945,-3.5330092877199
4.97389595879006,-2.58180910993088
4.95049504950495,-3.44417367090589
4.93962174387832,-3.0313966760883
4.92610837438424,-2.51282039532863
4.90558370636505,-2.83411434025738
4.90196078431372,-2.79624416720749
4.8780487804878,-0.816210175670345
4.87178021879463,-3.42461522501089
4.85436893203883,0.232909990841894
4.83820966492596,-1.54175066451178
4.83091787439613,-3.38308188807626
4.80769230769231,-3.64431082690218
4.80487043965513,-2.92261070428953
4.78468899521531,-2.3057487260685
4.77176094893875,-3.25616764052084
4.76190476190476,-3.1799314398137
4.739336492891,-3.24300625414893
4.73887960971765,-3.17094197814306
4.71698113207547,-3.61174425984792
4.70622484984128,-3.50925365407319
4.69483568075117,-3.63696558993508
4.67379510799246,-3.42663146087311
4.67289719626168,-1.78651413010764
4.65116279069767,-2.5753550644019
4.64158883361278,-3.30517757189348
4.62962962962963,-2.5059574052134
4.60960448682843,-2.50657190426873
4.60829493087558,-1.22788543657092
4.58715596330275,-0.896986102870083
4.57784053837662,-2.189665366953
4.5662100456621,-3.4238950262591
4.5462954695324,-3.15743974428194
4.54545454545455,-2.81781639239177
4.52488687782805,-2.40432049244317
4.5149677720361,-0.308625047233373
4.5045045045045,0.443044410216989
4.48430493273543,-1.28548247419145
4.48385594802119,-1.36433844160994
4.46428571428571,-1.84653037811541
4.45295850994265,-2.13676830793831
4.44444444444444,-2.93058081379636
4.42477876106195,-3.18593567480583
4.4222739805059,-3.57317896019948
4.40528634361233,-3.15749313656563
4.39180089259609,-3.4984037210754
4.3859649122807,-2.58102877609307
4.36681222707424,-3.63043343545616
4.361537789208,-3.35508061304646
4.34782608695652,-2.97288993006348
4.3314832233764,-1.1933611278347
4.32900432900433,-3.5771002306083
4.31034482758621,-2.9273790074008
4.30163575810679,-1.46235166759366
4.29184549356223,-3.28779693161577
4.27350427350427,-3.0570314036358
4.27199396630678,-3.34627157960046
4.25531914893617,-1.13857313961604
4.24255643071778,-3.43228302156727
4.23728813559322,-3.4632891862728
4.21940928270042,-2.80818480699873
4.21332174384729,-3.6454444963055
4.20168067226891,-1.07656751318974
4.18428850790158,-2.45209268099672
4.18410041841004,-2.04450884225742
4.16666666666667,-1.93152059640819
4.15545533471888,-2.86420107762968
4.149377593361,-1.73377907027425
4.13223140495868,-3.24628196562427
4.12682084570295,-2.65593190007503
4.11522633744856,-3.46371122507825
4.09838367175726,-3.63589595288847
4.0983606557377,-3.62987309323041
4.08163265306122,-3.3650677763273
4.07014245321944,-3.55124963637344
4.0650406504065,-3.65954848155108
4.04858299595142,-3.16239476785615
4.04209583979631,-3.24033682282144
4.03225806451613,-3.65026739805959
4.01606425702811,-2.84850111364544
4.01424249049932,-3.26411946222076
4,-2.39967087362994
3.98658107358044,-2.72366737767639
3.98406374501992,-3.34496116960615
3.96825396825397,-2.95218048572205
3.95911026646846,-1.15536106371449
3.95256916996047,-2.22346863091134
3.93700787401575,-3.38204415351783
3.93182875570577,-3.2103055192888
3.92156862745098,-2.74886041650016
3.90625,-1.29554113852405
3.90473523688556,-2.47173773096766
3.89105058365759,-3.34187875623028
3.87782841458946,-2.12543079705308
3.87596899224806,0.218328621471035
3.86100386100386,-3.16772613300331
3.85110700232557,-3.64844332301565
3.84615384615385,-3.5102228006631
3.83141762452107,-2.06008053399624
3.824569722467,-3.10532046553648
3.81679389312977,-1.71498147071388
3.80228136882129,-3.39367677068928
3.79821530619074,-2.04986124343288
3.78787878787879,-3.47939501323206
3.77358490566038,-3.66328871973517
3.772042493417,-2.11293783645707
3.7593984962406,-3.40591297734529
3.74605003274899,-2.38493532352221
3.74531835205992,-1.67636712115781
3.73134328358209,-2.74839475427371
3.72023668141307,-2.15781276015245
3.71747211895911,-3.19055297094878
3.7037037037037,-1.36304216341254
3.6946012051993,-3.38625812396559
3.690036900369,-3.6309270901519
3.67647058823529,-3.57389018581558
3.66914237840249,-3.14990844908642
3.66300366300366,-3.47476503589241
3.64963503649635,-3.5712434011237
3.64385898376355,1.29440841812282
3.63636363636364,-1.98984112499398
3.6231884057971,-3.27072653216789
3.61874981241128,-3.50388844002215
3.6101083032491,-1.81777727646469
3.59712230215827,-2.54994467129994
3.59381366380463,-3.40097459772449
3.584229390681,-1.92040481406284
3.57142857142857,-1.94050078127811
3.56904934567523,-2.03924466098608
3.55871886120996,-3.1416712928558
3.54609929078014,-3.2923908954087
3.54445567397043,-2.87468597005364
3.53356890459364,-3.45967447655409
3.52112676056338,-0.607519222193114
3.52003147279668,-3.19666970677407
3.50877192982456,-2.97504615056028
3.4965034965035,-3.53980808529605
3.49577557436328,-3.55375627065883
3.48432055749129,-1.58712893877155
3.47222222222222,-3.50162415152679
3.47168681892656,-2.60690849445909
3.46020761245675,-3.21421607618104
3.44827586206897,-3.43023018811551
3.44776405473446,-2.31212303298572
3.43642611683849,-3.08036177306213
3.42465753424658,-2.92055984037891
3.42400613797142,-2.55755418139138
3.41296928327645,-2.17341326617572
3.40136054421769,-1.47949600692173
3.40041193270371,-3.0016718599234
3.38983050847458,-2.45983337079205
3.37837837837838,1.61882394919237
3.37698031082509,-3.09729536410581
3.36700336700337,-2.37998218609983
3.35570469798658,-3.15167027008557
3.35371015200293,-3.56146575585434
3.34448160535117,-0.301732224951546
3.33333333333333,-1.64635904059171
3.33060034362459,-2.19726798923999
3.32225913621262,-2.27284971361011
3.3112582781457,-1.64808971841505
3.30764978074424,-3.15019385526055
3.3003300330033,-2.30684835521911
3.28947368421053,-3.48155823014708
3.28485736603004,-2.91305321959119
3.27868852459016,-3.09208141664301
3.26797385620915,-3.48193519737863
3.26222200971167,-3.46641761820315
3.25732899022801,-2.45951740677871
3.24675324675325,-2.43744260606963
3.2397426295282,-1.80775183053945
3.23624595469256,-3.19308656281525
3.2258064516129,-3.15803435934721
3.21741815067637,-1.57555421169236
3.21543408360129,0.678750359002852
3.20512820512821,-0.662415296321636
3.19524750575921,-3.30383095799898
3.19488817891374,-2.96836113779774
3.18471337579618,-1.8694832954665
3.17460317460317,-3.15123417739083
3.17322963473498,-3.24852988184206
3.16455696202532,-2.63161143443683
3.15457413249211,-2.96949405293757
3.15136348486648,-3.24602954399061
3.14465408805031,-1.75561736044893
3.13479623824451,0.932311996210406
3.12964801067075,-0.672883201735668
3.125,-3.60592478625007
3.11526479750779,-3.28716284570528
3.10808217386906,-1.95099293737713
3.1055900621118,-3.23957423638582
3.09597523219814,-2.08787678530062
3.08666494333727,-2.78926323192764
3.08641975308642,-2.61444196964733
3.07692307692308,-3.55453022781743
3.06748466257669,-3.55568563864544
3.06539529505653,-3.13936979183832
3.05810397553517,-3.61928427100564
3.04878048780488,-2.25331379647535
3.0442722120643,-3.57993832171375
3.03951367781155,-3.43045228051225
3.03030303030303,-2.57715860595998
3.02329468440578,-1.68066537731978
3.02114803625378,-1.29267713129412
3.01204819277108,-3.61779134733843
3.003003003003,-3.65123676542243
3.00246170908555,-2.9363911966228
2.9940119760479,-3.30809539652439
2.98507462686567,-3.46661022167113
2.98177229001967,-2.64188141710384
2.97619047619048,-2.60626328102439
2.9673590504451,-3.02666923769696
2.96122543798803,-3.31382576758569
2.9585798816568,-3.54857330485772
2.94985250737463,-3.61208260802088
2.94117647058824,-1.72426567536057
2.94082017058706,-3.11940084096097
2.93255131964809,-3.23944157213092
2.92397660818713,-3.52158443411333
2.92055551218275,-3.11552956327078
2.91545189504373,-2.29768339404536
2.90697674418605,-3.33089424620003
2.90043049386399,-3.38114207463225
2.89855072463768,-2.94339583546143
2.89017341040462,-2.89826679891315
2.88184438040346,-3.40230846803761
2.8804441533963,-3.28995194530584
2.8735632183908,-3.35912309204376
2.86532951289398,-3.37044390487945
2.86059553517574,-2.06996441163424
2.85714285714286,-3.47894709430933
2.84900284900285,-3.49770380086484
2.84090909090909,-2.8908839590582
2.8408836901833,-2.99137750976892
2.8328611898017,-3.65791323428244
2.82485875706215,-2.54474884633229
2.82130767593947,-2.62155975908213
2.8169014084507,-0.628032182024167
2.80898876404494,-2.3285439523138
2.8018665564592,-2.37585731886092
2.80112044817927,-1.64141656797561
2.79329608938547,-2.0807037407029
2.78551532033426,-2.90396913986354
2.78255940220712,-3.03298864977632
2.77777777777778,-2.53721919972228
2.77008310249307,-3.13093421162436
2.76338529005317,-2.87650838243008
2.76243093922652,-1.88261837492196
2.75482093663912,-1.91547774345657
2.74725274725275,-3.49857424877107
2.74434330322836,-3.62293831140523
2.73972602739726,-3.56203730515873
2.73224043715847,-2.65791406813512
2.72543253128103,-3.44655866638463
2.72479564032698,-2.7478950096529
2.71739130434783,-2.28058485487791
2.710027100271,-3.43917550130059
2.70665207003324,-3.55165607460266
2.7027027027027,-3.61972493266695
2.69541778975741,-3.36610937507721
2.68817204301075,-1.04065241387932
2.68800102153761,-1.21352708451324
2.68096514745308,-0.0861566707995776
2.67379679144385,-1.68051117279135
2.66947849403432,-3.44538501404353
2.66666666666667,1.80042589744996
2.65957446808511,-2.25747178958651
2.6525198938992,-3.10468225977543
2.65108360190854,-2.9792686037609
2.64550264550265,-2.08810308108711
2.63852242744063,-0.86747030299055
2.63281546564802,-3.08981519260309
2.63157894736842,-1.37343533255919
2.6246719160105,-1.94881234702184
2.61780104712042,-3.16023525175971
2.61467321180109,-2.1015585449678
2.61096605744125,-3.65894108275058
2.60416666666667,-3.30807434263549
2.5974025974026,-2.97883862648295
2.59665597293487,-3.10728910072551
2.59067357512953,-3.24551011384885
2.58397932816537,-2.50922804278413
2.5787628875938,-3.33714218480487
2.57731958762887,-3.27918053526347
2.5706940874036,-2.90741290233667
2.56410256410256,-0.60392249138881
2.56099310025846,-3.00182121689302
2.55754475703325,-1.5369768061803
2.55102040816327,-0.961417032658583
2.54452926208651,-1.88136221406868
2.54334576130465,-3.14281352047889
2.53807106598985,-3.61988830246055
2.53164556962025,-2.5250067304036
2.52582002696278,-3.57162340244828
2.52525252525253,-3.00916781593944
2.51889168765743,-3.60562844535171
2.51256281407035,-2.76053877674091
2.50841505927754,-2.24136232026087
2.5062656641604,-3.45330697496741
2.5,-3.36269153592552
2.49376558603491,-3.05075276081656
2.49113002606779,-3.05553068376683
2.48756218905473,-2.99955126606401
2.48138957816377,-3.656749228951
2.47524752475248,-2.14064495627197
2.47396410088681,-2.9433065995697
2.46913580246914,-3.45546004725135
2.46305418719212,-3.55180093175552
2.45700245700246,0.283868680890284
2.45691646298279,1.02922953793187
2.45098039215686,-3.44512856209966
2.44498777506112,-3.1142988755531
2.43998629725955,-2.78622064697584
2.4390243902439,-2.99242259959989
2.4330900243309,-2.81631472905117
2.42718446601942,-3.65806524036001
2.4231727942376,-3.21018601383552
2.42130750605327,-3.56662866143752
2.41545893719807,-2.92374947893243
2.40963855421687,-3.18269008691292
2.40647515001542,-2.36503047964585
2.40384615384615,-2.191631206173
2.39808153477218,-2.93757209784958
2.39234449760766,-2.60267392395498
2.38989256623105,-2.79932931285527
2.38663484486874,-1.5633951631181
2.38095238095238,-3.48157040697269
2.37529691211401,-3.56946449761376
2.37342425002387,-3.50214086670165
2.3696682464455,-3.49988686177913
2.36406619385343,-2.30811710339595
2.35849056603774,-2.81182320104083
2.35706941399673,-3.11659341864471
2.35294117647059,-3.05509738409226
2.34741784037559,-3.47779544430586
2.34192037470726,-2.44020632594721
2.34082727617829,-3.65389209798435
2.33644859813084,-2.08047203750722
2.33100233100233,-2.41538132360936
2.32558139534884,-3.46466727519929
2.32469705998565,-3.59812126067329
2.32018561484919,-1.91019414938897
2.31481481481481,-3.29348951947459
2.3094688221709,-3.08838652267839
2.30867799418717,-3.05105907757517
2.30414746543779,-3.10610110537082
2.29885057471264,-2.24972145080475
2.29357798165138,0.264347751586134
2.29276931286565,-1.72694617158588
2.2883295194508,-3.38647442679963
2.28310502283105,-3.61483739779011
2.27790432801822,-1.44681734899187
2.27697025538168,-2.5284851582105
2.27272727272727,-3.09551193657894
2.26757369614512,-3.55474870924952
2.26244343891403,-2.3341261128307
2.26128006633728,-3.01810248182751
2.25733634311512,-3.58456715699931
2.25225225225225,-2.63756293391757
2.24719101123596,-3.2105965495492
2.24569799553977,-3.23471041024144
2.24215246636771,-3.64853852835362
2.23713646532438,-3.23812773307277
2.23214285714286,-2.37999140724342
2.23022329796594,-3.19070981447283
2.2271714922049,-3.58582180112416
2.22222222222222,-2.98076941310203
2.21729490022173,0.263141818745784
2.21485523372636,-3.30377410135138
2.21238938053097,-3.41836231590166
2.2075055187638,-2.72133366076978
2.20264317180617,-1.82155858489726
2.19959306803007,-2.24106259407322
2.1978021978022,-3.5274555406067
2.19298245614035,-3.17962465083492
2.18818380743982,-3.57891272194545
2.18443607114943,-1.40156911380505
2.18340611353712,-2.78667914771772
2.17864923747277,-3.21911359998402
2.17391304347826,-3.08269342590229
2.16938351838518,-3.50196627576754
2.16919739696312,-3.56233129113483
2.16450216450216,-3.45212952797696
2.15982721382289,-1.75162455987681
2.1551724137931,-3.38109453744211
2.15443469003188,-2.89229041357468
2.1505376344086,-3.41805497102676
2.14592274678112,-3.34713366878271
2.14132762312634,-3.21488726601724
2.13958887134342,-3.5726184419711
2.13675213675214,-0.348408978713887
2.13219616204691,-3.31411005407632
2.12765957446809,-1.7167365492195
2.12484535249888,-3.35160184136641
2.12314225053079,-1.79979564153096
2.11864406779661,-3.32525329113831
2.11416490486258,-3.42699674477181
2.1102034285686,-2.65203000001862
2.10970464135021,-3.24952019800535
2.10526315789474,-3.27348032053804
2.10084033613445,-3.30075186140324
2.09643605870021,-3.17082560658612
2.09566239948043,-3.46451930624415
2.09205020920502,-3.34827449980726
2.08768267223382,-2.2139841039427
2.08333333333333,-1.85766215492803
2.08122156998634,-2.7173698347067
2.07900207900208,-3.36327297854329
2.0746887966805,-3.12300014525764
2.0703933747412,-3.47281108438663
2.06688024962908,-3.55686195639513
2.06611570247934,-3.23122187470021
2.06185567010309,-2.83872834453332
2.05761316872428,-2.59820976401864
2.05338809034908,-3.25325203230652
2.05263775270925,-1.60061248855926
2.04918032786885,-3.40703254143149
2.04498977505112,-2.84408720652201
2.04081632653061,-3.5136231242982
2.03849339825246,-3.54276761194096
2.03665987780041,-3.64528076362744
2.03252032520325,-2.68721657435874
2.02839756592292,-3.29944759567204
2.0244465099768,-3.1875617285391
2.02429149797571,-3.06614142218752
2.02020202020202,-2.81593863014917
2.01612903225806,-3.28734240840891
2.01207243460765,-1.83053174495874
2.0104964162605,-2.25398921161327
2.00803212851406,-3.04807358300097
2.00400801603206,-3.56645041390292
2,-3.56674849328582
1.99664245010979,-3.59321784369329
1.99600798403194,-3.40046474932431
1.99203187250996,-3.62663671147755
1.98807157057654,-3.41269215773668
1.98412698412698,-3.52655393224496
1.98288394912707,-3.59222816376818
1.98019801980198,-3.10075009383031
1.97628458498024,-2.64609913746774
1.9723865877712,-2.97692155604208
1.96922025547917,-3.13277421832766
1.96850393700787,-3.22291341166727
1.96463654223969,-3.5083909456721
1.96078431372549,-3.29852132267249
1.95694716242661,-3.3457871059132
1.95565071586595,-2.75616727761369
1.953125,-3.29052729358387
1.94931773879142,-2.57781794000705
1.94552529182879,-3.36458493082453
1.94217468148903,-3.09443222329001
1.94174757281553,-2.78116539744074
1.93798449612403,-3.59601424123816
1.93423597678917,-3.53704347051034
1.93050193050193,-3.34909030367209
1.92879150802078,-3.1096156757773
1.92678227360308,-3.35945903554876
1.92307692307692,-2.44269895780912
1.91938579654511,-1.87911860466796
1.91570881226054,-3.28655798002314
1.91550055557353,-3.59896942968579
1.91204588910134,-3.2237917738161
1.90839694656489,-2.01179776902084
1.9047619047619,-3.59619473048717
1.90230118866894,-3.6073451785805
1.90114068441065,-3.4295693492272
1.89753320683112,-3.31632983195085
1.89393939393939,-3.44940289965187
1.89035916824197,-2.65359036991706
1.88919277620767,-3.30470182676073
1.88679245283019,-2.14816434334842
1.88323917137476,-3.31521131124775
1.8796992481203,0.742445130382937
1.87617469143912,-2.79339235576326
1.87617260787992,-2.80246349863803
1.87265917602996,-3.44490550844089
1.86915887850467,-3.44607287249805
1.86567164179104,-3.5721100319913
1.86324631193156,-3.49582034689261
1.86219739292365,-3.29481171548071
1.85873605947955,-3.47698843029773
1.85528756957328,-3.29344940202138
1.85185185185185,-3.41935202708917
1.8504070195423,-3.40773027385132
1.84842883548983,-1.91088274348264
1.8450184501845,-2.48527471727634
1.84162062615101,-3.35056774209026
1.83823529411765,-2.5583254762953
1.83765620038817,-3.62173497571551
1.8348623853211,-3.40591157819933
1.83150183150183,-3.60272731752094
1.82815356489945,-1.66981658183347
1.82499324481615,-2.92404189420928
1.82481751824817,-3.313299072686
1.82149362477231,-1.3788608324494
1.81818181818182,-2.47818768918044
1.81488203266788,-3.60869064688266
1.81241754737424,-1.32557652285881
1.81159420289855,-2.81666213069682
1.80831826401447,-3.5656402247669
1.80505415162455,-3.56582043144833
1.8018018018018,-2.65196246044941
1.79992850678248,-1.65898579143795
1.79856115107914,-2.91286570927862
1.79533213644524,-3.65430097210348
1.7921146953405,-3.59924204272788
1.78890876565295,-3.38093084641273
1.78752552590424,-2.81049865157486
1.78571428571429,-3.55141281011926
1.7825311942959,-2.65230031252819
1.77935943060498,-3.38772720096575
1.77619893428064,-3.40782674348678
1.77520801171763,-2.74633068720062
1.77304964539007,-0.13224519748267
1.76991150442478,-3.37151307555221
1.76678445229682,-2.63243771101146
1.7636684303351,-1.62144916235122
1.76297537528721,-3.46572542584091
1.76056338028169,-2.88997620775425
1.75746924428822,-3.54523738655079
1.75438596491228,-3.51611795417726
1.75131348511384,-2.67190611847711
1.75082703173572,-2.40381516625386
1.74825174825175,-2.73923737733586
1.74520069808028,-2.59697275158451
1.74216027874564,-2.74664056505405
1.73913043478261,-3.6030123870846
1.73876240021625,-3.65267331024851
1.73611111111111,-2.33978004064836
1.73310225303293,-2.30650853485353
1.73010380622837,-3.32705506487558
1.72711571675302,-3.2561270812444
1.72678090388436,-3.07221553006549
1.72413793103448,-2.79585360038727
1.72117039586919,-3.30676482358326
1.71821305841924,-2.16507969460336
1.71526586620926,-1.73259900429305
1.71488196987054,-3.19457949556819
1.71232876712329,-2.81888545768954
1.70940170940171,-0.971368418237527
1.70648464163823,-3.63204203539892
1.70357751277683,-3.65506454525974
1.70306502925284,-3.4073746190259
1.70068027210884,-3.16170132545021
1.69779286926995,-2.76027158234769
1.69491525423729,-3.01616506592749
1.69204737732657,-3.65113634739954
1.69132951702965,-3.57519207871912
1.68918918918919,-3.20575210726632
1.68634064080944,-2.5657741688404
1.68350168350168,-3.29615861304036
1.68067226890756,-1.52937137366429
1.67967487209265,-3.48555205444303
1.67785234899329,-2.60625833808013
1.6750418760469,-3.13805137101128
1.67224080267559,-3.53802940792793
1.669449081803,-2.40639428472836
1.66810053720006,-3.04715480746334
1.66666666666667,-3.51809208815534
1.66389351081531,-3.57993254274855
1.66112956810631,-1.82770310419694
1.65837479270315,-3.62818140331999
1.65660595894991,-3.48963211628971
1.65562913907285,-1.46766069583905
1.65289256198347,-2.62652542796236
1.65016501650165,-3.60312963417818
1.64744645799012,-2.87651356523063
1.64519058775366,-3.09286133503344
1.64473684210526,-1.01167784820491
1.64203612479475,-3.35641767184172
1.63934426229508,-2.86529489323145
1.6366612111293,-0.332847514498165
1.63398692810458,-3.00310557929994
1.63385387780986,-3.41573901929702
1.63132137030995,-2.99035250774831
1.62866449511401,-2.62398343367552
1.6260162601626,-3.3274933444954
1.62337662337662,-3.481252951314
1.62259528707809,-3.37924974622437
1.62074554294976,-3.51405457888235
1.61812297734628,-3.64944231406867
1.61550888529887,-3.36595674294481
1.61290322580645,-2.21160522250998
1.61141427725302,-3.09982408253914
1.61030595813205,-2.01831841553611
1.60771704180064,-3.3555039146339
1.60513643659711,-1.41744000684586
1.6025641025641,-2.05883418186199
1.6003103137387,-2.62879380053557
1.6,0.125985360621446
1.59744408945687,-1.84995861944041
1.59489633173844,1.12191820115273
1.59235668789809,-0.077850112861948
1.58982511923688,-3.16759733548805
1.58928286562298,-1.65919271966753
1.58730158730159,-2.5308288497403
1.58478605388273,-2.69398013318745
1.58227848101266,-1.52806500073738
1.57977883096367,-3.52403450235844
1.57833140565212,-3.59706766868548
1.57728706624606,-0.653296459645428
1.5748031496063,-3.2268015071353
1.57232704402516,-3.41907162458393
1.56985871271586,-2.14190516302345
1.5674554102056,-2.34535789509003
1.56739811912226,-1.78454826099603
1.56494522691706,-1.73942611953698
1.5625,-2.30873649111494
1.5600624024961,-3.45917079430536
1.55763239875389,-3.50368998967276
1.55665435927106,-3.24990424456358
1.5552099533437,-1.66808238602199
1.5527950310559,-1.85943368922714
1.55038759689922,-1.05240855126579
1.54798761609907,-0.297988115598439
1.54592773641948,-2.91005457083447
1.54559505409583,-3.05682813578404
1.54320987654321,-2.6578486025928
1.54083204930663,-3.11004295737647
1.53846153846154,-3.54861245546622
1.53609831029186,-1.75807391672505
1.53527502878042,-0.74299947786768
1.53374233128834,-3.31686552222917
1.53139356814701,-3.5374976775622
1.52905198776758,-3.5487107842565
1.52671755725191,-2.46858797721101
1.52469572701757,-3.56561162861122
1.52439024390244,-2.75983559402736
1.5220700152207,-3.59163826009852
1.51975683890577,-2.53595631997394
1.51745068285281,-2.52014020945857
1.51515151515152,-1.614810565257
1.51418932530435,-3.54772647147397
1.51285930408472,-3.34982273980377
1.51057401812689,-2.78121239598932
1.50829562594268,-1.81964744384943
1.50602409638554,-3.50661066899577
1.50375939849624,-3.2968859200228
1.50375532129974,-3.33559853402233
1.5015015015015,-3.2950547552776
1.49925037481259,-3.044534258099
1.49700598802395,-3.42474948667136
1.49476831091181,-2.28860856716214
1.49339321612425,-0.914873210474251
1.49253731343284,-3.58342234278119
1.4903129657228,-3.10428401697775
1.48809523809524,-1.62112501972531
1.48588410104012,-3.48490760321298
1.48367952522255,-3.41777121200128
1.4831025143361,-3.15429609311779
1.48148148148148,-3.26965217521787
1.4792899408284,-3.2924236415195
1.47710487444609,-3.10738800335816
1.47492625368732,-3.28305603491988
1.4728827239075,-3.29302678579121
1.47275405007364,-3.59902548279949
1.47058823529412,-3.61420027435055
1.46842878120411,0.509505930630117
1.46627565982405,-2.26668227504056
1.46412884333821,-1.64881631001783
1.46273335620113,-1.74051950726654
1.46198830409357,-0.89713196892644
1.45985401459854,-2.96894621025269
1.45772594752187,-3.62673919079615
1.45560407569141,-2.34409254471988
1.45348837209302,0.318249213143322
1.45265392594678,-3.25594497691658
1.45137880986938,-0.28266026477139
1.44927536231884,-3.01261216890675
1.44717800289436,-1.91102267689753
1.44508670520231,-1.50522724077531
1.44300144300144,-2.36729355876606
1.44264395121816,-3.08647663220706
1.44092219020173,-3.27671653552313
1.43884892086331,-0.96593383474764
1.4367816091954,-3.53748094155905
1.43472022955524,-2.81822172205046
1.43270295340983,-3.30850162205818
1.43266475644699,-3.27668674266168
1.43061516452074,-1.88800044671346
1.42857142857143,2.80898001433706
1.4265335235378,-0.109856435957066
1.42450142450142,-1.45740826272431
1.42283045721435,-0.692147466882441
1.42247510668563,-2.52140981906892
1.42045454545455,-0.673358558874052
1.41843971631206,-3.07101823034135
1.41643059490085,-0.330863013764382
1.41442715700141,-0.332678122864915
1.41302599059953,-0.734786949270794
1.41242937853107,-1.8808182186775
1.41043723554302,-2.74308032584922
1.40845070422535,-3.48085996368182
1.40646976090014,-3.14487457473298
1.40449438202247,-2.70802550434699
1.40328908478587,-1.02234226236684
1.40252454417952,-3.53479263747168
1.40056022408964,-3.55542198702947
1.3986013986014,-3.4231537557779
1.39664804469274,-1.74446017239814
1.39470013947001,-2.14123931345524
1.39361927422414,-0.110055029532059
1.39275766016713,-3.3816668557507
1.39082058414465,-1.15521742042808
1.38888888888889,-2.54492688583461
1.3869625520111,-2.98433459207605
1.38504155124654,-2.35690451306892
1.38401609657313,-1.13037124008504
1.38312586445367,-1.0031175132547
1.38121546961326,-2.94556904294218
1.37931034482759,-2.61764504315412
1.37741046831956,-3.61157749695077
1.37551581843191,-3.34245694138182
1.37447909267754,-1.96286836210167
1.37362637362637,-3.61697710332926
1.37174211248285,-3.16011168884746
1.36986301369863,-2.21852532949124
1.36798905608755,-3.57380755678484
1.36612021857923,-3.07677963754308
1.36500780654601,-2.11770123383838
1.36425648021828,-2.26193977992871
1.36239782016349,-3.18530420725578
1.36054421768707,-3.00653127577273
1.35869565217391,-3.42712906297536
1.35685210312076,-3.52440854247116
1.35560178532937,-2.60196089903958
1.3550135501355,-1.72519585124338
1.3531799729364,-3.19672960171369
1.35135135135135,-3.15789163854491
1.34952766531714,-3.35848243903187
1.34770889487871,-1.0790650183719
1.34626057929891,-2.27223537485993
1.34589502018843,-3.01321422320607
1.34408602150538,-1.8063363214173
1.34228187919463,-3.04548710703623
1.34048257372654,-3.53546686675393
1.33868808567604,-3.27603801200363
1.33698374182495,-2.94722458821264
1.33689839572193,-3.39767195411938
1.33511348464619,-3.27798450309175
1.33333333333333,-2.28912922045823
1.33155792276964,-2.16949493368441
1.32978723404255,-3.3423223146692
1.32802124833997,-3.16457859793287
1.32777082935543,-3.41509522484902
1.3262599469496,-3.42064975186626
1.32450331125828,-1.86186012970894
1.32275132275132,-2.82758509469748
1.32100396301189,-3.15121215103666
1.31926121372032,-3.00509535774811
1.31862140139475,-3.51911774743284
1.31752305665349,-2.89314870990107
1.31578947368421,-2.90903623653765
1.31406044678055,-0.650139701320039
1.31233595800525,0.464503789656949
1.31061598951507,-1.47212018513475
1.30953502048267,-2.52078900389496
1.30890052356021,-2.6304383782281
1.30718954248366,-0.849118309530478
1.30548302872063,-1.50740658097409
1.30378096479791,-3.57714252156337
1.30208333333333,-1.99986638289844
1.30051125217341,-1.92143779936545
1.30039011703511,-2.75189039638779
1.2987012987013,-3.47139395537406
1.2970168612192,-3.65424582028954
1.29533678756477,-2.73667604612173
1.29366106080207,-2.58250929344403
1.29198966408269,-3.57051353868577
1.29154966501488,-2.61492719579833
1.29032258064516,-3.35134543232241
1.28865979381443,-3.21147516513552
1.28700128700129,-2.74112104858231
1.2853470437018,2.44529575981371
1.28369704749679,-2.71805552460917
1.28264983052806,-3.52502928941162
1.28205128205128,-2.3158017658534
1.28040973111396,-0.267428564569921
1.27877237851662,-1.98638017496217
1.27713920817369,-1.83450241102487
1.27551020408163,-1.88445022285749
1.27388535031847,-1.0182932781319
1.27381132318648,-1.48728608823161
1.27226463104326,-2.69167715405977
1.27064803049555,-3.4728404940708
1.26903553299492,-3.4236627726802
1.26742712294043,-3.19239093016155
1.26582278481013,-2.32451490753648
1.2650337203959,-3.58008935367679
1.26422250316056,-1.18629120584186
1.26262626262626,-3.2362841944486
1.26103404791929,-3.28185437940295
1.25944584382872,-1.62755449105871
1.25786163522013,-1.83660550107519
1.25631660247412,-2.59315154469625
1.25628140703518,-2.22506860800474
1.25470514429109,-0.510906806922132
1.2531328320802,-3.16627995940437
1.25156445556946,-2.92688677169904
1.25,-3.28390434813103
1.24843945068664,-2.65478031150688
1.24765955263087,-2.56064915684162
1.24688279301746,-3.48366618803224
1.2453300124533,-2.37928385865409
1.24378109452736,-2.47395406965408
1.24223602484472,-3.38267284053814
1.24069478908189,-2.59564152546734
1.23915737298637,-3.37384342522811
1.23906215694792,-3.18963851582454
1.23762376237624,-2.21764903029192
1.23609394313968,-3.14286742188237
1.23456790123457,-3.34944044677077
1.23304562268804,-1.65345364050141
1.23152709359606,-3.19171500394163
1.23052400435926,-2.82034984553816
1.230012300123,-1.89225550027394
1.22850122850123,-3.60839780461437
1.22699386503067,-3.40990686198618
1.22549019607843,-2.54266368162773
1.22399020807834,-3.49548252599758
1.22249388753056,-2.94717342404418
1.22204468663149,-3.53832158336065
1.22100122100122,-2.14461332321327
1.21951219512195,-2.49935521508608
1.21802679658952,-2.62899820146994
1.21654501216545,-1.17001706666873
1.21506682867558,0.106965953038885
1.21362379834424,-2.94346070848222
1.21359223300971,-3.4957884169501
1.21212121212121,-2.51597334268056
1.21065375302663,-0.647332660357459
1.20918984280532,-2.77388568626601
1.20772946859903,-3.05685831439616
1.20627261761158,-2.81040568676827
1.20526093687084,-3.59845132902746
1.20481927710843,-3.59148970117793
1.20336943441637,-2.99081606606635
1.20192307692308,-2.95132598995759
1.20048019207683,-3.18464876023391
1.19904076738609,-1.40980947009016
1.19760479041916,-3.6022659917542
1.19695570235904,-2.77068334277264
1.19617224880383,-3.62744198097844
1.194743130227,-2.62744404110189
1.19331742243437,-3.00506783803182
1.19189511323004,-0.517789572321628
1.19047619047619,-3.05562389389227
1.18906064209275,-2.50344151642563
1.1887076977119,-3.28540537038084
1.18764845605701,-1.30057234352288
1.18623962040332,-2.56002809903724
1.18483412322275,-2.97117553393228
1.18343195266272,-0.959005250349985
1.18203309692671,-0.513552463268449
1.18063754427391,-1.47960255749559
1.18051652856881,-3.36088878944768
1.17924528301887,-1.01144074509964
1.17785630153121,-2.84287795157605
1.17647058823529,-3.05142676635044
1.17508813160987,-3.11265393480131
1.17370892018779,-1.59092043508677
1.1723818032866,-2.08171614940668
1.17233294255569,-0.880761365077926
1.17096018735363,-2.90865530821814
1.16959064327485,-3.10942197703245
1.16822429906542,-1.99523732430726
1.16686114352392,1.72435822503552
1.16550116550117,-2.2107584330072
1.16430313292088,-3.37561696217629
1.16414435389988,-2.19655606642969
1.16279069767442,-0.876727109861956
1.16144018583043,-2.44045055937134
1.16009280742459,-3.32464366442407
1.15874855156431,-2.96251428370926
1.15740740740741,-0.728802191756055
1.15628013120738,-3.47678711390575
1.15606936416185,-1.97382237410134
1.15473441108545,-3.47063828081975
1.15340253748558,-2.15357425585541
1.15207373271889,-3.35562377046905
1.15074798619102,-2.22771433755481
1.14942528735632,-3.48489790308302
1.14831241454351,-3.15612755450094
1.14810562571757,-3.35313171493545
1.14678899082569,-2.02173903827697
1.1454753722795,-3.1781905143796
1.1441647597254,-2.64251506154981
1.14285714285714,-3.57109772847805
1.14155251141553,-1.68858648639211
1.14039960197003,-1.42961776603557
1.14025085518814,-3.08758812017511
1.13895216400911,-3.34220262685245
1.13765642775882,-2.26978149948463
1.13636363636364,-1.45712243944773
1.13507377979569,-3.39852142069229
1.13378684807256,-0.522511154761285
1.13254131515281,3.71397003426735
1.13250283125708,2.37855065247066
1.13122171945701,-3.1416944008849
1.12994350282486,-3.44436668121674
1.12866817155756,-2.76858995772921
1.12739571589628,-1.39284760116827
1.12612612612613,-2.77589962251293
1.12485939257593,-3.20204396733639
1.12473717836475,-3.03000962387049
1.12359550561798,-2.10430638267537
1.12233445566779,-3.58772377506777
1.12107623318386,-2.04113529045521
1.11982082866741,-3.58301471500978
1.11856823266219,-3.46729010293837
1.11731843575419,-1.2568236479198
1.11698681846782,-3.46324225939538
1.11607142857143,-3.53262439792847
1.11482720178372,-3.4585695357269
1.11358574610245,-2.95860345745281
1.11234705228031,-0.416333974978509
1.11111111111111,-1.69773650280681
1.10987791342952,-2.87142986606777
1.10928986489522,-2.54512247633208
1.10864745011086,-1.2493879203654
1.10741971207087,-3.66009432127675
1.10619469026549,-2.63706605701234
1.10497237569061,-3.19985306125225
1.1037527593819,-3.37543234880824
1.10253583241455,-2.69491141077919
1.10164594963366,-3.30297770905629
1.10132158590308,-2.80287998108154
1.1001100110011,0.0876043474955184
1.0989010989011,-3.1401310541007
1.09769484083425,-2.83118755012823
1.09649122807018,-3.61970765110352
1.09529025191676,-2.24983607152644
1.09409190371991,-3.33603648942913
1.09405470720574,-3.39867000230067
1.09289617486339,-2.99657665297051
1.09170305676856,-3.21699025293945
1.09051254089422,-3.00992918750246
1.08932461873638,-1.07747173478598
1.08813928182807,-3.1453369180043
1.08695652173913,-1.23314117266103
1.08651577465254,-0.41030901007873
1.085776330076,-1.10374267405514
1.08459869848156,-3.48728581733003
1.08342361863489,-2.74031462351713
1.08225108225108,-2.34312113633826
1.08108108108108,-0.685621556370772
1.07991360691145,-0.627521394270768
1.07902879151618,-1.35793328640487
1.07874865156419,-3.11226367127262
1.07758620689655,-1.87716840807108
1.07642626480086,-2.21396158815345
1.0752688172043,-2.76241503600822
1.07411385606874,-3.01099743381358
1.07296137339056,-2.60048549522882
1.07181136120043,-1.07439342687332
1.07159339982267,-2.63541254264832
1.07066381156317,-2.6417981195694
1.06951871657754,-0.48577464898393
1.06837606837607,-1.29363802574657
1.06723585912487,-0.904338064883585
1.06609808102345,-1.00170469633427
1.06496272630458,-3.36784935606503
1.06420924406472,-2.35000516563444
1.06382978723404,-2.41252549121362
1.06269925611052,0.0743798037040238
1.06157112526539,-3.39504676260277
1.06044538706257,-0.750154781415385
1.0593220338983,-1.384321496047
1.05820105820106,-2.44972669576257
1.05708245243129,-3.16169219026549
1.0568759711848,-3.39962132498313
1.05596620908131,-3.3196376187109
1.05485232067511,-3.11612010827018
1.05374077976818,-3.21147630735389
1.05263157894737,-2.60961673777119
1.0515247108307,-3.05135998883697
1.05042016806723,-2.7332162260656
1.04959323055823,-3.19874497531132
1.04931794333683,-1.65220907125477
1.0482180293501,-2.63519613302678
1.04712041884817,-3.03068087259443
1.04602510460251,-3.0538127027704
1.04493207941484,-2.99567092849243
1.04384133611691,-3.33019145440611
1.04275286757039,-2.85976353731031
1.0423606739764,-1.73668358508884
1.04166666666667,3.0594759488598
1.04058272632674,-0.716470173008285
1.03950103950104,-0.31735923996295
1.03842159916926,1.77771150669419
1.03734439834025,-2.85728289259866
1.03626943005181,-3.63953035753927
1.0351966873706,-2.47368694243111
1.03517795563018,-1.98900989819598
1.03412616339193,-3.59501284533827
1.03305785123967,-2.55138075607526
1.03199174406605,-3.50091130287587
1.03092783505155,-3.32297911103241
1.02986611740474,-3.56509050275862
1.02880658436214,-2.62555290488084
1.02804473209331,-0.445627403494579
1.02774922918808,-3.47571569612232
1.02669404517454,-3.59343175975566
1.02564102564103,-3.11167774757994
1.02459016393443,-2.98897413827172
1.02354145342886,-3.11217944011487
1.02249488752556,-3.54298680058526
1.02145045965271,-1.94638158033457
1.02096066230605,-3.57589585806682
1.02040816326531,-2.62266199714984
1.01936799184506,-3.26736758411344
1.0183299389002,-2.42562086341162
1.01729399796541,-3.54896903933506
1.01626016260163,-3.1871653793154
1.01522842639594,-2.87489641876281
1.01419878296146,-3.28480438642937
1.01392540755882,-3.2411146465143
1.01317122593718,-0.551362996945026
1.01214574898785,-3.23521921599542
1.01112234580384,-1.68519497060604
1.01010101010101,-1.38434723507133
1.00908173562059,-2.57089413861614
1.00806451612903,-0.0339293536453722
1.00704934541793,-1.78640999993091
1.00693863147603,-3.54555457965274
1.00603621730382,-3.14818621516447
1.00502512562814,-3.26867995134237
1.00401606425703,1.90526765520518
1.00300902708124,-0.92616884722663
1.00200400801603,-0.206731207133781
1.001001001001,2.47739767110254
1,-1.51747356759086
