"bfp_output.P","bfp_output.logBF"
1000,-2.56782692248468
993.109181374979,-2.4495291614602
986.265846131283,-2.36568412120205
979.46966706954,-2.3272720260315
972.720319245055,-2.33896923055884
966.017479952265,-2.39867017412503
959.360828709315,-2.49884401164895
952.75004724273,-2.62873290441812
946.184819472201,-2.77639920114533
939.66483149547,-2.93014272621418
933.189771573324,-3.0793689261222
926.759330114689,-3.21522713085975
920.373199661823,-3.33124769918983
914.031074875623,-3.42392612184379
907.732652521023,-3.4929565339991
901.477631452492,-3.54081936710638
895.26571259964,-3.57170690688626
889.096598952916,-3.59010236835537
882.969995549409,-3.59944669935278
876.885609458743,-3.6011970444142
870.843149769073,-3.59441484104969
864.842327573172,-3.5759768248544
858.882855954625,-3.54162238627954
852.964449974103,-3.48794965334143
847.086826655741,-3.41485719939943
841.249704973612,-3.32696886398405
835.452805838287,-3.23262523037213
829.695852083491,-3.1408597769127
823.978568452852,-3.05859382041502
818.300681586739,-2.98984491459354
812.661920009195,-2.93692050948631
807.06201411495,-2.90253826064274
801.500696156541,-2.89179219955421
795.977700231499,-2.91265913550417
790.492762269642,-2.97292541702161
785.045620020451,-3.07249689095679
779.636013040523,-3.19672666734403
774.263682681127,-3.32122235877115
768.928372075831,-3.42613000935607
763.629826128224,-3.50439599718267
758.367791499719,-3.55881492784054
753.142016597437,-3.59568029041658
747.952251562182,-3.62084338944093
742.798248256492,-3.63840195996219
737.679760252773,-3.65060006092308
732.596542821523,-3.65810987084127
727.548352919623,-3.66080366654271
722.534949178721,-3.65943189211348
717.556091893692,-3.65671078066743
712.611543011175,-3.65544500623046
707.701066118189,-3.6563512930722
702.824426430835,-3.65856147279119
697.981390783066,-3.66088576901721
693.17172761554,-3.66230333980841
688.39520696455,-3.66191453734906
683.651600451024,-3.65870499979347
678.940681269611,-3.65121908560594
674.262224177835,-3.63725610624915
669.616005485322,-3.61388634875122
665.001803043112,-3.57800182459108
660.419396233031,-3.5271573291525
655.868565957143,-3.4604805563937
651.349094627281,-3.37987487364257
646.860766154633,-3.29153931202738
642.40336593942,-3.20667828740006
637.976680860628,-3.13929621467728
633.580499265825,-3.10018836073281
629.214610961035,-3.09023547898071
624.878807200689,-3.0985680942213
620.57288067765,-3.10771663229859
616.296625513294,-3.10249973026641
612.04983724767,-3.07810529587241
607.832312829723,-3.04381203491654
603.643850607587,-3.01981440873653
599.484250318941,-3.02796486465173
595.353313081437,-3.08187344499198
591.250841383188,-3.18116323306229
587.176639073326,-3.30912815426511
583.130511352622,-3.43188260568045
579.112264764176,-3.50416499282802
575.121707184161,-3.49086374910596
571.158647812643,-3.39393374932218
567.222897164454,-3.25242309109911
563.314267060136,-3.11294132686329
559.432570616938,-3.00517813740681
555.577622239888,-2.93747102533346
551.749237612913,-2.90108179270056
547.947233690029,-2.8756534675184
544.171428686589,-2.83821629947605
540.421642070592,-2.77495361140647
536.697694554048,-2.68788029762352
532.999408084409,-2.59337435538118
529.326605836056,-2.51575955866455
525.679112201842,-2.47512186115598
522.056752784698,-2.47005076922475
518.459354389291,-2.4719844325793
514.886745013749,-2.4442772814899
511.338753841433,-2.36800103574871
507.815211232767,-2.25517245751761
504.315948717136,-2.15054940715329
500.840798984821,-2.11702326212174
500,-2.12530874875066
497.389595879006,-2.19480082397912
493.962174387832,-2.36692273201357
490.558370636505,-2.5798697758896
487.178021879463,-2.79180832492575
483.820966492595,-2.99165402158227
480.487043965513,-3.18214735767135
477.176094893875,-3.34682235361414
473.887960971765,-3.43161209559208
470.622484984128,-3.36545285378044
467.379510799247,-3.09461536844146
464.158883361278,-2.60368989095782
460.960448682844,-1.94205892460014
457.784053837662,-1.25096312256671
454.62954695324,-0.721753304333997
451.49677720361,-0.471548944555688
448.385594802119,-0.475983068753702
445.295850994266,-0.635252041412325
442.22739805059,-0.867456299446029
439.180089259609,-1.14174998356962
436.153778920801,-1.45438230382849
433.14832233764,-1.78913963319702
430.16357581068,-2.10993610258096
427.199396630678,-2.38567524688981
424.255643071778,-2.60944463480821
421.332174384729,-2.7956332389795
418.428850790158,-2.96408566089733
415.545533471888,-3.12748329674379
412.682084570296,-3.28988416862834
409.838367175726,-3.4490811901238
407.014245321944,-3.58585020303071
404.209583979631,-3.64023118360573
401.424249049932,-3.50676914043354
398.658107358044,-3.04172316840056
395.911026646846,-2.11445141737631
393.182875570577,-0.851680876531996
390.473523688556,0.122399282820614
387.782841458946,0.252742958491543
385.110700232557,-0.254164676285295
382.4569722467,-0.770301230549403
379.821530619074,-0.527938454154888
377.2042493417,1.28297598450745
374.605003274899,4.21695384092313
371.108016766958,6.28591225941024
369.46012051993,6.09647148159626
366.914237840249,4.95567651190855
364.385898376355,3.68408850854475
361.874981241128,3.55288436661111
359.381366380463,4.5037175900123
356.904934567523,4.91301852755952
354.445567397043,3.71778536872522
352.003147279668,0.856829373367778
349.577557436327,-2.20529788355578
347.168681892656,-3.60188035916048
344.776405473446,-3.36180569839997
342.400613797142,-2.51957752549158
340.041193270371,-1.69940818076507
337.698031082509,-1.02333967082982
335.371015200293,-0.414313013600132
333.333333333333,0.0714254197789232
333.060034362459,0.128243108080729
330.764978074424,0.43838032113526
328.485736603004,0.256076784442503
326.222200971167,-0.467543555682663
323.97426295282,-1.1961115139638
321.741815067637,-1.35438122091879
319.524750575921,-0.956969268991723
317.322963473498,-0.388720852646752
315.136348486648,-0.207474483420593
312.964801067075,-0.745705852624336
310.808217386907,-1.66731351432896
308.666494333727,-2.4716771052423
306.539529505653,-2.92284098733709
304.42722120643,-2.92705046879028
302.329468440578,-2.48394317578812
300.246170908555,-1.77473721722056
298.177229001967,-1.22742942028456
296.122543798804,-1.2502999327748
294.082017058706,-1.77123968452137
292.055551218275,-2.44768782190577
290.043049386399,-3.06098508962846
288.04441533963,-3.49351400990364
286.059553517574,-3.62477039741882
284.08836901833,-3.37865161315311
282.130767593947,-2.94557765906277
280.18665564592,-2.69995870292113
278.255940220713,-2.76220285276024
276.338529005317,-3.00906365814752
274.434330322837,-3.28280024645179
272.543253128103,-3.49652007732321
270.665207003324,-3.62223812989414
268.800102153761,-3.66225616299037
266.947849403432,-3.66075881894231
265.108360190854,-3.662321653244
263.281546564802,-3.65624253787721
261.467321180109,-3.57369120873382
259.665597293487,-3.31819100860148
257.87628875938,-2.91041138269632
256.099310025846,-2.53319113295948
254.334576130465,-2.33028692257015
252.582002696278,-2.4456834929699
250.841505927754,-2.64531423947447
250,-2.67745829248379
249.113002606779,-2.6840943616837
247.396410088681,-2.81556608126787
245.691646298279,-3.15837082597336
243.998629725955,-3.12733083688986
242.31727942376,-2.50326313350767
240.647515001542,-1.82564643189654
238.989256623105,-1.85663552046683
237.342425002387,-2.12045400728204
235.706941399673,-2.25367952100437
234.082727617829,-2.28464619026989
232.469705998565,-2.30609602376857
230.867799418717,-2.54819565575896
229.276931286565,-3.17255393116433
227.697025538168,-3.62189401848017
226.128006633728,-3.32618377678547
224.569799553977,-2.33672419299564
223.022329796594,-0.950961674059083
221.485523372636,0.911110887362629
219.959306803008,2.76097773300116
218.443607114943,2.69548077930888
216.938351838519,0.228056504336867
215.443469003188,-2.2265816277911
213.958887134342,-3.15058136682783
212.484535249888,-2.60779718397491
211.02034285686,-1.45530388463667
209.566239948043,-0.855591867683255
208.122156998634,-0.748779657378388
206.688024962908,-0.848154591904101
205.263775270925,-1.11137968248094
203.849339825246,-1.18023081217278
202.44465099768,-1.18067334056793
201.04964162605,-1.56292723386378
200,-2.17530112987402
199.664245010979,-2.4170967459374
198.288394912707,-3.32706254191371
196.922025547917,-3.32448526990442
195.565071586595,-2.57476978364691
194.217468148903,-1.75983468503064
192.879150802078,-1.72973108484536
191.550055557353,-2.71353842223071
190.230118866895,-2.90131445215188
188.919277620767,-2.32288218856469
187.617469143912,-2.68603978069224
186.324631193156,-3.03313150251493
185.04070195423,-3.05761570846085
183.765620038817,-1.82029012945155
182.499324481615,1.66106881677364
181.241754737424,2.82553421407831
179.992850678248,0.282018970434724
178.752552590424,-2.58949464649295
177.520801171764,-3.29364037714408
176.297537528721,-1.41735561957393
175.082703173572,0.567524070195721
173.876240021625,1.20865266596001
172.678090388436,-0.474596972659564
171.488196987054,-2.62141625236141
170.306502925284,-3.34616332570284
169.132951702965,-2.86409561663286
167.967487209265,-1.80052309013628
166.810053720006,-1.09406191658057
166.666666666667,-1.03380495947091
165.660595894991,-0.614010070080393
164.519058775366,-0.409227059814252
163.385387780986,-0.963315809556955
162.259528707809,-2.11244444649783
161.141427725302,-3.05229206314656
160.03103137387,-2.91753440657144
158.928286562298,-2.10451250025654
157.833140565212,-1.88137765056252
156.745541020559,-1.93654017212146
155.665435927106,-2.54196735388895
154.592773641948,-3.32873708884447
153.527502878042,-3.60772182607048
152.469572701757,-3.62590239156496
151.418932530435,-3.59900444733843
150.375532129974,-3.60939745358159
149.339321612425,-3.64153321764051
148.310251433611,-3.65737721768265
147.28827239075,-3.6041589561632
146.273335620113,-3.46548895061941
145.265392594678,-2.96061558990446
144.264395121816,-1.99847590436751
143.270295340983,-1.77432625910806
142.857142857143,-1.8946375396339
142.283045721435,-2.15366357650886
141.302599059953,-2.91738176156276
140.328908478587,-3.65548751565371
139.361927422414,-2.08792960900562
138.401609657313,0.534377997225325
137.447909267754,3.96139774467573
136.500780654601,3.06699273723418
135.560178532937,-2.3446324039602
134.626057929891,-2.83972931248466
133.698374182495,0.910936407453268
132.777082935543,4.59884866541227
131.862140139475,0.274546911466605
130.953502048267,-1.43963524453268
130.051125217341,-2.96608612806842
129.154966501488,-3.25628421460525
128.264983052806,-2.99311481141687
127.381132318648,-2.14504160600348
126.50337203959,-1.58538639337869
125.631660247412,-1.72748535316121
125,-0.614133068749491
124.765955263087,-0.0812198495807577
123.906215694792,-0.952396777356152
123.052400435926,-2.89309023241536
122.204468663149,-3.31715956331588
121.362379834424,-0.0651455939396426
120.526093687084,1.3528047212558
119.695570235904,-0.998097395011835
118.87076977119,-2.24619827971206
118.051652856881,-2.12103118989567
117.23818032866,-2.78312558852583
116.430313292088,-3.483711835807
115.628013120738,-2.93216963475778
114.831241454351,-1.66203466652261
114.039960197003,-0.634285037335427
113.254131515281,-1.92946135527925
112.473717836475,-2.89173608314384
111.698681846782,-2.35601443072086
111.111111111111,-1.95905440402889
110.928986489522,-1.82648095203644
110.164594963366,-2.04110817622323
109.405470720574,-2.56646674837499
108.651577465254,-3.11758060547016
107.902879151618,-3.61582902327312
107.159339982267,-2.93040665612194
106.420924406472,-1.50790465500797
105.68759711848,1.07043970414198
104.959323055823,-0.952370916778174
104.23606739764,-3.35170758557824
103.517795563018,-0.746186572051651
102.804473209331,3.48668156802221
102.096066230605,0.952719993421813
101.392540755882,-3.05962185600812
100.693863147603,-2.95491016727545
100,-1.70610063161687
100,-1.70610063161682
99.310918137498,-1.22239134802517
98.6265846131283,-1.56114168893522
97.946966706954,-1.64722116393038
97.2720319245054,-2.01529096786087
96.6017479952265,-2.87362688369937
95.9360828709315,-3.63291125913569
95.2750047242729,-2.52042368500606
94.61848194722,-1.70256368481618
93.966483149547,-1.45501963531283
93.3189771573324,-1.755037462906
92.6759330114688,-3.2943815791974
92.0373199661823,-3.474423935182
91.4031074875623,-2.15156088405028
90.9090909090909,-0.437272890215023
90.7732652521023,0.0565711899786736
90.1477631452492,-0.649504090448185
89.526571259964,-3.53306852715191
88.9096598952916,0.198847712108535
88.2969995549409,-0.307780921891161
87.6885609458743,-3.54037333516289
87.0843149769073,-0.264469272697521
86.4842327573172,-0.484368361070646
85.8882855954625,-3.55615822847768
85.2964449974102,-2.3721440360555
84.7086826655741,-3.29488154648761
84.1249704973612,-3.62343239610048
83.5452805838287,-3.50219283359881
83.3333333333333,-3.46021877168966
82.9695852083491,-3.47996217134358
82.3978568452852,-2.30000185094219
81.8300681586739,-1.15179928371422
81.2661920009194,-3.26088198650752
80.706201411495,-1.58618940667021
80.150069615654,2.54804676960832
79.5977700231498,-1.90192907481422
79.0492762269642,-3.38191458307768
78.5045620020451,-1.07959069211871
77.9636013040523,-0.239200780235005
77.4263682681127,-2.29722834866548
76.9230769230769,-3.33907236246408
76.8928372075831,-3.21444568714692
76.3629826128224,-2.6099980010636
75.8367791499719,-3.64563367585653
75.3142016597437,-2.86250888326772
74.7952251562182,-2.48495972091903
74.2798248256491,-1.34292684228638
73.7679760252773,-3.19151089451939
73.2596542821523,-2.00388988233147
72.7548352919623,-3.14394364364089
72.2534949178722,-3.34805177590602
71.7556091893693,-1.84884502977006
71.4285714285714,1.91887686895912
71.2611543011175,0.568474570054112
70.7701066118189,-3.61312004959093
70.2824426430835,3.61845437646689
69.7981390783066,-1.03145380537593
69.3171727615541,-3.53931923201817
68.839520696455,-2.64484600704024
68.3651600451024,-1.2295534604428
67.8940681269611,-2.16777433342217
67.4262224177834,-3.64398287628522
66.9616005485322,-2.47225740174486
66.6666666666667,-2.81331645888416
66.5001803043112,-2.64151790748566
66.0419396233031,-1.10612161308593
65.5868565957143,-3.15820016779055
65.134909462728,-3.47160659855758
64.6860766154633,-2.57221144334361
64.2403365939419,-1.57171417923648
63.7976680860628,-3.56724570077595
63.3580499265825,-1.54691763769743
62.9214610961034,-3.05120732196839
62.5,-0.477404917355254
62.4878807200689,-0.364386450549328
62.057288067765,-2.5435068150093
61.6296625513294,-3.22352495205406
61.204983724767,-3.43022896845847
60.7832312829723,-3.06700622984853
60.3643850607587,-2.16132645427204
59.9484250318941,-3.52190438504787
59.5353313081437,-2.56429842399184
59.1250841383188,-1.67297749086959
58.8235294117647,-1.95815540970981
58.7176639073326,-2.09571038794386
58.3130511352622,-3.44185962240506
57.9112264764176,-1.68065162438325
57.5121707184161,-2.39433732526195
57.1158647812643,-3.61936288364655
56.7222897164454,-3.43525625777395
56.3314267060136,-3.13618836089442
55.9432570616938,-3.3310579887361
55.5577622239888,-3.61520438351458
55.5555555555556,-3.61652223326713
55.1749237612912,-3.42337020919556
54.7947233690029,-3.46026914346147
54.4171428686589,-3.23331420049912
54.0421642070592,-3.44777590732177
53.6697694554048,-3.06719754490247
53.2999408084409,-1.04407841968189
52.9326605836056,-2.78286949126253
52.6315789473684,-3.0400871221169
52.5679112201842,-2.72515655538084
52.2056752784698,-2.16893399954732
51.8459354389291,-2.45093086837577
51.488674501375,-3.41748813014309
51.1338753841433,0.664197943744303
50.7815211232767,-2.33448227545123
50.4315948717136,-1.88009807223976
50.0840798984821,-3.17332820851395
50,-3.07115271039099
49.7389595879007,-3.56852273317436
49.3962174387832,-2.85895898681026
49.0558370636505,-2.66733601482918
48.7178021879463,-2.5510732489714
48.3820966492596,-3.64656151735498
48.0487043965513,-3.16979702835261
47.7176094893875,-2.21386253434529
47.6190476190476,-1.7290558431744
47.3887960971765,-1.93253200592671
47.0622484984128,-3.59355505238302
46.7379510799246,4.49127967841749
46.4158883361278,-3.21045143165086
46.0960448682843,-2.31444051014146
45.7784053837662,-3.43322025375691
45.462954695324,-3.59807449153559
45.4545454545455,-3.60453060486234
45.149677720361,-1.02259797457004
44.8385594802119,-1.7832320570623
44.5295850994266,-3.33123656788915
44.222739805059,-1.67723453265053
43.9180089259609,-1.79435516367475
43.6153778920801,-3.37332935137799
43.4782608695652,-3.59594331033066
43.314832233764,-3.00992294882287
43.016357581068,-2.28084329870195
42.7199396630678,-3.34824419310705
42.4255643071778,-3.50314324278447
42.1332174384729,-3.10883002593972
41.8428850790158,-0.478673434264873
41.6666666666667,-3.36342920047631
41.5545533471888,-1.15795122712567
41.2682084570295,-2.94957934117728
40.9838367175726,0.482759677890916
40.7014245321944,-3.63027093097237
40.4209583979631,-3.47797944769321
40.1424249049932,-1.4252125552275
40,-3.50600509564721
39.8658107358044,-2.5279629587881
39.5911026646846,-3.5644146991154
39.3182875570577,-3.49972742357026
39.0473523688556,-1.52696123198545
38.7782841458946,-1.59542713847831
38.5110700232557,-2.37900118098592
38.4615384615385,-2.86291733718361
38.24569722467,-3.14511684314807
37.9821530619073,-0.788289203364722
37.72042493417,-3.60104352290291
37.4605003274899,0.868840778101533
37.2023668141307,-1.24774462109697
37.037037037037,-2.7333725224425
36.946012051993,-3.56397646735571
36.6914237840249,-3.64989116285427
36.4385898376355,-2.98952565087633
36.1874981241128,-1.74402571791999
35.9381366380463,-1.94182998636078
35.7142857142857,-2.57214003623566
35.6904934567523,-2.47662678907569
35.4445567397043,-2.90152804857844
35.2003147279668,-2.23751243412549
34.9577557436328,-3.16362403029914
34.7168681892656,-3.54713836116171
34.4827586206897,-3.2533317401059
34.4776405473446,-3.2153401219074
34.2400613797142,-3.56302169225698
34.0041193270371,-1.36028773932896
33.7698031082509,-2.591794975176
33.5371015200293,-1.36665673140491
33.3333333333333,-3.58573483814036
33.3060034362459,-3.11428133010885
33.0764978074424,-1.91409624988237
32.8485736603004,-3.63865542945605
32.6222200971167,-2.80313133465271
32.397426295282,-1.69592500430171
32.258064516129,-2.76628560917366
32.1741815067637,-0.00232189515126446
31.9524750575921,0.213650906819216
31.7322963473498,-2.95479364028348
31.5136348486648,-2.94800235280619
31.2964801067075,-3.1292851781251
31.25,-2.05727482294317
31.0808217386906,-2.57843225067479
30.8666494333727,-2.99035216398861
30.6539529505653,-2.14415844203155
30.442722120643,1.28756338693309
30.3030303030303,-2.63860067055902
30.2329468440578,0.338435911323832
30.0246170908555,-3.54818959935509
29.8177229001967,-2.14692723271942
29.6122543798804,-3.11868950628196
29.4117647058824,-2.2348495076208
29.4082017058706,-2.17587945312196
29.2055551218275,-0.839131106101443
29.0043049386399,-3.31890170515417
28.804441533963,-2.98789214012548
28.6059553517574,-3.0454674154402
28.5714285714286,-3.26749244831454
28.408836901833,-3.62623119456687
28.2130767593947,-3.05620320740881
28.018665564592,-3.3958147493109
27.8255940220712,-2.70585941296356
27.7777777777778,-3.24884274415366
27.6338529005317,-2.01822081489631
27.4434330322836,-3.37007967732007
27.2543253128103,-2.27407664288459
27.0665207003324,-1.35722697904033
27.027027027027,1.07082375907358
26.8800102153761,-2.54190618727356
26.6947849403432,-3.05209127181122
26.5108360190854,-2.26650402160071
26.3281546564802,-3.17691773032341
26.3157894736842,-2.87694935325113
26.1467321180109,-2.99679792626226
25.9665597293487,-1.88131884560299
25.787628875938,1.65375029536448
25.6410256410256,-1.90189475150371
25.6099310025846,-0.475780573780166
25.4334576130465,-2.10056063617325
25.2582002696278,0.666144062391074
25.0841505927754,-0.586207208244171
25,1.25981015662102
24.9113002606779,-2.64665562983852
24.7396410088681,-3.60228850237318
24.5691646298279,-3.2100432535871
24.3998629725955,-3.07492653332748
24.390243902439,-3.41496183246975
24.231727942376,-2.39018610711902
24.0647515001542,-0.228755999385934
23.8989256623105,-2.76053566528035
23.8095238095238,-3.45217822872938
23.7342425002387,-0.943685675466621
23.5706941399673,-3.09200531463538
23.4082727617829,-1.29668756136213
23.2558139534884,-1.64515746633604
23.2469705998565,-1.97312456887498
23.0867799418717,-2.32540193181203
22.9276931286565,-0.921979953833509
22.7697025538168,-1.38127106655649
22.7272727272727,-0.190671770457906
22.6128006633728,-2.87381448613852
22.4569799553977,-1.30405027792655
22.3022329796594,-1.62553561527441
22.2222222222222,-2.60232198458514
22.1485523372636,-0.219026440429995
21.9959306803007,-2.7021151582697
21.8443607114943,-3.05112160619638
21.7391304347826,-3.0517443658263
21.6938351838518,-3.46968774412495
21.5443469003188,-2.55671236664322
21.3958887134342,-0.942720542556041
21.2765957446809,-2.41635156568192
21.2484535249888,-3.44050431524762
21.102034285686,-2.861037472418
20.9566239948043,-3.05201030430787
20.8333333333333,-3.12316733520258
20.8122156998634,-1.62630680381541
20.6688024962908,-3.25678385341895
20.5263775270925,-2.63259647842708
20.4081632653061,-3.10773705389361
20.3849339825246,-2.73313124384638
20.244465099768,-0.577100141036975
20.104964162605,-1.00794679781905
20,-3.47359261614114
19.9664245010979,-2.46606343798284
19.8288394912707,-3.08729232363838
19.6922025547917,-1.309934287501
19.6078431372549,-3.31107614684064
19.5565071586595,-0.844748352109529
19.4217468148903,-0.357630623942081
19.2879150802078,-3.36922112833964
19.2307692307692,-2.79992584371403
19.1550055557353,-2.4840739669885
19.0230118866894,-2.54471281596421
18.8919277620767,-1.3347245240548
18.8679245283019,-2.30390628203737
18.7617469143912,-3.1750699948402
18.6324631193156,-3.45235119889541
18.5185185185185,-2.96745807326367
18.504070195423,-3.28903512690091
18.3765620038817,-3.09083361591358
18.2499324481615,-3.11573029772252
18.1818181818182,-3.04859777470768
18.1241754737424,-1.17109561060307
17.9992850678248,-3.45788309415978
17.8752552590424,-3.13638548279088
17.8571428571429,-1.80689039475505
17.7520801171764,-2.92527569321241
17.6297537528721,-2.59039919413415
17.5438596491228,-2.03957851740939
17.5082703173572,-3.25791721781656
17.3876240021625,-3.34222858788176
17.2678090388436,-3.56750630964323
17.2413793103448,-1.80545307610397
17.1488196987054,-3.332953427746
17.0306502925284,-1.71277748194172
16.9491525423729,-2.28785783742624
16.9132951702965,-3.16815026619319
16.7967487209265,-3.31341998400343
16.6810053720006,-2.2488087636256
16.6666666666667,-2.3437098046874
16.5660595894991,-1.74440490520781
16.4519058775366,-2.82860178566214
16.3934426229508,-3.46282891712668
16.3385387780986,-3.49533957372121
16.2259528707809,-3.4296219588552
16.1290322580645,-3.44560944669551
16.1141427725302,-1.39299659587588
16.003103137387,-3.58280735095199
15.8928286562298,-2.57820600116319
15.8730158730159,-1.86521175476168
15.7833140565212,-3.22276808368296
15.674554102056,-3.14642622327163
15.625,-1.11897575980994
15.5665435927106,-2.22592196401753
15.4592773641948,-3.29726065883126
15.3846153846154,-2.94277719357536
15.3527502878042,-2.02009043844033
15.2469572701757,-2.48513468816698
15.1515151515152,1.06827154938687
15.1418932530435,-2.0880513251141
15.0375532129974,-1.0993169465073
14.9339321612425,0.2487737406553
14.9253731343284,-0.220340540202453
14.831025143361,-2.41377983009509
14.728827239075,-2.72273604378109
14.7058823529412,-3.3536655190057
14.6273335620113,-3.10210367785605
14.5265392594678,-2.20254565289936
14.4927536231884,-3.66096767448253
14.4264395121816,-2.48622425703301
14.3270295340983,-1.95417646834816
14.2857142857143,-0.0385435167668318
14.2283045721435,-1.60323632384803
14.1302599059953,-3.30600701098073
14.0845070422535,-0.933841423544787
14.0328908478587,1.50525976492766
13.9361927422414,-3.46519584667818
13.8888888888889,-1.64991646440439
13.8401609657313,-2.32055585132455
13.7447909267754,-0.766366270362748
13.6986301369863,-1.04345004157461
13.6500780654601,-3.66238659513435
13.5560178532937,-0.932616113046957
13.5135135135135,-2.73117989477997
13.4626057929891,-3.26756021324946
13.3698374182495,-3.18826292380158
13.3333333333333,-0.934608681746833
13.2777082935543,-3.13432768815498
13.1862140139475,-3.31426936069324
13.1578947368421,-3.00087315842962
13.0953502048267,-1.50874845014099
13.0051125217341,-2.97165367525941
12.987012987013,-3.53001431047171
12.9154966501488,-2.98175618039344
12.8264983052806,-1.61369872364399
12.8205128205128,-2.17826676302515
12.7381132318648,-2.72701973713533
12.6582278481013,-3.61688189672808
12.650337203959,-2.66477198504132
12.5631660247412,-2.97572595706851
12.5,-2.46407714831453
12.4765955263087,-3.07292826446642
12.3906215694792,-2.92797802455093
12.3456790123457,-3.55005911437722
12.3052400435926,-3.53702183166923
12.2204468663149,-1.87962855073051
12.1951219512195,-2.75203523462927
12.1362379834424,-2.03363828668894
12.0526093687084,-2.98390780454887
12.0481927710843,-3.13569810614434
11.9695570235904,0.489203597300663
11.9047619047619,-2.43226607459867
11.887076977119,-1.93463975314897
11.8051652856881,-2.3964187599811
11.7647058823529,-1.98184822506955
11.723818032866,0.732295426374425
11.6430313292088,-0.980711388123164
11.6279069767442,-3.5735698296978
11.5628013120738,-3.00403845725567
11.4942528735632,-1.50351901749134
11.4831241454351,-1.23005990380717
11.4039960197003,-3.5044173890992
11.3636363636364,-3.12303261341291
11.3254131515281,-3.34272191891965
11.2473717836475,-2.51546098315584
11.2359550561798,-2.98098038280691
11.1698681846782,-2.60239496113688
11.1111111111111,-2.44310541432538
11.0928986489522,-3.33637030102237
11.0164594963366,-2.64951324661517
10.989010989011,-3.48896482344632
10.9405470720574,-2.50181782514833
10.8695652173913,-2.9944968954294
10.8651577465254,-3.02104534869006
10.7902879151618,-2.59921486217236
10.752688172043,-1.45444602188918
10.7159339982267,-0.638386523709765
10.6420924406472,-0.992779666986602
10.6382978723404,-0.366781408274771
10.568759711848,-3.57859069020615
10.5263157894737,-3.38227312688222
10.4959323055823,-2.06203746280779
10.423606739764,-1.53489369527282
10.4166666666667,0.867589762251062
10.3517795563018,-3.05928406830607
10.3092783505155,-2.63739169461204
10.2804473209331,-3.05056654103999
10.2096066230605,-2.15659385917841
10.2040816326531,-2.38690825260401
10.1392540755882,-2.07026076300779
10.1010101010101,-2.75791326650197
10.0693863147603,-1.82284139455062
10,-2.60245560459539
10,-2.60245560459527
9.9310918137498,-2.71952000762696
9.9009900990099,-1.55943279957314
9.86265846131282,-2.87542973132472
9.80392156862745,-1.89698040483428
9.79469667069539,4.19012219146494
9.72720319245054,-3.25076746871657
9.70873786407767,-2.79830232199442
9.66017479952265,1.00727410567116
9.61538461538461,-2.28963313529668
9.59360828709314,-2.55923087700396
9.52750047242729,-2.99748402584846
9.52380952380952,-2.72119906604358
9.461848194722,-2.69258672068231
9.43396226415094,-3.5730930588512
9.39664831495469,-2.19130821618729
9.34579439252336,-3.48955462640132
9.33189771573324,-2.31423948753287
9.26759330114688,-3.1232182530385
9.25925925925926,-3.03406202447503
9.20373199661822,-3.28517511258785
9.1743119266055,-2.3838625854343
9.14031074875623,-3.57466911123002
9.09090909090909,-1.22094942131853
9.07732652521023,-3.40096361436526
9.01477631452492,-3.49002213984108
9.00900900900901,-2.40159157072072
8.9526571259964,-2.95384374942982
8.92857142857143,-3.43882385642864
8.89096598952916,-2.87835695421877
8.84955752212389,1.48510780917973
8.82969995549409,-3.22425611645341
8.7719298245614,-3.43695517505703
8.76885609458743,-3.58667219715305
8.70843149769072,-2.47100357213749
8.69565217391304,-3.52414721604431
8.64842327573172,-0.136711685469673
8.62068965517241,-1.91866682882583
8.58882855954625,-1.28722109342543
8.54700854700855,-3.35551130054729
8.52964449974102,-1.88518793107748
8.47457627118644,-2.56850553509777
8.47086826655741,-3.4309006141673
8.41249704973612,-3.1095782282335
8.40336134453781,-2.69921689651975
8.35452805838287,-2.10524976517673
8.33333333333333,-1.81870684518757
8.29695852083491,-2.76422627385933
8.26446280991736,-1.5960517256439
8.23978568452852,-3.61527729854158
8.19672131147541,-2.99235340234615
8.18300681586739,-3.61390059697804
8.13008130081301,-2.17448257836569
8.12661920009195,-1.32353917923715
8.0706201411495,-0.861375172894365
8.06451612903226,-2.35940333680413
8.01500696156541,-3.50193448332187
8,-2.15843252864688
7.95977700231498,-3.52491211989304
7.93650793650794,-2.29399408387818
7.90492762269642,-2.68519163589171
7.8740157480315,-2.45006176518863
7.85045620020451,-2.42854372447867
7.8125,-3.53344241432473
7.79636013040523,-2.85373537071284
7.75193798449612,-2.64546061649106
7.74263682681127,-2.81595176751589
7.69230769230769,-2.87212394386087
7.68928372075831,-3.40029826969099
7.63629826128224,-1.62069969824283
7.63358778625954,-1.6767285336676
7.58367791499719,-1.8962354051513
7.57575757575758,-3.54349025452346
7.53142016597437,-3.33378712143472
7.5187969924812,-2.51760691497783
7.47952251562182,-2.52924152908356
7.46268656716418,-2.55578299818715
7.42798248256492,-2.80280758620055
7.40740740740741,-2.47919559650081
7.37679760252773,-2.98872755135052
7.35294117647059,-1.32339367098249
7.32596542821523,-3.54078118913928
7.2992700729927,-3.59292216688312
7.27548352919623,-1.06275609001424
7.2463768115942,-3.25757724383682
7.22534949178722,-1.79953568635436
7.19424460431655,-3.12746016924852
7.17556091893693,-2.74444139578376
7.14285714285714,-2.52822344853738
7.12611543011175,-2.25029665055466
7.09219858156028,-2.68730318147915
7.07701066118189,-2.28071957845766
7.04225352112676,-2.27016507457652
7.02824426430835,-2.86373381378867
6.99300699300699,-1.14840827000374
6.97981390783066,-3.56942531358505
6.94444444444444,-0.366748474020038
6.93171727615541,-1.65859437198589
6.89655172413793,-3.15203945866964
6.8839520696455,-2.87817744115098
6.84931506849315,-3.16964262573721
6.83651600451024,-1.42105939713523
6.80272108843537,-1.19355917106027
6.78940681269611,-2.2964932536298
6.75675675675676,-2.3733720054558
6.74262224177834,-3.36813747232837
6.71140939597315,-2.14859130177508
6.69616005485322,-3.35191757934661
6.66666666666667,-2.94011332024466
6.65001803043112,-2.34427221745996
6.62251655629139,-3.3443834927849
6.6041939623303,-3.16827344050823
6.57894736842105,-2.49725930476044
6.55868565957143,-0.125735542863718
6.5359477124183,-3.2275336152493
6.5134909462728,-3.07848919072607
6.49350649350649,-1.63412529557042
6.46860766154633,-2.16139592487637
6.45161290322581,-3.03741980837232
6.42403365939419,-3.59974544694831
6.41025641025641,-3.53706584321709
6.37976680860628,-2.93959697471468
6.36942675159236,-0.251415717137642
6.33580499265825,-2.08908472302646
6.32911392405063,-1.76544781002071
6.29214610961034,-2.92404144932309
6.28930817610063,-2.40156390938666
6.25,-3.54514843111549
6.24878807200689,-3.63594897378077
6.2111801242236,-0.151621798667843
6.2057288067765,-1.26282205198616
6.17283950617284,-1.75087320302422
6.16296625513294,-3.05931356885322
6.13496932515337,-3.17740623669301
6.1204983724767,-3.03294136779977
6.09756097560976,-3.13024636067855
6.07832312829723,-0.622364730129202
6.06060606060606,-3.60161596519908
6.03643850607587,-3.08185357027797
6.02409638554217,-1.14018250369919
5.99484250318941,-2.73299725357456
5.98802395209581,-3.2151073687108
5.95353313081437,-3.30361297802367
5.95238095238095,-2.91443698827181
5.91715976331361,-1.67992307766651
5.91250841383188,-2.37423424352273
5.88235294117647,-2.83029690808591
5.87176639073326,-2.10618661275175
5.84795321637427,-2.66288851027142
5.83130511352622,-2.26225236742799
5.81395348837209,-3.63557549664169
5.79112264764176,-1.68345338013232
5.78034682080925,-3.34724989353414
5.75121707184161,-2.1696445981788
5.74712643678161,2.18529868831671
5.71428571428571,-3.1479293902057
5.71158647812643,-2.52499370547464
5.68181818181818,-3.38932509060417
5.67222897164454,-1.88483298830003
5.64971751412429,-2.68142153576754
5.63314267060136,-2.982535540086
5.61797752808989,-3.65673597287217
5.59432570616938,-3.21902821496529
5.58659217877095,-3.40907982187447
5.55577622239888,-1.95811249407326
5.55555555555556,-1.86118362393402
5.52486187845304,-3.13079537507682
5.51749237612913,-3.47351983613803
5.49450549450549,-3.57831188919949
5.47947233690029,-3.27665169886866
5.46448087431694,-1.970290416242
5.44171428686589,-2.654335297205
5.43478260869565,-2.98422955211397
5.40540540540541,-3.50832373708273
5.40421642070592,-3.64298564635196
5.37634408602151,-2.7875798329013
5.36697694554048,0.787101236008302
5.3475935828877,-3.3815918903408
5.32999408084409,-3.58114162085716
5.31914893617021,-2.96187903075666
5.29326605836056,-3.49271094454157
5.29100529100529,-1.7908031285995
5.26315789473684,-3.54733993319088
5.25679112201842,-3.41393773321407
5.23560209424084,-3.22482467123613
5.22056752784698,-3.1546886439123
5.20833333333333,-2.52012985846793
5.18459354389291,-3.57538729042526
5.18134715025907,-3.48916782201466
5.15463917525773,-3.00886761154082
5.14886745013749,-3.25673484508298
5.12820512820513,-2.84924824277142
5.11338753841433,-3.45473177162499
5.10204081632653,-2.85434237125163
5.07815211232767,-2.29049867677169
5.0761421319797,-0.17971985469013
5.05050505050505,-3.51498412837521
5.04315948717136,-3.23781582855822
5.0251256281407,-2.95455596128498
5.00840798984821,-2.14898842057975
5,-3.2847921574049
4.97512437810945,-3.10919019480807
4.97389595879006,-1.05269935643461
4.95049504950495,-3.14852043716619
4.93962174387832,-2.9694680445795
4.92610837438424,-1.0553653729119
4.90558370636505,-2.37272004317377
4.90196078431372,-1.82946944632966
4.8780487804878,-3.43628579155476
4.87178021879463,-3.23863130367699
4.85436893203883,0.726078619736559
4.83820966492596,0.0294484797939178
4.83091787439613,-3.13309043283605
4.80769230769231,-3.50529908734579
4.80487043965513,-2.83494256469445
4.78468899521531,-2.46290011345728
4.77176094893875,-2.38700157792986
4.76190476190476,-3.43389738053691
4.739336492891,-3.52557664553744
4.73887960971765,-3.58140963595794
4.71698113207547,-2.84959957471143
4.70622484984128,-2.71903616336565
4.69483568075117,-3.23303856702584
4.67379510799246,-1.72218948512674
4.67289719626168,-2.00882228856416
4.65116279069767,-1.38884126519745
4.64158883361278,-3.62284778818018
4.62962962962963,-3.48728814691308
4.60960448682843,-3.61905593729149
4.60829493087558,-2.42094991468273
4.58715596330275,-0.124116256549153
4.57784053837662,-2.74605245093586
4.5662100456621,-3.17516677280498
4.5462954695324,-3.18786013153494
4.54545454545455,-2.66140604480615
4.52488687782805,-3.28997742817013
4.5149677720361,-2.8658077120471
4.5045045045045,0.935426385289181
4.48430493273543,-1.9892420339671
4.48385594802119,-2.43682982436733
4.46428571428571,-2.55990258605429
4.45295850994265,-2.49781124008301
4.44444444444444,-1.82382595779451
4.42477876106195,-3.22230712573862
4.4222739805059,-3.27263492786649
4.40528634361233,-2.92241926566727
4.39180089259609,-3.50976052162242
4.3859649122807,-3.38448223953314
4.36681222707424,-3.35960181193105
4.361537789208,-3.44131126802788
4.34782608695652,-3.20301237564059
4.3314832233764,0.837257077671286
4.32900432900433,-2.64092132642342
4.31034482758621,-2.60274559039031
4.30163575810679,-2.6091602963054
4.29184549356223,-2.94409877924361
4.27350427350427,-2.82697969381798
4.27199396630678,-3.16061721904911
4.25531914893617,-1.32401161385631
4.24255643071778,-1.36797404802389
4.23728813559322,-3.18602834561581
4.21940928270042,-3.43705544816786
4.21332174384729,-3.19282592860024
4.20168067226891,-1.02749586281369
4.18428850790158,-1.6226355343651
4.18410041841004,-1.35448072353212
4.16666666666667,-3.38955406878444
4.15545533471888,-2.82838514162129
4.149377593361,-3.28030117343193
4.13223140495868,-3.25099507120852
4.12682084570295,-2.59409128318357
4.11522633744856,-2.65882380157286
4.09838367175726,-3.37698432461955
4.0983606557377,-3.37592721203536
4.08163265306122,-2.68161907103326
4.07014245321944,-3.47494151356075
4.0650406504065,-3.43295590168655
4.04858299595142,-3.48641710202211
4.04209583979631,-3.58626031262248
4.03225806451613,-2.09360001224384
4.01606425702811,-2.77268567323166
4.01424249049932,-2.68227069027442
4,-2.91975942210412
3.98658107358044,-2.92947412472968
3.98406374501992,-2.29556014226987
3.96825396825397,-2.51372474707012
3.95911026646846,-3.51492465204278
3.95256916996047,-3.49703803403424
3.93700787401575,-2.77682139458768
3.93182875570577,-2.90889801845763
3.92156862745098,-1.98658806231411
3.90625,-3.19822130213741
3.90473523688556,-2.75419869076414
3.89105058365759,-3.36820350905922
3.87782841458946,-2.34045694972148
3.87596899224806,-2.77919692080321
3.86100386100386,-3.1415240337569
3.85110700232557,-3.54212457554778
3.84615384615385,-3.17213420711048
3.83141762452107,-2.28081700383127
3.824569722467,-3.13927779448705
3.81679389312977,-0.357480780654707
3.80228136882129,-2.78095244379615
3.79821530619074,-1.94879321388047
3.78787878787879,-3.46909220220452
3.77358490566038,-2.22953030916239
3.772042493417,2.31504826937003
3.7593984962406,-3.39720702087642
3.74605003274899,-1.25778738385922
3.74531835205992,-2.22217764022768
3.73134328358209,-3.35703681181742
3.72023668141307,-0.196176315144537
3.71747211895911,-2.8236013463313
3.7037037037037,-2.83744970630668
3.6946012051993,-2.58106542014944
3.690036900369,-2.64221348878511
3.67647058823529,-3.11028554768354
3.66914237840249,-3.64609754574355
3.66300366300366,-0.798645892131286
3.64963503649635,-3.5162308271169
3.64385898376355,-0.906742473494755
3.63636363636364,-2.69045688708872
3.6231884057971,-3.12748977083443
3.61874981241128,-2.89025761615617
3.6101083032491,-2.11841287338104
3.59712230215827,-2.40124197209472
3.59381366380463,-3.55517183248879
3.584229390681,-2.20833949758507
3.57142857142857,-2.32797708327801
3.56904934567523,-1.97752047567495
3.55871886120996,-2.60637305513135
3.54609929078014,-2.85802548813548
3.54445567397043,-0.539344234724136
3.53356890459364,-3.25327213082822
3.52112676056338,-1.13160565696709
3.52003147279668,-3.16689597424242
3.50877192982456,-3.6544574952572
3.4965034965035,-2.49525319703884
3.49577557436328,-3.56973991436895
3.48432055749129,-3.00748275900495
3.47222222222222,-3.47108760750531
3.47168681892656,-3.03631027831913
3.46020761245675,-3.50009241198388
3.44827586206897,-3.23433458327402
3.44776405473446,-3.05952958412076
3.43642611683849,-2.91312889746699
3.42465753424658,-3.0199399007787
3.42400613797142,-1.33726946946482
3.41296928327645,-3.40985446483351
3.40136054421769,-3.34380658377519
3.40041193270371,-2.07108854540605
3.38983050847458,-2.87481129770752
3.37837837837838,-0.40843625637559
3.37698031082509,-2.57885986785736
3.36700336700337,-2.92534161635241
3.35570469798658,-2.21316022056957
3.35371015200293,-2.78537861351897
3.34448160535117,0.592059285834115
3.33333333333333,-3.0151486329892
3.33060034362459,-3.24926685484452
3.32225913621262,-2.78671314788111
3.3112582781457,-0.909302640297066
3.30764978074424,-3.51737043881813
3.3003300330033,-3.23419404684885
3.28947368421053,-3.20635628057216
3.28485736603004,-3.01854349751919
3.27868852459016,-3.4194099079054
3.26797385620915,-3.40987990160577
3.26222200971167,-3.29970717036083
3.25732899022801,-2.22908211151569
3.24675324675325,-3.62664003559039
3.2397426295282,-3.65310809555511
3.23624595469256,-3.45906125959815
3.2258064516129,-2.00972457054383
3.21741815067637,-3.14521004073067
3.21543408360129,-2.90145331595717
3.20512820512821,-0.533232733443707
3.19524750575921,-1.59352339010341
3.19488817891374,-1.80100956956222
3.18471337579618,-2.22145809575793
3.17460317460317,-3.65774031844868
3.17322963473498,-2.82188015170537
3.16455696202532,-1.87883618822822
3.15457413249211,-2.21438116749656
3.15136348486648,-2.87556154396988
3.14465408805031,-2.62972217673667
3.13479623824451,-1.08441199033164
3.12964801067075,-1.65948750604879
3.125,-3.65378840919409
3.11526479750779,-3.61525360401667
3.10808217386906,-3.60602667964379
3.1055900621118,-2.9636631389536
3.09597523219814,-2.56076645751285
3.08666494333727,-3.15679419523819
3.08641975308642,-3.41369388836709
3.07692307692308,-2.61408937344903
3.06748466257669,-1.20784774606239
3.06539529505653,-3.36988687059259
3.05810397553517,-3.00822965350697
3.04878048780488,-3.56618384495071
3.0442722120643,-3.60595439094096
3.03951367781155,-2.96249357734682
3.03030303030303,-3.19064094575959
3.02329468440578,-3.20318268311079
3.02114803625378,-2.24000819895208
3.01204819277108,-2.54157103188758
3.003003003003,-3.15348804409482
3.00246170908555,-2.66925533314334
2.9940119760479,-3.41984175886351
2.98507462686567,-3.24906083206865
2.98177229001967,-3.2879651016688
2.97619047619048,-2.24790889203662
2.9673590504451,-3.52490862537511
2.96122543798803,-2.66028693645783
2.9585798816568,-3.62895988199729
2.94985250737463,-2.61569615410034
2.94117647058824,-1.18626287124844
2.94082017058706,-1.82668896261036
2.93255131964809,-3.31988658058834
2.92397660818713,-2.90900065461893
2.92055551218275,-2.93445116284409
2.91545189504373,2.3640796363158
2.90697674418605,-3.39051408907825
2.90043049386399,-3.45722583977813
2.89855072463768,-3.114326514766
2.89017341040462,-2.96469561694341
2.88184438040346,-3.55198270779446
2.8804441533963,-3.41185839656223
2.8735632183908,-2.58768912385382
2.86532951289398,-2.81489383925544
2.86059553517574,-2.90788453411237
2.85714285714286,-3.27549802076065
2.84900284900285,-3.26564731562653
2.84090909090909,-2.98770916021275
2.8408836901833,-3.03431629807049
2.8328611898017,-3.56573627598832
2.82485875706215,-3.3038159331207
2.82130767593947,-3.08340560291542
2.8169014084507,0.477268626611978
2.80898876404494,-3.49569065371072
2.8018665564592,-2.74859022123759
2.80112044817927,-2.81842503412595
2.79329608938547,-0.826298892364984
2.78551532033426,-3.65794932437377
2.78255940220712,-3.42592813181714
2.77777777777778,-2.86260714907693
2.77008310249307,-2.78046572664835
2.76338529005317,-3.47287087769372
2.76243093922652,-2.79703276550942
2.75482093663912,-1.64841084227735
2.74725274725275,-3.51779874564933
2.74434330322836,-3.287257113264
2.73972602739726,-3.22679461493721
2.73224043715847,-1.67612103862431
2.72543253128103,-3.19726330952978
2.72479564032698,-1.30355528002711
2.71739130434783,-3.45680441424507
2.710027100271,-2.80604118496675
2.70665207003324,-3.47751996638975
2.7027027027027,-3.32364801898818
2.69541778975741,-3.05413808286927
2.68817204301075,-0.289656911981079
2.68800102153761,0.807476885285031
2.68096514745308,-2.63698778815783
2.67379679144385,-2.84144955060806
2.66947849403432,-2.40063381637161
2.66666666666667,2.02736820941964
2.65957446808511,-2.68246100827828
2.6525198938992,-3.20283748302487
2.65108360190854,-2.78908149405241
2.64550264550265,-2.76692771356268
2.63852242744063,-2.68306291947136
2.63281546564802,-0.903387027206388
2.63157894736842,-1.1243747639027
2.6246719160105,-3.44440474683393
2.61780104712042,-3.6042907928453
2.61467321180109,-3.29580788745299
2.61096605744125,-3.34956436445811
2.60416666666667,-2.19266871591297
2.5974025974026,-3.34858562620191
2.59665597293487,-2.21234027481317
2.59067357512953,-3.38112247733779
2.58397932816537,-3.30952952956867
2.5787628875938,-3.64707879710853
2.57731958762887,-3.19977424540123
2.5706940874036,-3.48650073556716
2.56410256410256,-1.16750526874837
2.56099310025846,-3.57688309246181
2.55754475703325,-2.71856139336507
2.55102040816327,-0.653695077959052
2.54452926208651,-3.0220557942868
2.54334576130465,-2.99253766409462
2.53807106598985,-2.92095393319066
2.53164556962025,-2.98523191883227
2.52582002696278,-3.40176947183987
2.52525252525253,-3.56044249568482
2.51889168765743,-3.33805431387749
2.51256281407035,-3.43207613962543
2.50841505927754,-1.09870108221558
2.5062656641604,-3.1951139468709
2.5,-3.14413150323757
2.49376558603491,-2.52669536514302
2.49113002606779,0.043134047596614
2.48756218905473,-2.74783367762965
2.48138957816377,-2.18517224962575
2.47524752475248,-2.86463871017498
2.47396410088681,-3.09454918266733
2.46913580246914,-3.33685356334164
2.46305418719212,-3.52597222078388
2.45700245700246,-1.47730059574804
2.45691646298279,-1.15693160810177
2.45098039215686,-3.52860708517242
2.44498777506112,-3.63184482704203
2.43998629725955,-3.5537535249678
2.4390243902439,-3.30619365313027
2.4330900243309,-2.62688832629631
2.42718446601942,-3.26963385043602
2.4231727942376,-3.39115805874898
2.42130750605327,-3.6293402313304
2.41545893719807,-2.20485464631131
2.40963855421687,-3.12070505034363
2.40647515001542,0.142029127593493
2.40384615384615,-1.70046377377632
2.39808153477218,-3.15639207272751
2.39234449760766,-3.01057661904668
2.38989256623105,-3.0501899871828
2.38663484486874,-2.46106006614529
2.38095238095238,-1.34020373201748
2.37529691211401,-3.24573519374361
2.37342425002387,-3.42995953901278
2.3696682464455,-3.46087309959649
2.36406619385343,-3.21001011567473
2.35849056603774,-2.55845638392149
2.35706941399673,-3.55744719673965
2.35294117647059,-3.43513800777562
2.34741784037559,-3.47422558095395
2.34192037470726,-2.84761653632379
2.34082727617829,-3.20191964871644
2.33644859813084,0.155227800973099
2.33100233100233,-1.49348224707419
2.32558139534884,-3.46005865543402
2.32469705998565,-3.30507620164611
2.32018561484919,-2.38781636323348
2.31481481481481,-3.22714687625129
2.3094688221709,-2.20687988299657
2.30867799418717,-1.78404345112112
2.30414746543779,-3.00872640547116
2.29885057471264,-2.22074952556407
2.29357798165138,-1.71079069049706
2.29276931286565,-2.96164831953733
2.2883295194508,-2.27908341704206
2.28310502283105,-2.87301540489035
2.27790432801822,-2.95814940831364
2.27697025538168,-2.767669645503
2.27272727272727,-3.62502190769821
2.26757369614512,-3.39976855020763
2.26244343891403,-3.39806464810747
2.26128006633728,-2.70546771993231
2.25733634311512,-2.44572821863793
2.25225225225225,-2.81594422742405
2.24719101123596,-3.08333557374139
2.24569799553977,-3.38213648713438
2.24215246636771,-3.04535476287854
2.23713646532438,-2.8747488714563
2.23214285714286,-3.23636944049731
2.23022329796594,-3.58669649738199
2.2271714922049,-1.10251178033239
2.22222222222222,-3.18358353530011
2.21729490022173,-2.50725955675805
2.21485523372636,-2.25928788915898
2.21238938053097,-2.89438612100759
2.2075055187638,-2.97005763792044
2.20264317180617,-2.280410471162
2.19959306803007,-2.42717202400307
2.1978021978022,-2.87191446433404
2.19298245614035,-2.3813415301572
2.18818380743982,-3.57748821232068
2.18443607114943,-1.08198827222868
2.18340611353712,-2.80033706549006
2.17864923747277,-2.56633598455307
2.17391304347826,-0.994040234825841
2.16938351838518,-3.60147714775628
2.16919739696312,-3.58832181956312
2.16450216450216,-3.02374075781797
2.15982721382289,-2.94307118516526
2.1551724137931,-3.48207403499039
2.15443469003188,-2.36353901244903
2.1505376344086,-2.87664662518635
2.14592274678112,-3.5204841014055
2.14132762312634,-3.2239785800928
2.13958887134342,-3.22406626184435
2.13675213675214,-0.47740267884016
2.13219616204691,-3.56423274272846
2.12765957446809,-2.58801564599896
2.12484535249888,-3.53898403827919
2.12314225053079,-2.48204979659821
2.11864406779661,-3.38523276025607
2.11416490486258,-2.11048362830872
2.1102034285686,-3.29749018795261
2.10970464135021,-3.52422315452541
2.10526315789474,-3.49893216083789
2.10084033613445,-2.92345032515292
2.09643605870021,-1.59363594319405
2.09566239948043,-2.31601835866096
2.09205020920502,-3.46528022950606
2.08768267223382,-1.32937524094309
2.08333333333333,-3.39025121889973
2.08122156998634,-1.53558018985323
2.07900207900208,-2.98909525770348
2.0746887966805,-3.55295166817747
2.0703933747412,-3.48358528100966
2.06688024962908,-3.0488090702333
2.06611570247934,-2.72584161021315
2.06185567010309,-1.67778783536472
2.05761316872428,-3.37971144302035
2.05338809034908,-2.2064306430117
2.05263775270925,-2.94010156752055
2.04918032786885,-2.72421626760309
2.04498977505112,-2.98958799248232
2.04081632653061,-3.5488839175007
2.03849339825246,-3.43279645239108
2.03665987780041,-3.62383000602129
2.03252032520325,-2.00505404395708
2.02839756592292,-3.4737731410202
2.0244465099768,-1.42511087799708
2.02429149797571,-1.29752862339169
2.02020202020202,-2.42754064081891
2.01612903225806,-3.17895724414746
2.01207243460765,-3.31330134346997
2.0104964162605,-2.38243232694837
2.00803212851406,-2.03724685893441
2.00400801603206,-3.32584490737791
2,-3.51001519142901
1.99664245010979,-3.376215465088
1.99600798403194,-2.917968042726
1.99203187250996,-2.954063765338
1.98807157057654,-3.64588739198238
1.98412698412698,-2.81893161299343
1.98288394912707,-3.42464905626975
1.98019801980198,-3.38763855848354
1.97628458498024,-3.34710656664147
1.9723865877712,-2.72673990306812
1.96922025547917,-3.45699800796931
1.96850393700787,-2.82993313021997
1.96463654223969,-2.9085821547185
1.96078431372549,-3.5262940465687
1.95694716242661,-3.32501450373472
1.95565071586595,-2.85887616639176
1.953125,-3.23877211567067
1.94931773879142,-1.90952108067934
1.94552529182879,-3.49552044799189
1.94217468148903,-2.69791572516983
1.94174757281553,-1.0785969072583
1.93798449612403,-3.58701966220949
1.93423597678917,-3.42460448097666
1.93050193050193,-2.96223601585241
1.92879150802078,-3.44962887138906
1.92678227360308,-3.29322763927193
1.92307692307692,-3.22532760361907
1.91938579654511,-1.06404004588027
1.91570881226054,-3.42937590150178
1.91550055557353,-3.65067900351489
1.91204588910134,-2.8183057137755
1.90839694656489,-1.60763002001057
1.9047619047619,-3.63202435684179
1.90230118866894,-3.07374761970105
1.90114068441065,-3.48966443490034
1.89753320683112,-1.96618943713484
1.89393939393939,-3.5698637447348
1.89035916824197,-3.04572493483515
1.88919277620767,-3.63620400920577
1.88679245283019,-1.56246392209162
1.88323917137476,-3.52688224333742
1.8796992481203,0.603983775090332
1.87617469143912,-2.49234941349429
1.87617260787992,-2.50000739106674
1.87265917602996,-3.35077915805048
1.86915887850467,-3.61620996532165
1.86567164179104,-3.62456026957077
1.86324631193156,-3.1425755326823
1.86219739292365,-2.64768423858087
1.85873605947955,-2.57214130310789
1.85528756957328,-3.15147407990546
1.85185185185185,-2.50031689017213
1.8504070195423,-3.28105380925994
1.84842883548983,-1.86178396637235
1.8450184501845,-2.66769592072161
1.84162062615101,-3.51222961498977
1.83823529411765,-1.23635732126733
1.83765620038817,-3.49957968127829
1.8348623853211,-3.12100657184198
1.83150183150183,-3.64458107210778
1.82815356489945,-1.6416069578167
1.82499324481615,-2.87274291530037
1.82481751824817,-3.26938172886322
1.82149362477231,-2.25062179159216
1.81818181818182,-3.16726905441517
1.81488203266788,-2.90870713959027
1.81241754737424,-3.03938726525133
1.81159420289855,-3.65269357865572
1.80831826401447,-2.90209958916655
1.80505415162455,-3.32410451873327
1.8018018018018,-2.91268764566991
1.79992850678248,-1.06802472416357
1.79856115107914,-2.77216556625522
1.79533213644524,-2.80248830064762
1.7921146953405,-2.72798248065386
1.78890876565295,-3.41232355323443
1.78752552590424,-2.38862337755851
1.78571428571429,-3.51345991115046
1.7825311942959,-3.18054222219844
1.77935943060498,-3.03341834567747
1.77619893428064,-3.40310010688973
1.77520801171763,-3.28367417016461
1.77304964539007,-2.68415795945018
1.76991150442478,-3.45612221788071
1.76678445229682,-3.01344549205335
1.7636684303351,-1.62713478891056
1.76297537528721,-3.65702897020888
1.76056338028169,-3.31524725025472
1.75746924428822,-2.37159060592263
1.75438596491228,-3.13969547277908
1.75131348511384,-2.47903366891775
1.75082703173572,-3.31313009857505
1.74825174825175,-0.316952826705868
1.74520069808028,-2.41385329591462
1.74216027874564,-3.04387036150292
1.73913043478261,-3.39637787722635
1.73876240021625,-3.18253100744975
1.73611111111111,-1.50945039008637
1.73310225303293,-3.2842050153953
1.73010380622837,-1.67949570383156
1.72711571675302,-3.01653832117862
1.72678090388436,-3.53470056937645
1.72413793103448,-2.18267587578979
1.72117039586919,-3.57833615834572
1.71821305841924,-2.8865870036915
1.71526586620926,-3.56950576562486
1.71488196987054,-2.5745710113985
1.71232876712329,-3.05481502255138
1.70940170940171,-1.04241366937598
1.70648464163823,-3.46316357322608
1.70357751277683,-3.47142965717539
1.70306502925284,-3.13612421624519
1.70068027210884,-3.48657377969216
1.69779286926995,-0.725073989141673
1.69491525423729,-2.73027287725049
1.69204737732657,-3.5638844822681
1.69132951702965,-2.9399927745169
1.68918918918919,-3.42614940736156
1.68634064080944,-3.01650398960337
1.68350168350168,-3.4948135004533
1.68067226890756,-0.742489841961581
1.67967487209265,-3.07713959982025
1.67785234899329,-1.74807150657129
1.6750418760469,-0.178114232853186
1.67224080267559,-2.44590999642956
1.669449081803,-2.1820302293607
1.66810053720006,-1.59503864351593
1.66666666666667,-3.01508143949571
1.66389351081531,-2.9725080890998
1.66112956810631,-0.770397223375009
1.65837479270315,-3.15182402186137
1.65660595894991,-3.39883908426593
1.65562913907285,-2.63248321264391
1.65289256198347,-3.24050918920686
1.65016501650165,-3.07822538824827
1.64744645799012,-2.78767274000667
1.64519058775366,-3.0554043239904
1.64473684210526,-1.1777181651807
1.64203612479475,-3.40226208621199
1.63934426229508,-2.45384958001393
1.6366612111293,-3.1464286782399
1.63398692810458,-3.49643442339142
1.63385387780986,-1.89092930135966
1.63132137030995,-3.3527555865614
1.62866449511401,-2.68302208961647
1.6260162601626,-3.45103299965477
1.62337662337662,-3.27481263035637
1.62259528707809,-3.60413626883116
1.62074554294976,-3.35930464575118
1.61812297734628,-3.07134414398932
1.61550888529887,-3.40459465795517
1.61290322580645,-2.12017679075508
1.61141427725302,-0.95262832797071
1.61030595813205,-3.10495123334475
1.60771704180064,-3.55456612064212
1.60513643659711,-2.13337448268252
1.6025641025641,-2.74027167318017
1.6003103137387,-2.97742820942026
1.6,1.93045093845762
1.59744408945687,-2.17152142195563
1.59489633173844,-1.17404092883522
1.59235668789809,-0.308028290392666
1.58982511923688,-3.46672446326358
1.58928286562298,-2.50952459016632
1.58730158730159,-2.91061850646006
1.58478605388273,-2.43716275099159
1.58227848101266,-3.22133483063531
1.57977883096367,-2.85960542781542
1.57833140565212,-2.02824319779814
1.57728706624606,-0.691923636553876
1.5748031496063,-2.37025034621704
1.57232704402516,-2.7879252199729
1.56985871271586,-1.20471027498989
1.5674554102056,-3.51135470631486
1.56739811912226,-3.20357651353445
1.56494522691706,-2.64904429730627
1.5625,-3.08319212581152
1.5600624024961,-3.62844705373301
1.55763239875389,-2.91804845932237
1.55665435927106,-2.55152737639203
1.5552099533437,-2.59092382301391
1.5527950310559,-3.32721538387657
1.55038759689922,-2.66739318788411
1.54798761609907,-1.65958916704728
1.54592773641948,-2.6606632984042
1.54559505409583,-3.02613048614252
1.54320987654321,-3.24453581173428
1.54083204930663,-3.09016595944437
1.53846153846154,-2.36673241454998
1.53609831029186,-2.58250784794306
1.53527502878042,-1.42449484659222
1.53374233128834,-2.77194294894754
1.53139356814701,-3.52784039391066
1.52905198776758,-2.717741055204
1.52671755725191,-2.34676727689496
1.52469572701757,-2.53462159943974
1.52439024390244,-3.44354967401322
1.5220700152207,-1.81414146507408
1.51975683890577,-2.04113152121244
1.51745068285281,-2.51399290609917
1.51515151515152,-0.717306378705284
1.51418932530435,-2.65085598114377
1.51285930408472,-1.17327708921824
1.51057401812689,-3.08551587148691
1.50829562594268,-2.21345995235212
1.50602409638554,-2.89157805794117
1.50375939849624,-3.08734002465347
1.50375532129974,-3.11426201621371
1.5015015015015,-2.53543208889495
1.49925037481259,-1.67381968570931
1.49700598802395,-3.53214036908387
1.49476831091181,-3.13652628167402
1.49339321612425,-1.78627909660168
1.49253731343284,-3.12178035991844
1.4903129657228,-3.59944212311275
1.48809523809524,-3.51660701193337
1.48588410104012,-2.36705175860741
1.48367952522255,-1.95695827119827
1.4831025143361,-2.29421549290309
1.48148148148148,-3.36256051617859
1.4792899408284,-3.20338713567751
1.47710487444609,-1.90046388512819
1.47492625368732,-3.08756652158201
1.4728827239075,-2.91367931329675
1.47275405007364,-3.24243706476799
1.47058823529412,-3.59602908839256
1.46842878120411,-1.60706120124466
1.46627565982405,-1.50871182129422
1.46412884333821,-1.27312034879632
1.46273335620113,-2.13832345078374
1.46198830409357,1.63405529744977
1.45985401459854,-2.97971361122684
1.45772594752187,-2.83631795679757
1.45560407569141,-1.55600550810102
1.45348837209302,0.330560335274375
1.45265392594678,-2.91915753347241
1.45137880986938,-2.26384262422497
1.44927536231884,0.160606184378328
1.44717800289436,-3.48544367148274
1.44508670520231,-3.59068862566296
1.44300144300144,-2.22533496617036
1.44264395121816,-0.950970335758835
1.44092219020173,-3.55752555089792
1.43884892086331,-2.10776964052725
1.4367816091954,-3.2367207761661
1.43472022955524,-3.51106757688684
1.43270295340983,-2.98377874921301
1.43266475644699,-3.10408401769508
1.43061516452074,-2.42465506653489
1.42857142857143,-0.603407757297258
1.4265335235378,0.928453187670546
1.42450142450142,-1.25180198046474
1.42283045721435,-0.832088525702185
1.42247510668563,-3.52488483785181
1.42045454545455,-0.596881511837362
1.41843971631206,-1.64941565242203
1.41643059490085,-2.91907710112703
1.41442715700141,-1.07692883542982
1.41302599059953,-1.52386989525204
1.41242937853107,-2.07702461007069
1.41043723554302,-3.11069403689181
1.40845070422535,-3.11849099683733
1.40646976090014,-3.4450574436175
1.40449438202247,-3.01456410081532
1.40328908478587,-2.2469942630574
1.40252454417952,-3.23836814602505
1.40056022408964,-3.04371566101865
1.3986013986014,-3.4372046143071
1.39664804469274,-1.81370102121941
1.39470013947001,-2.978979573057
1.39361927422414,-1.53363192982196
1.39275766016713,-3.30050299420248
1.39082058414465,-1.18187457302336
1.38888888888889,-3.57035445451008
1.3869625520111,-3.07860997393611
1.38504155124654,-3.28518346020113
1.38401609657313,-1.28470912597832
1.38312586445367,-1.99923972493506
1.38121546961326,-3.22059112967242
1.37931034482759,-3.21163697107853
1.37741046831956,-3.64312273453869
1.37551581843191,-1.10524222536373
1.37447909267754,-3.16725795881727
1.37362637362637,-3.01527595290663
1.37174211248285,-3.35426809157293
1.36986301369863,-1.84428487419096
1.36798905608755,-3.42792092706112
1.36612021857923,-3.47115656079184
1.36500780654601,0.170927984364188
1.36425648021828,-2.99086989207334
1.36239782016349,-3.38983058322053
1.36054421768707,-0.90182997954012
1.35869565217391,-3.54348022589464
1.35685210312076,-3.21202114911197
1.35560178532937,1.7823744621072
1.3550135501355,1.01757970524436
1.3531799729364,-3.33761405039562
1.35135135135135,-3.2242622413256
1.34952766531714,-3.01330354363462
1.34770889487871,-2.39107768272022
1.34626057929891,-3.05289817097325
1.34589502018843,-2.46573853987543
1.34408602150538,-2.19369415204987
1.34228187919463,-1.38278911853701
1.34048257372654,-3.59396027002635
1.33868808567604,-2.38026465913854
1.33698374182495,-2.4418184612107
1.33689839572193,-2.98365822854468
1.33511348464619,-3.14092276003272
1.33333333333333,-3.41030596655649
1.33155792276964,-2.63786613888034
1.32978723404255,-3.49693971121921
1.32802124833997,-2.75685857692839
1.32777082935543,-2.69711193394177
1.3262599469496,-2.33431472706782
1.32450331125828,-1.86238918093023
1.32275132275132,-3.27249181196945
1.32100396301189,-3.02048291380295
1.31926121372032,-3.31831462701664
1.31862140139475,-3.01614695477117
1.31752305665349,-3.54962984212561
1.31578947368421,-3.2999159860313
1.31406044678055,-0.829310506493623
1.31233595800525,-0.0627437684434353
1.31061598951507,-2.92444207577166
1.30953502048267,-0.966011578680575
1.30890052356021,1.11023684650578
1.30718954248366,-0.120116930220017
1.30548302872063,-2.69471211586646
1.30378096479791,-1.84087326225214
1.30208333333333,-2.19350766576708
1.30051125217341,-1.08513343886828
1.30039011703511,-3.13585351783713
1.2987012987013,-2.35889751901315
1.2970168612192,-2.51134096352201
1.29533678756477,-3.52107207943892
1.29366106080207,-2.30757872308329
1.29198966408269,-3.12331526094475
1.29154966501488,-2.81329008923781
1.29032258064516,-3.38066478089696
1.28865979381443,-2.14851863035939
1.28700128700129,-2.80454508553036
1.2853470437018,1.94683982942668
1.28369704749679,-2.91758873272608
1.28264983052806,-3.54410464079289
1.28205128205128,-2.30963888956863
1.28040973111396,-3.48958125452811
1.27877237851662,-2.0571289256881
1.27713920817369,-2.40554522090629
1.27551020408163,-3.17309131980003
1.27388535031847,-0.399384097084986
1.27381132318648,-1.55698111094962
1.27226463104326,-2.71409533902173
1.27064803049555,-2.272426188935
1.26903553299492,-2.87758299458492
1.26742712294043,-3.61706898774197
1.26582278481013,-3.16067957444938
1.2650337203959,-3.51632622462001
1.26422250316056,-0.204278879238937
1.26262626262626,-3.25197383661868
1.26103404791929,-2.14766636129543
1.25944584382872,-1.65632039734607
1.25786163522013,-3.42663614262356
1.25631660247412,-1.29038247675909
1.25628140703518,-0.779401823193846
1.25470514429109,0.576194286303026
1.2531328320802,-2.80612389949395
1.25156445556946,-2.31690610160391
1.25,-3.10479762701113
1.24843945068664,-3.2693707724472
1.24765955263087,-0.743436884458116
1.24688279301746,-3.25382684644161
1.2453300124533,-0.123434574166065
1.24378109452736,-1.52642967798949
1.24223602484472,-3.52210125747011
1.24069478908189,-3.06242713394662
1.23915737298637,-3.51879715997328
1.23906215694792,-3.31201609433016
1.23762376237624,-2.19301191978966
1.23609394313968,-3.63184668315334
1.23456790123457,-3.61322343453365
1.23304562268804,-2.17523038353023
1.23152709359606,-2.49825335446446
1.23052400435926,-3.13077245546846
1.230012300123,-3.36711673322425
1.22850122850123,-2.56684462633082
1.22699386503067,-3.2718863107102
1.22549019607843,-2.52338010997731
1.22399020807834,-3.61197394744847
1.22249388753056,-3.60797414240694
1.22204468663149,-3.20112541650068
1.22100122100122,-2.66180734045441
1.21951219512195,-2.53164037720019
1.21802679658952,-3.45378742695497
1.21654501216545,-3.09097637346157
1.21506682867558,-2.66786816940587
1.21362379834424,-3.65938193322493
1.21359223300971,-3.60512679693549
1.21212121212121,-2.10847395811949
1.21065375302663,-0.386853927113161
1.20918984280532,-3.24547038580992
1.20772946859903,-3.14492460429802
1.20627261761158,-1.80553578187037
1.20526093687084,-2.72029092614791
1.20481927710843,-3.12224157529307
1.20336943441637,-0.338378280708137
1.20192307692308,-2.96354507043649
1.20048019207683,-2.62689013979952
1.19904076738609,-2.00971818683258
1.19760479041916,-3.59046463270847
1.19695570235904,-0.451810660575158
1.19617224880383,-3.515591133569
1.194743130227,-1.82866499333958
1.19331742243437,-2.31328616574761
1.19189511323004,-1.52700197813415
1.19047619047619,-2.87753395947741
1.18906064209275,-2.32418344296225
1.1887076977119,-1.14445171112954
1.18764845605701,-1.37363555996624
1.18623962040332,-1.04754381378113
1.18483412322275,-3.6111514164918
1.18343195266272,-1.86316971405538
1.18203309692671,-1.66956020926834
1.18063754427391,-3.31880995064595
1.18051652856881,-3.50918660406422
1.17924528301887,0.233433080838002
1.17785630153121,-3.42043304569348
1.17647058823529,-2.96067747439387
1.17508813160987,-3.47109395991348
1.17370892018779,-1.73634730321929
1.1723818032866,-2.06027853011202
1.17233294255569,-1.39911743636933
1.17096018735363,-2.49656738844832
1.16959064327485,-2.23725005830648
1.16822429906542,-0.309603947498384
1.16686114352392,0.198780161432627
1.16550116550117,-3.1890081981076
1.16430313292088,-2.93823540636971
1.16414435389988,-0.887042682529578
1.16279069767442,-1.55951073461263
1.16144018583043,-3.33898598697986
1.16009280742459,-3.43023889971139
1.15874855156431,-2.98236423208409
1.15740740740741,-1.65520002162155
1.15628013120738,-1.68250535391685
1.15606936416185,-1.11062652743139
1.15473441108545,-3.56142770402622
1.15340253748558,-1.28672832848339
1.15207373271889,-3.55248036659911
1.15074798619102,-2.68153759518271
1.14942528735632,-3.40759435506289
1.14831241454351,-2.55487135086379
1.14810562571757,-2.78613502964985
1.14678899082569,-1.45802652779441
1.1454753722795,-3.12678445308289
1.1441647597254,-2.71434499124272
1.14285714285714,-2.83186323508026
1.14155251141553,-3.21033092655956
1.14039960197003,-1.89437403266664
1.14025085518814,-1.59350578135534
1.13895216400911,-3.52399297581651
1.13765642775882,-2.42448183273167
1.13636363636364,-1.79647814660843
1.13507377979569,-3.44746932267891
1.13378684807256,-2.38354559222118
1.13254131515281,-1.90876213813039
1.13250283125708,-2.11207458539648
1.13122171945701,-2.30394941997086
1.12994350282486,-3.60662974172693
1.12866817155756,-3.63544780174412
1.12739571589628,-1.80410151116218
1.12612612612613,-3.24827093013864
1.12485939257593,-2.99210517155573
1.12473717836475,-3.49333359603774
1.12359550561798,0.399427938194511
1.12233445566779,-3.10134244753909
1.12107623318386,-3.18394187389911
1.11982082866741,-3.41182455950512
1.11856823266219,-3.57334022720361
1.11731843575419,-1.62915432261702
1.11698681846782,-3.24602401307798
1.11607142857143,-2.99552433898394
1.11482720178372,-3.2870822900076
1.11358574610245,-3.54010790975228
1.11234705228031,-2.75967624730851
1.11111111111111,-2.88299827912733
1.10987791342952,-2.49542654176055
1.10928986489522,-1.43739515848092
1.10864745011086,-1.78722545998924
1.10741971207087,-2.99096134577861
1.10619469026549,-0.727191119096669
1.10497237569061,-3.21580815425026
1.1037527593819,-0.0925340791367644
1.10253583241455,1.55512093390583
1.10164594963366,-2.49644693371446
1.10132158590308,-3.421429714338
1.1001100110011,-2.92055008075364
1.0989010989011,-3.59284501372174
1.09769484083425,-3.15964382871585
1.09649122807018,-3.48592187614873
1.09529025191676,-0.779657116846134
1.09409190371991,-3.24589089852237
1.09405470720574,-3.24426523495419
1.09289617486339,-1.95504229829661
1.09170305676856,-0.455031946252727
1.09051254089422,-3.20688771928171
1.08932461873638,-2.3421080422412
1.08813928182807,-2.50111427916773
1.08695652173913,-0.668051396352506
1.08651577465254,-1.67896207831442
1.085776330076,-3.37237514255998
1.08459869848156,-3.38093438877994
1.08342361863489,-3.59992405376822
1.08225108225108,-2.7836869361944
1.08108108108108,-2.54916851529945
1.07991360691145,-2.89042082380406
1.07902879151618,-3.63739398088459
1.07874865156419,-3.23283537770792
1.07758620689655,-1.90238281720503
1.07642626480086,-2.5848127480573
1.0752688172043,-0.777500797082904
1.07411385606874,-3.65055341424185
1.07296137339056,-3.43637168482506
1.07181136120043,1.47616889268459
1.07159339982267,-3.23589095783036
1.07066381156317,-0.688873602933039
1.06951871657754,-3.1138986469712
1.06837606837607,0.860101073783075
1.06723585912487,-1.54391620518104
1.06609808102345,-3.40024047632844
1.06496272630458,-2.99705085044361
1.06420924406472,-2.49343304198559
1.06382978723404,-2.70677555725082
1.06269925611052,-1.62279937769052
1.06157112526539,-3.17477060680791
1.06044538706257,-1.20454257303596
1.0593220338983,-1.31493287885295
1.05820105820106,-3.20484059112506
1.05708245243129,-3.55672162731404
1.0568759711848,-3.55235491347984
1.05596620908131,-2.84315921145962
1.05485232067511,-2.63330418148233
1.05374077976818,-2.66695878411157
1.05263157894737,-3.1129004364446
1.0515247108307,-3.53120161945263
1.05042016806723,-3.09833908972127
1.04959323055823,-3.61071715425266
1.04931794333683,-0.851741311225946
1.0482180293501,-3.45664610540784
1.04712041884817,-2.75628274030258
1.04602510460251,-0.698030455510358
1.04493207941484,-3.40240052446391
1.04384133611691,-3.63816418410992
1.04275286757039,-2.58213316827182
1.0423606739764,-3.02376437841384
1.04166666666667,1.63260758639477
1.04058272632674,-1.41017440893806
1.03950103950104,-3.18597121656931
1.03842159916926,-1.36512163607874
1.03734439834025,-2.47938092555129
1.03626943005181,-2.08580494604147
1.0351966873706,-3.35384611691041
1.03517795563018,-2.85950694602895
1.03412616339193,-3.09821908022262
1.03305785123967,-2.48564200983146
1.03199174406605,-3.29712246709978
1.03092783505155,-3.40781131252613
1.02986611740474,-3.08081628234974
1.02880658436214,-3.23290116763051
1.02804473209331,-3.52607783558202
1.02774922918808,-1.79588289134009
1.02669404517454,-2.80725363871214
1.02564102564103,-3.33646544348683
1.02459016393443,-3.08828005991749
1.02354145342886,-2.87170902304423
1.02249488752556,-2.9535326613806
1.02145045965271,-2.63938829506973
1.02096066230605,-3.21407118408565
1.02040816326531,-3.3530632623776
1.01936799184506,-3.54313520124621
1.0183299389002,-3.38077465855566
1.01729399796541,-3.53358603664612
1.01626016260163,-2.56865119607219
1.01522842639594,-2.01749027455899
1.01419878296146,-3.16332878237587
1.01392540755882,-3.60557525574223
1.01317122593718,-3.27462369264272
1.01214574898785,-3.15790145407537
1.01112234580384,-1.98773966970428
1.01010101010101,-2.4498279697399
1.00908173562059,-2.41381140791186
1.00806451612903,-2.09713247402784
1.00704934541793,0.0152056714246855
1.00693863147603,-3.41591649770693
1.00603621730382,-0.859291325955165
1.00502512562814,-3.4719914328139
1.00401606425703,-2.66708615525821
1.00300902708124,1.35207745196688
1.00200400801603,-2.60705482334098
1.001001001001,-2.97294297741289
1,2.1263306456
