"bfp_output.P","bfp_output.logBF"
1000,-2.62185396045642
993.109181374979,-2.50387257069785
986.265846131283,-2.41341700497257
979.46966706954,-2.36163132901548
972.720319245055,-2.35475266052209
966.017479952265,-2.3932576516017
959.360828709315,-2.47259922663163
952.75004724273,-2.58480383835608
946.184819472201,-2.7200850679052
939.66483149547,-2.86801217169396
933.189771573324,-3.01826347180001
926.759330114689,-3.1612576994181
920.373199661823,-3.28891868699587
914.031074875623,-3.39556180388954
907.732652521023,-3.47858638796908
901.477631452492,-3.5385648135191
895.26571259964,-3.57854918908064
889.096598952916,-3.60279989908876
882.969995549409,-3.61536951804167
876.885609458743,-3.61892701634703
870.843149769073,-3.61403122447355
864.842327573172,-3.59898129538241
858.882855954625,-3.57043852753675
852.964449974103,-3.52499664651462
847.086826655741,-3.46140970293957
841.249704973612,-3.38229446984196
835.452805838287,-3.29389532080183
829.695852083491,-3.20387590125146
823.978568452852,-3.11885120288336
818.300681586739,-3.04338610944448
812.661920009195,-2.98076633891905
807.06201411495,-2.93481150086553
801.500696156541,-2.91176216039757
795.977700231499,-2.92086071790164
790.492762269642,-2.97128140125609
785.045620020451,-3.06407453387917
779.636013040523,-3.18480820218501
774.263682681127,-3.30813222442854
768.928372075831,-3.41275990090271
763.629826128224,-3.4906123470155
758.367791499719,-3.54413336043147
753.142016597437,-3.5797469635212
747.952251562182,-3.60369837215317
742.798248256492,-3.62066594831826
737.679760252773,-3.63367285764319
732.596542821523,-3.64425245908391
727.548352919623,-3.65256847310028
722.534949178721,-3.65798886767363
717.556091893692,-3.66046179775033
712.611543011175,-3.66110552981776
707.701066118189,-3.66107120743875
702.824426430835,-3.66070063934385
697.981390783066,-3.6597407989817
693.17172761554,-3.65780145179091
688.39520696455,-3.65468001929171
683.651600451024,-3.65052952059052
678.940681269611,-3.64570439574454
674.262224177835,-3.64000908456994
669.616005485322,-3.63160871447784
665.001803043112,-3.61675993019777
660.419396233031,-3.59106940645655
655.868565957143,-3.55142474441511
651.349094627281,-3.49766585690791
646.860766154633,-3.43390847892636
642.40336593942,-3.36903559627863
637.976680860628,-3.31477021579844
633.580499265825,-3.28038416612197
629.214610961035,-3.2664780031833
624.878807200689,-3.26279700792359
620.57288067765,-3.25251331202166
616.296625513294,-3.22071225787028
612.04983724767,-3.1630548062623
607.832312829723,-3.09059990703777
603.643850607587,-3.02712706125662
599.484250318941,-2.99900039843497
595.353313081437,-3.02360312148862
591.250841383188,-3.10244345102809
587.176639073326,-3.21874061784247
583.130511352622,-3.3371301009334
579.112264764176,-3.41022267803173
575.121707184161,-3.40111614103939
571.158647812643,-3.31132155262413
567.222897164454,-3.18094848719012
563.314267060136,-3.05817606998651
559.432570616938,-2.97344475219738
555.577622239888,-2.93392431679511
551.749237612913,-2.92719515908389
547.947233690029,-2.92758430682901
544.171428686589,-2.90810539247765
540.421642070592,-2.85509578840789
536.697694554048,-2.77480676071725
532.999408084409,-2.68933106196483
529.326605836056,-2.62734381578674
525.679112201842,-2.60979811357493
522.056752784698,-2.63215510005549
518.459354389291,-2.66104136911705
514.886745013749,-2.65635880372833
511.338753841433,-2.59704632994625
507.815211232767,-2.49168516708935
504.315948717136,-2.37887871618987
500.840798984821,-2.31586551825931
500,-2.31374023713608
497.389595879006,-2.34465622008089
493.962174387832,-2.45945757681464
490.558370636505,-2.61973886981614
487.178021879463,-2.79157122020917
483.820966492595,-2.9667181663075
480.487043965513,-3.14743161232813
477.176094893875,-3.31249196181927
473.887960971765,-3.3982058870872
470.622484984128,-3.3228859902553
467.379510799247,-3.02587595683137
464.158883361278,-2.49004632688074
460.960448682844,-1.7695793691917
457.784053837662,-1.01910228904172
454.62954695324,-0.447991459205165
451.49677720361,-0.18363044616127
448.385594802119,-0.197795315859945
445.295850994266,-0.380819684663389
442.22739805059,-0.644847223728514
439.180089259609,-0.958448746609501
436.153778920801,-1.31713585284065
433.14832233764,-1.69905598536506
430.16357581068,-2.06023364857732
427.199396630678,-2.36539389623841
424.255643071778,-2.60922795847271
421.332174384729,-2.81105009783586
418.428850790158,-2.9948673600319
415.545533471888,-3.17392252337391
412.682084570296,-3.34819843471477
409.838367175726,-3.50730860255087
407.014245321944,-3.62568026952554
404.209583979631,-3.64724162858401
401.424249049932,-3.47377513832965
398.658107358044,-2.96263278836413
395.911026646846,-1.9868110234684
393.182875570577,-0.696482681810845
390.473523688556,0.245342915022339
387.782841458946,0.278526567570926
385.110700232557,-0.361742523288437
382.4569722467,-1.04483423460185
379.821530619074,-1.03507143246839
377.2042493417,0.469296465833271
374.605003274899,3.16931252023254
372.023668141307,5.10765348504244
369.46012051993,5.41459200755462
366.914237840249,4.69883517348079
364.385898376355,3.89716526674825
361.874981241128,4.11343651411572
359.381366380463,5.15611633139834
357.511575701894,5.56804372272733
354.445567397043,4.31105063805713
352.003147279668,1.37533761420797
349.577557436327,-1.8730228778045
347.168681892656,-3.50758753772912
344.776405473446,-3.44807724822062
342.400613797142,-2.66473949882554
340.041193270371,-1.76770921967282
337.698031082509,-0.919709785272782
335.371015200293,-0.116245264982761
333.333333333333,0.529453419107814
333.060034362459,0.607298738246205
330.764978074424,1.09696682440172
328.485736603004,1.08113403350273
326.222200971167,0.436630933633912
323.97426295282,-0.319340196867908
321.741815067637,-0.515800117918256
319.524750575921,-0.117316422254713
317.322963473498,0.427989238440337
315.136348486648,0.459120391373507
312.964801067075,-0.322828979416736
310.808217386907,-1.41683057806197
308.666494333727,-2.26404680443035
306.539529505653,-2.68141225246647
304.42722120643,-2.62790406615722
302.329468440578,-2.12393485156256
300.246170908555,-1.38046174740809
298.177229001967,-0.885272593895773
296.122543798804,-1.05181739760017
294.082017058706,-1.71394404401259
292.055551218275,-2.46131896704257
290.043049386399,-3.08897173739693
288.04441533963,-3.51787242018819
286.059553517574,-3.65187063652983
284.08836901833,-3.43003114761056
282.130767593947,-3.03646331890964
280.18665564592,-2.80684585072832
278.255940220713,-2.84149328067194
276.338529005317,-3.04184174773324
274.434330322837,-3.28272998584499
272.543253128103,-3.48225495417473
270.665207003324,-3.60617766404816
268.800102153761,-3.65444926542234
266.947849403432,-3.66141644584887
265.108360190854,-3.66287041053298
263.281546564802,-3.65894207866797
261.467321180109,-3.60098212395352
259.665597293487,-3.4122932738942
257.87628875938,-3.11400701647444
256.099310025846,-2.84933404551573
254.334576130465,-2.69636162532033
252.582002696278,-2.69901154413271
250.841505927754,-2.70440715771702
250,-2.65577015858077
249.113002606779,-2.58624627960655
247.396410088681,-2.60964483997356
245.691646298279,-3.00284152680465
243.998629725955,-3.15590785309562
242.31727942376,-2.77340490113714
240.647515001542,-2.27544440221747
238.989256623105,-2.28197868562521
237.342425002387,-2.47896507347753
235.706941399673,-2.58822453517355
234.082727617829,-2.59220952607505
232.469705998565,-2.56168180151713
230.867799418717,-2.71464127786457
229.276931286565,-3.20843460660414
227.697025538168,-3.59450803632383
226.128006633728,-3.39365789571472
224.569799553977,-2.61322377456882
223.022329796594,-1.43921046819836
221.485523372636,0.265677054698746
219.959306803008,2.18127578737786
218.443607114943,2.57486677620658
216.938351838519,0.516786175854397
215.443469003188,-1.93646281057731
213.958887134342,-3.03656718346245
212.484535249888,-2.63559217627185
211.02034285686,-1.46737146840779
209.566239948043,-0.695263484611625
208.122156998634,-0.392545739540149
206.688024962908,-0.411356484504021
205.263775270925,-0.764132197717724
203.849339825246,-0.934998093289106
202.44465099768,-0.932446424575384
201.04964162605,-1.28694285672621
200,-1.90732760928283
199.664245010979,-2.15685018172349
198.288394912707,-3.12800965579539
196.922025547917,-3.17874767580194
195.565071586595,-2.38791263993418
194.217468148903,-1.578615654306
192.879150802078,-1.70273470250965
191.550055557353,-2.80761465499993
190.230118866895,-3.0277291617417
188.919277620767,-2.30577948531517
187.617469143912,-2.51798202230485
186.324631193156,-2.94040888024109
185.04070195423,-3.19381368736979
183.765620038817,-2.17217103846108
182.499324481615,1.37839501594683
181.241754737424,2.99347228212533
179.992850678248,0.819190472372033
178.752552590424,-2.200126586888
177.520801171764,-3.15038495886189
176.297537528721,-1.28061603408882
175.082703173572,0.831945704683183
173.876240021625,1.65375945902104
172.678090388436,-0.0634286921474638
171.488196987054,-2.28640225508662
170.306502925284,-3.06783086683613
169.132951702965,-2.75827706313985
167.967487209265,-1.79006771264074
166.810053720006,-1.1012994558544
166.666666666667,-1.03529991720442
165.660595894991,-0.504316138545003
164.519058775366,-0.137767754114956
163.385387780986,-0.692368478009608
162.259528707809,-2.01339730668716
161.141427725302,-3.10667127846433
160.03103137387,-2.95054118455929
158.928286562298,-2.10309317401258
157.833140565212,-1.88494463948013
156.745541020559,-2.05330862156832
155.665435927106,-2.74156203416866
154.592773641948,-3.43816631007688
153.527502878042,-3.63346719757701
152.469572701757,-3.63476288999341
151.418932530435,-3.63595839995927
150.375532129974,-3.65377999299273
149.339321612425,-3.66237603366865
148.310251433611,-3.63902270457218
147.28827239075,-3.58965180267513
146.273335620113,-3.44831484849753
145.265392594678,-2.98215787665394
144.264395121816,-2.13868192429176
143.270295340983,-1.98323130085104
142.857142857143,-2.103410447189
142.283045721435,-2.33076982978876
141.302599059953,-3.01339417209563
140.328908478587,-3.65511821652653
139.361927422414,-2.27757569952702
138.401609657313,0.0882346853510301
137.447909267754,3.2714713798677
136.500780654601,2.99050717587192
135.560178532937,-1.96495423964124
134.626057929891,-2.72387401660314
133.698374182495,0.602638622837721
132.777082935543,4.66459637582513
131.862140139475,0.645251327841227
130.953502048267,-1.12374002683252
130.051125217341,-2.84617333648854
129.154966501488,-3.16212424436871
128.264983052806,-2.89058483158375
127.381132318648,-2.1088941395249
126.50337203959,-1.47720126704878
125.631660247412,-1.56574665559166
125,-0.626799205251539
124.765955263087,-0.174930759136269
123.906215694792,-1.13825361139045
123.052400435926,-2.98575271379327
122.204468663149,-3.29661149079412
121.362379834424,-0.158500401505942
120.526093687084,0.98968504032617
119.695570235904,-1.30375742662813
118.87076977119,-2.36970706629448
118.051652856881,-2.27842196091752
117.23818032866,-2.96956970402298
116.430313292088,-3.56907515040295
115.628013120738,-2.98617915438391
114.831241454351,-2.08429444280155
114.039960197003,-1.4456152278516
113.254131515281,-2.32017732732471
112.473717836475,-2.79240897541252
111.698681846782,-2.22475891763109
111.111111111111,-2.04036883814656
110.928986489522,-1.95224446824694
110.164594963366,-2.16286456364612
109.405470720574,-2.62378179053943
108.651577465254,-3.16137386100159
107.902879151618,-3.60898572040564
107.159339982267,-2.91661558013679
106.420924406472,-1.64111443491167
105.68759711848,0.560193588211281
104.959323055823,-1.3183045041806
104.23606739764,-3.32637061792398
103.517795563018,-0.692281006924484
102.804473209331,3.42385395337881
102.096066230605,0.835068746078709
101.392540755882,-3.06428066545878
100.693863147603,-2.8788904362904
100,-1.70779443019598
100,-1.7077944301959
99.310918137498,-1.16990150867916
98.6265846131283,-1.30193663174206
97.946966706954,-1.60768794403985
97.2720319245054,-2.15541478977361
96.6017479952265,-2.89087711868423
95.9360828709315,-3.65389603697455
95.2750047242729,-2.8586361658785
94.61848194722,-1.93361047232512
93.966483149547,-0.980178190682191
93.3189771573324,-1.56461547378909
92.6759330114688,-3.2284177593291
92.0373199661823,-3.24796505379309
91.4031074875623,-1.67645983176716
90.9090909090909,-0.0354361905206799
90.7732652521023,0.367902551685508
90.1477631452492,-1.10742717204492
89.526571259964,-3.35069612569942
88.9096598952916,0.177240216199057
88.2969995549409,-1.22803387347566
87.6885609458743,-3.29917309265992
87.0843149769073,-0.376217055563369
86.4842327573172,-1.09553066559858
85.8882855954625,-3.51742065610407
85.2964449974102,-2.50055208431304
84.7086826655741,-3.35174339910902
84.1249704973612,-3.63056320120732
83.5452805838287,-3.52475221840227
83.3333333333333,-3.45839584780135
82.9695852083491,-3.41898167307162
82.3978568452852,-2.2270211150451
81.8300681586739,-1.18152723854545
81.2661920009194,-3.27111431503028
80.706201411495,-1.63538474350575
80.150069615654,2.59320512863808
79.5977700231498,-1.75293510574734
79.0492762269642,-3.37151237825635
78.5045620020451,-0.982804084397865
77.9636013040523,-0.338792791202148
77.4263682681127,-2.34449052724146
76.9230769230769,-3.3940097868017
76.8928372075831,-3.27649134516188
76.3629826128224,-2.72354268933101
75.8367791499719,-3.60920459833808
75.3142016597437,-3.00808357060047
74.7952251562182,-2.42125596408767
74.2798248256491,-0.871731774721449
73.7679760252773,-3.42917702291246
73.2596542821523,-1.7021904637457
72.7548352919623,-2.89470089275674
72.2534949178722,-3.34256298313106
71.7556091893693,-1.3726961880712
71.4285714285714,2.14267697561336
71.2611543011175,0.345933733621725
70.7701066118189,-3.55271011855764
70.2824426430835,3.54826025998124
69.7981390783066,-1.57511089243566
69.3171727615541,-3.55705923251319
68.839520696455,-2.73262174133957
68.3651600451024,-1.25936967287255
67.8940681269611,-2.06361112498511
67.4262224177834,-3.62616587239479
66.9616005485322,-2.55926464569053
66.6666666666667,-2.58761554648204
66.5001803043112,-2.3266394446956
66.0419396233031,-1.02596338846269
65.5868565957143,-3.16078098833081
65.134909462728,-3.53554125009439
64.6860766154633,-2.5427959025984
64.2403365939419,-1.47625131390246
63.7976680860628,-3.60019794410205
63.3580499265825,-1.76814017224863
62.9214610961034,-3.1633945223909
62.5,-0.352575207842913
62.4878807200689,-0.222962703275168
62.057288067765,-2.62308663674822
61.6296625513294,-3.13135977546581
61.204983724767,-3.27130378690166
60.7832312829723,-2.97649359488305
60.3643850607587,-2.46326545274935
59.9484250318941,-3.50812379805098
59.5353313081437,-2.59802214765268
59.1250841383188,-1.44259424135849
58.8235294117647,-1.94793299856199
58.7176639073326,-2.16267051331853
58.3130511352622,-3.43573950167139
57.9112264764176,-1.98441609671859
57.5121707184161,-2.3569157087028
57.1158647812643,-3.64044283301537
56.7222897164454,-3.45873748820101
56.3314267060136,-3.1745116112287
55.9432570616938,-3.19905458922873
55.5577622239888,-3.64840804448685
55.5555555555556,-3.64898769306761
55.1749237612912,-3.44053345805706
54.7947233690029,-3.47703544458811
54.4171428686589,-3.33142496749955
54.0421642070592,-3.49204507996033
53.6697694554048,-2.97462409488734
53.2999408084409,-1.05111138154769
52.9326605836056,-2.77307412224588
52.6315789473684,-3.13377922610719
52.5679112201842,-2.76936622419704
52.2056752784698,-2.07272731034304
51.8459354389291,-2.32413693031183
51.488674501375,-3.45576778769945
51.1338753841433,0.239727550414632
50.7815211232767,-2.11389119506976
50.4315948717136,-2.22656603593044
50.0840798984821,-3.11943244860854
50,-3.08346645532851
49.7389595879007,-3.57810728318024
49.3962174387832,-2.8581460470062
49.0558370636505,-2.48790745273673
48.7178021879463,-2.6409277467906
48.3820966492596,-3.63398700606178
48.0487043965513,-3.02707079516183
47.7176094893875,-2.27378352751618
47.6190476190476,-1.59737870174335
47.3887960971765,-1.78195054516423
47.0622484984128,-3.59714169026487
46.7379510799246,5.03879620552191
46.4158883361278,-3.0015409264448
46.0960448682843,-2.58219804884812
45.7784053837662,-3.49645684726196
45.462954695324,-3.63457700218627
45.4545454545455,-3.64431924888218
45.149677720361,-1.0737820354446
44.8385594802119,-2.02379330782942
44.5295850994266,-3.16296913291837
44.222739805059,-1.69955044219993
43.9180089259609,-2.16413000275507
43.6153778920801,-3.21333797034468
43.4782608695652,-3.51454106362145
43.314832233764,-3.02552501511495
43.016357581068,-1.94003642321645
42.7199396630678,-3.08506263049461
42.4255643071778,-3.55838583563557
42.1332174384729,-2.95700445317233
41.8428850790158,0.111508040338141
41.6666666666667,-3.08964020922853
41.5545533471888,-0.530988811151171
41.2682084570295,-3.05559598179407
40.9838367175726,0.203356830077117
40.7014245321944,-3.61466171787908
40.4209583979631,-3.5302556419431
40.1424249049932,-1.02689162205071
40,-3.53650615203922
39.8658107358044,-2.72718028574793
39.5911026646846,-3.51599981269684
39.3182875570577,-3.56851700488324
39.0473523688556,-1.67787640516799
38.7782841458946,-1.81192914054982
38.5110700232557,-2.290413495022
38.4615384615385,-2.96345389772581
38.24569722467,-3.06669826206309
37.9821530619073,-0.839411340063644
37.72042493417,-3.6141457741249
37.4605003274899,0.831189218786496
37.2023668141307,-1.32014731168733
37.037037037037,-2.53289904206808
36.946012051993,-3.49977278852837
36.6914237840249,-3.64565017832423
36.4385898376355,-3.07841384873283
36.1874981241128,-1.75445376884157
35.9381366380463,-2.09823763551584
35.7142857142857,-2.50262223814415
35.6904934567523,-2.39006050607876
35.4445567397043,-3.1003143217061
35.2003147279668,-2.37723696706605
34.9577557436328,-3.142639872824
34.7168681892656,-3.52418878531942
34.4827586206897,-3.31253784058147
34.4776405473446,-3.27038553799759
34.2400613797142,-3.5944912184659
34.0041193270371,-1.54017983936084
33.7698031082509,-2.97999168230315
33.5371015200293,-0.898357143884946
33.3333333333333,-3.47990830713349
33.3060034362459,-2.96826020568578
33.0764978074424,-1.95187602233461
32.8485736603004,-3.65486994539536
32.6222200971167,-2.88383170278395
32.397426295282,-1.64421900607625
32.258064516129,-3.05634738051357
32.1741815067637,-0.0185056894991176
31.9524750575921,-0.19698098445475
31.7322963473498,-3.01049923498088
31.5136348486648,-2.84339810798725
31.2964801067075,-3.14180521941996
31.25,-2.12005389613899
31.0808217386906,-2.42044586436777
30.8666494333727,-3.09513836997753
30.6539529505653,-2.25904247356616
30.442722120643,0.915009098009553
30.3030303030303,-2.77864295115573
30.2329468440578,-0.295125491566504
30.0246170908555,-3.5770961609643
29.8177229001967,-2.28606991031252
29.6122543798804,-2.90440915554116
29.4117647058824,-2.41429500192886
29.4082017058706,-2.35458937333707
29.2055551218275,-0.81784058759889
29.0043049386399,-3.15824237664374
28.804441533963,-2.90743179445947
28.6059553517574,-3.01513316611841
28.5714285714286,-3.28975463861984
28.408836901833,-3.63646606376697
28.2130767593947,-3.17255403610072
28.018665564592,-3.44265620159556
27.8255940220712,-2.90874353965405
27.7777777777778,-3.3182061831561
27.6338529005317,-2.18125147310719
27.4434330322836,-3.42977498237435
27.2543253128103,-2.01751085472231
27.0665207003324,-0.772615867566411
27.027027027027,2.00813085314202
26.8800102153761,-2.14019705377226
26.6947849403432,-3.0117440375909
26.5108360190854,-2.47631548477222
26.3281546564802,-3.30628142003543
26.3157894736842,-3.01287920937387
26.1467321180109,-3.10979452659994
25.9665597293487,-1.77100236438111
25.787628875938,1.78518564709744
25.6410256410256,-1.8138659347209
25.6099310025846,-0.656132832875026
25.4334576130465,-2.17710956413181
25.2582002696278,1.26570959084323
25.0841505927754,-0.083442683991346
25,1.56232034598894
24.9113002606779,-2.45206152207713
24.7396410088681,-3.65803130898849
24.5691646298279,-3.27713803453953
24.3998629725955,-3.06221655797297
24.390243902439,-3.39400662486643
24.231727942376,-1.88435377468751
24.0647515001542,0.171300093648331
23.8989256623105,-2.83183884403014
23.8095238095238,-3.45366641613743
23.7342425002387,-0.888210144769469
23.5706941399673,-3.07493095318234
23.4082727617829,-1.4304344431418
23.2558139534884,-1.7425685650151
23.2469705998565,-2.10212176510425
23.0867799418717,-2.46515942560837
22.9276931286565,-1.36179796143822
22.7697025538168,-1.42934491441296
22.7272727272727,0.375108320383522
22.6128006633728,-2.73968383073257
22.4569799553977,-0.864583062719997
22.3022329796594,-1.38009979054815
22.2222222222222,-2.87845304154062
22.1485523372636,-0.687764152197086
21.9959306803007,-3.02699843920227
21.8443607114943,-3.08812142735983
21.7391304347826,-2.96514281869166
21.6938351838518,-3.41448848399487
21.5443469003188,-2.64896526047896
21.3958887134342,-1.13812256203426
21.2765957446809,-2.40271300387506
21.2484535249888,-3.44905587283115
21.102034285686,-2.96653252052867
20.9566239948043,-3.06089350744427
20.8333333333333,-3.10651035205636
20.8122156998634,-1.30490559523242
20.6688024962908,-3.2726695996953
20.5263775270925,-2.85130329587649
20.4081632653061,-3.02545634627991
20.3849339825246,-2.83401939938643
20.244465099768,-0.482862978970711
20.104964162605,-1.08313320058307
20,-3.46797192698478
19.9664245010979,-2.49670972786843
19.8288394912707,-3.24358117193851
19.6922025547917,-1.35642670495532
19.6078431372549,-3.25358133426875
19.5565071586595,-0.955619747941749
19.4217468148903,-0.750102375508429
19.2879150802078,-3.36941868444326
19.2307692307692,-2.71891604306655
19.1550055557353,-2.5379048666026
19.0230118866894,-2.62979080708446
18.8919277620767,-1.35019249641605
18.8679245283019,-2.14183237147538
18.7617469143912,-3.03565903326155
18.6324631193156,-3.5549413182514
18.5185185185185,-2.88095763484965
18.504070195423,-3.33905968260945
18.3765620038817,-3.16115888415494
18.2499324481615,-3.20306994090945
18.1818181818182,-3.18743218779037
18.1241754737424,-0.462471646032451
17.9992850678248,-3.25123684893334
17.8752552590424,-2.95311099355119
17.8571428571429,-1.42929938972635
17.7520801171764,-2.77869753548616
17.6297537528721,-2.6681644237514
17.5438596491228,-2.11545384181938
17.5082703173572,-3.17534864037382
17.3876240021625,-3.38434585669072
17.2678090388436,-3.39938821172562
17.2413793103448,-1.27631031550267
17.1488196987054,-3.493339174625
17.0306502925284,-1.08139537280651
16.9491525423729,-2.10848876231681
16.9132951702965,-3.09381507323384
16.7967487209265,-3.32811179409542
16.6810053720006,-2.43234784479589
16.6666666666667,-2.3058667773803
16.5660595894991,-1.87588821160763
16.4519058775366,-2.63896218633495
16.3934426229508,-3.44849772523694
16.3385387780986,-3.54075919036991
16.2259528707809,-3.53691025759037
16.1290322580645,-3.4817519234741
16.1141427725302,-1.42078874473411
16.003103137387,-3.50303626228118
15.8928286562298,-2.85717535810967
15.8730158730159,-2.08751422332336
15.7833140565212,-3.22150555290879
15.674554102056,-3.45992765831989
15.625,-1.50965536968031
15.5665435927106,-2.38741970567299
15.4592773641948,-3.31117416002801
15.3846153846154,-2.77286352323652
15.3527502878042,-2.56503518623186
15.2469572701757,-2.24563380195986
15.1515151515152,1.0693497271909
15.1418932530435,-2.05029232512227
15.0375532129974,-1.18166292627007
14.9339321612425,-0.363532622587324
14.9253731343284,-0.638352098453093
14.831025143361,-2.41515242521713
14.728827239075,-2.9854376293123
14.7058823529412,-3.17283272671842
14.6273335620113,-2.93359170998893
14.5265392594678,-2.13825794642029
14.4927536231884,-3.65848532558489
14.4264395121816,-2.49362915905355
14.3270295340983,-2.18017220177598
14.2857142857143,-0.60268711658146
14.2283045721435,-1.68659689782028
14.1302599059953,-3.29731334062712
14.0845070422535,-0.835085731674932
14.0328908478587,1.48598853988647
13.9361927422414,-3.57339154083233
13.8888888888889,-1.65323970106884
13.8401609657313,-2.65298198190969
13.7447909267754,-1.51105515431338
13.6986301369863,-1.35975570242247
13.6500780654601,-3.65156517904274
13.5560178532937,-0.689271832342409
13.5135135135135,-2.67773271392472
13.4626057929891,-3.41510122712425
13.3698374182495,-3.13135195328173
13.3333333333333,-1.16702503557139
13.2777082935543,-3.21144569599106
13.1862140139475,-3.34134069264119
13.1578947368421,-2.84141667558078
13.0953502048267,-1.12583068854893
13.0051125217341,-3.22159367712048
12.987012987013,-3.36243634211577
12.9154966501488,-2.93714897727959
12.8264983052806,-1.40924191228658
12.8205128205128,-2.08696999514613
12.7381132318648,-2.89459962404602
12.6582278481013,-3.62263311290887
12.650337203959,-2.57151819711008
12.5631660247412,-2.71936387544796
12.5,-2.42479324563028
12.4765955263087,-2.98862535793976
12.3906215694792,-3.06261167386161
12.3456790123457,-3.60923470965103
12.3052400435926,-3.55269740618315
12.2204468663149,-1.77070756930287
12.1951219512195,-2.81236392605494
12.1362379834424,-2.1292678046111
12.0526093687084,-3.26151345267884
12.0481927710843,-3.3527958668828
11.9695570235904,-0.180377826663128
11.9047619047619,-2.55120998188518
11.887076977119,-1.66220533417778
11.8051652856881,-2.41630175621433
11.7647058823529,-1.77750394505481
11.723818032866,0.513213746146012
11.6430313292088,-0.784172223341908
11.6279069767442,-3.48360705726123
11.5628013120738,-3.17666976379298
11.4942528735632,-1.91494910470673
11.4831241454351,-1.1590535053897
11.4039960197003,-3.47897235593062
11.3636363636364,-3.2554283042824
11.3254131515281,-3.428110175876
11.2473717836475,-2.57583110271149
11.2359550561798,-2.97959251470517
11.1698681846782,-2.63895108921467
11.1111111111111,-2.43896354738744
11.0928986489522,-3.4136221143883
11.0164594963366,-2.43724826209147
10.989010989011,-3.46690900909483
10.9405470720574,-2.68805180700131
10.8695652173913,-2.86673471665592
10.8651577465254,-2.81790841450244
10.7902879151618,-2.36880994448917
10.752688172043,-1.62448088479281
10.7159339982267,-0.979352674183114
10.6420924406472,-1.09986841784844
10.6382978723404,-0.736115220608847
10.568759711848,-3.56917185548663
10.5263157894737,-3.45769605220995
10.4959323055823,-2.18858283245781
10.423606739764,-1.52993394748419
10.4166666666667,0.454617747387847
10.3517795563018,-2.92095588446621
10.3092783505155,-2.81906921717224
10.2804473209331,-3.05541717049608
10.2096066230605,-2.13635345810571
10.2040816326531,-2.36799591436057
10.1392540755882,-1.91155071058769
10.1010101010101,-3.13036501544529
10.0693863147603,-2.24914822753207
10,-2.70979776672352
10,-2.70979776672344
9.9310918137498,-2.4290569776429
9.9009900990099,-1.38786115542232
9.86265846131282,-2.92709131562834
9.80392156862745,-2.10351069055833
9.79469667069539,3.75638970735314
9.72720319245054,-3.2799804838023
9.70873786407767,-2.9179969802863
9.66017479952265,1.15540698127005
9.61538461538461,-2.34318385701227
9.59360828709314,-2.64046297637419
9.52750047242729,-2.76883188077978
9.52380952380952,-2.36694118315746
9.461848194722,-2.60981074543822
9.43396226415094,-3.61249386622957
9.39664831495469,-1.99963651150146
9.34579439252336,-3.51554573237579
9.33189771573324,-2.43348866323957
9.26759330114688,-3.29200526229955
9.25925925925926,-3.04887771596811
9.20373199661822,-3.33990174481554
9.1743119266055,-2.13937494140192
9.14031074875623,-3.58046927101357
9.09090909090909,-1.36806016593386
9.07732652521023,-3.51229197332973
9.01477631452492,-3.29916369273338
9.00900900900901,-2.0153461544567
8.9526571259964,-2.91126081282313
8.92857142857143,-3.3363284739308
8.89096598952916,-2.9689684024088
8.84955752212389,1.6401380502846
8.82969995549409,-3.33221485380367
8.7719298245614,-3.30204674878122
8.76885609458743,-3.50232153711347
8.70843149769072,-2.13583830906917
8.69565217391304,-3.62443986729518
8.64842327573172,0.0915916515512736
8.62068965517241,-2.26721776158417
8.58882855954625,-0.848062540826144
8.54700854700855,-3.3876243525945
8.52964449974102,-1.94548406752203
8.47457627118644,-2.35640437756184
8.47086826655741,-3.21866803523705
8.41249704973612,-2.86967054081561
8.40336134453781,-2.99090025831868
8.35452805838287,-1.57308078121091
8.33333333333333,-1.59522203109905
8.29695852083491,-2.95020408455623
8.26446280991736,-1.28185685376227
8.23978568452852,-3.61030762005332
8.19672131147541,-3.01111659144776
8.18300681586739,-3.5928156286465
8.13008130081301,-2.08752749379256
8.12661920009195,-1.41490919444184
8.0706201411495,-1.26463624975632
8.06451612903226,-2.41735631661917
8.01500696156541,-3.18084647223564
8,-1.98427141204167
7.95977700231498,-3.53569715665953
7.93650793650794,-2.57730726068406
7.90492762269642,-2.58462171755401
7.8740157480315,-2.43914828122019
7.85045620020451,-1.98243222619551
7.8125,-3.60479183466283
7.79636013040523,-2.97447749751437
7.75193798449612,-2.73204298016703
7.74263682681127,-2.82406081411532
7.69230769230769,-2.90496124193846
7.68928372075831,-3.36226046691497
7.63629826128224,-1.87745931711681
7.63358778625954,-1.81497042097264
7.58367791499719,-1.78354294117183
7.57575757575758,-3.42930130547948
7.53142016597437,-3.41041123189002
7.5187969924812,-2.42052814158061
7.47952251562182,-2.77037879350596
7.46268656716418,-2.70355628080751
7.42798248256492,-2.59835522826041
7.40740740740741,-2.6089633263294
7.37679760252773,-3.04234329199503
7.35294117647059,-1.57849671959282
7.32596542821523,-3.50127267673902
7.2992700729927,-3.50630624355342
7.27548352919623,-0.668262937135021
7.2463768115942,-3.08139345595329
7.22534949178722,-1.95035074136914
7.19424460431655,-3.11336297541443
7.17556091893693,-2.97888654867306
7.14285714285714,-2.13215392634957
7.12611543011175,-2.29205351184533
7.09219858156028,-2.58171100703846
7.07701066118189,-1.98101995972321
7.04225352112676,-2.04873397985251
7.02824426430835,-2.81637493980552
6.99300699300699,-0.972938724710342
6.97981390783066,-3.51660780287385
6.94444444444444,-0.704468592154238
6.93171727615541,-1.5800880723704
6.89655172413793,-3.01253797966749
6.8839520696455,-2.71498141246685
6.84931506849315,-3.18749658409386
6.83651600451024,-1.74204008504652
6.80272108843537,-1.22752834504866
6.78940681269611,-2.41910531837005
6.75675675675676,-2.21000593973026
6.74262224177834,-3.32707887050834
6.71140939597315,-2.21976988111227
6.69616005485322,-3.22895626641617
6.66666666666667,-3.02095327596516
6.65001803043112,-1.98255448055717
6.62251655629139,-3.48275571208573
6.6041939623303,-3.16256024022656
6.57894736842105,-2.53545854124026
6.55868565957143,-0.611535839034086
6.5359477124183,-3.07094696258015
6.5134909462728,-3.03454921140682
6.49350649350649,-1.7457129986471
6.46860766154633,-2.28220859611049
6.45161290322581,-3.17136111063977
6.42403365939419,-3.52049999697122
6.41025641025641,-3.48849337003237
6.37976680860628,-2.97515379969958
6.36942675159236,-0.882224703764488
6.33580499265825,-1.98785230081038
6.32911392405063,-1.79008150274727
6.29214610961034,-3.03948747197254
6.28930817610063,-2.63986298962102
6.25,-3.58107403834351
6.24878807200689,-3.63062135929219
6.2111801242236,-0.287609982223226
6.2057288067765,-0.86217547962418
6.17283950617284,-1.83802197172003
6.16296625513294,-3.17076527234989
6.13496932515337,-3.23128803658285
6.1204983724767,-3.06345251751257
6.09756097560976,-3.08522969501682
6.07832312829723,-0.500342344489847
6.06060606060606,-3.58649788002067
6.03643850607587,-3.09940080412143
6.02409638554217,-1.20400468001402
5.99484250318941,-2.81828014316023
5.98802395209581,-3.09790402675888
5.95353313081437,-3.21177730538785
5.95238095238095,-2.79093672715721
5.91715976331361,-1.57490548712068
5.91250841383188,-2.27741022429542
5.88235294117647,-2.64661769003275
5.87176639073326,-2.07964020096231
5.84795321637427,-2.81080341033113
5.83130511352622,-2.62777594181112
5.81395348837209,-3.54590845808458
5.79112264764176,-1.68486533103192
5.78034682080925,-3.38841351764294
5.75121707184161,-1.77304893181376
5.74712643678161,1.85396484755568
5.71428571428571,-2.75632094239391
5.71158647812643,-2.15989392422589
5.68181818181818,-3.48774199263634
5.67222897164454,-1.96885511412919
5.64971751412429,-2.66328206649303
5.63314267060136,-3.11492195852339
5.61797752808989,-3.61481452717613
5.59432570616938,-3.29289014499066
5.58659217877095,-3.24264610783798
5.55577622239888,-1.86439360061636
5.55555555555556,-1.78962209949376
5.52486187845304,-3.09266708762074
5.51749237612913,-3.57178078132405
5.49450549450549,-3.44409871860754
5.47947233690029,-3.35691100490414
5.46448087431694,-2.01369077217991
5.44171428686589,-2.579659764725
5.43478260869565,-3.02149561424145
5.40540540540541,-3.50148212073251
5.40421642070592,-3.60691567478461
5.37634408602151,-2.82787663309234
5.36697694554048,0.745172428950771
5.3475935828877,-3.50177283765545
5.32999408084409,-3.51034332421353
5.31914893617021,-2.98843274719185
5.29326605836056,-3.4439458057845
5.29100529100529,-1.87894701346233
5.26315789473684,-3.56337136252723
5.25679112201842,-3.52070390814925
5.23560209424084,-3.21555269742837
5.22056752784698,-2.88780620525916
5.20833333333333,-2.55236152224442
5.18459354389291,-3.62211127397957
5.18134715025907,-3.25644866721695
5.15463917525773,-2.67645140363994
5.14886745013749,-2.94260984977883
5.12820512820513,-2.73346270329993
5.11338753841433,-3.54896273753597
5.10204081632653,-2.89057495549174
5.07815211232767,-2.02171779777812
5.0761421319797,0.399598733609044
5.05050505050505,-3.56678713193311
5.04315948717136,-3.1901279605539
5.0251256281407,-3.01468436378648
5.00840798984821,-2.28268641255327
5,-3.4539751556416
4.97512437810945,-3.06147273652199
4.97389595879006,-1.17007953793778
4.95049504950495,-3.07692366827261
4.93962174387832,-3.02687688536831
4.92610837438424,-1.3438615992904
4.90558370636505,-2.18353741018894
4.90196078431372,-1.35335864727714
4.8780487804878,-3.43296003386667
4.87178021879463,-3.2027545586683
4.85436893203883,1.13813895073277
4.83820966492596,-0.252877221290002
4.83091787439613,-3.01428159735145
4.80769230769231,-3.48168190744372
4.80487043965513,-2.86773096582523
4.78468899521531,-2.15241493648703
4.77176094893875,-2.26764098263423
4.76190476190476,-3.48599586497154
4.739336492891,-3.46691395257146
4.73887960971765,-3.52961999314207
4.71698113207547,-2.78408925800387
4.70622484984128,-3.02359347253083
4.69483568075117,-3.11548910490653
4.67379510799246,-1.95350759656672
4.67289719626168,-2.1469713557925
4.65116279069767,-1.18766951934317
4.64158883361278,-3.60773555224092
4.62962962962963,-3.41682414099698
4.60960448682843,-3.60840714558965
4.60829493087558,-2.2940695798759
4.58715596330275,-0.244930680656675
4.57784053837662,-2.48438421727662
4.5662100456621,-3.11922154527913
4.5462954695324,-3.03736097124509
4.54545454545455,-2.5820354227299
4.52488687782805,-3.34331781913657
4.5149677720361,-2.76803821861098
4.5045045045045,1.31077342566768
4.48430493273543,-1.83741933906189
4.48385594802119,-2.37341489097987
4.46428571428571,-2.44577267514979
4.45295850994265,-2.63607723890059
4.44444444444444,-1.81229844441314
4.42477876106195,-2.98934237415333
4.4222739805059,-3.2524855828302
4.40528634361233,-3.22160291443368
4.39180089259609,-3.57926763080546
4.3859649122807,-3.53851901346512
4.36681222707424,-3.19791123685128
4.361537789208,-3.36224298711449
4.34782608695652,-3.25906623803804
4.3314832233764,1.64015194682124
4.32900432900433,-2.50284363039865
4.31034482758621,-2.60678804788067
4.30163575810679,-2.74515586038076
4.29184549356223,-2.70942364491172
4.27350427350427,-2.98527593531879
4.27199396630678,-3.3149044281828
4.25531914893617,-1.43372330673331
4.24255643071778,-1.48505580890967
4.23728813559322,-2.98620611562104
4.21940928270042,-3.367595709311
4.21332174384729,-3.23707122273738
4.20168067226891,-0.676177233658431
4.18428850790158,-1.74481401568336
4.18410041841004,-1.40435547098432
4.16666666666667,-3.4260475493064
4.15545533471888,-2.51940661768297
4.149377593361,-3.10572017877449
4.13223140495868,-3.26612268232658
4.12682084570295,-2.59273804918781
4.11522633744856,-2.65316426629492
4.09838367175726,-3.46546191730409
4.0983606557377,-3.4691272157376
4.08163265306122,-2.86922557410851
4.07014245321944,-3.51349611060273
4.0650406504065,-3.33987013099236
4.04858299595142,-3.51554297277017
4.04209583979631,-3.59503682762716
4.03225806451613,-2.20078667418307
4.01606425702811,-2.73414411668902
4.01424249049932,-2.3761685578704
4,-2.40041767994442
3.98658107358044,-2.94446233222193
3.98406374501992,-2.40531257593433
3.96825396825397,-2.55447136060537
3.95911026646846,-3.38186809581345
3.95256916996047,-3.54369681677916
3.93700787401575,-2.97050945121249
3.93182875570577,-2.84483177837661
3.92156862745098,-1.69122342821104
3.90625,-3.27336590850042
3.90473523688556,-2.22572298086878
3.89105058365759,-3.1932050192821
3.87782841458946,-1.7895705668116
3.87596899224806,-2.71549759684161
3.86100386100386,-3.14469862757322
3.85110700232557,-3.42481885651731
3.84615384615385,-3.16975018103993
3.83141762452107,-2.35954652309676
3.824569722467,-3.14865978723985
3.81679389312977,-0.39120967434773
3.80228136882129,-2.75860276955161
3.79821530619074,-2.32096286590571
3.78787878787879,-3.54538301922365
3.77358490566038,-2.25351216849394
3.772042493417,2.28114047905537
3.7593984962406,-3.35269811174474
3.74605003274899,-1.42154444029681
3.74531835205992,-2.22488090023382
3.73134328358209,-3.29400274114566
3.72023668141307,-0.558244726838505
3.71747211895911,-2.84837882242708
3.7037037037037,-2.73890098770461
3.6946012051993,-3.08064535584766
3.690036900369,-2.8850021170215
3.67647058823529,-3.05926768696751
3.66914237840249,-3.65997753688516
3.66300366300366,-0.879202735571094
3.64963503649635,-3.50551433549641
3.64385898376355,-1.10877238402962
3.63636363636364,-2.5787997091506
3.6231884057971,-3.016868226206
3.61874981241128,-2.82919640597474
3.6101083032491,-2.3505616999182
3.59712230215827,-2.00903539724826
3.59381366380463,-3.47529883368226
3.584229390681,-2.19078502556335
3.57142857142857,-2.46063823400776
3.56904934567523,-2.17646422165113
3.55871886120996,-2.7029898450741
3.54609929078014,-2.85307403757649
3.54445567397043,-1.06287715495902
3.53356890459364,-3.46948145199122
3.52112676056338,-1.6975089258495
3.52003147279668,-3.16197001091806
3.50877192982456,-3.66320902744171
3.4965034965035,-2.27418202550616
3.49577557436328,-3.50265507677879
3.48432055749129,-3.01269131180579
3.47222222222222,-3.57491873059042
3.47168681892656,-3.29224399779344
3.46020761245675,-3.58390282648495
3.44827586206897,-3.08309222914333
3.44776405473446,-2.84398513801592
3.43642611683849,-2.85310580900382
3.42465753424658,-2.69560909912017
3.42400613797142,-1.14689735879277
3.41296928327645,-3.38205895502285
3.40136054421769,-3.24216542905607
3.40041193270371,-2.55259832359509
3.38983050847458,-2.97537052319184
3.37837837837838,-0.37746785616353
3.37698031082509,-2.76955324888213
3.36700336700337,-3.0808847205068
3.35570469798658,-2.27473198184769
3.35371015200293,-2.87345703484287
3.34448160535117,0.955939901322172
3.33333333333333,-3.07215475278822
3.33060034362459,-3.42528102735649
3.32225913621262,-2.96110989891316
3.3112582781457,-1.33341377999313
3.30764978074424,-3.56082547378126
3.3003300330033,-3.21330658047072
3.28947368421053,-3.29529018574812
3.28485736603004,-3.25487628489982
3.27868852459016,-3.41731359996107
3.26797385620915,-3.44435384213225
3.26222200971167,-3.27776462779102
3.25732899022801,-2.06313107960902
3.24675324675325,-3.55369138522154
3.2397426295282,-3.63885388137016
3.23624595469256,-3.47564250245749
3.2258064516129,-1.79092051199903
3.21741815067637,-3.00728637931844
3.21543408360129,-2.72093100478765
3.20512820512821,-0.344119810979133
3.19524750575921,-2.04689792352751
3.19488817891374,-1.87213738717027
3.18471337579618,-2.20259833997697
3.17460317460317,-3.65426504456841
3.17322963473498,-3.05149588806968
3.16455696202532,-2.28289168541151
3.15457413249211,-1.91033653428543
3.15136348486648,-2.76669402287721
3.14465408805031,-2.33039408610243
3.13479623824451,-1.38894888168899
3.12964801067075,-1.95385441173802
3.125,-3.64842048452017
3.11526479750779,-3.55613106587149
3.10808217386906,-3.56144252733555
3.1055900621118,-2.87772396969153
3.09597523219814,-2.85668323107525
3.08666494333727,-3.24120846938872
3.08641975308642,-3.43362867287199
3.07692307692308,-2.48707175471328
3.06748466257669,-1.4017575699821
3.06539529505653,-3.36132409670308
3.05810397553517,-3.07813407380926
3.04878048780488,-3.61309049879248
3.0442722120643,-3.44300467193893
3.03951367781155,-2.94571172069457
3.03030303030303,-3.20295087998265
3.02329468440578,-3.01537269883841
3.02114803625378,-1.98555227620555
3.01204819277108,-2.79474596692911
3.003003003003,-3.32925282548428
3.00246170908555,-2.37759270064783
2.9940119760479,-3.47802474771869
2.98507462686567,-3.10769974355442
2.98177229001967,-3.35235964964037
2.97619047619048,-2.04442461886147
2.9673590504451,-3.57904376507859
2.96122543798803,-2.81585322540975
2.9585798816568,-3.65487105974814
2.94985250737463,-2.22859150281838
2.94117647058824,-1.69677469429235
2.94082017058706,-2.39625093036808
2.93255131964809,-3.1361737468673
2.92397660818713,-3.1124452043026
2.92055551218275,-3.05906344037866
2.91545189504373,1.77416390464392
2.90697674418605,-3.33581751551047
2.90043049386399,-3.34020711596177
2.89855072463768,-3.43084693058939
2.89017341040462,-3.03267716188507
2.88184438040346,-3.47222613780904
2.8804441533963,-3.38817760689106
2.8735632183908,-2.79343997828642
2.86532951289398,-2.93665836864345
2.86059553517574,-2.88749112686396
2.85714285714286,-3.27973655794009
2.84900284900285,-3.35970934696222
2.84090909090909,-3.05558168629103
2.8408836901833,-3.10498217440563
2.8328611898017,-3.57151206303878
2.82485875706215,-3.18934155959756
2.82130767593947,-3.11475595197707
2.8169014084507,0.503081863875185
2.80898876404494,-3.51888460523441
2.8018665564592,-3.13636752397211
2.80112044817927,-2.883810166585
2.79329608938547,-1.33513989349405
2.78551532033426,-3.66168699731859
2.78255940220712,-3.36467416735062
2.77777777777778,-2.78219001701678
2.77008310249307,-2.68101923248629
2.76338529005317,-3.43938591811617
2.76243093922652,-2.69167773799451
2.75482093663912,-1.65705725024101
2.74725274725275,-3.58421361584156
2.74434330322836,-3.14800077620715
2.73972602739726,-3.17907590545029
2.73224043715847,-1.245247968995
2.72543253128103,-3.12459088992382
2.72479564032698,-1.16803883677018
2.71739130434783,-3.46401535805237
2.710027100271,-2.87364678602527
2.70665207003324,-3.52154964604618
2.7027027027027,-3.22909188290158
2.69541778975741,-3.0879950850706
2.68817204301075,-0.300462848598992
2.68800102153761,0.497564307283672
2.68096514745308,-2.36944336780943
2.67379679144385,-2.49778407849736
2.66947849403432,-2.10133505062638
2.66666666666667,1.79260696551198
2.65957446808511,-2.67449247934665
2.6525198938992,-3.06134706076407
2.65108360190854,-2.84515935084876
2.64550264550265,-2.83349755819107
2.63852242744063,-2.58938567284828
2.63281546564802,-1.02334601646369
2.63157894736842,-1.40248367987455
2.6246719160105,-3.46223127841089
2.61780104712042,-3.58261764231626
2.61467321180109,-3.21426964654652
2.61096605744125,-3.45239850523431
2.60416666666667,-2.0743947690017
2.5974025974026,-3.36005995939039
2.59665597293487,-2.47606851874037
2.59067357512953,-3.26647603852292
2.58397932816537,-3.45199687353617
2.5787628875938,-3.64094075932636
2.57731958762887,-2.99229868755433
2.5706940874036,-3.4887479923954
2.56410256410256,-1.53286504837449
2.56099310025846,-3.5917948934064
2.55754475703325,-2.67342184093406
2.55102040816327,0.263476891184969
2.54452926208651,-2.76659655334314
2.54334576130465,-2.74449078040883
2.53807106598985,-2.63632257903746
2.53164556962025,-3.01263399586632
2.52582002696278,-3.11469668009839
2.52525252525253,-3.61748708793665
2.51889168765743,-3.34881146123974
2.51256281407035,-3.37713195853318
2.50841505927754,-1.77935194229756
2.5062656641604,-3.1812275558302
2.5,-3.04671822231888
2.49376558603491,-2.6593863180888
2.49113002606779,-0.774823439982366
2.48756218905473,-2.48120776098964
2.48138957816377,-2.10731660018511
2.47524752475248,-3.09406343478859
2.47396410088681,-3.27657411590747
2.46913580246914,-3.40811733699963
2.46305418719212,-3.61630710410862
2.45700245700246,-1.68363593446331
2.45691646298279,-1.24921579969317
2.45098039215686,-3.5407222616905
2.44498777506112,-3.66048588950216
2.43998629725955,-3.53421973191235
2.4390243902439,-3.41392099704974
2.4330900243309,-2.91692335905578
2.42718446601942,-3.28573781991779
2.4231727942376,-3.46391889739568
2.42130750605327,-3.56927396913151
2.41545893719807,-2.36439338359436
2.40963855421687,-2.99062505297381
2.40647515001542,0.0526418900692152
2.40384615384615,-1.77349966054758
2.39808153477218,-3.19750884234089
2.39234449760766,-3.07317729677645
2.38989256623105,-3.26520828641484
2.38663484486874,-2.72743558534217
2.38095238095238,-1.18212903082518
2.37529691211401,-3.37661334286492
2.37342425002387,-3.33060508607694
2.3696682464455,-3.36833906517325
2.36406619385343,-3.05453372636147
2.35849056603774,-2.56024610899403
2.35706941399673,-3.59513924424869
2.35294117647059,-3.27278744873551
2.34741784037559,-3.51541824100361
2.34192037470726,-2.56164022180952
2.34082727617829,-2.9456447651775
2.33644859813084,-0.469005449403492
2.33100233100233,-1.37284553179127
2.32558139534884,-3.28876518596338
2.32469705998565,-3.14691481941919
2.32018561484919,-2.45697510135626
2.31481481481481,-3.22283642171034
2.3094688221709,-2.16280993528529
2.30867799418717,-1.64630460127328
2.30414746543779,-3.04108654856123
2.29885057471264,-2.21271968684989
2.29357798165138,-1.59655336601737
2.29276931286565,-2.83836949870008
2.2883295194508,-2.73556232777231
2.28310502283105,-3.11642475977355
2.27790432801822,-2.98471299843639
2.27697025538168,-2.67052136204795
2.27272727272727,-3.63808143826391
2.26757369614512,-3.28200995968752
2.26244343891403,-3.39168894596922
2.26128006633728,-2.33548836847983
2.25733634311512,-2.49990366953612
2.25225225225225,-2.73820708656929
2.24719101123596,-3.07054117953971
2.24569799553977,-3.41721158144234
2.24215246636771,-3.03889969857799
2.23713646532438,-2.41585541087958
2.23214285714286,-3.23047349823291
2.23022329796594,-3.59181184489212
2.2271714922049,-0.464763230583183
2.22222222222222,-3.12832529693822
2.21729490022173,-2.32071925121873
2.21485523372636,-1.64166094717255
2.21238938053097,-2.9015241890891
2.2075055187638,-2.93951457454646
2.20264317180617,-2.13364199788343
2.19959306803007,-2.52807636963238
2.1978021978022,-2.66385810962411
2.19298245614035,-1.91473927453397
2.18818380743982,-3.65111796545791
2.18443607114943,-1.38451877261049
2.18340611353712,-2.85535680422584
2.17864923747277,-2.49105091517897
2.17391304347826,-1.04947484227365
2.16938351838518,-3.49844426603495
2.16919739696312,-3.42294691161082
2.16450216450216,-2.99785022581649
2.15982721382289,-3.01215508992457
2.1551724137931,-3.53716095291504
2.15443469003188,-2.66705837588988
2.1505376344086,-2.78723235370226
2.14592274678112,-3.51596485566572
2.14132762312634,-3.30049189131112
2.13958887134342,-2.91808018657819
2.13675213675214,-0.373302140297379
2.13219616204691,-3.50245225263894
2.12765957446809,-2.48306766932596
2.12484535249888,-3.62685616547104
2.12314225053079,-2.33206194608335
2.11864406779661,-3.50727668652886
2.11416490486258,-2.13181088533299
2.1102034285686,-3.34832653057888
2.10970464135021,-3.37812979908393
2.10526315789474,-3.5395467122767
2.10084033613445,-2.85456840058064
2.09643605870021,-1.36547739351995
2.09566239948043,-2.67190096001466
2.09205020920502,-3.3987597267084
2.08768267223382,-0.844099495126538
2.08333333333333,-3.31348848617254
2.08122156998634,-1.53555027264623
2.07900207900208,-2.97740973690478
2.0746887966805,-3.64034719427623
2.0703933747412,-3.33594684376642
2.06688024962908,-3.22595719811919
2.06611570247934,-2.46312931340226
2.06185567010309,-2.25810732547636
2.05761316872428,-3.39815826265216
2.05338809034908,-2.04953520459962
2.05263775270925,-2.77530079679944
2.04918032786885,-2.83560919207933
2.04498977505112,-3.20310907907629
2.04081632653061,-3.57741258641736
2.03849339825246,-3.59538450180282
2.03665987780041,-3.57114905981264
2.03252032520325,-1.96053931559559
2.02839756592292,-3.40753425424974
2.0244465099768,-1.86263942892931
2.02429149797571,-1.58196537819482
2.02020202020202,-2.5822957910277
2.01612903225806,-3.04966419598854
2.01207243460765,-3.26590091775254
2.0104964162605,-2.30008222731886
2.00803212851406,-2.72743312054477
2.00400801603206,-3.2914575535229
2,-3.45481754991665
1.99664245010979,-3.19808718023831
1.99600798403194,-3.19056504655428
1.99203187250996,-3.10877774296496
1.98807157057654,-3.65615761692815
1.98412698412698,-2.54354841399883
1.98288394912707,-3.46864806891038
1.98019801980198,-3.4518099412411
1.97628458498024,-3.48643164632063
1.9723865877712,-2.84313483025148
1.96922025547917,-3.25750647723829
1.96850393700787,-2.59463857161786
1.96463654223969,-2.52448074429868
1.96078431372549,-3.50194715290466
1.95694716242661,-3.51160877692218
1.95565071586595,-3.14014444104371
1.953125,-3.13024449856588
1.94931773879142,-1.87659576703079
1.94552529182879,-3.31781724749929
1.94217468148903,-2.56651228814227
1.94174757281553,-1.82836829164675
1.93798449612403,-3.5251094366725
1.93423597678917,-3.38496551294655
1.93050193050193,-3.28977200046138
1.92879150802078,-3.31166176437993
1.92678227360308,-3.22800931657882
1.92307692307692,-3.20520518126376
1.91938579654511,-0.96144093194179
1.91570881226054,-3.33832815430385
1.91550055557353,-3.65353808774928
1.91204588910134,-2.73942895916589
1.90839694656489,-1.63266678171434
1.9047619047619,-3.61300113687512
1.90230118866894,-3.11574740056336
1.90114068441065,-3.47768528969983
1.89753320683112,-2.24018658369986
1.89393939393939,-3.49117625744067
1.89035916824197,-2.95995034854628
1.88919277620767,-3.56116645714631
1.88679245283019,-1.33515638164202
1.88323917137476,-3.32939181868393
1.8796992481203,0.696352817272659
1.87617469143912,-2.48214463620844
1.87617260787992,-2.48921953417455
1.87265917602996,-3.4498656944613
1.86915887850467,-3.63232463133779
1.86567164179104,-3.51916657366483
1.86324631193156,-3.1091797346673
1.86219739292365,-2.58605472302845
1.85873605947955,-2.61338256065504
1.85528756957328,-2.98767878699304
1.85185185185185,-2.3161856668844
1.8504070195423,-3.29507128908686
1.84842883548983,-1.85511257150032
1.8450184501845,-2.82646854632277
1.84162062615101,-3.54811579559564
1.83823529411765,-1.09236911221226
1.83765620038817,-3.55521467972958
1.8348623853211,-3.02414594021742
1.83150183150183,-3.57057628096991
1.82815356489945,-1.76802071338569
1.82499324481615,-3.02086855358614
1.82481751824817,-3.254975282231
1.82149362477231,-2.07540285398697
1.81818181818182,-3.10395799840604
1.81488203266788,-2.45950705917972
1.81241754737424,-3.00968034246351
1.81159420289855,-3.65296428322555
1.80831826401447,-2.67681727176206
1.80505415162455,-3.26666344297468
1.8018018018018,-3.07366175195839
1.79992850678248,-0.301332783105958
1.79856115107914,-2.75416762939754
1.79533213644524,-2.77844423289933
1.7921146953405,-2.52108716982188
1.78890876565295,-3.6126335629212
1.78752552590424,-2.45297173335326
1.78571428571429,-3.56114671240551
1.7825311942959,-3.06153908886189
1.77935943060498,-2.95695705565732
1.77619893428064,-3.35827893313499
1.77520801171763,-3.37481508806602
1.77304964539007,-2.79152135072077
1.76991150442478,-3.25944168402539
1.76678445229682,-2.91588115614446
1.7636684303351,-1.44265511770264
1.76297537528721,-3.61275628317524
1.76056338028169,-3.2835017649965
1.75746924428822,-2.17919534719324
1.75438596491228,-2.68806289521104
1.75131348511384,-2.27199405806233
1.75082703173572,-3.4226700869997
1.74825174825175,-1.05007725883616
1.74520069808028,-2.11758523167991
1.74216027874564,-3.02373774551348
1.73913043478261,-3.62116716812293
1.73876240021625,-3.33490374232893
1.73611111111111,-1.7471997765072
1.73310225303293,-3.35444432440006
1.73010380622837,-1.91952774909724
1.72711571675302,-3.16657765693715
1.72678090388436,-3.58716794266668
1.72413793103448,-1.88891045728267
1.72117039586919,-3.53262741181605
1.71821305841924,-2.71621273323985
1.71526586620926,-3.53172980834388
1.71488196987054,-2.81958598654951
1.71232876712329,-2.91476991904075
1.70940170940171,-1.1785815892352
1.70648464163823,-3.49504713524719
1.70357751277683,-3.45412968485156
1.70306502925284,-3.04913013120638
1.70068027210884,-3.48083645619986
1.69779286926995,-1.15116471040455
1.69491525423729,-2.82600430590217
1.69204737732657,-3.58992410075028
1.69132951702965,-2.80680440338629
1.68918918918919,-3.52945487677361
1.68634064080944,-2.87859316420339
1.68350168350168,-3.35282622472816
1.68067226890756,-1.25008824984352
1.67967487209265,-2.81898282714279
1.67785234899329,-1.81877113537031
1.6750418760469,0.0810395246206683
1.67224080267559,-2.17828666055699
1.669449081803,-2.41594781594319
1.66810053720006,-1.74531151145221
1.66666666666667,-2.90351531304453
1.66389351081531,-3.03334308414044
1.66112956810631,-0.876523995181326
1.65837479270315,-3.05342957718882
1.65660595894991,-3.51146036068719
1.65562913907285,-2.9786477295092
1.65289256198347,-3.29917335504715
1.65016501650165,-3.03145093362302
1.64744645799012,-2.87053328497761
1.64519058775366,-3.1877666293836
1.64473684210526,-0.876887057642828
1.64203612479475,-3.36537860649941
1.63934426229508,-2.40377668294051
1.6366612111293,-2.88258253699923
1.63398692810458,-3.60026089813057
1.63385387780986,-1.97290487794678
1.63132137030995,-3.3881478602082
1.62866449511401,-2.64643523184641
1.6260162601626,-3.44807377865093
1.62337662337662,-3.31481917581827
1.62259528707809,-3.60901469453214
1.62074554294976,-3.43171650114858
1.61812297734628,-2.92788462832034
1.61550888529887,-3.37385507495334
1.61290322580645,-2.43778949242421
1.61141427725302,-1.14492126037878
1.61030595813205,-3.12077184528142
1.60771704180064,-3.52582850965488
1.60513643659711,-2.26637447879234
1.6025641025641,-2.96294086240543
1.6003103137387,-3.24146948369882
1.6,2.30046380434685
1.59744408945687,-1.87845046515941
1.59489633173844,-0.948210885829023
1.59235668789809,0.223471055957437
1.58982511923688,-3.49000846239634
1.58928286562298,-2.40354639300956
1.58730158730159,-2.84732928124266
1.58478605388273,-2.50852937766605
1.58227848101266,-3.18198689940847
1.57977883096367,-2.87330229096359
1.57833140565212,-2.05153874819429
1.57728706624606,-0.624683388610218
1.5748031496063,-2.34143468587792
1.57232704402516,-3.02952153530763
1.56985871271586,-1.16702303756464
1.5674554102056,-3.5171068567633
1.56739811912226,-3.18217962179001
1.56494522691706,-2.78337030197441
1.5625,-3.28038964331985
1.5600624024961,-3.61608468758534
1.55763239875389,-3.2085842272538
1.55665435927106,-2.26357971748582
1.5552099533437,-2.6143119724236
1.5527950310559,-3.35304877887922
1.55038759689922,-2.46757760468416
1.54798761609907,-1.48869386872736
1.54592773641948,-2.66053599943798
1.54559505409583,-2.81264310504782
1.54320987654321,-3.26720936828702
1.54083204930663,-3.10355725340339
1.53846153846154,-2.24108796292095
1.53609831029186,-2.66548148947465
1.53527502878042,-1.34193942568693
1.53374233128834,-2.86010916804507
1.53139356814701,-3.4978572471078
1.52905198776758,-2.39764907613347
1.52671755725191,-2.92845367970402
1.52469572701757,-2.21997181111358
1.52439024390244,-3.49297114574146
1.5220700152207,-1.62542494159232
1.51975683890577,-2.47970496410793
1.51745068285281,-2.32209097989944
1.51515151515152,-1.08647815631091
1.51418932530435,-2.69565874246545
1.51285930408472,-0.837074409275156
1.51057401812689,-3.09532061602151
1.50829562594268,-2.32858431019197
1.50602409638554,-2.84311332472269
1.50375939849624,-3.30182696333635
1.50375532129974,-3.32153634073303
1.5015015015015,-2.74864205731607
1.49925037481259,-2.03145342163669
1.49700598802395,-3.56302463251968
1.49476831091181,-2.94877745027029
1.49339321612425,-1.22840245565835
1.49253731343284,-3.29273414919613
1.4903129657228,-3.57137517734257
1.48809523809524,-3.45876550155544
1.48588410104012,-2.76423642010901
1.48367952522255,-1.90277086654371
1.4831025143361,-1.69842442945351
1.48148148148148,-3.26887414413788
1.4792899408284,-3.16091983491161
1.47710487444609,-2.07532434287837
1.47492625368732,-2.91090611986207
1.4728827239075,-2.65580205790051
1.47275405007364,-3.06380622922752
1.47058823529412,-3.58201759178588
1.46842878120411,-1.69695963853475
1.46627565982405,-1.22141256283758
1.46412884333821,-1.21395464487112
1.46273335620113,-2.07651184199811
1.46198830409357,0.617337931298398
1.45985401459854,-2.73619378381145
1.45772594752187,-2.72773998952679
1.45560407569141,-1.92720426417282
1.45348837209302,0.631135511413892
1.45265392594678,-2.98890400298297
1.45137880986938,-1.86837794710773
1.44927536231884,-0.0392544450829844
1.44717800289436,-3.39878872331887
1.44508670520231,-3.63096000012932
1.44300144300144,-2.17116199316181
1.44264395121816,-0.906665779407528
1.44092219020173,-3.58995855773851
1.43884892086331,-2.10142827584785
1.4367816091954,-3.35952217587073
1.43472022955524,-3.56038640423618
1.43270295340983,-3.01009788102963
1.43266475644699,-3.21439030569318
1.43061516452074,-2.6862922875559
1.42857142857143,-0.571663684620556
1.4265335235378,0.567212531981075
1.42450142450142,-1.32261882437866
1.42283045721435,-0.581744614399279
1.42247510668563,-3.51387910585354
1.42045454545455,-0.80827064016746
1.41843971631206,-1.76086424360413
1.41643059490085,-2.92181651577281
1.41442715700141,-0.997433113472748
1.41302599059953,-1.66895350417202
1.41242937853107,-1.59841296801373
1.41043723554302,-2.84089819045367
1.40845070422535,-2.93802828219934
1.40646976090014,-3.20654733896647
1.40449438202247,-3.08222969348538
1.40328908478587,-1.99518978545147
1.40252454417952,-3.08599090096605
1.40056022408964,-3.05990353605859
1.3986013986014,-3.40075623635907
1.39664804469274,-2.12071038911635
1.39470013947001,-3.153294747531
1.39361927422414,-1.38325402358479
1.39275766016713,-3.20261331370049
1.39082058414465,-1.67256189476903
1.38888888888889,-3.53728717106012
1.3869625520111,-3.06812829383359
1.38504155124654,-3.20951791306136
1.38401609657313,-1.46161807767144
1.38312586445367,-1.90266741925491
1.38121546961326,-3.23700087018757
1.37931034482759,-3.32675926423094
1.37741046831956,-3.64729834108222
1.37551581843191,-0.928276102422426
1.37447909267754,-3.03501642974579
1.37362637362637,-3.02937508510883
1.37174211248285,-3.52472353715616
1.36986301369863,-1.86157598940637
1.36798905608755,-3.44017475496751
1.36612021857923,-3.49241701446608
1.36500780654601,0.0333460294719616
1.36425648021828,-2.92482877481855
1.36239782016349,-3.41589287296001
1.36054421768707,-0.819779249666747
1.35869565217391,-3.58742686047897
1.35685210312076,-3.02760981380292
1.35560178532937,2.16890648331587
1.3550135501355,1.58491477181243
1.3531799729364,-3.32193851557455
1.35135135135135,-3.18489501120537
1.34952766531714,-3.08749853641212
1.34770889487871,-2.10290547550225
1.34626057929891,-3.02573141597481
1.34589502018843,-2.31763634458381
1.34408602150538,-2.60217194006504
1.34228187919463,-1.11801598919559
1.34048257372654,-3.58542945686245
1.33868808567604,-2.72951671566913
1.33698374182495,-2.50171071980146
1.33689839572193,-3.0027591260973
1.33511348464619,-3.1270738685116
1.33333333333333,-3.17354158813334
1.33155792276964,-2.77930568416663
1.32978723404255,-3.52077789836677
1.32802124833997,-2.75123446666704
1.32777082935543,-3.02112880743534
1.3262599469496,-2.26102007211939
1.32450331125828,-1.97903878999325
1.32275132275132,-3.25310893006293
1.32100396301189,-2.91914980996553
1.31926121372032,-3.45294931513994
1.31862140139475,-2.96635708400937
1.31752305665349,-3.5857895279113
1.31578947368421,-3.50148095339965
1.31406044678055,-1.28651633607752
1.31233595800525,0.0187175554596211
1.31061598951507,-2.85971412143329
1.30953502048267,-0.735470635998534
1.30890052356021,1.551242368189
1.30718954248366,-0.223173536649209
1.30548302872063,-2.7635961879787
1.30378096479791,-1.61487828913034
1.30208333333333,-2.37294927773045
1.30051125217341,-0.93325134710643
1.30039011703511,-3.04112140719634
1.2987012987013,-2.31586409422065
1.2970168612192,-2.28394715097853
1.29533678756477,-3.52370586379372
1.29366106080207,-2.6416860544454
1.29198966408269,-2.98371663296633
1.29154966501488,-2.83496166373898
1.29032258064516,-3.4614057154644
1.28865979381443,-2.39762429094447
1.28700128700129,-2.80808642091271
1.2853470437018,1.59785018697459
1.28369704749679,-3.12003347290173
1.28264983052806,-3.51918379564277
1.28205128205128,-2.10987957246929
1.28040973111396,-3.53151191281163
1.27877237851662,-2.05796746446428
1.27713920817369,-2.09200396780538
1.27551020408163,-3.15038276455383
1.27388535031847,-0.352757488673727
1.27381132318648,-1.43754704865325
1.27226463104326,-2.88742849296174
1.27064803049555,-2.28475220528427
1.26903553299492,-2.94374287296933
1.26742712294043,-3.52066069575782
1.26582278481013,-3.33691692178815
1.2650337203959,-3.57563493809586
1.26422250316056,0.505932081488472
1.26262626262626,-3.2242302303582
1.26103404791929,-2.16511283241614
1.25944584382872,-1.16003221436084
1.25786163522013,-3.4063240424317
1.25631660247412,-0.91995499441155
1.25628140703518,-0.427709136638991
1.25470514429109,0.622337717225794
1.2531328320802,-2.70216331513556
1.25156445556946,-2.12230509594054
1.25,-3.07176603610913
1.24843945068664,-3.39059107609075
1.24765955263087,-0.544666098988567
1.24688279301746,-3.33720848027378
1.2453300124533,0.0728823114277946
1.24378109452736,-1.7931134702821
1.24223602484472,-3.5926075199015
1.24069478908189,-2.83111192314187
1.23915737298637,-3.44386081045276
1.23906215694792,-3.37041363743658
1.23762376237624,-2.34099514060396
1.23609394313968,-3.58095472267844
1.23456790123457,-3.61485326233641
1.23304562268804,-1.79552999872812
1.23152709359606,-2.29890558376335
1.23052400435926,-3.35504988601205
1.230012300123,-3.44613085321206
1.22850122850123,-2.63399910248078
1.22699386503067,-3.3113609238007
1.22549019607843,-2.62120758107666
1.22399020807834,-3.5924419388195
1.22249388753056,-3.54016956149858
1.22204468663149,-3.25838344332727
1.22100122100122,-2.52436859019745
1.21951219512195,-2.39428912364006
1.21802679658952,-3.2792533053139
1.21654501216545,-3.30052828454991
1.21506682867558,-2.35407937316669
1.21362379834424,-3.65153031721909
1.21359223300971,-3.65756383062144
1.21212121212121,-2.0493388769387
1.21065375302663,-0.281939630519797
1.20918984280532,-3.33517034825503
1.20772946859903,-3.04949439194258
1.20627261761158,-1.92315025449021
1.20526093687084,-2.87058777409733
1.20481927710843,-3.07249347386086
1.20336943441637,-0.495986586357996
1.20192307692308,-2.90845474707948
1.20048019207683,-2.4819673521947
1.19904076738609,-2.26469940272512
1.19760479041916,-3.58721230231962
1.19695570235904,0.145154289674868
1.19617224880383,-3.49328838170144
1.194743130227,-2.03886883460235
1.19331742243437,-2.27763117661255
1.19189511323004,-1.80769418858444
1.19047619047619,-2.77900141058656
1.18906064209275,-2.65264981178542
1.1887076977119,-0.977007100343807
1.18764845605701,-1.79342059288553
1.18623962040332,-1.31790776947023
1.18483412322275,-3.63044011818696
1.18343195266272,-1.90658016730562
1.18203309692671,-1.61598212913499
1.18063754427391,-3.20061232232832
1.18051652856881,-3.50714664041403
1.17924528301887,0.198032742417145
1.17785630153121,-3.59134617711519
1.17647058823529,-2.99624611907047
1.17508813160987,-3.4625456211108
1.17370892018779,-1.67857119475333
1.1723818032866,-1.97211271292376
1.17233294255569,-1.45960808197308
1.17096018735363,-2.52356557046026
1.16959064327485,-1.95777177425689
1.16822429906542,-1.09172414631977
1.16686114352392,0.282287728472558
1.16550116550117,-3.09679776572879
1.16430313292088,-3.09427046133821
1.16414435389988,-0.831105412475305
1.16279069767442,-1.47928197208408
1.16144018583043,-3.26685427807804
1.16009280742459,-3.30986910837604
1.15874855156431,-3.01020341678399
1.15740740740741,-1.53866210676012
1.15628013120738,-1.60990751208829
1.15606936416185,-1.33625167812438
1.15473441108545,-3.6369797282207
1.15340253748558,-1.36095024734997
1.15207373271889,-3.45846970518569
1.15074798619102,-2.86748724393994
1.14942528735632,-3.44617887735161
1.14831241454351,-2.58586513828173
1.14810562571757,-2.86459020075933
1.14678899082569,-1.74507756231507
1.1454753722795,-3.3065211770053
1.1441647597254,-2.96660319381923
1.14285714285714,-2.62228383185221
1.14155251141553,-3.30681612513207
1.14039960197003,-1.95705289621248
1.14025085518814,-1.40573355484978
1.13895216400911,-3.45452353757399
1.13765642775882,-2.37882944219752
1.13636363636364,-1.323640651128
1.13507377979569,-3.51585737494313
1.13378684807256,-2.35121926926997
1.13254131515281,-1.90237438884507
1.13250283125708,-1.93136341276307
1.13122171945701,-2.36782400261118
1.12994350282486,-3.64268779036358
1.12866817155756,-3.61940889134398
1.12739571589628,-1.56355089463564
1.12612612612613,-3.12923762397217
1.12485939257593,-2.68811824799907
1.12473717836475,-3.32314584231299
1.12359550561798,0.586327977097473
1.12233445566779,-3.02073476724977
1.12107623318386,-3.37795512830688
1.11982082866741,-3.32206782245033
1.11856823266219,-3.63762707709314
1.11731843575419,-1.62102364334352
1.11698681846782,-3.31142733076667
1.11607142857143,-2.96508559931949
1.11482720178372,-3.23387925441618
1.11358574610245,-3.56165081086895
1.11234705228031,-2.63476585524942
1.11111111111111,-2.83176741111263
1.10987791342952,-2.87444425982049
1.10928986489522,-1.16020708377776
1.10864745011086,-1.72159069814263
1.10741971207087,-3.08741605691811
1.10619469026549,-0.710027914180141
1.10497237569061,-3.08098613910463
1.1037527593819,0.038715676884995
1.10253583241455,1.67651321851252
1.10164594963366,-2.55821894831804
1.10132158590308,-3.3078137419031
1.1001100110011,-2.77072450123252
1.0989010989011,-3.58932049837879
1.09769484083425,-3.30514822988833
1.09649122807018,-3.35224126244757
1.09529025191676,-1.26641631057289
1.09409190371991,-3.23022994983638
1.09405470720574,-3.22953319749221
1.09289617486339,-1.82608618287615
1.09170305676856,-0.883399582958599
1.09051254089422,-3.41621265012345
1.08932461873638,-2.37842666295956
1.08813928182807,-2.80604582010362
1.08695652173913,-0.957987157346206
1.08651577465254,-1.67368088671288
1.085776330076,-3.33121197951301
1.08459869848156,-3.5020310791731
1.08342361863489,-3.57673319703953
1.08225108225108,-2.70178730276545
1.08108108108108,-2.4564517626005
1.07991360691145,-2.85089985874161
1.07902879151618,-3.62522402124396
1.07874865156419,-3.30661663054344
1.07758620689655,-1.56954349534352
1.07642626480086,-2.26131704896384
1.0752688172043,-1.56462818037245
1.07411385606874,-3.64661986831934
1.07296137339056,-3.41807642335952
1.07181136120043,0.821645027860503
1.07159339982267,-3.27965933261866
1.07066381156317,-0.57311228717064
1.06951871657754,-2.9835355004961
1.06837606837607,0.289285447207665
1.06723585912487,-2.00360608821817
1.06609808102345,-3.44017144179763
1.06496272630458,-3.17601889240931
1.06420924406472,-2.49924750144627
1.06382978723404,-2.71214692457319
1.06269925611052,-1.27664157526679
1.06157112526539,-2.94484895411103
1.06044538706257,-1.37819637624137
1.0593220338983,-0.785951085341206
1.05820105820106,-3.02532391938915
1.05708245243129,-3.48924402997305
1.0568759711848,-3.55479236489988
1.05596620908131,-2.88150333117879
1.05485232067511,-2.65170257830256
1.05374077976818,-2.67628040976545
1.05263157894737,-3.1495377489844
1.0515247108307,-3.45923348608279
1.05042016806723,-3.01506754731754
1.04959323055823,-3.61358613698139
1.04931794333683,-0.890524738075309
1.0482180293501,-3.44379782996306
1.04712041884817,-2.92160322170254
1.04602510460251,-0.840168915101269
1.04493207941484,-3.39377001415839
1.04384133611691,-3.66179913913781
1.04275286757039,-2.49799241804017
1.0423606739764,-3.29759623665582
1.04166666666667,1.75545182310937
1.04058272632674,-1.07048243887071
1.03950103950104,-3.26698688626159
1.03842159916926,-0.636784775934767
1.03734439834025,-2.19835574288173
1.03626943005181,-2.19394314054856
1.0351966873706,-3.34077232308438
1.03517795563018,-2.88300135315627
1.03412616339193,-3.08850394866895
1.03305785123967,-2.48815488490113
1.03199174406605,-3.20953053634654
1.03092783505155,-3.23032629797479
1.02986611740474,-3.12104481982079
1.02880658436214,-3.28533951165589
1.02804473209331,-3.4680308972424
1.02774922918808,-1.58709722412355
1.02669404517454,-2.86696543820345
1.02564102564103,-3.38017613635541
1.02459016393443,-2.95887690313962
1.02354145342886,-3.04764882821852
1.02249488752556,-2.98772237356168
1.02145045965271,-2.61599670510493
1.02096066230605,-3.05916934843027
1.02040816326531,-3.25850089841797
1.01936799184506,-3.52236561025354
1.0183299389002,-3.36161632205157
1.01729399796541,-3.44159223248156
1.01626016260163,-2.64357825887513
1.01522842639594,-2.0029459888003
1.01419878296146,-3.20121828123227
1.01392540755882,-3.57044646239749
1.01317122593718,-3.40476017988773
1.01214574898785,-3.17592826978126
1.01112234580384,-1.52964488894384
1.01010101010101,-2.26336637390385
1.00908173562059,-2.52699521065683
1.00806451612903,-1.85162385674631
1.00704934541793,-0.168568952853444
1.00693863147603,-3.35775625868937
1.00603621730382,-1.34718892068308
1.00502512562814,-3.36411660829286
1.00401606425703,-2.76326766712053
1.00300902708124,1.5650039005398
1.00200400801603,-2.72161211859945
1.001001001001,-3.13990654201161
1,1.88827056803622
