"bfp_output.P","bfp_output.logBF"
1000,-0.609000281435025
993.109181374979,-0.483154287804164
986.265846131283,-0.410580944552076
979.46966706954,-0.388214889931286
972.720319245055,-0.410069699000682
966.017479952265,-0.470147862466784
959.360828709315,-0.564997476564097
952.75004724273,-0.694905355257059
946.184819472201,-0.863374448674317
939.66483149547,-1.07505658634555
933.189771573324,-1.3326494260629
926.759330114689,-1.63361636609489
920.373199661823,-1.96794654325385
914.031074875623,-2.3181478184433
907.732652521023,-2.66184859498669
901.477631452492,-2.97602393016508
895.26571259964,-3.24095285143913
889.096598952916,-3.44234316189097
882.969995549409,-3.57132294846592
876.885609458743,-3.62320570555893
870.843149769073,-3.59646316133491
864.842327573172,-3.49318214708351
858.882855954625,-3.32151914772127
852.964449974103,-3.09905768044087
847.086826655741,-2.85384699311599
841.249704973612,-2.61957601680039
835.452805838287,-2.42551850156708
829.695852083491,-2.28767684679282
823.978568452852,-2.20729092618692
818.300681586739,-2.17623753659272
812.661920009195,-2.18424871424623
807.06201411495,-2.22402593702621
801.500696156541,-2.29317988917422
795.977700231499,-2.39289443641583
790.492762269642,-2.52288356148297
785.045620020451,-2.67409689552822
779.636013040523,-2.82629185679501
774.263682681127,-2.95717079519481
768.928372075831,-3.05519550008402
763.629826128224,-3.12218787962224
758.367791499719,-3.16661020239745
753.142016597437,-3.19678349013254
747.952251562182,-3.21761693448503
742.798248256492,-3.22933027321549
737.679760252773,-3.2264944495716
732.596542821523,-3.19829239429584
727.548352919623,-3.13546592470804
722.534949178721,-3.04772507271481
717.556091893692,-2.97049926600148
712.611543011175,-2.93677267583537
707.701066118189,-2.95300631600723
702.824426430835,-3.00929762213211
697.981390783066,-3.09455727466
693.17172761554,-3.19964947585832
688.39520696455,-3.31330201945034
683.651600451024,-3.41643461380924
678.940681269611,-3.47984903429251
674.262224177835,-3.47177003528075
669.616005485322,-3.37562491629198
665.001803043112,-3.20276118892941
660.419396233031,-2.98496544524501
655.868565957143,-2.7561094471669
651.349094627281,-2.54175578491189
646.860766154633,-2.35996504313949
642.40336593942,-2.22530274235292
637.976680860628,-2.14972213541035
633.580499265825,-2.1398541666277
629.214610961035,-2.19467907363095
624.878807200689,-2.30705003015252
620.57288067765,-2.4673939057006
616.296625513294,-2.66490032924629
612.04983724767,-2.88458144064743
607.832312829723,-3.10385516200797
603.643850607587,-3.2936490525691
599.484250318941,-3.42425330243723
595.353313081437,-3.47052052215015
591.250841383188,-3.412709417925
587.176639073326,-3.23702103345966
583.130511352622,-2.9448572660048
579.112264764176,-2.57335903725574
575.121707184161,-2.20564198417913
571.158647812643,-1.93600779649141
567.222897164454,-1.81086842236187
563.314267060136,-1.81610888751483
559.432570616938,-1.91464899011184
555.577622239888,-2.07952410897984
551.749237612913,-2.29828335168529
547.947233690029,-2.55845281555794
544.171428686589,-2.83256324041001
540.421642070592,-3.07733337581915
536.697694554048,-3.2435394469477
532.999408084409,-3.28365254500293
529.326605836056,-3.16034346577016
525.679112201842,-2.86967370584487
522.056752784698,-2.46776155895709
518.459354389291,-2.05616480579458
514.886745013749,-1.7209300914193
511.338753841433,-1.49328647414303
507.815211232767,-1.36616178774723
504.315948717136,-1.32987116845855
500.840798984821,-1.38988781733063
500,-1.42047097296223
497.389595879006,-1.55745997989213
493.962174387832,-1.83021342404352
490.558370636505,-2.18922794988965
487.178021879463,-2.60683154292915
483.820966492595,-3.03975114930118
480.487043965513,-3.41157120956295
477.176094893875,-3.62431404892264
473.887960971765,-3.62101085863254
470.622484984128,-3.43185892454452
467.379510799247,-3.13815276704401
464.158883361278,-2.81237824499494
460.960448682844,-2.50030427152147
457.784053837662,-2.23124474643965
454.62954695324,-2.02472193246886
451.49677720361,-1.89013292941761
448.385594802119,-1.83345421468691
445.295850994266,-1.86922302857097
442.22739805059,-2.01834892044412
439.180089259609,-2.28013250402007
436.153778920801,-2.60263533264189
433.14832233764,-2.9031234405589
430.16357581068,-3.12739241105431
427.199396630678,-3.27352119481317
424.255643071778,-3.36795014348435
421.332174384729,-3.43650147898664
418.428850790158,-3.49327916121519
415.545533471888,-3.54362871404912
412.682084570296,-3.58900800070297
409.838367175726,-3.62601852368253
407.014245321944,-3.64239282991279
404.209583979631,-3.62302023687327
401.424249049932,-3.55740501636715
398.658107358044,-3.42939198777149
395.911026646846,-3.21784424396035
393.182875570577,-2.9393572743637
390.473523688556,-2.6870553696694
387.782841458946,-2.54321264507659
385.110700232557,-2.47303397242173
382.4569722467,-2.35381220462421
379.821530619074,-2.01727068104052
377.2042493417,-1.38338497713449
374.605003274899,-0.820134918334342
372.023668141307,-0.811959947365447
369.46012051993,-1.28694716201449
366.914237840249,-1.91477442990891
364.385898376355,-2.07787811469434
361.874981241128,-0.959512128897056
359.381366380463,0.800650311157104
356.904934567523,1.74375036939721
354.445567397043,1.40730612343028
352.003147279668,-0.0749350272746581
349.577557436327,-1.82769972642096
347.168681892656,-2.71638921664315
344.776405473446,-2.81290493857856
342.400613797142,-2.76628183545697
340.041193270371,-2.68731914135797
337.698031082509,-2.13316890112004
335.371015200293,-0.687167446868226
333.333333333333,1.24334255002647
333.060034362459,1.52815751432768
330.764978074424,3.80596339033629
328.485736603004,4.85763992810592
326.222200971167,3.46701073364357
323.97426295282,0.615855342335199
321.741815067637,-1.57440295741399
319.524750575921,-2.39856420397593
317.322963473498,-1.95868129650718
315.136348486648,-0.554095204442869
312.964801067075,1.02048399473826
310.808217386907,1.85850867975525
308.666494333727,1.78784410817999
306.539529505653,1.1098995704359
304.42722120643,0.342839089178899
302.329468440578,0.25067001079366
300.246170908555,1.38560429035723
298.177229001967,3.24795268502074
296.122543798804,4.05290681378297
294.082017058706,3.08048155960249
292.055551218275,1.72438031904422
290.043049386399,0.832609026903801
288.04441533963,0.0374312669956867
286.059553517574,-0.565283858473843
284.08836901833,0.0602687804797499
282.130767593947,2.1416961593357
280.18665564592,3.78886441574385
278.255940220713,3.26104020159962
276.338529005317,1.01856596105391
274.434330322837,-1.40758218785192
272.543253128103,-2.61370012614277
270.665207003324,-1.47552189015458
268.800102153761,2.21048697751094
266.947849403432,6.87572717003879
264.398832986803,9.99960382312874
263.281546564802,9.02709133177324
261.467321180109,4.56804564473574
259.665597293487,-0.924390701451595
257.87628875938,-3.55890713072618
256.099310025846,-2.6236984472744
254.334576130465,-0.0629785342873204
252.582002696278,2.72697207999262
250.841505927754,5.01410834735997
250,5.58531446495441
249.113002606779,5.36849708606276
247.396410088681,1.61310817674083
245.691646298279,-2.61192938089588
243.998629725955,-3.29963813552599
242.31727942376,-2.51422271875337
240.647515001542,-1.68505343089832
238.989256623105,-1.22473754565218
237.342425002387,-1.56885508892101
235.706941399673,-2.28960263960955
234.082727617829,-1.56211411564321
232.469705998565,0.0844808106724786
230.867799418717,0.800293727962203
229.276931286565,-0.596248413931913
227.697025538168,-2.73498953886515
226.128006633728,-3.24052526207428
224.569799553977,-1.25783818841198
223.022329796594,2.47762863270124
221.485523372636,6.50792643829631
219.959306803008,7.70075718139846
218.443607114943,3.47964358038748
216.938351838519,-1.6295685685048
215.443469003188,-3.33787138302334
213.958887134342,-1.93782420395042
212.484535249888,0.835171800754883
211.02034285686,2.39333136546855
209.566239948043,1.33302276449549
208.122156998634,-0.700040631264907
206.688024962908,-2.36302111976299
205.263775270925,-2.9096770109915
203.849339825246,-2.63236053941055
202.44465099768,-2.59955585785529
201.04964162605,-3.12756495499793
200,-3.47027131178181
199.664245010979,-3.53391032677414
198.288394912707,-3.55674105114427
196.922025547917,-3.39179252979242
195.565071586595,-3.39438597384374
194.217468148903,-3.40582897814202
192.879150802078,-3.29671106807133
191.550055557353,-3.33272981891896
190.230118866895,-3.33322972144468
188.919277620767,-3.45139291664038
187.617469143912,-3.58329882796915
186.324631193156,-3.15182769486703
185.04070195423,-2.8902854169665
183.765620038817,-2.45344099327626
182.499324481615,-1.9574030381368
181.241754737424,-2.23232213497009
179.992850678248,-2.2346506176613
178.752552590424,-2.26004603325039
177.520801171764,-3.07687375984754
176.297537528721,-3.0962393556661
175.082703173572,-2.07578921749321
173.876240021625,-0.0707916963893167
172.678090388436,1.28144927120518
171.488196987054,-0.336436556863087
170.306502925284,-2.19250036877433
169.132951702965,-3.0828169554782
167.967487209265,-2.41261129944074
166.810053720006,-0.733828533457863
166.666666666667,-0.538433827664316
165.660595894991,0.838451742985929
164.519058775366,2.78179964175904
163.385387780986,4.48175173406616
162.259528707809,1.30512469538521
161.141427725302,-3.1226424942135
160.03103137387,-0.99765257385
158.928286562298,4.53743961616054
157.833140565212,8.24404937957262
156.745541020559,3.72502144572882
155.665435927106,-2.85126053659705
154.592773641948,-2.09490287721287
153.527502878042,2.05206562167253
152.469572701757,3.16911915001278
151.418932530435,-0.25264415546881
150.375532129974,-3.34064008289401
149.339321612425,-1.52360256717453
148.310251433611,-0.372417520409139
147.28827239075,-1.55801391056046
146.273335620113,-3.20152355853186
145.265392594678,-2.09532147836894
144.264395121816,-1.64163250724026
143.270295340983,-1.54053552222272
142.857142857143,-1.61509269389092
142.283045721435,-1.45845431796878
141.302599059953,-0.537321208901214
140.328908478587,-2.08936142316524
139.361927422414,-1.47274293910156
138.401609657313,3.26448288041856
137.447909267754,7.23197892743919
136.500780654601,2.36856360358779
135.560178532937,-3.22771614892523
134.626057929891,-0.806898618901424
133.698374182495,4.29617890655978
132.777082935543,1.83031417804431
131.862140139475,-2.22505862111755
130.953502048267,-3.4497977237162
130.051125217341,-3.53424142044021
129.154966501488,-3.16584267671784
128.264983052806,-2.8810397650394
127.381132318648,-3.28680786600499
126.50337203959,-2.88206669383357
125.631660247412,-1.49095888959006
125,-0.919361299757962
124.765955263087,-1.23732948144045
123.906215694792,-3.3900182153756
123.052400435926,-3.33297583786289
122.204468663149,-1.89792775519852
121.362379834424,-1.51936158028631
120.526093687084,-2.5713594891791
119.695570235904,-3.3656544056967
118.87076977119,-3.31041439279341
118.051652856881,-3.02397064281716
117.23818032866,-2.92631346269637
116.430313292088,-3.33489493300199
115.628013120738,-3.65723196627423
114.831241454351,-2.98012796490782
114.039960197003,-2.20950906998511
113.254131515281,-2.54791263050616
112.473717836475,-3.6179531795472
111.698681846782,-2.83018503303482
111.111111111111,-1.25323174594642
110.928986489522,-0.849870459969007
110.164594963366,-0.69657664400783
109.405470720574,-2.99051915072216
108.651577465254,-3.13615603398191
107.902879151618,-1.40783979979021
107.159339982267,-1.07029233295399
106.420924406472,-2.82294223427591
105.68759711848,-1.5405154690665
104.959323055823,-0.656143611441261
104.23606739764,-3.26388058421169
103.517795563018,-2.56179845434495
102.804473209331,1.47752298802336
102.096066230605,0.303101693531592
101.392540755882,-2.40654555770164
100.693863147603,-0.947012625111067
100,-0.281634785064663
100,-0.281634785064663
99.310918137498,-1.05126795681117
98.6265846131283,-2.49131241029248
97.946966706954,-2.53141317985243
97.2720319245054,-2.44086378939344
96.6017479952265,-3.58017131004221
95.9360828709315,-2.92065619346463
95.2750047242729,-2.70819854939061
94.61848194722,-3.53725828863555
93.966483149547,0.479106339368532
93.3189771573324,0.0768945238791803
92.6759330114688,-3.49051197571971
92.0373199661823,-1.52205182067193
91.4031074875623,-0.622197902156709
90.9090909090909,-1.68599290852138
90.7732652521023,-1.64980438031595
90.1477631452492,-2.59692517344244
89.526571259964,-3.02013256166775
88.9096598952916,0.82574716192453
88.2969995549409,-0.379862344358439
87.6885609458743,-3.44681326444173
87.0843149769073,-0.38075303383054
86.4842327573172,-1.30776061920828
85.8882855954625,-2.88772607442284
85.2964449974102,-1.94553676406302
84.7086826655741,-2.96068099497598
84.1249704973612,-2.24009003022801
83.5452805838287,-3.54545559955316
83.3333333333333,-2.8820411954167
82.9695852083491,-1.74662570248916
82.3978568452852,-3.32037699232601
81.8300681586739,2.63345556873101
81.2661920009194,-0.92849038741637
80.706201411495,-0.297863557029085
80.150069615654,9.20480026371662
79.5977700231498,-1.40085838793142
79.0492762269642,-1.17933935233084
78.5045620020451,0.108928514513782
77.9636013040523,1.09959921017101
77.4263682681127,-3.63244425284544
76.9230769230769,1.20712141091501
76.8928372075831,1.48302685387494
76.3629826128224,-3.32559900679076
75.8367791499719,-1.72857497076266
75.3142016597437,-3.06767390614525
74.7952251562182,-2.17053341090154
74.2798248256491,-2.49050462965219
73.7679760252773,-3.06430524179303
73.2596542821523,-2.30930162943609
72.7548352919623,-3.278315484444
72.2534949178722,-3.51401724955418
71.7556091893693,-2.44708391806908
71.4285714285714,-1.0613896851262
71.2611543011175,-1.73628241595072
70.7701066118189,-3.07934916037415
70.2824426430835,-0.601453417776422
69.7981390783066,-2.18196824996557
69.3171727615541,-3.35517201848064
68.839520696455,-3.49817705060102
68.3651600451024,-1.43381908847165
67.8940681269611,-2.62386494430585
67.4262224177834,-2.28344783925693
66.9616005485322,-2.84234634974321
66.6666666666667,1.30580911395039
66.5001803043112,0.987784011171603
66.0419396233031,-1.21021004681547
65.5868565957143,-0.650734319662557
65.134909462728,-1.46941427730324
64.6860766154633,-2.24898816839704
64.2403365939419,-1.94755585829973
63.7976680860628,-3.12779668662661
63.3580499265825,-0.401636555904456
62.9214610961034,-2.48468062028335
62.5,-2.44430222328649
62.4878807200689,-2.49254012004026
62.057288067765,-2.76808848907505
61.6296625513294,-2.74202417853079
61.204983724767,-3.38792871044223
60.7832312829723,-1.75491098535387
60.3643850607587,-3.43834611144164
59.9484250318941,-2.97994586812903
59.5353313081437,-3.66027845795478
59.1250841383188,-3.65351781628236
58.8235294117647,-3.01262624934123
58.7176639073326,-1.84936411330836
58.3130511352622,-2.77524128805804
57.9112264764176,-2.4698307509871
57.5121707184161,-2.27819205978484
57.1158647812643,-3.65222949614373
56.7222897164454,-2.87525590640559
56.3314267060136,-2.72263339328348
55.9432570616938,-2.89324758223587
55.5577622239888,-2.55618456544654
55.5555555555556,-2.53591103130834
55.1749237612912,-2.08716614236315
54.7947233690029,-2.94828027047761
54.4171428686589,-2.86874431596477
54.0421642070592,-3.03598175118163
53.6697694554048,-3.15951024905736
53.2999408084409,-3.59492429332893
52.9326605836056,-1.80389166616798
52.6315789473684,-3.12519949985774
52.5679112201842,-3.24254335274189
52.2056752784698,-1.15957896734481
51.8459354389291,-3.39099595780813
51.488674501375,-3.60206961307854
51.1338753841433,-2.72310336719603
50.7815211232767,-2.26916620558962
50.4315948717136,-0.250343068286592
50.0840798984821,-3.1999319867052
50,-2.58123677698616
49.7389595879007,-3.18307661472461
49.3962174387832,-2.40407295149113
49.0558370636505,-2.70810646409408
48.7178021879463,-3.20556730202032
48.3820966492596,-3.28558401834173
48.0487043965513,-0.56695374203117
47.7176094893875,-3.02671387852761
47.6190476190476,-1.93013741871378
47.3887960971765,-1.9578049266063
47.0622484984128,-3.41049104279916
46.7379510799246,2.05922876963156
46.4158883361278,-2.384156750053
46.0960448682843,-1.67923361866057
45.7784053837662,-2.7336305666093
45.462954695324,-2.88492987951819
45.4545454545455,-2.86577310743977
45.149677720361,-2.70853616663647
44.8385594802119,-2.07835184788506
44.5295850994266,-2.49297434885313
44.222739805059,8.3905496755743
43.9180089259609,0.0279246394562636
43.6153778920801,-0.98901224226996
43.4782608695652,-2.17662218642765
43.314832233764,-1.97584051003808
43.016357581068,-3.52444867772355
42.7199396630678,-1.69417755746614
42.4255643071778,-2.27575670807958
42.1332174384729,-0.992622378529243
41.8428850790158,-0.56549366306812
41.6666666666667,-3.10258358471385
41.5545533471888,-1.17592962959757
41.2682084570295,-3.41102818235917
40.9838367175726,-1.17263713132463
40.7014245321944,-2.7103880505942
40.4209583979631,-3.50924745859153
40.1424249049932,-0.0997365513886832
40,-3.27517198510132
39.8658107358044,-1.66538553348742
39.5911026646846,-3.18130796561276
39.3182875570577,-2.73063618038249
39.0473523688556,-0.720448233906931
38.7782841458946,-3.0510121251856
38.5110700232557,-3.11757317247686
38.4615384615385,-3.54299312816455
38.24569722467,-1.82532516362537
37.9821530619073,-1.77775602991373
37.72042493417,-3.42636264809958
37.4605003274899,-1.92291594076898
37.2023668141307,-3.06896652338629
37.037037037037,-3.60625676809833
36.946012051993,-3.26363972081291
36.6914237840249,-2.08477305631184
36.4385898376355,-2.70026543217811
36.1874981241128,-2.56872131467737
35.9381366380463,-3.22020813750607
35.7142857142857,-2.43516075033078
35.6904934567523,-2.70761301513944
35.4445567397043,-0.949351333780196
35.2003147279668,-2.07318346273642
34.9577557436328,-3.27530643722725
34.7168681892656,-3.59272591218332
34.4827586206897,-3.51485827879635
34.4776405473446,-3.45209293936774
34.2400613797142,-3.05640168331602
34.0041193270371,-1.09033187334038
33.7698031082509,-3.42241851643386
33.5371015200293,-1.33711786495807
33.3333333333333,-2.14575617866047
33.3060034362459,-0.275981869116218
33.0764978074424,-3.00329497995245
32.8485736603004,-3.35448919494165
32.6222200971167,-2.76886108978676
32.397426295282,0.454919340123799
32.258064516129,-2.63714628737393
32.1741815067637,-0.0897043099323396
31.9524750575921,-3.18341837654701
31.7322963473498,-3.61949831100257
31.5136348486648,-3.30989308350176
31.2964801067075,-2.69525823635619
31.25,-3.5406912618957
31.0808217386906,-2.89647704667324
30.8666494333727,-3.34240032465426
30.6539529505653,-3.08335534917107
30.442722120643,-0.660806836567541
30.3030303030303,-3.64056304149762
30.2329468440578,-2.43356851628617
30.0246170908555,-3.33840091902
29.8177229001967,-3.06454785050279
29.6122543798804,-3.3652262292699
29.4117647058824,-3.01884671768876
29.4082017058706,-2.95978245065792
29.2055551218275,-3.16223049749528
29.0043049386399,-2.94241919255101
28.804441533963,-1.85465938170652
28.6059553517574,-3.02761547439887
28.5714285714286,-3.62684928431856
28.408836901833,-3.60889844906573
28.2130767593947,-2.89465695235487
28.018665564592,-3.45801597224793
27.8255940220712,-2.82622316900641
27.7777777777778,-3.64164611564662
27.6338529005317,-1.37119734723991
27.4434330322836,-1.16801593592443
27.2543253128103,-1.79535234577268
27.0665207003324,0.726703635031233
27.027027027027,-1.10760194434426
26.8800102153761,1.58375665764543
26.6947849403432,1.4483335310646
26.5108360190854,-3.09128246363518
26.3281546564802,-2.19880463339704
26.3157894736842,-0.938008547094038
26.1467321180109,-1.62262665624045
25.9665597293487,-3.05363510824527
25.787628875938,-1.07512321502632
25.6410256410256,-2.1771867507747
25.6099310025846,-2.56692382059877
25.4334576130465,-2.24425250210522
25.2582002696278,1.40987323056372
25.0841505927754,0.785762096420133
25,6.93480833180074
24.9113002606779,3.74995860487325
24.7396410088681,2.24927677911733
24.5691646298279,-2.7811398002298
24.3998629725955,-1.44195348709438
24.390243902439,-2.01987946839976
24.231727942376,-2.4716341888202
24.0647515001542,-2.05516326814169
23.8989256623105,-3.28719368453961
23.8095238095238,-3.48419566050456
23.7342425002387,-1.77694614747291
23.5706941399673,-1.74032448420025
23.4082727617829,-0.737915451807207
23.2558139534884,-3.00751661479346
23.2469705998565,-3.4952283344959
23.0867799418717,-3.00669715872082
22.9276931286565,-2.21391935019333
22.7697025538168,-1.91065223200716
22.7272727272727,-3.29484942111902
22.6128006633728,-2.38121222161017
22.4569799553977,-1.34028628721792
22.3022329796594,-2.7875965424178
22.2222222222222,-3.41556526889242
22.1485523372636,-0.607209298529976
21.9959306803007,-2.31582828160539
21.8443607114943,-3.06651806945625
21.7391304347826,-3.28768270634456
21.6938351838518,0.0426568004759149
21.5443469003188,-2.90585891581126
21.3958887134342,-3.01762913467827
21.2765957446809,-0.352754788141435
21.2484535249888,-1.15654605984018
21.102034285686,-3.26833113111318
20.9566239948043,-2.75228554781195
20.8333333333333,-2.66833088162486
20.8122156998634,-3.29806317074017
20.6688024962908,-3.21164702534959
20.5263775270925,-1.57591896523875
20.4081632653061,-2.38631104956628
20.3849339825246,0.354649809146953
20.244465099768,-1.74736427707206
20.104964162605,-0.116560813714709
20,-2.13519733218096
19.9664245010979,-3.30564112271555
19.8288394912707,-3.07280620537757
19.6922025547917,-3.61511812036882
19.6078431372549,-3.42979396152786
19.5565071586595,-2.41577201086754
19.4217468148903,-3.02025548872747
19.2879150802078,-2.93106288007994
19.2307692307692,-2.55928280531959
19.1550055557353,-2.50031527524005
19.0230118866894,-3.64722787614128
18.8919277620767,-2.3268794874189
18.8679245283019,-0.911003814119975
18.7617469143912,-3.59236980789695
18.6324631193156,-0.757072302001471
18.5185185185185,-3.54614794877575
18.504070195423,-2.86764513258258
18.3765620038817,-1.04813381942757
18.2499324481615,-3.21299881154332
18.1818181818182,-3.52506732753163
18.1241754737424,-2.55511766119572
17.9992850678248,-3.26917743313076
17.8752552590424,-3.24220855636745
17.8571428571429,-2.90351875159022
17.7520801171764,-3.3946198024041
17.6297537528721,-3.31443507040334
17.5438596491228,0.00220440478229467
17.5082703173572,-1.87908170054463
17.3876240021625,-2.05937330031285
17.2678090388436,-2.84064409302355
17.2413793103448,-2.39726553253827
17.1488196987054,-3.28990388490591
17.0306502925284,-0.663449594672282
16.9491525423729,2.04821058975627
16.9132951702965,-2.72868639877425
16.7967487209265,-3.63438579402956
16.6810053720006,0.339603889988486
16.6666666666667,-1.88816695721611
16.5660595894991,-3.28943942570622
16.4519058775366,-2.75692512128362
16.3934426229508,-3.1863221392539
16.3385387780986,-3.36511014956285
16.2259528707809,-3.57888390833728
16.1290322580645,-1.3763237373317
16.1141427725302,-0.742405696090979
16.003103137387,-3.60940144548867
15.8928286562298,-3.3906596277995
15.8730158730159,0.199103033704422
15.7833140565212,-1.68713879031845
15.674554102056,-2.31691604828394
15.625,-1.02768408016815
15.5665435927106,-0.733758146846536
15.4592773641948,-3.01904605894235
15.3846153846154,-0.433438086441252
15.3527502878042,-3.43764107039591
15.2469572701757,-2.36327842413182
15.1515151515152,0.81915915851197
15.1418932530435,-0.78820956360705
15.0375532129974,-2.55232364724189
14.9339321612425,0.0998655011548708
14.9253731343284,0.360327842298109
14.831025143361,-3.10398680763587
14.728827239075,-2.44248003429841
14.7058823529412,-2.70024082405153
14.6273335620113,-3.66307691559434
14.5265392594678,-1.47661113619953
14.4927536231884,-3.32452515787501
14.4264395121816,-3.6149281909994
14.3270295340983,-1.205167077565
14.2857142857143,-0.584807779431894
14.2283045721435,-0.528566646995766
14.1302599059953,-1.86288259930803
14.0845070422535,-0.417521362296195
14.0328908478587,1.23868648976158
13.9361927422414,-1.38843894932038
13.8888888888889,-2.81105177513104
13.8401609657313,-0.631547090718196
13.7447909267754,-3.27374035170741
13.6986301369863,-3.40117838258147
13.6500780654601,-1.96188895375773
13.5560178532937,-0.784525157014069
13.5135135135135,-0.940114147385752
13.4626057929891,-1.77990028415844
13.3698374182495,-1.9271720089698
13.3333333333333,3.33955623832121
13.2777082935543,-1.82156345553038
13.1862140139475,-2.42101630693842
13.1578947368421,-1.49270650444121
13.0953502048267,0.978647516410224
13.0051125217341,-3.38044637670181
12.987012987013,-2.31783628574176
12.9154966501488,-3.38829250161605
12.8264983052806,0.664201191585865
12.8205128205128,1.45424722389716
12.7381132318648,-2.69817851947497
12.6582278481013,-2.67791076364015
12.650337203959,-1.64673449066894
12.5631660247412,-3.20876389923041
12.5,-1.79288700976853
12.4765955263087,-3.06765204359292
12.3906215694792,-3.48643631622336
12.3456790123457,-2.81479332285478
12.3052400435926,-3.26119373997643
12.2204468663149,-0.585645011059124
12.1951219512195,-1.68790875753033
12.1362379834424,-0.914034963689725
12.0526093687084,-0.712247493434954
12.0481927710843,-0.941414237539287
11.9695570235904,5.26959763469721
11.9047619047619,-3.54318769570726
11.887076977119,-1.65845006113549
11.8051652856881,-2.33484237681422
11.7647058823529,-3.18515541632682
11.723818032866,-1.9322619068965
11.6430313292088,0.288863564244981
11.6279069767442,-3.07120446536627
11.5628013120738,-2.30306042518925
11.4942528735632,-1.09279741171089
11.4831241454351,-0.502893151182017
11.4039960197003,-3.65570928563802
11.3636363636364,-3.64858399647367
11.3254131515281,-3.10211462418878
11.2473717836475,-3.20862813713527
11.2359550561798,-3.34892701508893
11.1698681846782,-3.15468868423114
11.1111111111111,-1.73521337806364
11.0928986489522,-3.34548578377258
11.0164594963366,-2.44969900036629
10.989010989011,-0.474875134697593
10.9405470720574,-2.29759852239722
10.8695652173913,-0.783656441144909
10.8651577465254,-1.37866241343111
10.7902879151618,-3.01022053518433
10.752688172043,-3.11038750385041
10.7159339982267,-2.38890989453251
10.6420924406472,-2.69279335974359
10.6382978723404,-2.30382709305992
10.568759711848,-3.17451773222912
10.5263157894737,-3.52244791578458
10.4959323055823,-2.80807936407664
10.423606739764,-1.73751581339554
10.4166666666667,-2.4177170940254
10.3517795563018,-1.81806553656913
10.3092783505155,-3.08156124528424
10.2804473209331,-2.5247385214448
10.2096066230605,-2.74808069537498
10.2040816326531,-2.66693837669781
10.1392540755882,0.0444896810766595
10.1010101010101,-3.64351244496678
10.0693863147603,-3.47212882567133
10,-1.74093198373775
10,-1.74093198373766
9.9310918137498,-2.91184713521086
9.9009900990099,0.62363645361025
9.86265846131282,0.41786408528326
9.80392156862745,-3.37439564084051
9.79469667069539,0.999580883907744
9.72720319245054,-2.91780844203999
9.70873786407767,-3.38244963257356
9.66017479952265,-1.81806563021358
9.61538461538461,-3.13909095962994
9.59360828709314,-2.92729418481435
9.52750047242729,-2.14644109731348
9.52380952380952,-2.76564321589434
9.461848194722,-2.03793231780603
9.43396226415094,-3.43248141816793
9.39664831495469,-3.39646490813451
9.34579439252336,-2.67116910580485
9.33189771573324,-2.94946447466456
9.26759330114688,-1.59079409600777
9.25925925925926,-0.993404590364217
9.20373199661822,-2.56501504506481
9.1743119266055,-3.45561545580456
9.14031074875623,-3.56290046308883
9.09090909090909,-1.03840273030944
9.07732652521023,-3.02086248544581
9.01477631452492,-3.25767977413987
9.00900900900901,-3.64175159745521
8.9526571259964,-1.88602464103159
8.92857142857143,-3.4056312250956
8.89096598952916,-2.6685538557012
8.84955752212389,0.450581017833362
8.82969995549409,-1.60007939300426
8.7719298245614,-2.45642504073542
8.76885609458743,-3.3244801812235
8.70843149769072,-3.40245726433475
8.69565217391304,-3.62451785334359
8.64842327573172,1.17155600209556
8.62068965517241,-1.39507152600386
8.58882855954625,-0.844203135648551
8.54700854700855,0.865412509201339
8.52964449974102,-0.326483976342312
8.47457627118644,-2.21109209240425
8.47086826655741,-3.61162485256078
8.41249704973612,-3.46894112250988
8.40336134453781,-2.01240100668322
8.35452805838287,1.44764843878828
8.33333333333333,1.37237629391432
8.29695852083491,-3.1540940088811
8.26446280991736,-2.32069882302884
8.23978568452852,-3.30473083771296
8.19672131147541,-3.45498187353005
8.18300681586739,-3.41410742748449
8.13008130081301,-3.17242544754974
8.12661920009195,-2.95471871219034
8.0706201411495,-2.40687277338831
8.06451612903226,-1.81031053215129
8.01500696156541,-3.62601154103178
8,-3.61391715058759
7.95977700231498,-3.02767658031406
7.93650793650794,-2.17044575032376
7.90492762269642,-3.16722930324341
7.8740157480315,0.700591111184271
7.85045620020451,-3.36973690839111
7.8125,-3.61830511754762
7.79636013040523,-3.26408025861444
7.75193798449612,-2.81651259276354
7.74263682681127,-3.12044947544548
7.69230769230769,-3.54804534718739
7.68928372075831,-3.16939832074042
7.63629826128224,-2.71660530589871
7.63358778625954,-2.77868941634956
7.58367791499719,-3.23972396615509
7.57575757575758,-3.21557884755664
7.53142016597437,-2.92471161798455
7.5187969924812,-2.47926292114122
7.47952251562182,-2.44885846002911
7.46268656716418,-3.53323518571629
7.42798248256492,-3.12038891920916
7.40740740740741,-2.44879026173599
7.37679760252773,-3.16996605124815
7.35294117647059,1.41925632286841
7.32596542821523,-3.5287718773069
7.2992700729927,-3.40253823571491
7.27548352919623,-3.09480576282332
7.2463768115942,-2.92382246191802
7.22534949178722,-1.96338305534517
7.19424460431655,-0.296847859734537
7.17556091893693,-2.40746202707701
7.14285714285714,-2.96663370350647
7.12611543011175,-2.39589898677452
7.09219858156028,-2.51265846583815
7.07701066118189,-2.63781809581625
7.04225352112676,-0.862158289284888
7.02824426430835,-2.40030086095144
6.99300699300699,0.702343918193397
6.97981390783066,-2.74629002820047
6.94444444444444,-1.21268258392244
6.93171727615541,-3.46412198152602
6.89655172413793,-3.09159197640873
6.8839520696455,-2.86942841067072
6.84931506849315,-2.05494194571336
6.83651600451024,-1.15799435178634
6.80272108843537,-2.82658824126109
6.78940681269611,-1.98148010243174
6.75675675675676,-0.522986294129775
6.74262224177834,-3.12195472876673
6.71140939597315,-2.66946577102361
6.69616005485322,-3.07982149645626
6.66666666666667,-3.13386059743702
6.65001803043112,-2.19074979560831
6.62251655629139,-2.58324807234559
6.6041939623303,-3.65578019614166
6.57894736842105,-2.67150682123501
6.55868565957143,-0.376647331983132
6.5359477124183,-2.25272513031028
6.5134909462728,-2.87859836477814
6.49350649350649,-1.3514966234981
6.46860766154633,-1.41690568174705
6.45161290322581,-1.37096862149643
6.42403365939419,-3.50491335948429
6.41025641025641,-3.05511752101317
6.37976680860628,-2.85586809720554
6.36942675159236,-2.54266350727753
6.33580499265825,-0.215696013669525
6.32911392405063,-2.11603323283058
6.29214610961034,-3.41151487100556
6.28930817610063,-2.68686262988295
6.25,-3.29882997413038
6.24878807200689,-3.17177123680225
6.2111801242236,-1.06568766276545
6.2057288067765,-2.060109109716
6.17283950617284,-2.41185648850161
6.16296625513294,-3.41054881266792
6.13496932515337,-3.21800603421768
6.1204983724767,-1.70515124434994
6.09756097560976,-3.61260822129996
6.07832312829723,-1.8762660039216
6.06060606060606,-3.52073579742945
6.03643850607587,-3.20233603647609
6.02409638554217,-2.37120680669887
5.99484250318941,-2.34387943565401
5.98802395209581,-3.08833830076203
5.95353313081437,-3.01088262229889
5.95238095238095,-3.22944188557097
5.91715976331361,-2.88597004102543
5.91250841383188,-3.30348127665992
5.88235294117647,-3.14034104067927
5.87176639073326,-3.16039208798891
5.84795321637427,-2.59117570492235
5.83130511352622,-1.75427148536864
5.81395348837209,-3.45041182010116
5.79112264764176,-3.40444602806111
5.78034682080925,-3.62656222688416
5.75121707184161,-3.48553612498356
5.74712643678161,-0.670629000421211
5.71428571428571,-3.12663218566977
5.71158647812643,-2.63561605484635
5.68181818181818,-2.71680156650721
5.67222897164454,-3.29853373566895
5.64971751412429,0.507944446768353
5.63314267060136,-2.73790809752709
5.61797752808989,-2.25068981399879
5.59432570616938,-3.34592614544102
5.58659217877095,-2.13626524169878
5.55577622239888,-0.296079338118271
5.55555555555556,-0.780075812982072
5.52486187845304,-2.7012199112769
5.51749237612913,-3.44834919303524
5.49450549450549,-3.05323797589487
5.47947233690029,-2.14107273086172
5.46448087431694,-3.51154022907412
5.44171428686589,-2.52862078554078
5.43478260869565,-3.39440797355301
5.40540540540541,-3.32925811338329
5.40421642070592,-3.16918332961343
5.37634408602151,-3.64784830785363
5.36697694554048,-2.41243251248984
5.3475935828877,-2.57978192388212
5.32999408084409,-3.20924925486117
5.31914893617021,-3.47710977107864
5.29326605836056,-3.5969405925913
5.29100529100529,-3.09462343765535
5.26315789473684,-3.56659560342406
5.25679112201842,-3.14166543416017
5.23560209424084,-2.19461370179324
5.22056752784698,-2.3402085263847
5.20833333333333,-2.17398028263225
5.18459354389291,-3.51076314283786
5.18134715025907,-3.61961415666643
5.15463917525773,-2.0388089750469
5.14886745013749,-1.79785496929999
5.12820512820513,-1.98705704006853
5.11338753841433,-3.13329088988832
5.10204081632653,-3.08647023064689
5.07815211232767,-3.30600640072755
5.0761421319797,-1.04873583947211
5.05050505050505,-3.21631304962143
5.04315948717136,-3.48739082600333
5.0251256281407,-3.32507476733685
5.00840798984821,-3.44212491731873
5,-3.26258830970594
4.97512437810945,-3.56550555294448
4.97389595879006,-2.62513669468283
4.95049504950495,-3.5486430901369
4.93962174387832,-3.02554187553271
4.92610837438424,-2.50698030859591
4.90558370636505,-2.85141771382204
4.90196078431372,-2.97275103607587
4.8780487804878,-0.709031772363043
4.87178021879463,-3.43486254339818
4.85436893203883,0.166630375916232
4.83820966492596,-1.16350601566192
4.83091787439613,-3.34775081922656
4.80769230769231,-3.60276744257585
4.80487043965513,-2.70468958428621
4.78468899521531,-2.32013819842391
4.77176094893875,-3.29340072866894
4.76190476190476,-3.28083183349262
4.739336492891,-3.27102714949178
4.73887960971765,-3.16338610767844
4.71698113207547,-3.60751187568202
4.70622484984128,-3.57795667627722
4.69483568075117,-3.62259808222528
4.67379510799246,-3.42593693686136
4.67289719626168,-1.80060105952991
4.65116279069767,-2.66589874068041
4.64158883361278,-3.23950165031847
4.62962962962963,-2.6587578440686
4.60960448682843,-2.74167381668318
4.60829493087558,-1.45452778278273
4.58715596330275,-1.00567423355924
4.57784053837662,-2.4331883073646
4.5662100456621,-3.33721766343246
4.5462954695324,-3.27523171409454
4.54545454545455,-3.02070077112141
4.52488687782805,-1.99837213533179
4.5149677720361,-0.497404893859009
4.5045045045045,0.237809892159551
4.48430493273543,-1.17249059603501
4.48385594802119,-1.24063430109625
4.46428571428571,-1.54408214960447
4.45295850994265,-2.12252878506994
4.44444444444444,-2.83285112117603
4.42477876106195,-3.27583158397568
4.4222739805059,-3.60135677629377
4.40528634361233,-3.21351602954386
4.39180089259609,-3.51054777643916
4.3859649122807,-2.6342653539876
4.36681222707424,-3.6289250138213
4.361537789208,-3.28816657969859
4.34782608695652,-3.137646044513
4.3314832233764,-1.36973083659198
4.32900432900433,-3.60454422422834
4.31034482758621,-2.77240908330914
4.30163575810679,-1.35358276227758
4.29184549356223,-3.35291086627124
4.27350427350427,-3.18284438238454
4.27199396630678,-3.2625082045191
4.25531914893617,-0.885287554731387
4.24255643071778,-3.45040001048441
4.23728813559322,-3.57162315359839
4.21940928270042,-2.90736936297121
4.21332174384729,-3.62456595411391
4.20168067226891,-1.12501438049959
4.18428850790158,-2.52097933883867
4.18410041841004,-2.09626158850447
4.16666666666667,-1.62627271596839
4.15545533471888,-3.14829182148257
4.149377593361,-2.00730200873825
4.13223140495868,-3.12110322428291
4.12682084570295,-2.60156611334504
4.11522633744856,-3.53008292274692
4.09838367175726,-3.6417959899018
4.0983606557377,-3.6368475294394
4.08163265306122,-3.44299830957869
4.07014245321944,-3.57755014439955
4.0650406504065,-3.6365893000209
4.04858299595142,-3.34913136339484
4.04209583979631,-3.23962788035994
4.03225806451613,-3.64586127747547
4.01606425702811,-2.81069141781954
4.01424249049932,-3.42009051806077
4,-2.70839849681327
3.98658107358044,-2.69295885845808
3.98406374501992,-3.17214804759699
3.96825396825397,-3.02263500704801
3.95911026646846,-1.71037558035401
3.95256916996047,-2.23465252012319
3.93700787401575,-3.33149973524429
3.93182875570577,-3.27563740560653
3.92156862745098,-2.95977978023945
3.90625,-1.2513941419232
3.90473523688556,-2.47351631019584
3.89105058365759,-3.41705070846903
3.87782841458946,-2.09414975303069
3.87596899224806,0.317716357640809
3.86100386100386,-3.10685145077168
3.85110700232557,-3.65805418403398
3.84615384615385,-3.52993482684361
3.83141762452107,-2.0156128566201
3.824569722467,-3.0416741450888
3.81679389312977,-1.81904577443934
3.80228136882129,-3.47710220605033
3.79821530619074,-2.3041303474787
3.78787878787879,-3.43015839963233
3.77358490566038,-3.64657328961335
3.772042493417,-2.08139241537993
3.7593984962406,-3.40074050168276
3.74605003274899,-2.44634519732126
3.74531835205992,-1.52439035757724
3.73134328358209,-2.79860867894582
3.72023668141307,-2.2643000802844
3.71747211895911,-3.24737306613691
3.7037037037037,-1.55786343175488
3.6946012051993,-3.3379049432912
3.690036900369,-3.64888625562899
3.67647058823529,-3.55924292467604
3.66914237840249,-3.13957997165415
3.66300366300366,-3.55149140628434
3.64963503649635,-3.60479778953417
3.64385898376355,1.15029098078025
3.63636363636364,-2.08542255959641
3.6231884057971,-3.2869018458003
3.61874981241128,-3.48965114027582
3.6101083032491,-1.92039486382474
3.59712230215827,-2.7833677071983
3.59381366380463,-3.35815439231076
3.584229390681,-1.7701920258397
3.57142857142857,-1.61911841322786
3.56904934567523,-1.94688349179104
3.55871886120996,-3.06960967518433
3.54609929078014,-3.06340704982632
3.54445567397043,-2.81818671016368
3.53356890459364,-3.37547024562506
3.52112676056338,-0.534618493548161
3.52003147279668,-3.26408516205994
3.50877192982456,-2.88759776025618
3.4965034965035,-3.51083206506011
3.49577557436328,-3.58953468348759
3.48432055749129,-1.92293966826342
3.47222222222222,-3.52801535610872
3.47168681892656,-2.58664078920374
3.46020761245675,-3.1452168795421
3.44827586206897,-3.42469705638761
3.44776405473446,-2.39700046379478
3.43642611683849,-3.26495671770199
3.42465753424658,-3.19467114501169
3.42400613797142,-2.84334090900129
3.41296928327645,-1.98442894114411
3.40136054421769,-1.70778784761223
3.40041193270371,-2.84230803544387
3.38983050847458,-2.34857516765917
3.37837837837838,2.01714451492108
3.37698031082509,-3.062771205504
3.36700336700337,-2.20806777122594
3.35570469798658,-3.24079814338317
3.35371015200293,-3.59418590662279
3.34448160535117,-0.130433790963148
3.33333333333333,-1.1915634909641
3.33060034362459,-1.74459499933435
3.32225913621262,-2.30366326947866
3.3112582781457,-1.69494791065368
3.30764978074424,-3.14750855722302
3.3003300330033,-1.95856562824404
3.28947368421053,-3.56730538963434
3.28485736603004,-2.68603263811472
3.27868852459016,-3.17263665108042
3.26797385620915,-3.48203707398811
3.26222200971167,-3.43434584293082
3.25732899022801,-2.62866189161867
3.24675324675325,-2.61994754204987
3.2397426295282,-1.74435841804567
3.23624595469256,-3.12981058654061
3.2258064516129,-3.12831623520459
3.21741815067637,-1.80815655137361
3.21543408360129,0.322819798392932
3.20512820512821,-0.734859438574698
3.19524750575921,-3.3312154519544
3.19488817891374,-2.92348055172625
3.18471337579618,-1.82083563072073
3.17460317460317,-3.03742107603649
3.17322963473498,-3.06685490203013
3.16455696202532,-2.54018180254318
3.15457413249211,-3.02071648443863
3.15136348486648,-3.29025668125616
3.14465408805031,-2.18102017064838
3.13479623824451,1.1330506952785
3.12964801067075,-0.629291068517413
3.125,-3.65627305437151
3.11526479750779,-3.30227349330745
3.10808217386906,-1.94699154727361
3.1055900621118,-3.28894028602879
3.09597523219814,-2.14637152029693
3.08666494333727,-2.97104297510703
3.08641975308642,-2.78756579759756
3.07692307692308,-3.53815594326168
3.06748466257669,-3.59281753906977
3.06539529505653,-3.04462453427687
3.05810397553517,-3.57786643332154
3.04878048780488,-2.0375055092786
3.0442722120643,-3.62495134457485
3.03951367781155,-3.46293328505807
3.03030303030303,-2.43882817012261
3.02329468440578,-1.74006971488221
3.02114803625378,-1.6226747386713
3.01204819277108,-3.61073594383573
3.003003003003,-3.65493636937186
3.00246170908555,-3.04952800517422
2.9940119760479,-3.37732594661254
2.98507462686567,-3.41715748692728
2.98177229001967,-2.54586594508886
2.97619047619048,-2.56989309266479
2.9673590504451,-3.0688511486265
2.96122543798803,-3.3656902193738
2.9585798816568,-3.52458938351644
2.94985250737463,-3.5877798291318
2.94117647058824,-1.93810513519439
2.94082017058706,-3.20379082656437
2.93255131964809,-3.05683677121676
2.92397660818713,-3.5581305135325
2.92055551218275,-2.99006247095819
2.91545189504373,-2.1322160112749
2.90697674418605,-3.15255469103273
2.90043049386399,-3.45048712164766
2.89855072463768,-2.86868421451306
2.89017341040462,-2.63159714851535
2.88184438040346,-3.38174659300121
2.8804441533963,-3.40344336796251
2.8735632183908,-3.4058394477385
2.86532951289398,-3.34129294592382
2.86059553517574,-2.08934393325104
2.85714285714286,-3.40290385946816
2.84900284900285,-3.53082800043166
2.84090909090909,-2.78992959048606
2.8408836901833,-2.88460297749829
2.8328611898017,-3.65112640143836
2.82485875706215,-2.80426139572297
2.82130767593947,-2.74461719229218
2.8169014084507,-0.79711373727515
2.80898876404494,-2.46428046394559
2.8018665564592,-2.2638176013465
2.80112044817927,-1.51767597116678
2.79329608938547,-2.05972672532884
2.78551532033426,-2.75556299293462
2.78255940220712,-3.06196769367808
2.77777777777778,-2.34893099432609
2.77008310249307,-2.94863301029762
2.76338529005317,-2.77676156257423
2.76243093922652,-1.70769986883995
2.75482093663912,-1.80133641457173
2.74725274725275,-3.44645732023194
2.74434330322836,-3.6312110901547
2.73972602739726,-3.59804531558258
2.73224043715847,-2.75591101985143
2.72543253128103,-3.48570568864953
2.72479564032698,-2.94753209210786
2.71739130434783,-1.88673238002566
2.710027100271,-3.42768721163948
2.70665207003324,-3.52912635151805
2.7027027027027,-3.62509031584677
2.69541778975741,-3.25212833599378
2.68817204301075,-1.12826002123058
2.68800102153761,-1.31905792697703
2.68096514745308,-0.625487973312185
2.67379679144385,-1.5855303714968
2.66947849403432,-3.39423965419423
2.66666666666667,1.7329628762161
2.65957446808511,-2.01074040075563
2.6525198938992,-2.99137375248916
2.65108360190854,-3.07331450659101
2.64550264550265,-1.8010036931942
2.63852242744063,-0.894834642114698
2.63281546564802,-3.07567171710853
2.63157894736842,-1.52768095212256
2.6246719160105,-1.93485304570985
2.61780104712042,-3.14455730675338
2.61467321180109,-1.83240720796401
2.61096605744125,-3.63167028999357
2.60416666666667,-3.32200223583625
2.5974025974026,-2.89706531483632
2.59665597293487,-3.20961981307085
2.59067357512953,-3.379869471198
2.58397932816537,-2.53206400640159
2.5787628875938,-3.30621830178061
2.57731958762887,-3.11994859275419
2.5706940874036,-2.95676398851729
2.56410256410256,-0.96827253481474
2.56099310025846,-3.13463335899969
2.55754475703325,-1.20672615944697
2.55102040816327,-1.24368532107227
2.54452926208651,-1.93678264767463
2.54334576130465,-3.22296614777032
2.53807106598985,-3.63187360783668
2.53164556962025,-2.42752366566539
2.52582002696278,-3.49872526788918
2.52525252525253,-3.05290897660434
2.51889168765743,-3.56616544269887
2.51256281407035,-2.86427301969142
2.50841505927754,-2.08779741387245
2.5062656641604,-3.47927073445312
2.5,-3.27555591123608
2.49376558603491,-3.12824064059675
2.49113002606779,-3.02158717061426
2.48756218905473,-3.03672242416517
2.48138957816377,-3.64109884104611
2.47524752475248,-2.01906787868465
2.47396410088681,-2.82315512582279
2.46913580246914,-3.41337452618556
2.46305418719212,-3.54915554451223
2.45700245700246,0.4482916506927
2.45691646298279,0.999439364355927
2.45098039215686,-3.4042974163881
2.44498777506112,-3.2023654768475
2.43998629725955,-2.63109683348371
2.4390243902439,-2.9734263381067
2.4330900243309,-2.81180915967389
2.42718446601942,-3.64762373274688
2.4231727942376,-3.20841282912401
2.42130750605327,-3.59568924089161
2.41545893719807,-2.92272286218057
2.40963855421687,-3.34041184677123
2.40647515001542,-2.62688085259505
2.40384615384615,-2.27393694788922
2.39808153477218,-3.02103000679669
2.39234449760766,-2.38626326690028
2.38989256623105,-2.72788412604067
2.38663484486874,-1.72979437899208
2.38095238095238,-3.47512099579647
2.37529691211401,-3.54603243941444
2.37342425002387,-3.48459825226409
2.3696682464455,-3.41821116144846
2.36406619385343,-2.09854911801345
2.35849056603774,-2.85151337618476
2.35706941399673,-3.19176282702996
2.35294117647059,-3.02771098505031
2.34741784037559,-3.4617223856549
2.34192037470726,-2.56259045888573
2.34082727617829,-3.64529472162327
2.33644859813084,-2.37913084335052
2.33100233100233,-2.19264089123434
2.32558139534884,-3.46903329710455
2.32469705998565,-3.64311399999293
2.32018561484919,-1.77242241364204
2.31481481481481,-3.29055663393616
2.3094688221709,-3.12678004765051
2.30867799418717,-3.06747255161879
2.30414746543779,-3.16914791957354
2.29885057471264,-2.60565086165191
2.29357798165138,0.505074922433654
2.29276931286565,-1.65240384516521
2.2883295194508,-3.4208348369312
2.28310502283105,-3.59996217835764
2.27790432801822,-0.951681451666967
2.27697025538168,-2.38132905000382
2.27272727272727,-2.99361611530694
2.26757369614512,-3.41864607398763
2.26244343891403,-2.22217564488447
2.26128006633728,-3.03447217255525
2.25733634311512,-3.59082850929085
2.25225225225225,-2.5649600454884
2.24719101123596,-3.09992710979385
2.24569799553977,-3.29549552983043
2.24215246636771,-3.64446757663718
2.23713646532438,-3.14766001233867
2.23214285714286,-2.42135734386285
2.23022329796594,-3.03045411493899
2.2271714922049,-3.54012282468734
2.22222222222222,-2.74953957265928
2.21729490022173,-0.296265654663027
2.21485523372636,-3.47275043176786
2.21238938053097,-3.38687316635646
2.2075055187638,-2.74309532285475
2.20264317180617,-2.04104138965537
2.19959306803007,-2.16320077449675
2.1978021978022,-3.46189962104047
2.19298245614035,-3.16850348172268
2.18818380743982,-3.55995025816623
2.18443607114943,-1.1996189451183
2.18340611353712,-2.80078075259625
2.17864923747277,-3.33246898037897
2.17391304347826,-3.02836738869093
2.16938351838518,-3.42978629341273
2.16919739696312,-3.54906837093342
2.16450216450216,-3.36486540041495
2.15982721382289,-1.61533076565818
2.1551724137931,-3.35623249348769
2.15443469003188,-2.86437541743391
2.1505376344086,-3.29725636975995
2.14592274678112,-3.3400953582328
2.14132762312634,-3.20146833560663
2.13958887134342,-3.49864452392675
2.13675213675214,-0.778153989346786
2.13219616204691,-3.34962994997634
2.12765957446809,-1.93991199943387
2.12484535249888,-3.42990888187164
2.12314225053079,-1.98815439318308
2.11864406779661,-3.32427581670229
2.11416490486258,-3.43953371967997
2.1102034285686,-2.62155057747573
2.10970464135021,-3.35304827927548
2.10526315789474,-3.26672598303783
2.10084033613445,-3.30273963948094
2.09643605870021,-3.29295250914613
2.09566239948043,-3.49389222766363
2.09205020920502,-3.2936322214616
2.08768267223382,-2.09654986642981
2.08333333333333,-1.84850425685219
2.08122156998634,-2.89809496310844
2.07900207900208,-3.38134381287132
2.0746887966805,-3.06052406318288
2.0703933747412,-3.44380911482589
2.06688024962908,-3.59273391751905
2.06611570247934,-3.30594441732786
2.06185567010309,-2.90910622880001
2.05761316872428,-2.55045707798917
2.05338809034908,-3.30257581879406
2.05263775270925,-1.79804997302123
2.04918032786885,-3.47925911321114
2.04498977505112,-2.85023220629379
2.04081632653061,-3.58834776679292
2.03849339825246,-3.5356218650751
2.03665987780041,-3.62958924756661
2.03252032520325,-2.72184228163793
2.02839756592292,-3.30425345327687
2.0244465099768,-3.24251579862782
2.02429149797571,-2.99040900216361
2.02020202020202,-2.89156866914582
2.01612903225806,-3.46746572500588
2.01207243460765,-1.77287627945442
2.0104964162605,-2.24983371727792
2.00803212851406,-2.88983102811097
2.00400801603206,-3.55270207274047
2,-3.59785272443768
1.99664245010979,-3.62694559218253
1.99600798403194,-3.37324131628015
1.99203187250996,-3.60874570401695
1.98807157057654,-3.37980064741312
1.98412698412698,-3.6113373631921
1.98288394912707,-3.50316445218685
1.98019801980198,-3.18363189786966
1.97628458498024,-2.57119844141276
1.9723865877712,-3.08705434032332
1.96922025547917,-3.13590820934796
1.96850393700787,-3.19805160197712
1.96463654223969,-3.53603929088647
1.96078431372549,-3.27895018375618
1.95694716242661,-3.34450741608107
1.95565071586595,-2.6206666013109
1.953125,-3.4068621866749
1.94931773879142,-2.40874645196872
1.94552529182879,-3.36653206544015
1.94217468148903,-3.2705010367181
1.94174757281553,-2.7268020195256
1.93798449612403,-3.54893711192939
1.93423597678917,-3.4339156480381
1.93050193050193,-3.36394405054649
1.92879150802078,-3.03975232067271
1.92678227360308,-3.26379442248763
1.92307692307692,-2.51643453219058
1.91938579654511,-2.00118012328304
1.91570881226054,-3.23597871836587
1.91550055557353,-3.59430849304628
1.91204588910134,-3.07010382300374
1.90839694656489,-2.00666558101828
1.9047619047619,-3.60275478656593
1.90230118866894,-3.62127191753576
1.90114068441065,-3.54259910832298
1.89753320683112,-3.30365664117552
1.89393939393939,-3.44449037674785
1.89035916824197,-2.6732822297604
1.88919277620767,-3.31768923787076
1.88679245283019,-2.45043409807691
1.88323917137476,-3.31140694711841
1.8796992481203,0.440216923652959
1.87617469143912,-2.95268640294465
1.87617260787992,-2.9592768174498
1.87265917602996,-3.44273989531753
1.86915887850467,-3.41689766535758
1.86567164179104,-3.57855263182649
1.86324631193156,-3.48400830508929
1.86219739292365,-3.31779621623984
1.85873605947955,-3.4738807288226
1.85528756957328,-3.20723310270675
1.85185185185185,-3.38934003461967
1.8504070195423,-3.45380085777254
1.84842883548983,-2.1300978278213
1.8450184501845,-2.46749774065766
1.84162062615101,-3.42670491038818
1.83823529411765,-2.73154981022078
1.83765620038817,-3.63054441519183
1.8348623853211,-3.31312160216118
1.83150183150183,-3.60431087109627
1.82815356489945,-1.79738959368545
1.82499324481615,-2.80573892155366
1.82481751824817,-3.30727635228056
1.82149362477231,-1.82268117823089
1.81818181818182,-2.39381194404047
1.81488203266788,-3.65035247718977
1.81241754737424,-1.6762746965273
1.81159420289855,-2.82185368114714
1.80831826401447,-3.57872029178442
1.80505415162455,-3.56686865176367
1.8018018018018,-2.56619195505059
1.79992850678248,-1.66301291147284
1.79856115107914,-2.96713192185758
1.79533213644524,-3.62965177836586
1.7921146953405,-3.59216857082121
1.78890876565295,-3.25902941769025
1.78752552590424,-2.94777351793548
1.78571428571429,-3.58294194656092
1.7825311942959,-2.40161344509782
1.77935943060498,-3.40569712162668
1.77619893428064,-3.36758454624119
1.77520801171763,-2.73256921329554
1.77304964539007,0.120430850310261
1.76991150442478,-3.52921751073729
1.76678445229682,-2.67334587701408
1.7636684303351,-1.90151622819836
1.76297537528721,-3.51033466911103
1.76056338028169,-2.9767632263494
1.75746924428822,-3.56070122370748
1.75438596491228,-3.56449600566789
1.75131348511384,-2.37419618989734
1.75082703173572,-2.29993010574962
1.74825174825175,-2.71966954914192
1.74520069808028,-2.66540434207932
1.74216027874564,-2.58513180878675
1.73913043478261,-3.57537659945479
1.73876240021625,-3.6511139583814
1.73611111111111,-2.33511299425073
1.73310225303293,-2.07173499352977
1.73010380622837,-3.34832940873495
1.72711571675302,-3.18881469476063
1.72678090388436,-3.02522171706421
1.72413793103448,-2.66573832912193
1.72117039586919,-3.34163030805889
1.71821305841924,-2.15692167619239
1.71526586620926,-1.91808960722546
1.71488196987054,-3.23630448811026
1.71232876712329,-2.85785351377394
1.70940170940171,-1.31640717452141
1.70648464163823,-3.64596400457837
1.70357751277683,-3.63624691459058
1.70306502925284,-3.48315544125635
1.70068027210884,-3.26168979648478
1.69779286926995,-2.79921603063793
1.69491525423729,-2.97822412568926
1.69204737732657,-3.62311361338864
1.69132951702965,-3.57531681932901
1.68918918918919,-3.08968907372279
1.68634064080944,-2.47512698938852
1.68350168350168,-3.2819641558846
1.68067226890756,-1.29674981554005
1.67967487209265,-3.50881183161395
1.67785234899329,-2.46436244653888
1.6750418760469,-3.16053054992947
1.67224080267559,-3.34274411912385
1.669449081803,-2.4554572438635
1.66810053720006,-3.18607586926098
1.66666666666667,-3.50046491038203
1.66389351081531,-3.56238170088006
1.66112956810631,-2.02772734702672
1.65837479270315,-3.60098669702729
1.65660595894991,-3.48628323608939
1.65562913907285,-1.61841372080324
1.65289256198347,-2.72697582780098
1.65016501650165,-3.60776205136717
1.64744645799012,-2.87152624861808
1.64519058775366,-2.95090189639164
1.64473684210526,-0.976758633624324
1.64203612479475,-3.2564592496581
1.63934426229508,-2.90621763844016
1.6366612111293,-0.367470988086278
1.63398692810458,-2.80316877271958
1.63385387780986,-3.47295391722012
1.63132137030995,-3.01708117829967
1.62866449511401,-2.64226980613797
1.6260162601626,-3.362398629942
1.62337662337662,-3.4718314935646
1.62259528707809,-3.41438704366264
1.62074554294976,-3.48264762924408
1.61812297734628,-3.65998625938807
1.61550888529887,-3.39555322290748
1.61290322580645,-2.19856557574321
1.61141427725302,-3.29808382689758
1.61030595813205,-2.13903398154114
1.60771704180064,-3.25339280009656
1.60513643659711,-1.22333769074161
1.6025641025641,-1.62830933636603
1.6003103137387,-2.26951877875025
1.6,-0.136066160612965
1.59744408945687,-1.8011912285727
1.59489633173844,1.21452907918628
1.59235668789809,-0.542691396895957
1.58982511923688,-3.12737706621153
1.58928286562298,-1.53363550480908
1.58730158730159,-2.52137164228538
1.58478605388273,-2.78331646152277
1.58227848101266,-1.28901736903755
1.57977883096367,-3.47742130695208
1.57833140565212,-3.61085825495125
1.57728706624606,-0.710351940692372
1.5748031496063,-3.19099640023417
1.57232704402516,-3.36992853064224
1.56985871271586,-2.27789511503395
1.5674554102056,-2.28120813148986
1.56739811912226,-1.76794985378363
1.56494522691706,-1.64512391528823
1.5625,-1.96410662178574
1.5600624024961,-3.46239130451017
1.55763239875389,-3.4438961808991
1.55665435927106,-3.17380626128276
1.5552099533437,-1.22911932931437
1.5527950310559,-2.0387115517551
1.55038759689922,-1.08380925699829
1.54798761609907,-0.594008250960381
1.54592773641948,-3.01244253491249
1.54559505409583,-3.2793673928791
1.54320987654321,-2.75677155864094
1.54083204930663,-3.1235489347173
1.53846153846154,-3.48187392205862
1.53609831029186,-1.83588723483124
1.53527502878042,-0.659398480289563
1.53374233128834,-3.32884489145935
1.53139356814701,-3.58728828609677
1.52905198776758,-3.5950102726919
1.52671755725191,-2.52953777006952
1.52469572701757,-3.61132100633828
1.52439024390244,-2.51703104638913
1.5220700152207,-3.55101863887479
1.51975683890577,-2.57527602725754
1.51745068285281,-2.19275370352626
1.51515151515152,-1.6476020150953
1.51418932530435,-3.57324586082081
1.51285930408472,-3.40855538339862
1.51057401812689,-2.6756317826554
1.50829562594268,-1.71961822699431
1.50602409638554,-3.51457215381823
1.50375939849624,-3.19527026821127
1.50375532129974,-3.23715334632147
1.5015015015015,-3.30790999106845
1.49925037481259,-2.84769763537387
1.49700598802395,-3.36437491184041
1.49476831091181,-2.44212773899953
1.49339321612425,-1.20207018204313
1.49253731343284,-3.56280437000539
1.4903129657228,-3.18255476433101
1.48809523809524,-1.56900473454278
1.48588410104012,-3.45473480634832
1.48367952522255,-3.434719309518
1.4831025143361,-3.44657605496753
1.48148148148148,-3.24904188376699
1.4792899408284,-3.35039835784492
1.47710487444609,-3.20891669268728
1.47492625368732,-3.27881410956315
1.4728827239075,-3.26995001533215
1.47275405007364,-3.61296534057409
1.47058823529412,-3.59003693238706
1.46842878120411,0.456729522213029
1.46627565982405,-2.41122989055701
1.46412884333821,-1.6125676183105
1.46273335620113,-2.04360876046051
1.46198830409357,-0.899437910021969
1.45985401459854,-3.02982346934508
1.45772594752187,-3.59846714416822
1.45560407569141,-2.26189108077052
1.45348837209302,0.365158107312671
1.45265392594678,-3.241751940122
1.45137880986938,-0.556049860346643
1.44927536231884,-3.06423533890917
1.44717800289436,-1.64238924714014
1.44508670520231,-1.62143472384055
1.44300144300144,-2.55548720125055
1.44264395121816,-3.19925487972106
1.44092219020173,-3.35386731095464
1.43884892086331,-1.0524942213146
1.4367816091954,-3.52178743490215
1.43472022955524,-2.62576099994213
1.43270295340983,-3.33657792053178
1.43266475644699,-3.29937421150016
1.43061516452074,-1.74312796027989
1.42857142857143,3.26207517884341
1.4265335235378,0.180375786062105
1.42450142450142,-1.65145406642138
1.42283045721435,-0.951995311087226
1.42247510668563,-2.40538834677896
1.42045454545455,-0.427857723457417
1.41843971631206,-3.00773815491622
1.41643059490085,-0.157137092858401
1.41442715700141,-0.172818018432774
1.41302599059953,-0.625885600951686
1.41242937853107,-2.17862475315526
1.41043723554302,-3.01299491290258
1.40845070422535,-3.46903654510781
1.40646976090014,-3.12459150679306
1.40449438202247,-2.8373698900195
1.40328908478587,-1.25974901504729
1.40252454417952,-3.60910102365853
1.40056022408964,-3.51865986780198
1.3986013986014,-3.29832485880923
1.39664804469274,-1.75075921755846
1.39470013947001,-2.12442362725344
1.39361927422414,-0.174267361282641
1.39275766016713,-3.22263134064799
1.39082058414465,-1.33347356070255
1.38888888888889,-2.47525849149973
1.3869625520111,-2.85160665027201
1.38504155124654,-2.31114256748834
1.38401609657313,-1.04076246054556
1.38312586445367,-1.40373888471863
1.38121546961326,-2.79973223194231
1.37931034482759,-2.70267574859609
1.37741046831956,-3.64989258860241
1.37551581843191,-3.35385173735279
1.37447909267754,-2.25119365888919
1.37362637362637,-3.60053665149133
1.37174211248285,-3.19856202090456
1.36986301369863,-2.37056755954479
1.36798905608755,-3.62374916614454
1.36612021857923,-3.11814199800913
1.36500780654601,-2.10985319165142
1.36425648021828,-2.20084155607141
1.36239782016349,-3.09852651142996
1.36054421768707,-3.0824493532166
1.35869565217391,-3.47043020127343
1.35685210312076,-3.50062637994743
1.35560178532937,-2.5644221255245
1.3550135501355,-2.05851600976247
1.3531799729364,-3.22172557307924
1.35135135135135,-3.144377503358
1.34952766531714,-3.41547774166552
1.34770889487871,-1.41060476297805
1.34626057929891,-2.35716880125134
1.34589502018843,-3.0572247505804
1.34408602150538,-1.59498898309216
1.34228187919463,-3.236177176645
1.34048257372654,-3.48243187048773
1.33868808567604,-3.29701334919765
1.33698374182495,-2.95871166132913
1.33689839572193,-3.45668769652523
1.33511348464619,-3.25392444228997
1.33333333333333,-2.47391768692615
1.33155792276964,-2.2743032777566
1.32978723404255,-3.35871706225462
1.32802124833997,-3.2411073113859
1.32777082935543,-3.32093805038211
1.3262599469496,-3.40491099688721
1.32450331125828,-1.9696669534707
1.32275132275132,-2.89124430950791
1.32100396301189,-3.24092035580751
1.31926121372032,-2.95894298480688
1.31862140139475,-3.50512034729958
1.31752305665349,-2.98775814012098
1.31578947368421,-2.52842479613123
1.31406044678055,-0.690851648572713
1.31233595800525,0.661573823902747
1.31061598951507,-1.31674126737827
1.30953502048267,-2.61300227539182
1.30890052356021,-2.86822694238593
1.30718954248366,-0.747056256366373
1.30548302872063,-1.80287967551699
1.30378096479791,-3.58979304523653
1.30208333333333,-1.92650163512699
1.30051125217341,-2.17042531170552
1.30039011703511,-2.92146083442183
1.2987012987013,-3.56300944591744
1.2970168612192,-3.65859912970914
1.29533678756477,-2.88428491241732
1.29366106080207,-2.67801070268213
1.29198966408269,-3.49698870781209
1.29154966501488,-2.51244902307466
1.29032258064516,-3.34817181580091
1.28865979381443,-3.05398671758861
1.28700128700129,-2.53265929509528
1.2853470437018,2.41071804957771
1.28369704749679,-2.24819734981981
1.28264983052806,-3.47307433709981
1.28205128205128,-2.40749675135573
1.28040973111396,0.0996600039333559
1.27877237851662,-1.84297082981298
1.27713920817369,-2.10771498372882
1.27551020408163,-2.1352589485145
1.27388535031847,-1.17738321323825
1.27381132318648,-1.81617548136979
1.27226463104326,-2.75429735654363
1.27064803049555,-3.46177867291412
1.26903553299492,-3.42906487280127
1.26742712294043,-3.25031886104595
1.26582278481013,-2.29547834902355
1.2650337203959,-3.55763415011442
1.26422250316056,-1.29512355560409
1.26262626262626,-3.28109739761295
1.26103404791929,-3.19745108545807
1.25944584382872,-1.5126711130362
1.25786163522013,-1.67196232676506
1.25631660247412,-2.64186815871919
1.25628140703518,-2.18376854365523
1.25470514429109,-0.534761625579317
1.2531328320802,-3.33321090080285
1.25156445556946,-3.00855707808743
1.25,-3.27787284809055
1.24843945068664,-2.7611784210995
1.24765955263087,-2.86608548404335
1.24688279301746,-3.53341441029495
1.2453300124533,-2.6286048964689
1.24378109452736,-2.4998190164655
1.24223602484472,-3.29180019398545
1.24069478908189,-2.72851403766803
1.23915737298637,-3.24781104766772
1.23906215694792,-3.16713449105985
1.23762376237624,-2.34453387961745
1.23609394313968,-3.10791791037264
1.23456790123457,-3.31497122524744
1.23304562268804,-1.85428637312379
1.23152709359606,-3.22459241552836
1.23052400435926,-2.44913180716717
1.230012300123,-1.82783392867735
1.22850122850123,-3.61771204802376
1.22699386503067,-3.34865148634504
1.22549019607843,-2.41713977229589
1.22399020807834,-3.43156917928341
1.22249388753056,-2.87368457689943
1.22204468663149,-3.52790871730233
1.22100122100122,-2.38013149031313
1.21951219512195,-2.45630883822512
1.21802679658952,-2.58431950519481
1.21654501216545,-1.16739892094712
1.21506682867558,0.363790815623521
1.21362379834424,-2.87261985163478
1.21359223300971,-3.49472525686989
1.21212121212121,-2.49620557690882
1.21065375302663,-0.449468405155424
1.20918984280532,-2.85507775778701
1.20772946859903,-3.09614684865432
1.20627261761158,-3.00639073780566
1.20526093687084,-3.54948560382096
1.20481927710843,-3.63279928896058
1.20336943441637,-3.0428203396621
1.20192307692308,-2.8857669975756
1.20048019207683,-3.28804673360416
1.19904076738609,-1.5400157809512
1.19760479041916,-3.59207291963339
1.19695570235904,-3.01904919859522
1.19617224880383,-3.60963044353415
1.194743130227,-2.51543890889287
1.19331742243437,-3.02970279057881
1.19189511323004,-0.231161628804879
1.19047619047619,-2.99419613044089
1.18906064209275,-2.45762137618022
1.1887076977119,-3.34488493342233
1.18764845605701,-0.800793530135375
1.18623962040332,-2.55843789961726
1.18483412322275,-3.04075428417083
1.18343195266272,-1.37264529943165
1.18203309692671,-1.00440429549651
1.18063754427391,-1.69184494792601
1.18051652856881,-3.28763400261875
1.17924528301887,-1.17079348979372
1.17785630153121,-2.75003099014226
1.17647058823529,-3.08889728626603
1.17508813160987,-3.10235020245424
1.17370892018779,-1.499684365877
1.1723818032866,-2.22616167147744
1.17233294255569,-0.968443778353229
1.17096018735363,-2.82767589658239
1.16959064327485,-3.34642509842835
1.16822429906542,-1.79405887085324
1.16686114352392,2.31941694674028
1.16550116550117,-1.83216790834468
1.16430313292088,-3.36159536833194
1.16414435389988,-2.48203346527695
1.16279069767442,-0.772186859645625
1.16144018583043,-2.52006389774562
1.16009280742459,-3.38770295697524
1.15874855156431,-3.06406269151749
1.15740740740741,-1.06839139995072
1.15628013120738,-3.49051252905597
1.15606936416185,-2.11447019470502
1.15473441108545,-3.32298672532168
1.15340253748558,-2.06162162802316
1.15207373271889,-3.32916855854064
1.15074798619102,-2.3081003769776
1.14942528735632,-3.42722245966989
1.14831241454351,-3.15339589937032
1.14810562571757,-3.34722520296732
1.14678899082569,-2.31312110718404
1.1454753722795,-3.13861395013101
1.1441647597254,-2.38842518343959
1.14285714285714,-3.5720725697778
1.14155251141553,-1.55294395577401
1.14039960197003,-1.23792835004904
1.14025085518814,-3.12946581409063
1.13895216400911,-3.2572324328981
1.13765642775882,-2.26859169127946
1.13636363636364,-1.50672778067395
1.13507377979569,-3.2335648214706
1.13378684807256,-0.877547339401626
1.13254131515281,4.04057360032455
1.13250283125708,2.67663817257044
1.13122171945701,-2.92753575192925
1.12994350282486,-3.44568124788041
1.12866817155756,-2.39208382664951
1.12739571589628,-1.20821178622783
1.12612612612613,-2.82308864165249
1.12485939257593,-3.16062303825027
1.12473717836475,-3.08635482267185
1.12359550561798,-2.39684266143812
1.12233445566779,-3.52527268051501
1.12107623318386,-1.80555510997665
1.11982082866741,-3.58982798059243
1.11856823266219,-3.41261225275424
1.11731843575419,-1.29418306686183
1.11698681846782,-3.52145192133467
1.11607142857143,-3.47238961356934
1.11482720178372,-3.49512441547962
1.11358574610245,-2.96347533483349
1.11234705228031,-0.891068818988809
1.11111111111111,-1.55920362521028
1.10987791342952,-2.90651165614495
1.10928986489522,-2.41334606489884
1.10864745011086,-1.37721956754093
1.10741971207087,-3.64118659953597
1.10619469026549,-2.61935385268292
1.10497237569061,-3.17979869821344
1.1037527593819,-3.51174690748051
1.10253583241455,-2.69445796990145
1.10164594963366,-3.37093742155029
1.10132158590308,-2.87391631140427
1.1001100110011,0.118913721374317
1.0989010989011,-3.20975814110705
1.09769484083425,-2.74458981456034
1.09649122807018,-3.61856638218044
1.09529025191676,-2.21306814050883
1.09409190371991,-3.34086803024889
1.09405470720574,-3.36192439221964
1.09289617486339,-2.95485211670852
1.09170305676856,-3.21862734265745
1.09051254089422,-2.73143281032564
1.08932461873638,-1.13923966728783
1.08813928182807,-3.06561150900314
1.08695652173913,-1.27568986439983
1.08651577465254,-0.661529218310913
1.085776330076,-1.37301783092338
1.08459869848156,-3.50447523815076
1.08342361863489,-2.87673443083646
1.08225108225108,-2.33273328271879
1.08108108108108,-1.00502873775492
1.07991360691145,-0.990723998443609
1.07902879151618,-1.43565425441566
1.07874865156419,-2.95274933852262
1.07758620689655,-1.7769326300252
1.07642626480086,-2.23874150367113
1.0752688172043,-2.72265761379956
1.07411385606874,-2.84100650402682
1.07296137339056,-2.55819403973664
1.07181136120043,-0.937616998810607
1.07159339982267,-2.47953409373808
1.07066381156317,-2.57619817247221
1.06951871657754,-0.572019577399128
1.06837606837607,-1.01727856848769
1.06723585912487,-0.810606594990939
1.06609808102345,-1.03582597025682
1.06496272630458,-3.44563028538745
1.06420924406472,-2.36563909498288
1.06382978723404,-2.64830198292655
1.06269925611052,-0.670060137911473
1.06157112526539,-3.33599745850911
1.06044538706257,-0.940280819763227
1.0593220338983,-1.38760142278106
1.05820105820106,-2.41595765012745
1.05708245243129,-3.12662085190051
1.0568759711848,-3.44662551421275
1.05596620908131,-3.31953229921391
1.05485232067511,-3.14618254320318
1.05374077976818,-3.11972379806623
1.05263157894737,-2.54845414495774
1.0515247108307,-3.18638156718323
1.05042016806723,-2.75200433546358
1.04959323055823,-3.00817431889815
1.04931794333683,-1.38128943710255
1.0482180293501,-2.65863061680288
1.04712041884817,-2.93522879207658
1.04602510460251,-3.07548848281699
1.04493207941484,-3.02039060642327
1.04384133611691,-3.40984342872592
1.04275286757039,-2.7393507939641
1.0423606739764,-1.61839350361297
1.04166666666667,2.4269897981845
1.04058272632674,-0.926739610035876
1.03950103950104,-0.341143703578591
1.03842159916926,1.54426007007475
1.03734439834025,-2.8014956769219
1.03626943005181,-3.63647512639026
1.0351966873706,-2.33257305318237
1.03517795563018,-1.86500183175981
1.03412616339193,-3.59701330812542
1.03305785123967,-2.46531467989656
1.03199174406605,-3.33994420240019
1.03092783505155,-3.30253755989475
1.02986611740474,-3.56786130706329
1.02880658436214,-2.58066413100856
1.02804473209331,-0.462280267325165
1.02774922918808,-3.46359182753768
1.02669404517454,-3.64313227994956
1.02564102564103,-3.226352673503
1.02459016393443,-3.21141708767289
1.02354145342886,-3.19634661745188
1.02249488752556,-3.61608978310182
1.02145045965271,-2.11977381093525
1.02096066230605,-3.54321787142005
1.02040816326531,-2.75628915684988
1.01936799184506,-3.41877934010376
1.0183299389002,-2.57670713442077
1.01729399796541,-3.52796433142599
1.01626016260163,-3.31416713989908
1.01522842639594,-2.79845845550239
1.01419878296146,-3.29206600305978
1.01392540755882,-3.190134167142
1.01317122593718,-0.652289812188893
1.01214574898785,-3.02857255391226
1.01112234580384,-1.80352656868989
1.01010101010101,-1.26970788788055
1.00908173562059,-2.30942378840389
1.00806451612903,0.0522648643283974
1.00704934541793,-1.5648889197307
1.00693863147603,-3.51539430459696
1.00603621730382,-2.89540019510032
1.00502512562814,-3.24928674014292
1.00401606425703,2.0722748956742
1.00300902708124,-0.881609096253082
1.00200400801603,-0.548683029222512
1.001001001001,2.48468205642395
1,-2.0018703122957
