"bfp_output.P","bfp_output.logBF"
1000,-0.973217760185842
993.109181374979,-0.818935327836736
986.265846131283,-0.714687433589442
979.46966706954,-0.661004160268202
972.720319245055,-0.6537700561589
966.017479952265,-0.686632769343656
959.360828709315,-0.753855100276961
952.75004724273,-0.852405614148391
946.184819472201,-0.982620434831953
939.66483149547,-1.14734195988133
933.189771573324,-1.34981187744757
926.759330114689,-1.59089364490226
920.373199661823,-1.86654050283242
914.031074875623,-2.16660494403281
907.732652521023,-2.475700047448
901.477631452492,-2.77581702544283
895.26571259964,-3.04942103898569
889.096598952916,-3.2815987430077
882.969995549409,-3.46061157483954
876.885609458743,-3.57725984821199
870.843149769073,-3.62416618511836
864.842327573172,-3.59627277871307
858.882855954625,-3.49346381958345
852.964449974103,-3.3248794114901
847.086826655741,-3.11209972428891
841.249704973612,-2.88691733115142
835.452805838287,-2.68237484173674
829.695852083491,-2.52213818607414
823.978568452852,-2.41545278112012
818.300681586739,-2.35962826900943
812.661920009195,-2.34619458191799
807.06201411495,-2.36637425275172
801.500696156541,-2.41402572412313
795.977700231499,-2.48591014327563
790.492762269642,-2.57938115729352
785.045620020451,-2.68842714327895
779.636013040523,-2.80179703818923
774.263682681127,-2.90707662568918
768.928372075831,-2.99722008576294
763.629826128224,-3.07219650010195
758.367791499719,-3.13559830020294
753.142016597437,-3.19079119949687
747.952251562182,-3.23848550710739
742.798248256492,-3.27485864458914
737.679760252773,-3.2893696865632
732.596542821523,-3.26419611709896
727.548352919623,-3.18342395622208
722.534949178721,-3.05823664869176
717.556091893692,-2.93828459956235
712.611543011175,-2.87171275636329
707.701066118189,-2.86851559074595
702.824426430835,-2.91421399336674
697.981390783066,-2.99294408769962
693.17172761554,-3.09407127266622
688.39520696455,-3.2088228419672
683.651600451024,-3.32433879880515
678.940681269611,-3.41932425490439
674.262224177835,-3.46660824611554
669.616005485322,-3.44523943538028
665.001803043112,-3.35280971741606
660.419396233031,-3.20445680227841
655.868565957143,-3.02137545724276
651.349094627281,-2.8226880263041
646.860766154633,-2.62561785288456
642.40336593942,-2.44895591591777
637.976680860628,-2.31357626320296
633.580499265825,-2.23765279720156
629.214610961035,-2.23012683421139
624.878807200689,-2.28872296100946
620.57288067765,-2.40399271686293
616.296625513294,-2.56430899925369
612.04983724767,-2.75686320484742
607.832312829723,-2.96505691201066
603.643850607587,-3.16648463455747
599.484250318941,-3.33414786553443
595.353313081437,-3.43890200427686
591.250841383188,-3.45021279866524
587.176639073326,-3.33761847775058
583.130511352622,-3.08181273334356
579.112264764176,-2.70159792091301
575.121707184161,-2.27719290767954
571.158647812643,-1.92340082632343
567.222897164454,-1.71702383073621
563.314267060136,-1.66173805254398
559.432570616938,-1.71988806048041
555.577622239888,-1.85573022572425
551.749237612913,-2.05202060008205
547.947233690029,-2.30205286986499
544.171428686589,-2.59185136102671
540.421642070592,-2.88890836352645
536.697694554048,-3.14346975417457
532.999408084409,-3.29460024720832
529.326605836056,-3.28062322738939
525.679112201842,-3.06737977931014
522.056752784698,-2.68812343760167
518.459354389291,-2.2447429275373
514.886745013749,-1.84594399027496
511.338753841433,-1.54863014332993
507.815211232767,-1.35866432994895
504.315948717136,-1.26595086271255
500.840798984821,-1.27172917771149
500,-1.28954690895328
497.389595879006,-1.39009130682912
493.962174387832,-1.63065882703772
490.558370636505,-1.98684312858215
487.178021879463,-2.43500350724023
483.820966492595,-2.92459322300298
480.487043965513,-3.36018370234505
477.176094893875,-3.61783973341413
473.887960971765,-3.62160990778518
470.622484984128,-3.40080872894962
467.379510799247,-3.04871209920158
464.158883361278,-2.65103134840403
460.960448682844,-2.26468876606371
457.784053837662,-1.93192941046275
454.62954695324,-1.68828174273038
451.49677720361,-1.55654784525215
448.385594802119,-1.5474283885489
445.295850994266,-1.66959108349233
442.22739805059,-1.92556862668463
439.180089259609,-2.28418244868434
436.153778920801,-2.66536615144112
433.14832233764,-2.98223361186912
430.16357581068,-3.20046254022325
427.199396630678,-3.34032808800502
424.255643071778,-3.43659942376741
421.332174384729,-3.51025831678013
418.428850790158,-3.56708078587685
415.545533471888,-3.60770624550939
412.682084570296,-3.63374505630442
409.838367175726,-3.64742308909156
407.014245321944,-3.64885948041218
404.209583979631,-3.63372603622436
401.424249049932,-3.58931805077229
398.658107358044,-3.48820994458166
395.911026646846,-3.29288793592074
393.182875570577,-3.00090628244895
390.473523688556,-2.70395974425501
387.782841458946,-2.51162418738802
385.110700232557,-2.40867547520663
382.4569722467,-2.25119230739933
379.821530619074,-1.79516191387345
377.2042493417,-0.855266650156419
374.605003274899,0.128063335888602
372.023668141307,0.379425584928744
369.46012051993,-0.119563775847193
366.914237840249,-0.963855679049156
364.385898376355,-1.43673443346655
361.874981241128,-0.513328572705812
359.381366380463,1.28891597202391
356.904934567523,2.28869400194846
354.445567397043,1.81997711236774
352.003147279668,0.0564678796052549
349.577557436327,-1.89321077728017
347.168681892656,-2.76158680765682
344.776405473446,-2.7350768064973
342.400613797142,-2.59743510925243
340.041193270371,-2.49965488497944
337.698031082509,-1.99695237560611
335.371015200293,-0.694183973581498
333.333333333333,0.9915949625475
333.060034362459,1.23315109186858
330.764978074424,3.06249053625861
328.485736603004,3.68931915733829
326.222200971167,2.29635763877004
323.97426295282,-0.135075601560042
321.741815067637,-1.86947129949796
319.524750575921,-2.34930967151909
317.322963473498,-1.66923882974303
315.136348486648,-0.173368074434658
312.964801067075,1.24681527451792
310.808217386907,1.73662920306642
308.666494333727,1.33701319157071
306.539529505653,0.509751336703137
304.42722120643,-0.210026087056302
302.329468440578,-0.163791168494195
300.246170908555,1.08085550655942
298.177229001967,2.9638714918729
296.122543798804,3.72744154193909
294.082017058706,2.69821120585904
292.055551218275,1.24091292649881
290.043049386399,0.233024178579616
288.04441533963,-0.567908523951085
286.059553517574,-1.04334380363867
284.08836901833,-0.294027711295949
282.130767593947,1.78355001132484
280.18665564592,3.37263865955989
278.255940220713,2.90599101021291
276.338529005317,0.815002751266111
274.434330322837,-1.51408725512833
272.543253128103,-2.77607369161462
270.665207003324,-1.93770071588103
268.800102153761,1.13107814539372
266.947849403432,4.97722094934925
265.108360190854,7.3837293229024
263.281546564802,6.85331799464384
261.467321180109,3.29470016119773
259.665597293487,-1.32677380222416
257.87628875938,-3.58187535317729
256.099310025846,-2.69619245729207
254.334576130465,-0.391474684154995
252.582002696278,2.08823541605223
250.841505927754,4.11838507576367
250,4.63841804481705
249.113002606779,4.4768394359336
247.396410088681,1.16727922337934
245.691646298279,-2.73881357027981
243.998629725955,-3.44715012753523
242.31727942376,-2.72266088763284
240.647515001542,-1.84718203808883
238.989256623105,-1.30349642023087
237.342425002387,-1.54883743965756
235.706941399673,-2.20417857340085
234.082727617829,-1.60214352438474
232.469705998565,-0.181149254107718
230.867799418717,0.38590488031942
229.276931286565,-0.939336042600625
227.697025538168,-2.90690467588184
226.128006633728,-3.29996390890623
224.569799553977,-1.24076304085896
223.022329796594,2.57828476144262
221.485523372636,6.82768331940666
219.959306803008,8.53542234093162
218.443607114943,4.39820159815203
216.938351838519,-1.21946009043217
215.443469003188,-3.40167990308536
213.958887134342,-2.29221128089524
212.484535249888,0.364733080310221
211.02034285686,2.13237469754678
209.566239948043,1.31116429966416
208.122156998634,-0.748589010974864
206.688024962908,-2.48642608282192
205.263775270925,-2.99898322997633
203.849339825246,-2.58680347622144
202.44465099768,-2.4421744019658
201.04964162605,-3.02315369877784
200,-3.44053750480789
199.664245010979,-3.52674674455126
198.288394912707,-3.64053950632698
196.922025547917,-3.50147466037363
195.565071586595,-3.45643318957441
194.217468148903,-3.41880909408099
192.879150802078,-3.1981809699905
191.550055557353,-3.16797399928135
190.230118866895,-3.11693614946183
188.919277620767,-3.26326731564036
187.617469143912,-3.55106670035677
186.324631193156,-3.02742647464263
185.04070195423,-2.59705982132366
183.765620038817,-2.00581431732031
182.499324481615,-1.3538134379214
181.241754737424,-1.90711150961369
179.992850678248,-2.25513799841586
178.752552590424,-2.42784606529728
177.520801171764,-3.13085912643534
176.297537528721,-2.87758057929089
175.082703173572,-1.78972379578739
173.876240021625,0.016212471877016
172.678090388436,0.774320108172152
171.488196987054,-1.06660164490018
170.306502925284,-2.59396956659158
169.132951702965,-3.09295328414837
167.967487209265,-2.42735882316797
166.810053720006,-1.11098855367693
166.666666666667,-0.947132940314996
165.660595894991,0.495162715999119
164.519058775366,2.99400277530232
163.385387780986,4.90120591828709
162.259528707809,1.41966324377457
161.141427725302,-3.29745882373022
160.03103137387,-1.30668805468759
158.928286562298,4.44488692365427
157.833140565212,8.0406559102802
156.745541020559,3.63630444085174
155.665435927106,-2.83608485861923
154.592773641948,-2.40554339197028
153.527502878042,1.01488823027537
152.469572701757,1.78019070527042
151.418932530435,-1.02646451485343
150.375532129974,-3.35550507712052
149.339321612425,-1.78069999021066
148.310251433611,-0.995766150843006
147.28827239075,-1.9932205752686
146.273335620113,-3.3051338876575
145.265392594678,-2.53098994871039
144.264395121816,-2.13645046049607
143.270295340983,-1.65131675643805
142.857142857143,-1.53346626175557
142.283045721435,-1.25736343323824
141.302599059953,-0.6809163378506
140.328908478587,-2.4424532706643
139.361927422414,-1.61579928373468
138.401609657313,3.00274458796416
137.447909267754,6.74178705689348
136.500780654601,2.21652004363636
135.560178532937,-3.20864302335836
134.626057929891,-1.10990941100824
133.698374182495,3.63715245649589
132.777082935543,1.65459447827705
131.862140139475,-2.31509897336125
130.953502048267,-3.51096537129431
130.051125217341,-3.56445084428359
129.154966501488,-3.21761567194739
128.264983052806,-3.00924621258279
127.381132318648,-3.23028667549731
126.50337203959,-2.52673350872255
125.631660247412,-0.951261778509187
125,-0.306279795654016
124.765955263087,-0.680459310900157
123.906215694792,-3.29856684850473
123.052400435926,-3.36525564725177
122.204468663149,-1.73326922153127
121.362379834424,-1.2406448131724
120.526093687084,-2.5549254508157
119.695570235904,-3.2946862264644
118.87076977119,-3.13755096339222
118.051652856881,-3.14127771608228
117.23818032866,-3.17769626699585
116.430313292088,-3.46508927746357
115.628013120738,-3.65197249450089
114.831241454351,-3.05281959008634
114.039960197003,-2.27008587568572
113.254131515281,-2.30571718246163
112.473717836475,-3.49652359940229
111.698681846782,-2.91282227231302
111.111111111111,-1.27312069268747
110.928986489522,-0.789349544386236
110.164594963366,-0.654019311189397
109.405470720574,-3.00771461073743
108.651577465254,-3.2244787009978
107.902879151618,-1.86922800044489
107.159339982267,-1.54580235930892
106.420924406472,-2.74805044431887
105.68759711848,-1.68280152307916
104.959323055823,-0.62029708916334
104.23606739764,-3.09113739662022
103.517795563018,-2.62095863143746
102.804473209331,2.12605006146417
102.096066230605,0.607743423166785
101.392540755882,-2.60826567613976
100.693863147603,-0.946310318610595
100,-0.652870675075898
100,-0.652870675075927
99.310918137498,-1.34375917379485
98.6265846131283,-2.26512719265527
97.946966706954,-2.69349801309856
97.2720319245054,-2.56793010729192
96.6017479952265,-3.53096698039463
95.9360828709315,-2.83616534527827
95.2750047242729,-2.65523453350239
94.61848194722,-3.42380615631459
93.966483149547,0.945613747337934
93.3189771573324,0.0234927129023577
92.6759330114688,-3.5109577884133
92.0373199661823,-1.44848826936562
91.4031074875623,-0.709677610732295
90.9090909090909,-1.68472201193078
90.7732652521023,-1.65759033055074
90.1477631452492,-2.76348898794383
89.526571259964,-2.84694287409361
88.9096598952916,0.863347607649946
88.2969995549409,-0.589747015859682
87.6885609458743,-3.40290344106271
87.0843149769073,-0.519049038599614
86.4842327573172,-1.3364212651851
85.8882855954625,-3.06401981871995
85.2964449974102,-2.02488086712587
84.7086826655741,-3.2074010794479
84.1249704973612,-2.53933728064426
83.5452805838287,-3.61481437624611
83.3333333333333,-3.16999795464711
82.9695852083491,-2.25098552145426
82.3978568452852,-3.22788039207593
81.8300681586739,2.13273023056992
81.2661920009194,-0.777849596958201
80.706201411495,-0.701079439850541
80.2028719106221,9.67530145904165
79.5977700231498,-1.58637665847665
79.0492762269642,-1.08429899954266
78.5045620020451,-0.223528724728008
77.9636013040523,0.868001737443667
77.4263682681127,-3.65520061002222
76.9230769230769,1.03399255271227
76.8928372075831,1.39023474473119
76.3629826128224,-3.11132569900006
75.8367791499719,-1.70065508207248
75.3142016597437,-3.05985277642138
74.7952251562182,-2.06527952775498
74.2798248256491,-2.65049291031793
73.7679760252773,-2.91253679954915
73.2596542821523,-2.24907227722026
72.7548352919623,-3.22485138561101
72.2534949178722,-3.5952271199303
71.7556091893693,-2.06503067461626
71.4285714285714,-0.412118402500378
71.2611543011175,-1.39735675038461
70.7701066118189,-3.04603461160438
70.2824426430835,-0.494715799748955
69.7981390783066,-2.26803671184045
69.3171727615541,-3.30518334257762
68.839520696455,-3.45700017946434
68.3651600451024,-1.35337108713154
67.8940681269611,-2.63259914651699
67.4262224177834,-2.39971346404387
66.9616005485322,-2.91179029743732
66.6666666666667,0.600097477402689
66.5001803043112,0.52274739065992
66.0419396233031,-1.08987564582297
65.5868565957143,-0.80840899868998
65.134909462728,-1.61603444742114
64.6860766154633,-2.03237039912751
64.2403365939419,-2.03809351052849
63.7976680860628,-3.18296818331033
63.3580499265825,-0.0132356618661147
62.9214610961034,-2.54943927429617
62.5,-2.38566596443426
62.4878807200689,-2.4294847132766
62.057288067765,-2.8687807941212
61.6296625513294,-3.02513328537925
61.204983724767,-3.44334255569619
60.7832312829723,-1.52062144638229
60.3643850607587,-3.5031425116182
59.9484250318941,-2.7808961674187
59.5353313081437,-3.65849905923683
59.1250841383188,-3.64268497188497
58.8235294117647,-2.71377751357452
58.7176639073326,-1.64154979936508
58.3130511352622,-2.91123137403452
57.9112264764176,-2.57833169602047
57.5121707184161,-1.96965653772584
57.1158647812643,-3.65441383705614
56.7222897164454,-3.03503151360082
56.3314267060136,-2.99484170783144
55.9432570616938,-2.89093741463359
55.5577622239888,-2.54534914560393
55.5555555555556,-2.5229776773241
55.1749237612912,-2.17760828490695
54.7947233690029,-2.67281431062794
54.4171428686589,-2.91393187582942
54.0421642070592,-3.0542913556727
53.6697694554048,-3.13155892138384
53.2999408084409,-3.57330920892773
52.9326605836056,-2.12954361335961
52.6315789473684,-3.1097868312457
52.5679112201842,-3.24174251631687
52.2056752784698,-0.931889486036407
51.8459354389291,-3.40413595153459
51.488674501375,-3.5778345366465
51.1338753841433,-2.78887578160275
50.7815211232767,-2.33679184563924
50.4315948717136,-0.649491123145718
50.0840798984821,-3.30523264418691
50,-2.82542731907359
49.7389595879007,-3.0666422909053
49.3962174387832,-2.37508322172949
49.0558370636505,-2.67344254281904
48.7178021879463,-3.4451294151756
48.3820966492596,-3.28968245934687
48.0487043965513,-0.202112761583957
47.7176094893875,-2.78973242421601
47.6190476190476,-1.54902479636315
47.3887960971765,-2.08649849090123
47.0622484984128,-3.45647020460423
46.7379510799246,2.36478830732135
46.4158883361278,-2.26943956412536
46.0960448682843,-1.88258850814226
45.7784053837662,-2.97016503520488
45.462954695324,-3.17415643890068
45.4545454545455,-3.17037517450269
45.149677720361,-2.7126442078662
44.8385594802119,-2.31825499984641
44.5295850994266,-2.7609155621521
44.222739805059,7.83742065547493
43.9180089259609,-0.513592482389593
43.6153778920801,-0.989794308842685
43.4782608695652,-2.09078542280416
43.314832233764,-2.30907171512059
43.016357581068,-3.39711503820892
42.7199396630678,-1.59474991502573
42.4255643071778,-2.25235013398081
42.1332174384729,-1.0602371700515
41.8428850790158,-0.386673709761491
41.6666666666667,-3.14061750498409
41.5545533471888,-1.22150641371537
41.2682084570295,-3.29404581033226
40.9838367175726,-1.05286632964494
40.7014245321944,-3.01869660111096
40.4209583979631,-3.42219477841551
40.1424249049932,0.0389688026695767
40,-3.29836779392799
39.8658107358044,-1.60267324163264
39.5911026646846,-3.19079500351672
39.3182875570577,-2.68504987359155
39.0473523688556,-0.81886268956752
38.7782841458946,-2.97327574240596
38.5110700232557,-3.03689056391179
38.4615384615385,-3.52446204425992
38.24569722467,-1.64771408187614
37.9821530619073,-1.77009270075349
37.72042493417,-3.47776020320695
37.4605003274899,-1.87763914486855
37.2023668141307,-2.95300415603493
37.037037037037,-3.59536456330998
36.946012051993,-3.32299277559577
36.6914237840249,-2.33324924738518
36.4385898376355,-2.84706993704647
36.1874981241128,-2.28856742838947
35.9381366380463,-3.06284308891393
35.7142857142857,-2.39767249310311
35.6904934567523,-2.68323953820718
35.4445567397043,-0.87924315379207
35.2003147279668,-1.73927167880869
34.9577557436328,-2.96702016453348
34.7168681892656,-3.60257286527486
34.4827586206897,-3.61164628546727
34.4776405473446,-3.57203984429442
34.2400613797142,-3.05039895478908
34.0041193270371,-0.821437783869849
33.7698031082509,-3.40363884190345
33.5371015200293,-0.874325829667423
33.3333333333333,-2.22282600802206
33.3060034362459,-0.409035603447886
33.0764978074424,-2.88677800065299
32.8485736603004,-3.42977996878796
32.6222200971167,-2.7294407995926
32.397426295282,0.283469103901997
32.258064516129,-2.67945864830271
32.1741815067637,0.255104451775186
31.9524750575921,-2.88152199085222
31.7322963473498,-3.63188970420175
31.5136348486648,-3.12772698746282
31.2964801067075,-2.84525140700695
31.25,-3.42566536687253
31.0808217386906,-2.85042559098663
30.8666494333727,-3.45524876122111
30.6539529505653,-2.93366846514491
30.442722120643,-0.608535686871686
30.3030303030303,-3.57995551425328
30.2329468440578,-2.44497407761061
30.0246170908555,-3.4663236641998
29.8177229001967,-3.08040080574862
29.6122543798804,-3.37428075661087
29.4117647058824,-3.08592275850755
29.4082017058706,-3.01850374657259
29.2055551218275,-3.08705264929331
29.0043049386399,-2.8998838380411
28.804441533963,-2.15862368160794
28.6059553517574,-3.07927233704795
28.5714285714286,-3.59791276667111
28.408836901833,-3.60561444435627
28.2130767593947,-2.89855469868136
28.018665564592,-3.48642688894399
27.8255940220712,-2.79907518009794
27.7777777777778,-3.63525293353863
27.6338529005317,-1.49450497921417
27.4434330322836,-1.70296814828104
27.2543253128103,-1.87097050786793
27.0665207003324,0.0850518289785969
27.027027027027,-0.929413732419913
26.8800102153761,1.29013557217003
26.6947849403432,1.04283778550142
26.5108360190854,-3.17696723309323
26.3281546564802,-2.16788103192423
26.3157894736842,-0.914937315814607
26.1467321180109,-2.00182884991225
25.9665597293487,-3.19999954605658
25.787628875938,-1.22589324707421
25.6410256410256,-2.39184359608056
25.6099310025846,-2.4663305509937
25.4334576130465,-2.14264933888328
25.2582002696278,1.6663637715257
25.0841505927754,0.648360090180337
25,7.44489867726434
24.9113002606779,3.60902832160698
24.7396410088681,1.2471851361289
24.5691646298279,-2.77065661188775
24.3998629725955,-1.9379021944603
24.390243902439,-2.49077325618965
24.231727942376,-2.54508788032281
24.0647515001542,-2.05400071046695
23.8989256623105,-3.10371310202627
23.8095238095238,-3.35655297135376
23.7342425002387,-1.88700570254091
23.5706941399673,-2.15898626103616
23.4082727617829,-0.535880653847708
23.2558139534884,-2.88185010109974
23.2469705998565,-3.42186954860521
23.0867799418717,-3.24940762639853
22.9276931286565,-1.77383317485184
22.7697025538168,-2.1186003686338
22.7272727272727,-3.125160887607
22.6128006633728,-2.44430280093628
22.4569799553977,-0.65354982557606
22.3022329796594,-2.86611723906499
22.2222222222222,-3.37333665450741
22.1485523372636,-0.382651020761965
21.9959306803007,-2.31776487158508
21.8443607114943,-2.9770746382557
21.7391304347826,-3.31481774698725
21.6938351838518,-0.277702326096555
21.5443469003188,-2.73981531470214
21.3958887134342,-3.0314176853647
21.2765957446809,-0.244270404897018
21.2484535249888,-0.965553646807488
21.102034285686,-3.23959733929076
20.9566239948043,-2.67668131478195
20.8333333333333,-2.52426588204427
20.8122156998634,-3.01777246429331
20.6688024962908,-3.28145740980143
20.5263775270925,-1.67872254598943
20.4081632653061,-2.39684694731907
20.3849339825246,0.176395992935274
20.244465099768,-1.74432755856248
20.104964162605,0.00170300570612358
20,-2.36616767335245
19.9664245010979,-3.41099772256824
19.8288394912707,-3.04116938592936
19.6922025547917,-3.53174016877524
19.6078431372549,-3.54383111940568
19.5565071586595,-2.42085803882496
19.4217468148903,-2.93095580773531
19.2879150802078,-3.08514642274592
19.2307692307692,-2.69416470371548
19.1550055557353,-2.69747203369003
19.0230118866894,-3.65093927404088
18.8919277620767,-2.35366530032963
18.8679245283019,-0.818291666093653
18.7617469143912,-3.51888935439727
18.6324631193156,-1.4075372181944
18.5185185185185,-3.60964451413126
18.504070195423,-2.98904801071783
18.3765620038817,-1.71921878123861
18.2499324481615,-3.1029000999472
18.1818181818182,-3.60153188064775
18.1241754737424,-2.40289287939445
17.9992850678248,-3.3809344584459
17.8752552590424,-3.46194166751429
17.8571428571429,-2.84060314023661
17.7520801171764,-3.41515597382026
17.6297537528721,-3.24638244181848
17.5438596491228,-0.0936560995206817
17.5082703173572,-2.48295585504278
17.3876240021625,-2.42225475619555
17.2678090388436,-2.91860731123584
17.2413793103448,-2.39081313280335
17.1488196987054,-3.22015839972401
17.0306502925284,-0.607995610458185
16.9491525423729,2.00478753936331
16.9132951702965,-2.59794357877136
16.7967487209265,-3.60801417353458
16.6810053720006,0.0154585092209247
16.6666666666667,-1.92802098156256
16.5660595894991,-3.21641210619945
16.4519058775366,-2.7903589287534
16.3934426229508,-3.08100691855172
16.3385387780986,-3.43160120157871
16.2259528707809,-3.59806919786056
16.1290322580645,-1.44481482193653
16.1141427725302,-0.482411759065324
16.003103137387,-3.53819403945875
15.8928286562298,-3.45967015686976
15.8730158730159,-0.33639115540215
15.7833140565212,-2.15038268046619
15.674554102056,-2.37091835404363
15.625,-1.30394162182786
15.5665435927106,-1.0205755965111
15.4592773641948,-3.10888346303461
15.3846153846154,-0.445725573176655
15.3527502878042,-3.2564018769353
15.2469572701757,-2.32390864637461
15.1515151515152,1.14219965946645
15.1418932530435,-0.666412492015136
15.0375532129974,-2.63885225865466
14.9339321612425,-0.135396048159985
14.9253731343284,-0.13871563553344
14.831025143361,-3.25609895717921
14.728827239075,-2.44133981987262
14.7058823529412,-2.66695899818229
14.6273335620113,-3.64738750393193
14.5265392594678,-1.49885630072692
14.4927536231884,-3.47244720322781
14.4264395121816,-3.62389820280797
14.3270295340983,-1.24007313871486
14.2857142857143,-0.476389994166889
14.2283045721435,-0.84693333030567
14.1302599059953,-1.83717035909627
14.0845070422535,-0.75940631662787
14.0328908478587,0.768777744288561
13.9361927422414,-1.79723513921071
13.8888888888889,-2.9608180606162
13.8401609657313,-1.07793493851444
13.7447909267754,-3.21735085483298
13.6986301369863,-3.58771778521686
13.6500780654601,-1.91435541812698
13.5560178532937,-1.29501335547625
13.5135135135135,-1.11501683931096
13.4626057929891,-1.92381884915799
13.3698374182495,-2.04729834914498
13.3333333333333,3.61785669071826
13.2777082935543,-2.14629421767928
13.1862140139475,-2.44121083726109
13.1578947368421,-1.49833016836525
13.0953502048267,1.27140819302658
13.0051125217341,-3.36266917299856
12.987012987013,-2.3635016889943
12.9154966501488,-3.38124845690448
12.8264983052806,0.81967743914466
12.8205128205128,0.921506367199233
12.7381132318648,-2.51299957591153
12.6582278481013,-2.65008654059836
12.650337203959,-1.46226457747799
12.5631660247412,-3.08228112358627
12.5,-1.89524000503463
12.4765955263087,-2.91452079215848
12.3906215694792,-3.44963016450505
12.3456790123457,-2.88236841872979
12.3052400435926,-3.29311963701052
12.2204468663149,-0.121450894119032
12.1951219512195,-1.25945285811384
12.1362379834424,-0.945933886499158
12.0526093687084,-1.216213995897
12.0481927710843,-1.49287617237432
11.9695570235904,4.6520865225218
11.9047619047619,-3.56641520763629
11.887076977119,-1.58025680418113
11.8051652856881,-2.34221278412418
11.7647058823529,-3.26794067223245
11.723818032866,-1.7151720035997
11.6430313292088,0.284102061721048
11.6279069767442,-3.12578808790407
11.5628013120738,-2.54856728390221
11.4942528735632,-1.22981605876582
11.4831241454351,-0.45889191631603
11.4039960197003,-3.65533311080035
11.3636363636364,-3.62050197157536
11.3254131515281,-3.28361044014802
11.2473717836475,-3.19295501860706
11.2359550561798,-3.3839008138356
11.1698681846782,-3.14518909096794
11.1111111111111,-2.09075444361265
11.0928986489522,-3.19931347253323
11.0164594963366,-2.39894696975328
10.989010989011,-0.946364846518814
10.9405470720574,-2.40845940923578
10.8695652173913,-0.960514089167655
10.8651577465254,-1.48405995779823
10.7902879151618,-2.60114606534666
10.752688172043,-2.86909119406037
10.7159339982267,-2.25388820404889
10.6420924406472,-2.63669795094629
10.6382978723404,-2.32076277443543
10.568759711848,-3.18522722211641
10.5263157894737,-3.44174198656797
10.4959323055823,-2.79617805911674
10.423606739764,-1.75776127810409
10.4166666666667,-2.24633767344327
10.3517795563018,-2.10685471584558
10.3092783505155,-3.22246479987525
10.2804473209331,-2.6821536092968
10.2096066230605,-2.84726295621037
10.2040816326531,-2.52588046569515
10.1392540755882,0.0919400265286088
10.1010101010101,-3.60313047682909
10.0693863147603,-3.47262105023286
10,-1.94938415335009
10,-1.94938415334989
9.9310918137498,-3.16423944220623
9.9009900990099,0.737833973266977
9.86265846131282,0.333150949256312
9.80392156862745,-3.56460838456844
9.79469667069539,1.41593097433374
9.72720319245054,-2.97739953326244
9.70873786407767,-3.17857750444436
9.66017479952265,-1.3455541984123
9.61538461538461,-2.92309145085793
9.59360828709314,-2.98671571608839
9.52750047242729,-2.45864200371399
9.52380952380952,-2.56663978757744
9.461848194722,-1.95078237505295
9.43396226415094,-3.45787811290846
9.39664831495469,-3.29263632106541
9.34579439252336,-2.84801310949852
9.33189771573324,-2.86579904855786
9.26759330114688,-1.9682863604717
9.25925925925926,-1.17807542103678
9.20373199661822,-2.62797316048885
9.1743119266055,-3.31661446286922
9.14031074875623,-3.51845683441537
9.09090909090909,-1.20878520138462
9.07732652521023,-3.14072208069812
9.01477631452492,-3.40029717940056
9.00900900900901,-3.58085769497172
8.9526571259964,-1.75637835038146
8.92857142857143,-3.30402565298784
8.89096598952916,-2.76837987102185
8.84955752212389,0.303083034323426
8.82969995549409,-2.34806626913676
8.7719298245614,-2.60740561969562
8.76885609458743,-3.36390158777591
8.70843149769072,-3.37068449899793
8.69565217391304,-3.64186421038569
8.64842327573172,0.666587186947187
8.62068965517241,-1.9963284356797
8.58882855954625,-1.05678909556313
8.54700854700855,0.318092555372478
8.52964449974102,-0.564526762983472
8.47457627118644,-2.01703379071439
8.47086826655741,-3.55596103458562
8.41249704973612,-3.55374207529648
8.40336134453781,-2.08598630938978
8.35452805838287,1.74418531207029
8.33333333333333,0.609149731561122
8.29695852083491,-3.26855150654758
8.26446280991736,-2.31824560615088
8.23978568452852,-3.42902015750748
8.19672131147541,-3.26318084308682
8.18300681586739,-3.49849901490956
8.13008130081301,-3.09664572866269
8.12661920009195,-2.87046213915228
8.0706201411495,-2.53075794932111
8.06451612903226,-1.65430349409278
8.01500696156541,-3.59590805219004
8,-3.56808256027524
7.95977700231498,-3.16218887563961
7.93650793650794,-2.1886244772882
7.90492762269642,-3.16013153667641
7.8740157480315,1.0365169886584
7.85045620020451,-3.26568548079502
7.8125,-3.57441811927914
7.79636013040523,-3.29208153445397
7.75193798449612,-2.65980091388762
7.74263682681127,-3.14313568276516
7.69230769230769,-3.56484791077771
7.68928372075831,-3.17938200637208
7.63629826128224,-2.67710672122113
7.63358778625954,-2.58276188367075
7.58367791499719,-3.25246284111453
7.57575757575758,-3.44945520483806
7.53142016597437,-2.91615754046743
7.5187969924812,-2.70037025442074
7.47952251562182,-2.57155143236282
7.46268656716418,-3.48934249104185
7.42798248256492,-3.06086768177259
7.40740740740741,-2.6265874193612
7.37679760252773,-3.14562623673988
7.35294117647059,1.55238374205071
7.32596542821523,-3.5130173201346
7.2992700729927,-3.3421968319076
7.27548352919623,-2.83233977023967
7.2463768115942,-2.95340639802181
7.22534949178722,-1.85121537117017
7.19424460431655,-0.714108560317025
7.17556091893693,-2.45854415034757
7.14285714285714,-2.93425658008716
7.12611543011175,-2.3927276026347
7.09219858156028,-2.53078929707864
7.07701066118189,-2.12579637807299
7.04225352112676,-1.02792279628731
7.02824426430835,-2.50866912049589
6.99300699300699,1.32582373821264
6.97981390783066,-2.91242797129122
6.94444444444444,-1.19331029686158
6.93171727615541,-3.35124512522891
6.89655172413793,-3.06486284300278
6.8839520696455,-2.92205895732128
6.84931506849315,-2.22884704034241
6.83651600451024,-1.27224701426571
6.80272108843537,-2.67090787741052
6.78940681269611,-1.86660282458531
6.75675675675676,-0.611759808141737
6.74262224177834,-3.0631126581611
6.71140939597315,-2.49570437599571
6.69616005485322,-3.17640155444111
6.66666666666667,-3.03291010301121
6.65001803043112,-2.02764941324743
6.62251655629139,-2.75462968902066
6.6041939623303,-3.65006127896849
6.57894736842105,-2.81875477794965
6.55868565957143,-0.324745652013898
6.5359477124183,-2.29823319403014
6.5134909462728,-2.81709518447526
6.49350649350649,-1.06909852327372
6.46860766154633,-1.4232801447862
6.45161290322581,-1.73854076982631
6.42403365939419,-3.50344026343866
6.41025641025641,-2.89322871353381
6.37976680860628,-2.89247063721281
6.36942675159236,-2.54649931326007
6.33580499265825,-0.375982636482045
6.32911392405063,-2.35619761234671
6.29214610961034,-3.32565036163741
6.28930817610063,-2.68209377752059
6.25,-3.3773534857256
6.24878807200689,-3.18641337243637
6.2111801242236,-0.921854560874645
6.2057288067765,-2.35086207165629
6.17283950617284,-2.31874848283608
6.16296625513294,-3.45034018052093
6.13496932515337,-3.40355797976558
6.1204983724767,-1.95082964458625
6.09756097560976,-3.58586828878579
6.07832312829723,-1.48595399840586
6.06060606060606,-3.35717482594473
6.03643850607587,-3.43461759611501
6.02409638554217,-2.14887731325127
5.99484250318941,-2.34557438951738
5.98802395209581,-2.98588749916338
5.95353313081437,-3.14875502641204
5.95238095238095,-3.34673348479476
5.91715976331361,-2.68445139667802
5.91250841383188,-3.29887505978932
5.88235294117647,-3.20718782066642
5.87176639073326,-2.93427938565461
5.84795321637427,-2.56285733857508
5.83130511352622,-1.92965390778017
5.81395348837209,-3.44521716137101
5.79112264764176,-3.2721499834799
5.78034682080925,-3.53121208038125
5.75121707184161,-3.57757619846744
5.74712643678161,-0.52874487258985
5.71428571428571,-3.0219358041795
5.71158647812643,-2.30977306092519
5.68181818181818,-3.01391715954982
5.67222897164454,-3.44672120586754
5.64971751412429,-0.540480815876673
5.63314267060136,-2.78068546598588
5.61797752808989,-2.52062675614085
5.59432570616938,-3.49043519533189
5.58659217877095,-2.35522787579164
5.55577622239888,-0.44755489926079
5.55555555555556,-0.861561661206717
5.52486187845304,-2.96044235085712
5.51749237612913,-3.22298577293086
5.49450549450549,-3.14803036680224
5.47947233690029,-2.37653128158534
5.46448087431694,-3.4259113074235
5.44171428686589,-2.83360078536948
5.43478260869565,-3.49415676401908
5.40540540540541,-3.28345503534357
5.40421642070592,-3.32719662377756
5.37634408602151,-3.62425553503204
5.36697694554048,-2.14081109722592
5.3475935828877,-2.77551338912844
5.32999408084409,-3.32829450807138
5.31914893617021,-3.55505052609852
5.29326605836056,-3.64211430782681
5.29100529100529,-2.64676124744393
5.26315789473684,-3.45402529796588
5.25679112201842,-3.20420071425822
5.23560209424084,-2.30107102018122
5.22056752784698,-1.79722838495753
5.20833333333333,-1.95574181743107
5.18459354389291,-3.56200769664879
5.18134715025907,-3.62957857625245
5.15463917525773,-2.22282470477505
5.14886745013749,-2.20374239405943
5.12820512820513,-2.40149904643395
5.11338753841433,-3.34695762742954
5.10204081632653,-3.18177380939188
5.07815211232767,-3.15146741808207
5.0761421319797,-0.974832329345115
5.05050505050505,-3.15576957281653
5.04315948717136,-3.4549440246942
5.0251256281407,-3.17533095255377
5.00840798984821,-3.1626074079969
5,-3.2959946501728
4.97512437810945,-3.57862491981201
4.97389595879006,-2.60697579807667
4.95049504950495,-3.57158508839508
4.93962174387832,-3.02081417902455
4.92610837438424,-2.61244022236938
4.90558370636505,-2.9846675694208
4.90196078431372,-2.53707881246167
4.8780487804878,-0.909583102179151
4.87178021879463,-3.42657541380849
4.85436893203883,0.532881738353741
4.83820966492596,-1.03911280204651
4.83091787439613,-3.11342377713889
4.80769230769231,-3.61575746010514
4.80487043965513,-2.99415736159322
4.78468899521531,-2.1779607831193
4.77176094893875,-3.26439431749183
4.76190476190476,-3.15482277912796
4.739336492891,-3.18142429495283
4.73887960971765,-3.224421483135
4.71698113207547,-3.57920508591321
4.70622484984128,-3.46555355234669
4.69483568075117,-3.60378598360632
4.67379510799246,-3.44672123633482
4.67289719626168,-2.00865584264407
4.65116279069767,-2.39733274433986
4.64158883361278,-3.23254202601431
4.62962962962963,-2.63570466629063
4.60960448682843,-2.4407005140731
4.60829493087558,-1.05739922232884
4.58715596330275,-0.806271234371517
4.57784053837662,-2.18416069068057
4.5662100456621,-3.52546470093422
4.5462954695324,-3.27004628235313
4.54545454545455,-3.05741858814654
4.52488687782805,-2.12343095674999
4.5149677720361,-0.601435264376629
4.5045045045045,0.739073299681952
4.48430493273543,-0.860561068575502
4.48385594802119,-0.937051952380624
4.46428571428571,-1.49997962086929
4.45295850994265,-2.29829482012179
4.44444444444444,-2.95503927081306
4.42477876106195,-3.05251041042957
4.4222739805059,-3.6318187838393
4.40528634361233,-3.24467429809486
4.39180089259609,-3.57974164095766
4.3859649122807,-2.59246602326219
4.36681222707424,-3.64358816619476
4.361537789208,-3.28921986595541
4.34782608695652,-3.23235152385741
4.3314832233764,-1.27572178062503
4.32900432900433,-3.60577643937169
4.31034482758621,-2.76271598599403
4.30163575810679,-1.08827561674213
4.29184549356223,-3.46430704193896
4.27350427350427,-3.16867424393107
4.27199396630678,-3.06474696364743
4.25531914893617,-0.808865316301403
4.24255643071778,-3.47374266808303
4.23728813559322,-3.52279394611922
4.21940928270042,-3.07579933612355
4.21332174384729,-3.62714605430441
4.20168067226891,-1.27661793279564
4.18428850790158,-2.67370501747346
4.18410041841004,-2.3062140713214
4.16666666666667,-1.9336522201835
4.15545533471888,-2.70009975062977
4.149377593361,-1.69565364626426
4.13223140495868,-3.31939277331245
4.12682084570295,-2.45184576976468
4.11522633744856,-3.50093777289576
4.09838367175726,-3.63378853462673
4.0983606557377,-3.62646994146923
4.08163265306122,-3.37020344323328
4.07014245321944,-3.52696031259911
4.0650406504065,-3.66046171919332
4.04858299595142,-3.21055362778743
4.04209583979631,-3.23268037439034
4.03225806451613,-3.6077488848967
4.01606425702811,-2.7143514154642
4.01424249049932,-3.22397965118553
4,-2.42003072234651
3.98658107358044,-2.56836894081722
3.98406374501992,-3.25965541384717
3.96825396825397,-2.88750310202767
3.95911026646846,-1.37218892660332
3.95256916996047,-2.512696846786
3.93700787401575,-3.32153298981809
3.93182875570577,-3.35997586017192
3.92156862745098,-2.88883155737376
3.90625,-1.7261278808845
3.90473523688556,-2.31072478028103
3.89105058365759,-3.38184925982408
3.87782841458946,-1.9941224882102
3.87596899224806,-0.216596915231643
3.86100386100386,-3.25702372686065
3.85110700232557,-3.59856859143751
3.84615384615385,-3.41547715737858
3.83141762452107,-2.2334086305244
3.824569722467,-3.1197385463238
3.81679389312977,-1.63101160242585
3.80228136882129,-3.41622080575145
3.79821530619074,-2.36458732347138
3.78787878787879,-3.45735297326224
3.77358490566038,-3.65619118557832
3.772042493417,-1.98128699476366
3.7593984962406,-3.40236527135671
3.74605003274899,-2.42223725886238
3.74531835205992,-1.3662643119204
3.73134328358209,-2.73435152949697
3.72023668141307,-2.06577801586432
3.71747211895911,-3.21020735769737
3.7037037037037,-1.53161598857163
3.6946012051993,-3.27288519220708
3.690036900369,-3.62186218549935
3.67647058823529,-3.62694877334736
3.66914237840249,-3.20721049005489
3.66300366300366,-3.48237039817208
3.64963503649635,-3.59981705077559
3.64385898376355,1.2160785034299
3.63636363636364,-1.98907618421849
3.6231884057971,-3.16272023964747
3.61874981241128,-3.39807913961523
3.6101083032491,-1.88079181385045
3.59712230215827,-2.4803983775473
3.59381366380463,-3.35641848496946
3.584229390681,-1.48095000191081
3.57142857142857,-1.96285847596466
3.56904934567523,-2.1784445387057
3.55871886120996,-3.0999954709478
3.54609929078014,-3.20106467930783
3.54445567397043,-2.64684104334442
3.53356890459364,-3.38569311582246
3.52112676056338,-0.232167700428941
3.52003147279668,-3.15956885215113
3.50877192982456,-2.84602850821094
3.4965034965035,-3.51351310829768
3.49577557436328,-3.56896745234256
3.48432055749129,-2.04308387935684
3.47222222222222,-3.54094869517767
3.47168681892656,-2.72074379507235
3.46020761245675,-3.19402217402596
3.44827586206897,-3.48224515025275
3.44776405473446,-2.52036503008675
3.43642611683849,-3.24708852862473
3.42465753424658,-3.13258480193003
3.42400613797142,-2.72813038676754
3.41296928327645,-1.97185548541661
3.40136054421769,-1.9002726095115
3.40041193270371,-2.82727105154161
3.38983050847458,-2.30116765690941
3.37837837837838,1.89407050438634
3.37698031082509,-3.04366654574739
3.36700336700337,-2.16829409345989
3.35570469798658,-3.26481496698168
3.35371015200293,-3.50333658448933
3.34448160535117,-0.239181950713554
3.33333333333333,-1.53216732680898
3.33060034362459,-1.90243392979503
3.32225913621262,-2.28447419879826
3.3112582781457,-1.31898721385964
3.30764978074424,-3.20596743136347
3.3003300330033,-2.17957556883864
3.28947368421053,-3.52131776567493
3.28485736603004,-2.69724063749912
3.27868852459016,-3.13593011677546
3.26797385620915,-3.4351329241815
3.26222200971167,-3.49818501155833
3.25732899022801,-2.47595229949253
3.24675324675325,-2.82544981187057
3.2397426295282,-2.25822611185056
3.23624595469256,-3.35461935432688
3.2258064516129,-2.97232842206928
3.21741815067637,-1.96442790781274
3.21543408360129,0.256048910464206
3.20512820512821,-0.48421636610082
3.19524750575921,-3.14698232326317
3.19488817891374,-2.78804936335718
3.18471337579618,-2.05823301093003
3.17460317460317,-3.09693771467861
3.17322963473498,-3.11103445580364
3.16455696202532,-2.56316293568072
3.15457413249211,-2.80190398767224
3.15136348486648,-3.22797843861384
3.14465408805031,-1.96166708789506
3.13479623824451,0.739158296092445
3.12964801067075,-0.790486140298053
3.125,-3.64113510496362
3.11526479750779,-3.32091425094047
3.10808217386906,-2.14805519448937
3.1055900621118,-3.28441091262301
3.09597523219814,-2.26472268211635
3.08666494333727,-2.74674820314778
3.08641975308642,-2.55662650685862
3.07692307692308,-3.616185017976
3.06748466257669,-3.55037371828142
3.06539529505653,-3.18631015987709
3.05810397553517,-3.62650416152281
3.04878048780488,-2.29432738635021
3.0442722120643,-3.61458396067151
3.03951367781155,-3.41774882367396
3.03030303030303,-2.43188579313017
3.02329468440578,-1.80886836068394
3.02114803625378,-1.56633797813655
3.01204819277108,-3.61514949929205
3.003003003003,-3.57818112108655
3.00246170908555,-3.07964766974417
2.9940119760479,-3.41881023990735
2.98507462686567,-3.45809599276027
2.98177229001967,-2.79908754998739
2.97619047619048,-2.39373701548736
2.9673590504451,-3.08633006695355
2.96122543798803,-3.3034901615823
2.9585798816568,-3.59298302025219
2.94985250737463,-3.61145343879236
2.94117647058824,-1.70791642622593
2.94082017058706,-3.02345535185041
2.93255131964809,-3.1158249548999
2.92397660818713,-3.6139757929214
2.92055551218275,-3.02544331255951
2.91545189504373,-2.07119779742875
2.90697674418605,-3.12893345814687
2.90043049386399,-3.49353976928175
2.89855072463768,-2.78189127499511
2.89017341040462,-2.77667759588554
2.88184438040346,-3.35607361471478
2.8804441533963,-3.25222998560049
2.8735632183908,-3.503955055756
2.86532951289398,-3.31141886379568
2.86059553517574,-2.25071386421107
2.85714285714286,-3.37386150694816
2.84900284900285,-3.56871018696851
2.84090909090909,-2.85711354672589
2.8408836901833,-2.95038598743532
2.8328611898017,-3.66269321379847
2.82485875706215,-2.73277497845389
2.82130767593947,-2.58093004112585
2.8169014084507,-0.620676157082936
2.80898876404494,-2.52847404829223
2.8018665564592,-2.34277151656756
2.80112044817927,-1.77580220465269
2.79329608938547,-1.58801958137986
2.78551532033426,-2.93648269796979
2.78255940220712,-3.2082245625594
2.77777777777778,-2.52830157870762
2.77008310249307,-3.00551768383392
2.76338529005317,-2.91895570501712
2.76243093922652,-1.84033416447557
2.75482093663912,-1.47360079027136
2.74725274725275,-3.38025790121106
2.74434330322836,-3.64081665824134
2.73972602739726,-3.61166611060924
2.73224043715847,-2.48756014052396
2.72543253128103,-3.37360318972535
2.72479564032698,-2.70350571827934
2.71739130434783,-2.11802706107842
2.710027100271,-3.41146860761064
2.70665207003324,-3.54050629650707
2.7027027027027,-3.63761120928835
2.69541778975741,-3.43065771273011
2.68817204301075,-0.911492196001528
2.68800102153761,-1.00720895051419
2.68096514745308,-0.412425159715279
2.67379679144385,-1.51466733640354
2.66947849403432,-3.36010752159175
2.66666666666667,1.97593137418453
2.65957446808511,-2.17164481981403
2.6525198938992,-3.20396979204575
2.65108360190854,-3.07929002716888
2.64550264550265,-1.94679826423724
2.63852242744063,-0.64694086112912
2.63281546564802,-2.85951660697217
2.63157894736842,-1.53435598601556
2.6246719160105,-1.88917886297731
2.61780104712042,-3.33930609306337
2.61467321180109,-1.86343633156248
2.61096605744125,-3.61272909604154
2.60416666666667,-3.35695544727441
2.5974025974026,-2.77439891546616
2.59665597293487,-2.90360907690139
2.59067357512953,-3.31146589604775
2.58397932816537,-2.71184176941294
2.5787628875938,-3.33265604607582
2.57731958762887,-3.28860967129274
2.5706940874036,-2.97066548604588
2.56410256410256,-0.742326630842522
2.56099310025846,-3.26625456017278
2.55754475703325,-1.4811655345192
2.55102040816327,-0.630184517572341
2.54452926208651,-2.0167427593757
2.54334576130465,-3.36517470247947
2.53807106598985,-3.63469696499093
2.53164556962025,-2.40354093680007
2.52582002696278,-3.51024928532295
2.52525252525253,-3.11943202735814
2.51889168765743,-3.64215221787272
2.51256281407035,-2.70921621114321
2.50841505927754,-2.21277915114963
2.5062656641604,-3.41629013195743
2.5,-3.29153998611359
2.49376558603491,-3.08499543124592
2.49113002606779,-2.91055584132267
2.48756218905473,-3.06461640832593
2.48138957816377,-3.6245594910127
2.47524752475248,-2.35932972485299
2.47396410088681,-3.00642716635049
2.46913580246914,-3.42231507494888
2.46305418719212,-3.48585786862754
2.45700245700246,0.403577542537751
2.45691646298279,1.0622797962201
2.45098039215686,-3.3537453809085
2.44498777506112,-3.19410928875767
2.43998629725955,-2.92731416892318
2.4390243902439,-3.07845036315616
2.4330900243309,-2.86019316878956
2.42718446601942,-3.61326775204231
2.4231727942376,-3.25352670419361
2.42130750605327,-3.63030625232532
2.41545893719807,-2.89140399798175
2.40963855421687,-3.30916486622977
2.40647515001542,-2.18491529579692
2.40384615384615,-2.19213756708144
2.39808153477218,-3.11536609890158
2.39234449760766,-2.49835545822922
2.38989256623105,-2.70717160787434
2.38663484486874,-1.17887329914167
2.38095238095238,-3.59419290622274
2.37529691211401,-3.54468375483593
2.37342425002387,-3.46968438980842
2.3696682464455,-3.45304675396032
2.36406619385343,-1.98524689654662
2.35849056603774,-2.74516451580383
2.35706941399673,-3.22366923941923
2.35294117647059,-2.88492321689447
2.34741784037559,-3.56810517666308
2.34192037470726,-2.69721365963248
2.34082727617829,-3.57471420218327
2.33644859813084,-2.00731343108132
2.33100233100233,-2.17636300119913
2.32558139534884,-3.55200483367515
2.32469705998565,-3.560165734518
2.32018561484919,-2.03029493367985
2.31481481481481,-3.45944296214914
2.3094688221709,-2.95263533381533
2.30867799418717,-2.88946980452026
2.30414746543779,-3.20242915960237
2.29885057471264,-2.48505582914002
2.29357798165138,0.429027369300248
2.29276931286565,-1.4246184402743
2.2883295194508,-3.38950223853517
2.28310502283105,-3.50987452792647
2.27790432801822,-1.06304822503385
2.27697025538168,-2.31825318797196
2.27272727272727,-3.07372943817107
2.26757369614512,-3.50567104404096
2.26244343891403,-2.0820263193146
2.26128006633728,-2.86698364392286
2.25733634311512,-3.5313324603161
2.25225225225225,-2.42254244841122
2.24719101123596,-3.20531897707438
2.24569799553977,-3.28834006955331
2.24215246636771,-3.58503605618945
2.23713646532438,-3.09226425317108
2.23214285714286,-2.54709781234875
2.23022329796594,-3.14930743129382
2.2271714922049,-3.47143755641842
2.22222222222222,-2.81853946057079
2.21729490022173,-0.39722738295877
2.21485523372636,-3.30853675977719
2.21238938053097,-3.28728125712875
2.2075055187638,-2.33499700135318
2.20264317180617,-1.88439407839088
2.19959306803007,-1.93111800512748
2.1978021978022,-3.56140584251149
2.19298245614035,-3.07062405519481
2.18818380743982,-3.6130070733232
2.18443607114943,-1.47267731165705
2.18340611353712,-2.67731845184174
2.17864923747277,-3.09776171124899
2.17391304347826,-3.12776248024276
2.16938351838518,-3.36038341811489
2.16919739696312,-3.46712315209084
2.16450216450216,-3.32805412264049
2.15982721382289,-1.64584013753572
2.1551724137931,-3.39966322563999
2.15443469003188,-2.67794194661546
2.1505376344086,-3.43076092045545
2.14592274678112,-3.32877395898789
2.14132762312634,-3.05012812138583
2.13958887134342,-3.5502955925108
2.13675213675214,-0.431132031307651
2.13219616204691,-3.24215917599538
2.12765957446809,-1.74106859172904
2.12484535249888,-3.4684689414844
2.12314225053079,-2.05693793533724
2.11864406779661,-3.36932693473941
2.11416490486258,-3.39823840886173
2.1102034285686,-2.86998761481901
2.10970464135021,-3.21985651221182
2.10526315789474,-3.27140779762304
2.10084033613445,-3.16994495034491
2.09643605870021,-3.15051767729745
2.09566239948043,-3.46881268049467
2.09205020920502,-3.27269115943546
2.08768267223382,-2.27151484780661
2.08333333333333,-1.74663315354645
2.08122156998634,-2.58819132315905
2.07900207900208,-3.24199229141252
2.0746887966805,-3.23107868731141
2.0703933747412,-3.47145369234569
2.06688024962908,-3.54375733556871
2.06611570247934,-3.17778982287647
2.06185567010309,-2.85590294802922
2.05761316872428,-2.44046418073968
2.05338809034908,-3.15028327824224
2.05263775270925,-2.10650071599751
2.04918032786885,-3.48991074955931
2.04498977505112,-2.79351658006847
2.04081632653061,-3.61343952821313
2.03849339825246,-3.54899844349508
2.03665987780041,-3.60750545882096
2.03252032520325,-2.79497567565282
2.02839756592292,-3.10461613299476
2.0244465099768,-3.33021903100448
2.02429149797571,-3.19338743328155
2.02020202020202,-2.91091797408789
2.01612903225806,-3.40030745240251
2.01207243460765,-2.04897468615884
2.0104964162605,-2.03355770024403
2.00803212851406,-2.96208312851258
2.00400801603206,-3.55009916398161
2,-3.63412427199121
1.99664245010979,-3.59322572523201
1.99600798403194,-3.49516239980995
1.99203187250996,-3.64240065013608
1.98807157057654,-3.46097407344767
1.98412698412698,-3.60345274269626
1.98288394912707,-3.53805181331829
1.98019801980198,-3.22469319751381
1.97628458498024,-2.56501364005909
1.9723865877712,-2.87243957839346
1.96922025547917,-3.32916355731499
1.96850393700787,-3.37812731435964
1.96463654223969,-3.49513110543991
1.96078431372549,-3.36250531219202
1.95694716242661,-3.30138056191633
1.95565071586595,-2.48751963213116
1.953125,-3.36918233689307
1.94931773879142,-2.59135559905318
1.94552529182879,-3.17839235454268
1.94217468148903,-3.05616109837727
1.94174757281553,-2.49163346524558
1.93798449612403,-3.50569343321338
1.93423597678917,-3.43057560016301
1.93050193050193,-3.43611174182733
1.92879150802078,-3.10271046214525
1.92678227360308,-3.31143033143725
1.92307692307692,-2.31885061391729
1.91938579654511,-2.27566390225179
1.91570881226054,-3.18287096981804
1.91550055557353,-3.5803983565804
1.91204588910134,-3.09872442664224
1.90839694656489,-1.79894891205988
1.9047619047619,-3.57007621617042
1.90230118866894,-3.5905342241751
1.90114068441065,-3.48703742376663
1.89753320683112,-3.20916640615907
1.89393939393939,-3.52584028207853
1.89035916824197,-2.79280651974205
1.88919277620767,-3.38396480893639
1.88679245283019,-2.18982953679029
1.88323917137476,-3.19913564117756
1.8796992481203,0.516497556314467
1.87617469143912,-2.56948300592641
1.87617260787992,-2.57836576950201
1.87265917602996,-3.43850596741207
1.86915887850467,-3.51326281196658
1.86567164179104,-3.55411932020011
1.86324631193156,-3.53403568246442
1.86219739292365,-3.23470058445069
1.85873605947955,-3.37826550595987
1.85528756957328,-3.14278338784346
1.85185185185185,-3.3009869481546
1.8504070195423,-3.51710903873761
1.84842883548983,-1.87729084520385
1.8450184501845,-2.18878155730068
1.84162062615101,-3.45174939948104
1.83823529411765,-2.53265569971539
1.83765620038817,-3.59468165655805
1.8348623853211,-3.46668526391998
1.83150183150183,-3.60459234832721
1.82815356489945,-1.50410437122253
1.82499324481615,-2.62721226745243
1.82481751824817,-3.16915913093738
1.82149362477231,-1.69924145428989
1.81818181818182,-2.38195809138851
1.81488203266788,-3.65336991379571
1.81241754737424,-1.65736596373373
1.81159420289855,-3.06990456114222
1.80831826401447,-3.5664978829577
1.80505415162455,-3.56848740925404
1.8018018018018,-2.61651826290246
1.79992850678248,-1.3627315519745
1.79856115107914,-2.78644548910715
1.79533213644524,-3.58498258378101
1.7921146953405,-3.62034173029
1.78890876565295,-3.22418215035638
1.78752552590424,-2.96745524846086
1.78571428571429,-3.48300212110048
1.7825311942959,-2.49560637649391
1.77935943060498,-3.49997365083696
1.77619893428064,-3.51417318802246
1.77520801171763,-2.8164091466878
1.77304964539007,-0.110364141833467
1.76991150442478,-3.52081144498522
1.76678445229682,-2.78092292448205
1.7636684303351,-1.37138919501818
1.76297537528721,-3.5516345557299
1.76056338028169,-3.1595400889024
1.75746924428822,-3.44794853235406
1.75438596491228,-3.56226341274565
1.75131348511384,-2.44559622259767
1.75082703173572,-2.70842844570408
1.74825174825175,-2.53633160630865
1.74520069808028,-2.60418770797359
1.74216027874564,-2.627074136664
1.73913043478261,-3.51344401826592
1.73876240021625,-3.6178563021762
1.73611111111111,-2.02752410150547
1.73310225303293,-2.07468670454686
1.73010380622837,-3.25442007180332
1.72711571675302,-3.2530365883576
1.72678090388436,-3.22036644738371
1.72413793103448,-2.89153748017859
1.72117039586919,-3.33618228209645
1.71821305841924,-2.40509512621635
1.71526586620926,-2.14601543965891
1.71488196987054,-3.12760982263596
1.71232876712329,-2.90203268120363
1.70940170940171,-1.16766933931619
1.70648464163823,-3.6524635998485
1.70357751277683,-3.66202297790637
1.70306502925284,-3.33891181225
1.70068027210884,-3.16953952424167
1.69779286926995,-2.70551593782379
1.69491525423729,-3.03138487974384
1.69204737732657,-3.64297996745476
1.69132951702965,-3.51584561719131
1.68918918918919,-3.06273727514035
1.68634064080944,-2.41878555325426
1.68350168350168,-3.05977468906259
1.68067226890756,-1.05914180553783
1.67967487209265,-3.53368514779735
1.67785234899329,-2.50812626631552
1.6750418760469,-2.88064985577115
1.67224080267559,-3.42297439502611
1.669449081803,-2.43641219997427
1.66810053720006,-3.16235439760133
1.66666666666667,-3.53362145102987
1.66389351081531,-3.61601331635078
1.66112956810631,-1.94370709320183
1.65837479270315,-3.65353299348611
1.65660595894991,-3.52077206296196
1.65562913907285,-1.69440956708585
1.65289256198347,-2.63671753780751
1.65016501650165,-3.53902834182626
1.64744645799012,-2.84691336567748
1.64519058775366,-3.03171786233922
1.64473684210526,-0.896079702466248
1.64203612479475,-3.24045430273163
1.63934426229508,-2.69662119016298
1.6366612111293,-0.572726865517931
1.63398692810458,-2.80932082271631
1.63385387780986,-3.4079208464425
1.63132137030995,-3.19185172015532
1.62866449511401,-2.71607805090666
1.6260162601626,-3.29098745826938
1.62337662337662,-3.46283812173449
1.62259528707809,-3.45779499832001
1.62074554294976,-3.43022844014986
1.61812297734628,-3.64402186083616
1.61550888529887,-3.42179856125501
1.61290322580645,-2.34137197884389
1.61141427725302,-3.16741458241286
1.61030595813205,-1.95614575816053
1.60771704180064,-3.37315369664445
1.60513643659711,-1.46614820213862
1.6025641025641,-1.93160754938496
1.6003103137387,-2.47588075470885
1.6,0.28299985947432
1.59744408945687,-1.81366169284986
1.59489633173844,1.20444588411711
1.59235668789809,0.118839494423573
1.58982511923688,-3.22218978923943
1.58928286562298,-1.83573287461361
1.58730158730159,-2.66349176972271
1.58478605388273,-2.84485927340138
1.58227848101266,-1.47704661263644
1.57977883096367,-3.51097537375004
1.57833140565212,-3.5878893304919
1.57728706624606,-0.338069637898296
1.5748031496063,-3.10492524908782
1.57232704402516,-3.33567501487887
1.56985871271586,-1.81698268556452
1.5674554102056,-2.46290775552354
1.56739811912226,-1.92103335851634
1.56494522691706,-1.71784579890932
1.5625,-2.26134259512817
1.5600624024961,-3.49526134265293
1.55763239875389,-3.49241045570714
1.55665435927106,-3.23690592559064
1.5552099533437,-1.45531419582822
1.5527950310559,-1.96826877445344
1.55038759689922,-1.26401662030106
1.54798761609907,-0.411098937864419
1.54592773641948,-3.12032697692127
1.54559505409583,-3.14957423180398
1.54320987654321,-2.81481480471272
1.54083204930663,-3.29939562964135
1.53846153846154,-3.39117679790304
1.53609831029186,-1.73215777274252
1.53527502878042,-0.853786438719264
1.53374233128834,-3.45018228974446
1.53139356814701,-3.61830115269309
1.52905198776758,-3.52544248700921
1.52671755725191,-2.29955310298213
1.52469572701757,-3.52688346446343
1.52439024390244,-2.40947749465813
1.5220700152207,-3.52369342916314
1.51975683890577,-2.52065360525641
1.51745068285281,-2.50938219591536
1.51515151515152,-1.50255741138279
1.51418932530435,-3.52286360240073
1.51285930408472,-3.40098295428764
1.51057401812689,-2.7377060168764
1.50829562594268,-1.62310104174632
1.50602409638554,-3.40320257338892
1.50375939849624,-3.17007308445367
1.50375532129974,-3.21143812411479
1.5015015015015,-3.32056331035578
1.49925037481259,-2.66624704097044
1.49700598802395,-3.31403827501809
1.49476831091181,-2.68065785074991
1.49339321612425,-0.946366747567605
1.49253731343284,-3.53167198328016
1.4903129657228,-3.18939586888349
1.48809523809524,-1.74353012587629
1.48588410104012,-3.3938454727688
1.48367952522255,-3.41118887864165
1.4831025143361,-3.26705207233654
1.48148148148148,-3.37879954627762
1.4792899408284,-3.37102741871673
1.47710487444609,-3.14136986640964
1.47492625368732,-3.33141724327528
1.4728827239075,-3.35157758831989
1.47275405007364,-3.63148241947836
1.47058823529412,-3.57103219658772
1.46842878120411,0.190747801673628
1.46627565982405,-2.10822115113516
1.46412884333821,-1.36792329080431
1.46273335620113,-1.83854275823362
1.46198830409357,-0.550656496933622
1.45985401459854,-2.98863728053321
1.45772594752187,-3.65599672901846
1.45560407569141,-2.371940290701
1.45348837209302,0.484703500692793
1.45265392594678,-3.2041464022523
1.45137880986938,-0.285339499845246
1.44927536231884,-2.75625961995483
1.44717800289436,-1.88793759872847
1.44508670520231,-1.99551118780631
1.44300144300144,-2.17925201053127
1.44264395121816,-3.03050050001478
1.44092219020173,-3.37825525064501
1.43884892086331,-0.955810980940508
1.4367816091954,-3.54049035792054
1.43472022955524,-2.84938318101482
1.43270295340983,-3.17609840142553
1.43266475644699,-3.16985682026744
1.43061516452074,-1.75611217466315
1.42857142857143,2.87187555458458
1.4265335235378,-0.0714725761022619
1.42450142450142,-1.72874087792122
1.42283045721435,-1.18355841504241
1.42247510668563,-2.57104135566795
1.42045454545455,-0.518206533183114
1.41843971631206,-2.89104546971951
1.41643059490085,-0.715546609686508
1.41442715700141,-0.0231479630470046
1.41302599059953,-0.60887011131292
1.41242937853107,-1.93591771673881
1.41043723554302,-2.9455890907672
1.40845070422535,-3.4656630173997
1.40646976090014,-3.2131138821464
1.40449438202247,-2.62355070014977
1.40328908478587,-0.993272157000727
1.40252454417952,-3.55897367144764
1.40056022408964,-3.54532573488724
1.3986013986014,-3.39270049663345
1.39664804469274,-1.45380609902893
1.39470013947001,-2.11873215768774
1.39361927422414,0.0334658563326302
1.39275766016713,-3.24882711301766
1.39082058414465,-1.41784990410575
1.38888888888889,-2.86528181403507
1.3869625520111,-2.81334568252479
1.38504155124654,-2.31527785805785
1.38401609657313,-1.44458897853589
1.38312586445367,-1.17377638949589
1.38121546961326,-2.69190392185366
1.37931034482759,-2.74435540543392
1.37741046831956,-3.6534253656077
1.37551581843191,-3.35753227757048
1.37447909267754,-2.36597212439046
1.37362637362637,-3.66185030425121
1.37174211248285,-3.06848372613889
1.36986301369863,-2.52384242974336
1.36798905608755,-3.61131881034266
1.36612021857923,-2.96772915401744
1.36500780654601,-2.01083326499413
1.36425648021828,-1.88203813050255
1.36239782016349,-3.21921376891488
1.36054421768707,-2.86320777876044
1.35869565217391,-3.51290737358293
1.35685210312076,-3.52685526391691
1.35560178532937,-2.6019747901695
1.3550135501355,-1.63901832459721
1.3531799729364,-3.27493058157425
1.35135135135135,-3.12100473105861
1.34952766531714,-3.40141399817129
1.34770889487871,-1.30307842969814
1.34626057929891,-2.40564754740931
1.34589502018843,-3.05743322444833
1.34408602150538,-1.93239913735784
1.34228187919463,-3.12533496311989
1.34048257372654,-3.45636531974027
1.33868808567604,-3.41490905734131
1.33698374182495,-3.03313951812661
1.33689839572193,-3.46554343858137
1.33511348464619,-3.34067273846896
1.33333333333333,-2.1733454585386
1.33155792276964,-2.13834988687379
1.32978723404255,-3.37575875618203
1.32802124833997,-3.13720110786776
1.32777082935543,-3.44230041386246
1.3262599469496,-3.38963966504924
1.32450331125828,-2.18300463685248
1.32275132275132,-2.72765673774758
1.32100396301189,-3.19147770119487
1.31926121372032,-3.13881840053973
1.31862140139475,-3.48241964558938
1.31752305665349,-3.03676072733098
1.31578947368421,-2.68722872541182
1.31406044678055,-0.616599802013307
1.31233595800525,0.237969774344795
1.31061598951507,-1.46700800430939
1.30953502048267,-2.49562217713638
1.30890052356021,-2.53013939718611
1.30718954248366,-0.879714058056901
1.30548302872063,-1.60541672777036
1.30378096479791,-3.63780093205447
1.30208333333333,-2.0132634617769
1.30051125217341,-1.70696346694317
1.30039011703511,-2.77808173513433
1.2987012987013,-3.52344445210486
1.2970168612192,-3.66139199458582
1.29533678756477,-2.91528470172973
1.29366106080207,-2.41500648121875
1.29198966408269,-3.61028645381664
1.29154966501488,-2.59708531556317
1.29032258064516,-3.4277978803715
1.28865979381443,-3.12945129257282
1.28700128700129,-2.3419758311157
1.2853470437018,2.49056339234996
1.28369704749679,-2.26945376724818
1.28264983052806,-3.51670867212344
1.28205128205128,-2.3094391926828
1.28040973111396,-0.700869517142773
1.27877237851662,-2.13801051254985
1.27713920817369,-1.8901375926538
1.27551020408163,-2.07170618898386
1.27388535031847,-0.970957645028032
1.27381132318648,-1.84360746016632
1.27226463104326,-2.70212381744089
1.27064803049555,-3.41678252443851
1.26903553299492,-3.50994039734841
1.26742712294043,-3.10079497552378
1.26582278481013,-2.11237652548051
1.2650337203959,-3.5876553103959
1.26422250316056,-1.25652533593249
1.26262626262626,-3.16100923907068
1.26103404791929,-2.93308627715912
1.25944584382872,-1.05769359503433
1.25786163522013,-1.97115019551061
1.25631660247412,-2.09608732175392
1.25628140703518,-1.6180139812951
1.25470514429109,-0.570009051540619
1.2531328320802,-3.33314872858621
1.25156445556946,-2.89074701283534
1.25,-3.2678586498731
1.24843945068664,-2.78823063830255
1.24765955263087,-2.73278425291435
1.24688279301746,-3.56220346033212
1.2453300124533,-2.08476597537195
1.24378109452736,-2.65871337486125
1.24223602484472,-3.37353378479643
1.24069478908189,-2.82808156478948
1.23915737298637,-3.29278147189181
1.23906215694792,-3.19799484686355
1.23762376237624,-2.20710821203654
1.23609394313968,-3.20097022006039
1.23456790123457,-3.39251496959447
1.23304562268804,-1.53433426769008
1.23152709359606,-3.24983640590794
1.23052400435926,-2.69966698550909
1.230012300123,-1.72630188505498
1.22850122850123,-3.56767031447684
1.22699386503067,-3.17898654192627
1.22549019607843,-2.48373200936301
1.22399020807834,-3.44050164797018
1.22249388753056,-3.01688316273576
1.22204468663149,-3.53614220718496
1.22100122100122,-2.5529084439823
1.21951219512195,-2.56499820687831
1.21802679658952,-2.67263217959568
1.21654501216545,-1.22665839365502
1.21506682867558,-0.591440933092438
1.21362379834424,-3.17221817574862
1.21359223300971,-3.61768208827796
1.21212121212121,-2.34611522968761
1.21065375302663,-0.536072339524604
1.20918984280532,-2.94500721560574
1.20772946859903,-3.16933143202472
1.20627261761158,-3.00283947445716
1.20526093687084,-3.4675176231522
1.20481927710843,-3.61847929208171
1.20336943441637,-2.91388510441005
1.20192307692308,-2.95814194611834
1.20048019207683,-3.21738070267763
1.19904076738609,-1.13098855767195
1.19760479041916,-3.57408040937131
1.19695570235904,-2.67313197611515
1.19617224880383,-3.64118576679753
1.194743130227,-2.83968438849665
1.19331742243437,-2.90695708687745
1.19189511323004,-0.352232191590626
1.19047619047619,-2.94141311162643
1.18906064209275,-2.26762484102629
1.1887076977119,-3.05665589089009
1.18764845605701,-1.34141005898804
1.18623962040332,-2.5577068302327
1.18483412322275,-3.05097712251675
1.18343195266272,-1.36864562600202
1.18203309692671,-0.91372391352355
1.18063754427391,-1.75076770217059
1.18051652856881,-3.2595745457185
1.17924528301887,-1.17621608001097
1.17785630153121,-2.97652592287194
1.17647058823529,-3.15928718110343
1.17508813160987,-3.00641864951522
1.17370892018779,-1.47413698209256
1.1723818032866,-1.9802802378016
1.17233294255569,-1.04254217007313
1.17096018735363,-2.75389564937536
1.16959064327485,-3.22189245785794
1.16822429906542,-2.07073511343905
1.16686114352392,2.7522540221374
1.16550116550117,-1.93330622536059
1.16430313292088,-3.30138874535704
1.16414435389988,-2.32284235381068
1.16279069767442,-0.765556291407886
1.16144018583043,-2.47449773178404
1.16009280742459,-3.48673797436147
1.15874855156431,-3.01995898764899
1.15740740740741,-0.267678578767923
1.15628013120738,-3.43622304211906
1.15606936416185,-2.07208216142608
1.15473441108545,-3.3798142224645
1.15340253748558,-2.16866843850395
1.15207373271889,-3.45741908704691
1.15074798619102,-2.41217109480986
1.14942528735632,-3.45015366840796
1.14831241454351,-3.0418920358269
1.14810562571757,-3.39520043049798
1.14678899082569,-2.53226122881143
1.1454753722795,-3.08126852756315
1.1441647597254,-2.20487832447359
1.14285714285714,-3.58365758407559
1.14155251141553,-1.82598778074039
1.14039960197003,-1.15378921766178
1.14025085518814,-2.86829080888635
1.13895216400911,-3.24719758375609
1.13765642775882,-2.54982098651039
1.13636363636364,-1.61222793003948
1.13507377979569,-3.21746766307994
1.13378684807256,-0.984189928553842
1.13254131515281,3.56458688705793
1.13250283125708,2.80507237652937
1.13122171945701,-3.08894858282847
1.12994350282486,-3.48027402088594
1.12866817155756,-2.76150719456261
1.12739571589628,-1.3266248853729
1.12612612612613,-3.00065272623562
1.12485939257593,-3.07956778419169
1.12473717836475,-3.23892466090372
1.12359550561798,-2.08669077445496
1.12233445566779,-3.55032216952996
1.12107623318386,-2.08915073301467
1.11982082866741,-3.59900683134684
1.11856823266219,-3.39415004897723
1.11731843575419,-1.4179892621651
1.11698681846782,-3.59837282382842
1.11607142857143,-3.50508485893131
1.11482720178372,-3.39054145640177
1.11358574610245,-3.34231205826803
1.11234705228031,-0.90318245328019
1.11111111111111,-1.73737412560221
1.10987791342952,-2.8772171205497
1.10928986489522,-2.56950304394312
1.10864745011086,-1.27600581039242
1.10741971207087,-3.64641153739349
1.10619469026549,-2.38940487582802
1.10497237569061,-3.38396298139046
1.1037527593819,-3.33884199949311
1.10253583241455,-2.51482646273571
1.10164594963366,-3.21574259629996
1.10132158590308,-2.87772649135315
1.1001100110011,0.00706009187390055
1.0989010989011,-3.42792047599063
1.09769484083425,-2.73975481524736
1.09649122807018,-3.61432602577848
1.09529025191676,-2.02006698520342
1.09409190371991,-3.38747824555035
1.09405470720574,-3.49775929740609
1.09289617486339,-2.88345559277625
1.09170305676856,-3.26127199341193
1.09051254089422,-3.12292677737731
1.08932461873638,-1.11753497520915
1.08813928182807,-3.0331217948002
1.08695652173913,-1.05082041723657
1.08651577465254,-0.303846704894208
1.085776330076,-1.3486833278507
1.08459869848156,-3.53152076270426
1.08342361863489,-2.94928324070495
1.08225108225108,-2.56881031731565
1.08108108108108,-0.645391488771319
1.07991360691145,-0.880610641608352
1.07902879151618,-1.58890543364317
1.07874865156419,-3.16638947180378
1.07758620689655,-1.96618191584688
1.07642626480086,-2.46435652286841
1.0752688172043,-2.61686499435801
1.07411385606874,-2.99756422817144
1.07296137339056,-2.3013281852629
1.07181136120043,-1.11675610271926
1.07159339982267,-2.93557884111645
1.07066381156317,-2.48868744488653
1.06951871657754,-0.700418800200207
1.06837606837607,-1.19497350203865
1.06723585912487,-1.10539216398378
1.06609808102345,-0.854763826767264
1.06496272630458,-3.45505096908154
1.06420924406472,-2.06959016922441
1.06382978723404,-2.68849190236365
1.06269925611052,-0.27427623016042
1.06157112526539,-3.35361836512736
1.06044538706257,-1.00926532635578
1.0593220338983,-1.24670958396724
1.05820105820106,-2.52982176864559
1.05708245243129,-3.32356016480265
1.0568759711848,-3.5186402967311
1.05596620908131,-3.16678525209668
1.05485232067511,-3.16786191889842
1.05374077976818,-3.27462975607319
1.05263157894737,-2.74868965774162
1.0515247108307,-3.05198545272206
1.05042016806723,-2.61427202308208
1.04959323055823,-3.0501698466749
1.04931794333683,-1.29093025584741
1.0482180293501,-2.79857921796933
1.04712041884817,-2.83849601037393
1.04602510460251,-2.95128574542043
1.04493207941484,-3.06535698139306
1.04384133611691,-3.35480091620168
1.04275286757039,-3.02409469815454
1.0423606739764,-2.14481092741731
1.04166666666667,2.8046402275342
1.04058272632674,-1.12520219772297
1.03950103950104,-0.441126294862964
1.03842159916926,0.958551095094596
1.03734439834025,-2.88453928686034
1.03626943005181,-3.60485935913477
1.0351966873706,-2.61138407074859
1.03517795563018,-2.10258785772084
1.03412616339193,-3.63556905805278
1.03305785123967,-2.53585367260005
1.03199174406605,-3.51620340142092
1.03092783505155,-3.15802117344272
1.02986611740474,-3.4862060611034
1.02880658436214,-2.53047352122179
1.02804473209331,-0.657928967794542
1.02774922918808,-3.44019846790313
1.02669404517454,-3.63788543626772
1.02564102564103,-3.05180600100884
1.02459016393443,-3.19473848496561
1.02354145342886,-3.15572667940718
1.02249488752556,-3.46523712111225
1.02145045965271,-2.16128589667435
1.02096066230605,-3.62658132984067
1.02040816326531,-2.92445657934858
1.01936799184506,-3.31548986606348
1.0183299389002,-2.41343581221782
1.01729399796541,-3.54239424729569
1.01626016260163,-3.36210043683341
1.01522842639594,-3.0496341569178
1.01419878296146,-3.09812708888968
1.01392540755882,-3.14415523870137
1.01317122593718,-0.656139966790543
1.01214574898785,-3.15128244344093
1.01112234580384,-1.88527598273289
1.01010101010101,-1.63189854508242
1.00908173562059,-2.4368075511558
1.00806451612903,0.0581534294988915
1.00704934541793,-1.26636468565313
1.00693863147603,-3.55972185558833
1.00603621730382,-2.96112138643788
1.00502512562814,-3.27749522419553
1.00401606425703,1.25999923785217
1.00300902708124,-0.800779025303238
1.00200400801603,-0.559733781050435
1.001001001001,1.77947042631125
1,-1.30997838075448
