"bfp_output.P","bfp_output.logBF"
1000,0.113206522441222
993.109181374979,0.232378796762778
986.265846131283,0.29504582184892
979.46966706954,0.303154842260331
972.720319245055,0.26145223850519
966.017479952265,0.174951054228207
959.360828709315,0.0466478563214041
952.75004724273,-0.123528512797161
946.184819472201,-0.338151218730313
939.66483149547,-0.600259046084527
933.189771573324,-0.910382073747949
926.759330114689,-1.26353849743394
920.373199661823,-1.64742811127648
914.031074875623,-2.04291629737694
907.732652521023,-2.42699280032782
901.477631452492,-2.77705657181799
895.26571259964,-3.07460850152757
889.096598952916,-3.30690602438927
882.969995549409,-3.46643380145481
876.885609458743,-3.54918568761702
870.843149769073,-3.55321588587439
864.842327573172,-3.47877311493637
858.882855954625,-3.33072393364123
852.964449974103,-3.1225171996288
847.086826655741,-2.87871726717902
841.249704973612,-2.63209297684004
835.452805838287,-2.41459107399201
829.695852083491,-2.24761481706634
823.978568452852,-2.13837364218675
818.300681586739,-2.08340665823358
812.661920009195,-2.07506636092337
807.06201411495,-2.10672715831621
801.500696156541,-2.17494673419226
795.977700231499,-2.27812166446476
790.492762269642,-2.4115639652512
785.045620020451,-2.5614742644171
779.636013040523,-2.70520650546858
774.263682681127,-2.82219471031406
768.928372075831,-2.90524257656751
763.629826128224,-2.96007591640069
758.367791499719,-2.99715362987554
753.142016597437,-3.02517378874868
747.952251562182,-3.04849487793468
742.798248256492,-3.0661450286209
737.679760252773,-3.07056157038862
732.596542821523,-3.0471977397572
727.548352919623,-2.98176354797537
722.534949178721,-2.88134546764611
717.556091893692,-2.78604136293201
712.611543011175,-2.73775311513473
707.701066118189,-2.74829257271149
702.824426430835,-2.80839929182825
697.981390783066,-2.9061554973672
693.17172761554,-3.03210386636725
688.39520696455,-3.17525372711757
683.651600451024,-3.3163391439342
678.940681269611,-3.42373253201502
674.262224177835,-3.45963614878427
669.616005485322,-3.3989157936114
665.001803043112,-3.24548450858166
660.419396233031,-3.02783154248187
655.868565957143,-2.7804785359123
651.349094627281,-2.53180290511331
646.860766154633,-2.30400049145664
642.40336593942,-2.11749252193665
637.976680860628,-1.99196937342499
633.580499265825,-1.94212996686611
629.214610961035,-1.97246576892045
624.878807200689,-2.07687911195152
620.57288067765,-2.24308917034729
616.296625513294,-2.4561912978046
612.04983724767,-2.6977319528997
607.832312829723,-2.94279491098039
603.643850607587,-3.16019954352331
599.484250318941,-3.31683964222834
595.353313081437,-3.38155777585221
591.250841383188,-3.32520966835657
587.176639073326,-3.1215140658757
583.130511352622,-2.75984571408686
579.112264764176,-2.27537495365952
575.121707184161,-1.77091448218256
571.158647812643,-1.37859394566818
567.222897164454,-1.1758888326389
563.314267060136,-1.15471815804939
559.432570616938,-1.26611804083815
555.577622239888,-1.46917141005066
551.749237612913,-1.74394012561929
547.947233690029,-2.07690053740542
544.171428686589,-2.44081964371211
540.421642070592,-2.78813244195122
536.697694554048,-3.05805452163882
532.999408084409,-3.18405049489594
529.326605836056,-3.10413006875414
525.679112201842,-2.79218035208877
522.056752784698,-2.30134647910289
518.459354389291,-1.76011537665924
514.886745013749,-1.29722010015477
511.338753841433,-0.976113928055905
507.815211232767,-0.800577181073815
504.315948717136,-0.756088536879797
500.840798984821,-0.837126502401541
500,-0.876088690683114
497.389595879006,-1.04606583162809
493.962174387832,-1.37879817881896
490.558370636505,-1.81954951599597
487.178021879463,-2.3401696096394
483.820966492595,-2.88383107878262
480.487043965513,-3.34287292137348
477.176094893875,-3.58074336396642
473.887960971765,-3.5212135427274
470.622484984128,-3.21028255929967
467.379510799247,-2.76539880737048
464.158883361278,-2.29356851004872
460.960448682844,-1.8658545297893
457.784053837662,-1.52771595192619
454.62954695324,-1.30392777529651
451.49677720361,-1.19941732376661
448.385594802119,-1.21451926764253
445.295850994266,-1.36292181018639
442.22739805059,-1.6630041533228
439.180089259609,-2.09601430484313
436.153778920801,-2.57517702922483
433.14832233764,-2.98820566620536
430.16357581068,-3.27540405816786
427.199396630678,-3.44646073077596
424.255643071778,-3.54106446819066
421.332174384729,-3.5937113722155
418.428850790158,-3.62355738950954
415.545533471888,-3.6388269943914
412.682084570296,-3.64267713062589
409.838367175726,-3.63579868588671
407.014245321944,-3.61684796782556
404.209583979631,-3.5809081050596
401.424249049932,-3.51494304341834
398.658107358044,-3.39492572534887
395.911026646846,-3.19723040890976
393.182875570577,-2.94271152914039
390.473523688556,-2.73015952379741
387.782841458946,-2.64202097758705
385.110700232557,-2.64084574454985
382.4569722467,-2.60123311332959
379.821530619074,-2.33782379963032
377.2042493417,-1.71301355814655
374.605003274899,-1.04428240305084
372.023668141307,-0.886993387761133
369.46012051993,-1.24767034543047
366.914237840249,-1.79402681383093
364.385898376355,-1.90750856480862
361.874981241128,-0.842419503247878
359.381366380463,0.703037418422942
356.904934567523,1.35317543689495
354.445567397043,0.774108560731453
352.003147279668,-0.757023090889912
349.577557436327,-2.29609179821152
347.168681892656,-2.86542485306507
344.776405473446,-2.72405976936393
342.400613797142,-2.54712134815524
340.041193270371,-2.39599456273613
337.698031082509,-1.80801377559522
335.371015200293,-0.400596911992106
333.333333333333,1.39351333482118
333.060034362459,1.65121378927238
330.764978074424,3.62575319348754
328.485736603004,4.34621856953472
326.222200971167,2.85903863482851
323.97426295282,0.190699826657341
321.741815067637,-1.76447235517376
319.524750575921,-2.42631113393638
317.322963473498,-1.9437153623375
315.136348486648,-0.673275500391848
312.964801067075,0.608583322796524
310.808217386907,1.18130643091486
308.666494333727,1.0403832659619
306.539529505653,0.50987174792697
304.42722120643,0.0392027810430777
302.329468440578,0.281492432813072
300.246170908555,1.66024020182637
298.177229001967,3.51006690528762
296.122543798804,4.03710630933371
294.082017058706,2.87884728343709
292.055551218275,1.61540896819775
290.043049386399,0.945928970520773
288.04441533963,0.357870677374156
286.059553517574,-0.0574041647625547
284.08836901833,0.726121844914862
282.130767593947,2.76647424024576
280.18665564592,4.02264535011999
278.255940220713,3.00159626549412
276.338529005317,0.548780866152403
274.434330322837,-1.71299548949279
272.543253128103,-2.46485586432176
270.665207003324,-0.655211409919228
268.800102153761,3.82782826406653
266.947849403432,9.13927050041464
265.001910968426,12.146923207614
263.281546564802,10.6568042876813
261.467321180109,5.38296705428086
259.665597293487,-0.64379224902576
257.87628875938,-3.47799388525486
256.099310025846,-2.55373281167906
254.334576130465,0.0557139304454681
252.582002696278,2.88030589067252
250.841505927754,5.17043933438179
250,5.72681372702421
249.113002606779,5.47454733292712
247.396410088681,1.62029043926886
245.691646298279,-2.61902918638476
243.998629725955,-3.24958500750592
242.31727942376,-2.39977150444356
240.647515001542,-1.51520738777692
238.989256623105,-1.02572585384108
237.342425002387,-1.43010305994813
235.706941399673,-2.34940982847904
234.082727617829,-1.82747996721455
232.469705998565,-0.330136664429072
230.867799418717,0.307017029285295
229.276931286565,-0.900521404098849
227.697025538168,-2.76299151709089
226.128006633728,-3.14230085335445
224.569799553977,-1.08232437038971
223.022329796594,2.76106488041821
221.485523372636,6.83710762748344
219.959306803008,8.10649543493192
218.443607114943,3.90178382226391
216.938351838519,-1.3944024845418
215.443469003188,-3.19736273876726
213.958887134342,-1.66963571924286
212.484535249888,1.31400776458618
211.02034285686,3.04633681632406
209.566239948043,2.04735845645023
208.122156998634,-0.159913882482253
206.688024962908,-2.08917187454859
205.263775270925,-2.62844491261275
203.849339825246,-2.09865212302652
202.44465099768,-1.97356840041074
201.04964162605,-2.75385468573212
200,-3.29452584256721
199.664245010979,-3.39774720170656
198.288394912707,-3.45456191163351
196.922025547917,-3.2285585163185
195.565071586595,-3.25694675789206
194.217468148903,-3.43967906896243
192.879150802078,-3.44652760825168
191.550055557353,-3.41908061437668
190.230118866895,-3.30059302259364
188.919277620767,-3.34206289142916
187.617469143912,-3.58683123097536
186.324631193156,-3.34565537888856
185.04070195423,-3.05024022063211
183.765620038817,-2.51220966277482
182.499324481615,-1.98222560749899
181.241754737424,-2.29846780266707
179.992850678248,-2.29335217985924
178.752552590424,-2.29868572600496
177.520801171764,-2.9629595252078
176.297537528721,-2.83664657406514
175.082703173572,-1.93375812666046
173.876240021625,-0.261252832205325
172.678090388436,0.72291287815428
171.488196987054,-0.825768636565821
170.306502925284,-2.41535132486065
169.132951702965,-3.17118641883426
167.967487209265,-2.79005640450621
166.810053720006,-1.63208166307505
166.666666666667,-1.47431536929163
165.660595894991,-0.0754416064307675
164.519058775366,2.30246931595126
163.385387780986,4.07369397188701
162.259528707809,0.679244398344783
161.141427725302,-3.29895459311175
160.03103137387,-0.571307485157699
158.928286562298,5.24790015753981
157.833140565212,8.31629158371858
156.745541020559,3.0508180642003
155.665435927106,-3.1063928581813
154.592773641948,-1.60547438851163
153.527502878042,2.84760756477501
152.469572701757,3.71332693237359
151.418932530435,-0.0184923019080641
150.375532129974,-3.15062517175231
149.339321612425,-1.31983295699264
148.310251433611,-0.316731704267037
147.28827239075,-1.56220671421751
146.273335620113,-3.19878000116231
145.265392594678,-2.00264804765679
144.264395121816,-1.49267746980878
143.270295340983,-1.51982584358062
142.857142857143,-1.72714427696929
142.283045721435,-1.80292204952284
141.302599059953,-1.07681003348925
140.328908478587,-2.22691051636427
139.361927422414,-1.32620454792321
138.401609657313,2.82778350426746
137.447909267754,5.80389805555904
136.500780654601,1.46722734005427
135.560178532937,-3.097521202544
134.626057929891,-0.509728925058151
133.698374182495,4.44026721957961
132.777082935543,1.66949918131154
131.862140139475,-2.24600312512915
130.953502048267,-3.5015806969195
130.051125217341,-3.33844463343761
129.154966501488,-2.90655291383861
128.264983052806,-2.68742493845339
127.381132318648,-3.28327577018065
126.50337203959,-3.08029180067266
125.631660247412,-1.80409725945692
125,-1.17362814157904
124.765955263087,-1.40932919539803
123.906215694792,-3.35757033340719
123.052400435926,-3.39381162041
122.204468663149,-2.15165668789781
121.362379834424,-1.87715287246412
120.526093687084,-2.90064480512843
119.695570235904,-3.44561615962332
118.87076977119,-3.21282198095018
118.051652856881,-2.98968618228893
117.23818032866,-2.97542366350192
116.430313292088,-3.45073384977236
115.628013120738,-3.65454779839809
114.831241454351,-3.13108336070918
114.039960197003,-2.66791356966085
113.254131515281,-2.87482015774112
112.473717836475,-3.64395075475557
111.698681846782,-2.73241946272087
111.111111111111,-0.99739856848701
110.928986489522,-0.534241900044502
110.164594963366,-0.353306104026113
109.405470720574,-3.02719186264032
108.651577465254,-3.04904825008914
107.902879151618,-0.928191232924415
107.159339982267,-0.517170377504821
106.420924406472,-2.77119263463926
105.68759711848,-2.16894800933913
104.959323055823,-0.828019070294554
104.23606739764,-3.08096313326855
103.517795563018,-2.83179060133825
102.804473209331,1.02047300660589
102.096066230605,-0.258760543243407
101.392540755882,-2.49695324056325
100.693863147603,-0.939062237536784
100,-0.784657930478811
100,-0.784657930478754
99.310918137498,-1.17282527096055
98.6265846131283,-2.12913014070518
97.946966706954,-2.46910635549313
97.2720319245054,-2.31122342492004
96.6017479952265,-3.56137091243213
95.9360828709315,-2.73082182661723
95.2750047242729,-2.32484988202857
94.61848194722,-3.55724013748577
93.966483149547,0.0393353858152823
93.3189771573324,-0.291973071639187
92.6759330114688,-3.51891782040696
92.0373199661823,-1.66803247984638
91.4031074875623,-1.04853631197015
90.9090909090909,-1.99302655527348
90.7732652521023,-1.96755134288743
90.1477631452492,-2.91620359759089
89.526571259964,-2.84651037652757
88.9096598952916,0.667127199894414
88.2969995549409,-0.69854575037679
87.6885609458743,-3.51030245675637
87.0843149769073,-1.04893989550869
86.4842327573172,-1.57843211516579
85.8882855954625,-2.70381808318235
85.2964449974102,-1.8851688317542
84.7086826655741,-2.76699585778875
84.1249704973612,-1.79421809587636
83.5452805838287,-3.61244735588924
83.3333333333333,-2.95658722823041
82.9695852083491,-1.46552288563869
82.3978568452852,-3.39752779031478
81.8300681586739,1.61419683425443
81.2661920009194,-0.644628682200969
80.706201411495,-1.05146780036976
80.150069615654,9.35762187249914
79.5977700231498,-1.43893205536268
79.0492762269642,-1.33264780143024
78.5045620020451,-0.30755693338143
77.9636013040523,1.31081630704354
77.4263682681127,-3.65048771797283
76.9230769230769,1.6089627316524
76.8928372075831,1.99846976916242
76.3629826128224,-3.12883804563479
75.8367791499719,-1.56772835114345
75.3142016597437,-2.58110463196213
74.7952251562182,-2.53373061862468
74.2798248256491,-2.5944699822631
73.7679760252773,-3.08414210145424
73.2596542821523,-2.36389182179861
72.7548352919623,-3.40767027341389
72.2534949178722,-3.59925517340515
71.7556091893693,-2.5169623668129
71.4285714285714,-1.38482260725832
71.2611543011175,-2.0135106285668
70.7701066118189,-3.1013185977158
70.2824426430835,-1.22802391728511
69.7981390783066,-2.35480466385585
69.3171727615541,-3.25243978558897
68.839520696455,-3.47396477960622
68.3651600451024,-1.01313116834988
67.8940681269611,-2.78090395130225
67.4262224177834,-2.01195583620243
66.9616005485322,-3.13216959218227
66.6666666666667,1.21546845013861
66.5001803043112,1.29835593141754
66.0419396233031,-1.76690915111417
65.5868565957143,-0.0199724084057875
65.134909462728,-1.45822349105954
64.6860766154633,-2.19759454494884
64.2403365939419,-1.90091333706227
63.7976680860628,-3.16767101547331
63.3580499265825,0.221970749912789
62.9214610961034,-2.63733422708791
62.5,-1.91811886574502
62.4878807200689,-1.97011304253923
62.057288067765,-3.06963614374204
61.6296625513294,-2.89376107030049
61.204983724767,-3.50942180980435
60.7832312829723,-2.02692490479192
60.3643850607587,-3.51406894974231
59.9484250318941,-2.95812724816009
59.5353313081437,-3.64595785038353
59.1250841383188,-3.65881758242186
58.8235294117647,-2.72044379524787
58.7176639073326,-1.43290650225658
58.3130511352622,-2.73800166134502
57.9112264764176,-2.63674601191614
57.5121707184161,-2.26069971322301
57.1158647812643,-3.65190631723864
56.7222897164454,-3.06095748291143
56.3314267060136,-2.4848018421349
55.9432570616938,-2.3823812158849
55.5577622239888,-2.14668859669951
55.5555555555556,-2.11776515702094
55.1749237612912,-1.55549213020042
54.7947233690029,-2.95903015535053
54.4171428686589,-2.83072533621866
54.0421642070592,-3.03761632877707
53.6697694554048,-3.16858983436178
53.2999408084409,-3.56693322200776
52.9326605836056,-2.29158539524179
52.6315789473684,-2.91428974743065
52.5679112201842,-3.14055421463409
52.2056752784698,-1.16460069801432
51.8459354389291,-3.32388230169407
51.488674501375,-3.56883569688854
51.1338753841433,-2.89073362369312
50.7815211232767,-2.34240942389688
50.4315948717136,-0.658212933162655
50.0840798984821,-3.23575926407464
50,-2.88571507432637
49.7389595879007,-3.24454968194383
49.3962174387832,-2.45575093772215
49.0558370636505,-2.55618297288687
48.7178021879463,-2.95459481879764
48.3820966492596,-3.14635001175288
48.0487043965513,0.250070559223748
47.7176094893875,-2.87930357521681
47.6190476190476,-1.73763566269904
47.3887960971765,-2.2777792354159
47.0622484984128,-3.44938073672672
46.7379510799246,1.46901887795305
46.4158883361278,-2.04682421059054
46.0960448682843,-2.22005401895951
45.7784053837662,-3.06205874088469
45.462954695324,-2.84896410220004
45.4545454545455,-2.85335662160359
45.149677720361,-2.70453857942125
44.8385594802119,-2.00788904046906
44.5295850994266,-2.46742973715707
44.222739805059,9.18294818180413
43.9180089259609,-0.608587270544585
43.6153778920801,-1.00725974584922
43.4782608695652,-2.04916412701011
43.314832233764,-2.27169307485589
43.016357581068,-3.56886298936099
42.7199396630678,-1.2408787602021
42.4255643071778,-1.95553808190821
42.1332174384729,-0.28170724670134
41.8428850790158,-0.869511439140505
41.6666666666667,-3.06012074034744
41.5545533471888,-1.55747899806688
41.2682084570295,-3.27212078425991
40.9838367175726,-1.69178530076321
40.7014245321944,-2.67942522473502
40.4209583979631,-3.46741383127256
40.1424249049932,0.592466725715743
40,-3.14539023142411
39.8658107358044,-1.32913303672641
39.5911026646846,-2.85433057633038
39.3182875570577,-2.33784215347763
39.0473523688556,-0.770075570525118
38.7782841458946,-2.89079911566635
38.5110700232557,-3.31359278362514
38.4615384615385,-3.57378195266453
38.24569722467,-1.48560915694788
37.9821530619073,-1.28897892766058
37.72042493417,-3.22708768503348
37.4605003274899,-1.78248855213682
37.2023668141307,-3.12213021906099
37.037037037037,-3.5812003296124
36.946012051993,-3.169984446881
36.6914237840249,-1.96747544661077
36.4385898376355,-2.81735779337047
36.1874981241128,-2.37054296318471
35.9381366380463,-3.13614894552039
35.7142857142857,-2.69707007649874
35.6904934567523,-3.03927255629837
35.4445567397043,-0.782336601388589
35.2003147279668,-1.92308724387565
34.9577557436328,-3.06611517346586
34.7168681892656,-3.45640943128093
34.4827586206897,-3.44083280535666
34.4776405473446,-3.36939057316793
34.2400613797142,-3.17685442849163
34.0041193270371,-1.08873703913225
33.7698031082509,-3.50321311182015
33.5371015200293,-1.27767651354413
33.3333333333333,-2.13136748076014
33.3060034362459,-0.102329242447193
33.0764978074424,-3.17076757772538
32.8485736603004,-3.23923327193018
32.6222200971167,-2.60764026296247
32.397426295282,1.4473149368137
32.258064516129,-3.10302072488046
32.1741815067637,0.465719031924768
31.9524750575921,-3.04273829924106
31.7322963473498,-3.66001582322449
31.5136348486648,-3.19220586659268
31.2964801067075,-2.80580677288999
31.25,-3.32833029126122
31.0808217386906,-3.17167584629028
30.8666494333727,-3.50624546690308
30.6539529505653,-3.07422313519389
30.442722120643,-0.692256217446395
30.3030303030303,-3.65773453416083
30.2329468440578,-2.76900501429004
30.0246170908555,-3.35618844912168
29.8177229001967,-3.15963043510846
29.6122543798804,-3.03641143222962
29.4117647058824,-2.83840890015262
29.4082017058706,-2.76244207458124
29.2055551218275,-3.05649385103167
29.0043049386399,-2.7580273426547
28.804441533963,-1.9874175826432
28.6059553517574,-2.99459990846394
28.5714285714286,-3.64512219367212
28.408836901833,-3.518639226214
28.2130767593947,-3.03830351471474
28.018665564592,-3.53032291388747
27.8255940220712,-3.06001462179959
27.7777777777778,-3.66174943783873
27.6338529005317,-1.43379758149662
27.4434330322836,-0.928495684749929
27.2543253128103,-1.45713525413056
27.0665207003324,0.788058848836546
27.027027027027,-1.07144881171059
26.8800102153761,2.1776567475818
26.6947849403432,1.18272783649927
26.5108360190854,-3.14039874969618
26.3281546564802,-2.17314787559352
26.3157894736842,-0.983513033184162
26.1467321180109,-2.20628347380913
25.9665597293487,-3.20330152415145
25.787628875938,-1.24103277455465
25.6410256410256,-2.17802818116656
25.6099310025846,-2.48832252523563
25.4334576130465,-2.58519878449318
25.2582002696278,1.67401966894058
25.0841505927754,0.0208445904950354
25,7.16472752091476
24.9113002606779,3.86435149787211
24.7396410088681,2.6431260434358
24.5691646298279,-2.74649202936323
24.3998629725955,-2.01611389801816
24.390243902439,-2.4437784182525
24.231727942376,-2.61712054949823
24.0647515001542,-2.28052703838362
23.8989256623105,-3.40616736383536
23.8095238095238,-3.36300445029802
23.7342425002387,-1.80956324388675
23.5706941399673,-1.74707391941099
23.4082727617829,-0.71894736595065
23.2558139534884,-3.10122809045633
23.2469705998565,-3.56766844694088
23.0867799418717,-3.1062171850895
22.9276931286565,-2.2910707002624
22.7697025538168,-2.19848331327845
22.7272727272727,-3.25660930413631
22.6128006633728,-2.24376761473799
22.4569799553977,-1.62859567313482
22.3022329796594,-2.92361722504743
22.2222222222222,-3.29417415688847
22.1485523372636,-0.274122109676379
21.9959306803007,-2.07643247599078
21.8443607114943,-2.96482982184871
21.7391304347826,-3.42320954030456
21.6938351838518,0.103185408217873
21.5443469003188,-2.69552477144201
21.3958887134342,-2.96578378698951
21.2765957446809,-0.371554681995359
21.2484535249888,-1.06070109483597
21.102034285686,-3.26324079447299
20.9566239948043,-2.62004727418481
20.8333333333333,-2.79358335268712
20.8122156998634,-3.30119655979193
20.6688024962908,-3.22450452601536
20.5263775270925,-1.57648135050429
20.4081632653061,-2.33886676757266
20.3849339825246,0.812228957763627
20.244465099768,-1.85223819993864
20.104964162605,-0.0195065774733036
20,-2.30829628236365
19.9664245010979,-3.38085168084923
19.8288394912707,-2.82446442123581
19.6922025547917,-3.54320315017058
19.6078431372549,-3.44546748640375
19.5565071586595,-2.63477123055592
19.4217468148903,-3.29591718588893
19.2879150802078,-2.74705498209719
19.2307692307692,-2.10754414074811
19.1550055557353,-2.65092472210544
19.0230118866894,-3.59588935897063
18.8919277620767,-2.52595705568886
18.8679245283019,-1.14252281688753
18.7617469143912,-3.59784004909711
18.6324631193156,-0.804063696998194
18.5185185185185,-3.55408994121198
18.504070195423,-3.04192541339828
18.3765620038817,-0.930202078147924
18.2499324481615,-3.29279186504969
18.1818181818182,-3.59475333028412
18.1241754737424,-2.84859507172815
17.9992850678248,-3.13140562852957
17.8752552590424,-3.2217330568212
17.8571428571429,-2.70964043956739
17.7520801171764,-3.36497362244837
17.6297537528721,-3.32296584632415
17.5438596491228,-0.497357509363961
17.5082703173572,-1.91709876581497
17.3876240021625,-2.2052159823247
17.2678090388436,-3.09249097778415
17.2413793103448,-2.19661063809128
17.1488196987054,-3.17439063452654
17.0306502925284,-0.261711381797322
16.9491525423729,2.75079614037548
16.9132951702965,-2.2296552398552
16.7967487209265,-3.60515676601421
16.6810053720006,0.361148354556879
16.6666666666667,-1.79796516026455
16.5660595894991,-3.30996129762711
16.4519058775366,-2.68306937377202
16.3934426229508,-3.10134390373097
16.3385387780986,-3.40642527155363
16.2259528707809,-3.53882300574629
16.1290322580645,-0.829467824516835
16.1141427725302,-0.652681572281817
16.003103137387,-3.51811988869637
15.8928286562298,-3.38621387752969
15.8730158730159,-0.180540027011669
15.7833140565212,-2.15869595556553
15.674554102056,-2.35311872760293
15.625,-1.23182426396032
15.5665435927106,-1.34896217785318
15.4592773641948,-2.44240689535523
15.3846153846154,0.141289964088817
15.3527502878042,-3.38276265566743
15.2469572701757,-2.39807665328289
15.1515151515152,0.248977428852261
15.1418932530435,-1.32626184225087
15.0375532129974,-2.48618614565485
14.9339321612425,-0.644467716150994
14.9253731343284,-0.428231106312164
14.831025143361,-2.98089215160102
14.728827239075,-2.15235683366567
14.7058823529412,-2.55331620079282
14.6273335620113,-3.66327916961491
14.5265392594678,-1.80938153677389
14.4927536231884,-3.41670696599716
14.4264395121816,-3.52449432460677
14.3270295340983,-1.41162107828792
14.2857142857143,-0.665025753642378
14.2283045721435,-0.347473960377111
14.1302599059953,-1.63754824816935
14.0845070422535,-0.859051495969434
14.0328908478587,0.768050143877407
13.9361927422414,-1.41565645892679
13.8888888888889,-2.84795853470562
13.8401609657313,-1.22939266208608
13.7447909267754,-3.22626627569845
13.6986301369863,-3.3359358136861
13.6500780654601,-1.71460736458205
13.5560178532937,-1.0228347843947
13.5135135135135,-1.12228890753768
13.4626057929891,-1.43114876871924
13.3698374182495,-1.77915867678335
13.3333333333333,3.65966639740403
13.2777082935543,-1.57141152311977
13.1862140139475,-2.06657650190398
13.1578947368421,-1.44219639701937
13.0953502048267,1.34880607133686
13.0051125217341,-3.29759161478129
12.987012987013,-1.89010280940907
12.9154966501488,-3.33574746983661
12.8264983052806,1.64444653794182
12.8205128205128,2.29974166012118
12.7381132318648,-2.65149300598027
12.6582278481013,-2.01460826038483
12.650337203959,-0.873073944563752
12.5631660247412,-3.13063013324232
12.5,-1.83410963524242
12.4765955263087,-3.12217265595857
12.3906215694792,-3.51721831677103
12.3456790123457,-2.72346671084817
12.3052400435926,-3.27189957757399
12.2204468663149,-0.464084084482162
12.1951219512195,-1.22048636648476
12.1362379834424,-0.968291943106418
12.0526093687084,-0.912717247142875
12.0481927710843,-1.28903608373603
11.9695570235904,5.84943906428494
11.9047619047619,-3.56432339311375
11.887076977119,-1.8511053417484
11.8051652856881,-1.91206562740153
11.7647058823529,-3.25874569871273
11.723818032866,-2.38927420746752
11.6430313292088,0.765902258855808
11.6279069767442,-2.97358796317219
11.5628013120738,-2.48550048425688
11.4942528735632,-1.07646016853674
11.4831241454351,-0.502854812683903
11.4039960197003,-3.65725232252317
11.3636363636364,-3.63078006357143
11.3254131515281,-3.32477617830609
11.2473717836475,-3.13481291353322
11.2359550561798,-3.49042327583426
11.1698681846782,-3.24200122804801
11.1111111111111,-1.69553790587239
11.0928986489522,-3.3542106162297
11.0164594963366,-2.48473312524775
10.989010989011,-0.972384976703363
10.9405470720574,-2.59270400266574
10.8695652173913,-1.29000851865451
10.8651577465254,-1.35784921669939
10.7902879151618,-2.69601218910578
10.752688172043,-2.78298749663243
10.7159339982267,-2.48294722699959
10.6420924406472,-3.01288355601794
10.6382978723404,-2.67124978074788
10.568759711848,-3.09411690018863
10.5263157894737,-3.31467960131995
10.4959323055823,-2.95523445445037
10.423606739764,-2.01224264217766
10.4166666666667,-2.67500252257436
10.3517795563018,-1.41016236274906
10.3092783505155,-3.18622777350673
10.2804473209331,-2.68422982457339
10.2096066230605,-2.7986878959153
10.2040816326531,-2.66868936043364
10.1392540755882,-0.0589919326136323
10.1010101010101,-3.64700586927007
10.0693863147603,-3.57706245747074
10,-2.09282412872055
10,-2.0928241287204
9.9310918137498,-2.97030980228923
9.9009900990099,0.753520383334878
9.86265846131282,0.0685248985821731
9.80392156862745,-3.24577893211265
9.79469667069539,0.382539520989089
9.72720319245054,-2.92196643133645
9.70873786407767,-3.44017422886987
9.66017479952265,-1.67915763530483
9.61538461538461,-3.04068425195122
9.59360828709314,-3.00523067950548
9.52750047242729,-1.89200177414612
9.52380952380952,-2.28641468765515
9.461848194722,-2.00836589186765
9.43396226415094,-3.3966677755982
9.39664831495469,-3.42362954283105
9.34579439252336,-2.92747111349281
9.33189771573324,-2.948891265819
9.26759330114688,-1.0650564214513
9.25925925925926,-0.437964084887919
9.20373199661822,-2.328563377597
9.1743119266055,-3.56910398879649
9.14031074875623,-3.53993501639429
9.09090909090909,-0.938280809385712
9.07732652521023,-3.30475223553195
9.01477631452492,-3.0569452756314
9.00900900900901,-3.61847004732304
8.9526571259964,-1.74262449357708
8.92857142857143,-3.21636979387271
8.89096598952916,-2.69506364135766
8.84955752212389,0.759978063908098
8.82969995549409,-1.29825989597817
8.7719298245614,-2.56008414972056
8.76885609458743,-3.34544190124724
8.70843149769072,-3.31329373557626
8.69565217391304,-3.52766301454296
8.64842327573172,0.978924355358619
8.62068965517241,-1.6832943360374
8.58882855954625,-1.16855644714779
8.54700854700855,0.727698500021963
8.52964449974102,-0.460433940353549
8.47457627118644,-2.36557300724943
8.47086826655741,-3.6030948166947
8.41249704973612,-3.37974385621247
8.40336134453781,-1.95944973079356
8.35452805838287,1.60902764469499
8.33333333333333,1.42775794629258
8.29695852083491,-3.1920963483888
8.26446280991736,-2.24929349056755
8.23978568452852,-3.29143915640834
8.19672131147541,-3.4607534265467
8.18300681586739,-3.41083022510382
8.13008130081301,-3.13268331327312
8.12661920009195,-3.08274761597461
8.0706201411495,-2.5098582226483
8.06451612903226,-1.79232401944536
8.01500696156541,-3.63885855821594
8,-3.64779773378332
7.95977700231498,-3.24547285204438
7.93650793650794,-2.8104385417153
7.90492762269642,-3.00205195639115
7.8740157480315,0.855463397097556
7.85045620020451,-3.40228958208506
7.8125,-3.58594865858536
7.79636013040523,-3.22234829508765
7.75193798449612,-3.09480309866965
7.74263682681127,-3.19578380489169
7.69230769230769,-3.60445258193438
7.68928372075831,-3.16813143601034
7.63629826128224,-2.72511011729157
7.63358778625954,-2.66651407285174
7.58367791499719,-3.26666223526622
7.57575757575758,-3.29672088319812
7.53142016597437,-2.96537225670478
7.5187969924812,-2.44460209550466
7.47952251562182,-2.26421627784425
7.46268656716418,-3.51496110267889
7.42798248256492,-3.13382636708392
7.40740740740741,-2.75677023997884
7.37679760252773,-3.21462918959504
7.35294117647059,1.69431142879457
7.32596542821523,-3.50672639304467
7.2992700729927,-3.38988447918261
7.27548352919623,-2.96680446924942
7.2463768115942,-2.73351340508359
7.22534949178722,-1.73024750261633
7.19424460431655,0.410132084375211
7.17556091893693,-1.8323234000703
7.14285714285714,-2.93097517110497
7.12611543011175,-2.73302269399856
7.09219858156028,-2.46675023783571
7.07701066118189,-2.43213032219684
7.04225352112676,-0.718212598057771
7.02824426430835,-2.51005844763732
6.99300699300699,0.660475373917525
6.97981390783066,-2.77931143933032
6.94444444444444,-1.56072767595149
6.93171727615541,-3.44632566198014
6.89655172413793,-3.08957124607484
6.8839520696455,-2.96634951186295
6.84931506849315,-2.04798528337759
6.83651600451024,-1.04406304018978
6.80272108843537,-2.90851742091591
6.78940681269611,-1.75114853426681
6.75675675675676,-0.722403230118696
6.74262224177834,-3.13670875927543
6.71140939597315,-2.5157205407885
6.69616005485322,-3.020357852928
6.66666666666667,-2.87426710971921
6.65001803043112,-2.21806884533184
6.62251655629139,-2.80878085082294
6.6041939623303,-3.65335026554261
6.57894736842105,-3.11413429223573
6.55868565957143,-0.167941304233248
6.5359477124183,-2.11671194149308
6.5134909462728,-2.93801475584324
6.49350649350649,-1.07179256867569
6.46860766154633,-1.38241307005226
6.45161290322581,-1.64013354503178
6.42403365939419,-3.52949831321343
6.41025641025641,-2.64150285760773
6.37976680860628,-2.84410513661812
6.36942675159236,-2.6374795847404
6.33580499265825,0.0593896613535678
6.32911392405063,-2.16330558881252
6.29214610961034,-3.37539824270645
6.28930817610063,-2.65446227143591
6.25,-3.36198603512339
6.24878807200689,-3.2972212335698
6.2111801242236,-1.49471823746576
6.2057288067765,-2.38699390142541
6.17283950617284,-2.23012670853783
6.16296625513294,-3.43521177721466
6.13496932515337,-3.24917717172284
6.1204983724767,-1.7385522993414
6.09756097560976,-3.59504836099212
6.07832312829723,-1.68274911255976
6.06060606060606,-3.41601599520701
6.03643850607587,-3.26351311032753
6.02409638554217,-2.17903313751902
5.99484250318941,-2.58062475991555
5.98802395209581,-3.11108404903085
5.95353313081437,-3.0220332314475
5.95238095238095,-3.27582977758008
5.91715976331361,-2.63372565564658
5.91250841383188,-3.15728913622648
5.88235294117647,-3.24620558579276
5.87176639073326,-3.26553721735423
5.84795321637427,-2.57515602740436
5.83130511352622,-1.96431876922137
5.81395348837209,-3.49291087872494
5.79112264764176,-3.40279136107635
5.78034682080925,-3.47208257674971
5.75121707184161,-3.50764987808078
5.74712643678161,-1.24279074034761
5.71428571428571,-3.06578998433435
5.71158647812643,-2.83742774927266
5.68181818181818,-2.46963796250302
5.67222897164454,-3.18169765724202
5.64971751412429,-0.0265177127126703
5.63314267060136,-2.70289430678987
5.61797752808989,-2.42649097172643
5.59432570616938,-3.23283939892768
5.58659217877095,-2.10579738922662
5.55577622239888,0.168817503037919
5.55555555555556,-0.313486052643934
5.52486187845304,-2.79283705616676
5.51749237612913,-3.40923552879753
5.49450549450549,-2.83082794921979
5.47947233690029,-2.25369809740148
5.46448087431694,-3.55374500032853
5.44171428686589,-2.50630712643997
5.43478260869565,-3.39841148455444
5.40540540540541,-3.24365978406687
5.40421642070592,-3.1441787796477
5.37634408602151,-3.66042720565748
5.36697694554048,-2.11222180149472
5.3475935828877,-2.89582248910535
5.32999408084409,-3.00297683739613
5.31914893617021,-3.58198800599613
5.29326605836056,-3.47694961721491
5.29100529100529,-3.12224601579619
5.26315789473684,-3.53032398615575
5.25679112201842,-3.03403108715464
5.23560209424084,-2.16246103344677
5.22056752784698,-2.00342272610841
5.20833333333333,-2.05049957133461
5.18459354389291,-3.4621994519728
5.18134715025907,-3.6244677146917
5.15463917525773,-1.88226883038113
5.14886745013749,-1.5530480648121
5.12820512820513,-2.19599240665716
5.11338753841433,-3.35496375357571
5.10204081632653,-3.15621287503101
5.07815211232767,-3.27010374860843
5.0761421319797,-0.895262335611942
5.05050505050505,-3.29078183797189
5.04315948717136,-3.55653036972877
5.0251256281407,-3.12242948879848
5.00840798984821,-3.45503899196428
5,-3.35495587784954
4.97512437810945,-3.56825114633402
4.97389595879006,-2.80161338742577
4.95049504950495,-3.42831470386114
4.93962174387832,-3.24039268948352
4.92610837438424,-2.79030691675161
4.90558370636505,-2.88451629785477
4.90196078431372,-3.0578011945126
4.8780487804878,-0.5899062442523
4.87178021879463,-3.49351028547458
4.85436893203883,-0.096253634147085
4.83820966492596,-1.38983621095953
4.83091787439613,-3.49317200076451
4.80769230769231,-3.62102950302393
4.80487043965513,-2.94421433190645
4.78468899521531,-2.50119879350411
4.77176094893875,-3.35861947156094
4.76190476190476,-3.27084622832275
4.739336492891,-3.27482781015912
4.73887960971765,-3.21914609521159
4.71698113207547,-3.63835788704285
4.70622484984128,-3.56970531275298
4.69483568075117,-3.65558126562241
4.67379510799246,-3.51173125846271
4.67289719626168,-1.99917584994175
4.65116279069767,-2.45910650903034
4.64158883361278,-3.1566893489424
4.62962962962963,-2.50150927061839
4.60960448682843,-2.5902506791436
4.60829493087558,-1.15190911034649
4.58715596330275,-0.986306044455868
4.57784053837662,-2.16874174145242
4.5662100456621,-3.24059763066877
4.5462954695324,-3.16060040344207
4.54545454545455,-2.867823064542
4.52488687782805,-2.38240612502049
4.5149677720361,-0.244118469054608
4.5045045045045,0.101716049137157
4.48430493273543,-0.907623036210803
4.48385594802119,-1.19109654791519
4.46428571428571,-2.13050726808275
4.45295850994265,-1.94905938197321
4.44444444444444,-2.75777940180073
4.42477876106195,-3.28374993285253
4.4222739805059,-3.63043067876923
4.40528634361233,-3.22391650693653
4.39180089259609,-3.38937676150526
4.3859649122807,-2.59001434044974
4.36681222707424,-3.6559419868155
4.361537789208,-3.38826018240722
4.34782608695652,-2.98569216233939
4.3314832233764,-1.36829059250071
4.32900432900433,-3.5718440798163
4.31034482758621,-2.96208325577661
4.30163575810679,-1.24530425062009
4.29184549356223,-3.11083840865855
4.27350427350427,-2.90635004974477
4.27199396630678,-3.41903639174235
4.25531914893617,-1.1698734023008
4.24255643071778,-3.54433628639917
4.23728813559322,-3.50455993367045
4.21940928270042,-2.84111399403919
4.21332174384729,-3.62914939642759
4.20168067226891,-1.41331967247141
4.18428850790158,-2.55614594764283
4.18410041841004,-2.19716682714219
4.16666666666667,-1.57598200569113
4.15545533471888,-2.95745585932157
4.149377593361,-1.71814040933624
4.13223140495868,-3.17781905474082
4.12682084570295,-2.74880754192146
4.11522633744856,-3.49400449323415
4.09838367175726,-3.61188400286171
4.0983606557377,-3.60482969241813
4.08163265306122,-3.5041150449111
4.07014245321944,-3.61486878770232
4.0650406504065,-3.64149168342145
4.04858299595142,-3.1560216030838
4.04209583979631,-3.10034311944222
4.03225806451613,-3.6580244780366
4.01606425702811,-2.99545981068114
4.01424249049932,-3.20907988853635
4,-2.05859250127331
3.98658107358044,-2.8429446858792
3.98406374501992,-3.3913963165218
3.96825396825397,-3.04569098894667
3.95911026646846,-1.30752029409056
3.95256916996047,-2.06578815833133
3.93700787401575,-3.41278493497303
3.93182875570577,-3.15691815418479
3.92156862745098,-3.14259789956572
3.90625,-1.18580848903805
3.90473523688556,-2.67682693888708
3.89105058365759,-3.365946772464
3.87782841458946,-2.49124368317909
3.87596899224806,0.256146998235796
3.86100386100386,-3.18637347450253
3.85110700232557,-3.64603808791973
3.84615384615385,-3.49668659166157
3.83141762452107,-2.04151951898744
3.824569722467,-3.08137554872028
3.81679389312977,-2.23656503501492
3.80228136882129,-3.41170164317411
3.79821530619074,-2.02831053183722
3.78787878787879,-3.4961448959862
3.77358490566038,-3.63594983762759
3.772042493417,-2.18607795277908
3.7593984962406,-3.21804524025641
3.74605003274899,-2.61853838816277
3.74531835205992,-1.80654677950273
3.73134328358209,-2.73108722834258
3.72023668141307,-2.43354756159537
3.71747211895911,-3.30386409054453
3.7037037037037,-1.50500816123353
3.6946012051993,-3.32001610641545
3.690036900369,-3.65809842045321
3.67647058823529,-3.59152654686447
3.66914237840249,-3.14022208667545
3.66300366300366,-3.52118576384994
3.64963503649635,-3.57794296004318
3.64385898376355,1.12448846276915
3.63636363636364,-2.13504149381849
3.6231884057971,-3.01827495180343
3.61874981241128,-3.51903132200094
3.6101083032491,-2.12626770837498
3.59712230215827,-2.61063078584821
3.59381366380463,-3.36663113341383
3.584229390681,-1.63937192517225
3.57142857142857,-1.92141358410755
3.56904934567523,-2.07486592794613
3.55871886120996,-3.32190093960498
3.54609929078014,-2.98134217143542
3.54445567397043,-3.13494657531374
3.53356890459364,-3.4696027035613
3.52112676056338,-1.01561029205505
3.52003147279668,-3.07442270470672
3.50877192982456,-2.98910033035836
3.4965034965035,-3.45759408117335
3.49577557436328,-3.56740633872435
3.48432055749129,-1.9761665265786
3.47222222222222,-3.45753577250702
3.47168681892656,-2.50451120077097
3.46020761245675,-3.20674273730951
3.44827586206897,-3.5338395222755
3.44776405473446,-2.67104496349388
3.43642611683849,-3.22999116580091
3.42465753424658,-3.17971579863824
3.42400613797142,-3.04620961792385
3.41296928327645,-1.92918523964299
3.40136054421769,-1.45189506982229
3.40041193270371,-3.00981383853526
3.38983050847458,-2.50210303659518
3.37837837837838,2.03255840628278
3.37698031082509,-3.19938598410384
3.36700336700337,-2.09853255880661
3.35570469798658,-3.45902541079742
3.35371015200293,-3.56562261583967
3.34448160535117,0.0457281571146853
3.33333333333333,-1.54649990600459
3.33060034362459,-1.97900760225648
3.32225913621262,-2.34047666906225
3.3112582781457,-1.73796681195521
3.30764978074424,-3.17099553181638
3.3003300330033,-2.00891786420508
3.28947368421053,-3.50633397988248
3.28485736603004,-2.90133400337869
3.27868852459016,-3.13752128108468
3.26797385620915,-3.43503423086882
3.26222200971167,-3.46524552190258
3.25732899022801,-2.33702992320367
3.24675324675325,-2.50057623150199
3.2397426295282,-1.97759418921565
3.23624595469256,-3.30863476592627
3.2258064516129,-3.23684106281912
3.21741815067637,-1.76518846523843
3.21543408360129,1.24916771633786
3.20512820512821,-1.29386168315279
3.19524750575921,-3.316557076529
3.19488817891374,-2.71698306833404
3.18471337579618,-1.82833989922839
3.17460317460317,-3.04078420675919
3.17322963473498,-3.31924742730693
3.16455696202532,-2.87256185279174
3.15457413249211,-3.10532159505113
3.15136348486648,-3.3090830935926
3.14465408805031,-1.98389916669187
3.13479623824451,0.717767203941141
3.12964801067075,-0.928842617123489
3.125,-3.64123050118153
3.11526479750779,-3.28035961619171
3.10808217386906,-1.51772493384125
3.1055900621118,-3.30510587983185
3.09597523219814,-2.36376734824911
3.08666494333727,-2.79672693748985
3.08641975308642,-2.4994510948111
3.07692307692308,-3.53361148009331
3.06748466257669,-3.64036473350459
3.06539529505653,-2.81666432099773
3.05810397553517,-3.61254613840888
3.04878048780488,-1.76054911336684
3.0442722120643,-3.49761599175779
3.03951367781155,-3.39746492411909
3.03030303030303,-2.51559740341001
3.02329468440578,-1.67172458341046
3.02114803625378,-1.38912349921058
3.01204819277108,-3.62963781477829
3.003003003003,-3.63017522822129
3.00246170908555,-3.15552224222811
2.9940119760479,-3.2654791098502
2.98507462686567,-3.50825062494077
2.98177229001967,-2.68529353599107
2.97619047619048,-2.61180069399621
2.9673590504451,-2.90268782115511
2.96122543798803,-3.31738627379901
2.9585798816568,-3.55650787162731
2.94985250737463,-3.52103048518235
2.94117647058824,-1.82765753515663
2.94082017058706,-3.34753242934725
2.93255131964809,-3.28546661141716
2.92397660818713,-3.44734736216266
2.92055551218275,-3.17901631404576
2.91545189504373,-2.45397255475735
2.90697674418605,-3.39727918162212
2.90043049386399,-3.27242592847933
2.89855072463768,-2.9280767559786
2.89017341040462,-2.89849967313456
2.88184438040346,-3.43093004484613
2.8804441533963,-3.36601766297288
2.8735632183908,-3.4685130374841
2.86532951289398,-3.41210403996971
2.86059553517574,-1.88920280284084
2.85714285714286,-3.41929051143061
2.84900284900285,-3.50367872791848
2.84090909090909,-2.81690169213403
2.8408836901833,-2.91415024591817
2.8328611898017,-3.64760588100234
2.82485875706215,-2.47448249347114
2.82130767593947,-2.47545972860923
2.8169014084507,-1.3409353102122
2.80898876404494,-2.08075634083697
2.8018665564592,-2.36473019833867
2.80112044817927,-1.53603489671523
2.79329608938547,-2.35427320989937
2.78551532033426,-2.70956958790942
2.78255940220712,-3.15212853025589
2.77777777777778,-2.23570383820423
2.77008310249307,-3.15947493689485
2.76338529005317,-2.76590757628322
2.76243093922652,-1.83805708236649
2.75482093663912,-1.68032253883596
2.74725274725275,-3.54117228351343
2.74434330322836,-3.64727382052741
2.73972602739726,-3.52776205041509
2.73224043715847,-2.76016450106651
2.72543253128103,-3.49251486410018
2.72479564032698,-2.79622303256336
2.71739130434783,-1.90966617739407
2.710027100271,-3.54768771838026
2.70665207003324,-3.51826641345663
2.7027027027027,-3.47214395573276
2.69541778975741,-3.30800921798895
2.68817204301075,-1.60805350898537
2.68800102153761,-1.85540641773816
2.68096514745308,-0.707571472517382
2.67379679144385,-1.29476054915819
2.66947849403432,-3.53210142776178
2.66666666666667,1.12431641384787
2.65957446808511,-2.19624668173669
2.6525198938992,-3.06024626363721
2.65108360190854,-3.27890532563488
2.64550264550265,-1.839581672665
2.63852242744063,-1.12807255685938
2.63281546564802,-3.18256260602719
2.63157894736842,-1.44055503531863
2.6246719160105,-1.97212477707044
2.61780104712042,-3.19989725646247
2.61467321180109,-1.79441527456715
2.61096605744125,-3.65740256172811
2.60416666666667,-3.47752960880497
2.5974025974026,-2.52815483811217
2.59665597293487,-3.32076903907442
2.59067357512953,-3.41904430121324
2.58397932816537,-2.38425377729645
2.5787628875938,-3.19715146588735
2.57731958762887,-3.2576895946395
2.5706940874036,-2.74172120835011
2.56410256410256,-1.27572700728593
2.56099310025846,-3.1846845523661
2.55754475703325,-1.38311266666589
2.55102040816327,-1.29022823240562
2.54452926208651,-1.88237370528706
2.54334576130465,-3.26252452766682
2.53807106598985,-3.64686648177099
2.53164556962025,-2.37841952324463
2.52582002696278,-3.48245692713395
2.52525252525253,-3.16176499894534
2.51889168765743,-3.58202380132299
2.51256281407035,-2.8891904501413
2.50841505927754,-2.20900804974242
2.5062656641604,-3.38347428480749
2.5,-3.16429889851808
2.49376558603491,-3.26453153709694
2.49113002606779,-3.30051386407139
2.48756218905473,-2.78317663923543
2.48138957816377,-3.66235881352325
2.47524752475248,-2.25457472896384
2.47396410088681,-3.05543790962873
2.46913580246914,-3.49623773535269
2.46305418719212,-3.403102302145
2.45700245700246,-0.3831061169525
2.45691646298279,0.165128981910148
2.45098039215686,-3.32101987801037
2.44498777506112,-3.205221716459
2.43998629725955,-2.73025895506306
2.4390243902439,-3.05317269030875
2.4330900243309,-2.81401764747265
2.42718446601942,-3.64188663976771
2.4231727942376,-3.06780838671041
2.42130750605327,-3.6198956927637
2.41545893719807,-3.05104548837424
2.40963855421687,-3.31043502454637
2.40647515001542,-2.80753961309055
2.40384615384615,-2.13685621727712
2.39808153477218,-2.65318000189169
2.39234449760766,-2.72455179564094
2.38989256623105,-2.70045035916787
2.38663484486874,-1.45954106450484
2.38095238095238,-3.37471586070954
2.37529691211401,-3.63644079204637
2.37342425002387,-3.53563914364032
2.3696682464455,-3.51769197971147
2.36406619385343,-1.82273270786417
2.35849056603774,-2.80964234940223
2.35706941399673,-3.14096434582641
2.35294117647059,-3.12990363960126
2.34741784037559,-3.4370772174315
2.34192037470726,-2.64143654862591
2.34082727617829,-3.65634052497198
2.33644859813084,-2.12711798388953
2.33100233100233,-2.50763934680726
2.32558139534884,-3.4811366455544
2.32469705998565,-3.59777495281507
2.32018561484919,-1.7279118150527
2.31481481481481,-3.24621230608634
2.3094688221709,-3.18832970490315
2.30867799418717,-3.09434864902566
2.30414746543779,-3.11934611386173
2.29885057471264,-2.54641435230043
2.29357798165138,-0.112980376650266
2.29276931286565,-1.9354276831002
2.2883295194508,-3.36160683880486
2.28310502283105,-3.62760973522451
2.27790432801822,-1.17111632145189
2.27697025538168,-2.52042570530524
2.27272727272727,-3.083875411193
2.26757369614512,-3.48703847921181
2.26244343891403,-2.30152808060175
2.26128006633728,-3.04772784548337
2.25733634311512,-3.64372016338269
2.25225225225225,-2.79994412164431
2.24719101123596,-3.1524526844333
2.24569799553977,-3.17138428501037
2.24215246636771,-3.6537004275497
2.23713646532438,-3.34063441147627
2.23214285714286,-2.05905863246725
2.23022329796594,-3.18846923663694
2.2271714922049,-3.52699067259582
2.22222222222222,-3.01925076586898
2.21729490022173,0.0372921679044298
2.21485523372636,-3.51209320813784
2.21238938053097,-3.46098177822663
2.2075055187638,-2.95876440853477
2.20264317180617,-1.91624976980931
2.19959306803007,-1.92618394492508
2.1978021978022,-3.56049429051982
2.19298245614035,-3.16587373899172
2.18818380743982,-3.58582298062212
2.18443607114943,-1.4820053672884
2.18340611353712,-2.67026163263646
2.17864923747277,-3.31341282180666
2.17391304347826,-3.20242759701837
2.16938351838518,-3.4028193683378
2.16919739696312,-3.52380861020144
2.16450216450216,-3.42360427623317
2.15982721382289,-1.47168510607927
2.1551724137931,-3.30842671820396
2.15443469003188,-2.93950918751714
2.1505376344086,-3.34880434339261
2.14592274678112,-3.37232359243053
2.14132762312634,-3.26534387996129
2.13958887134342,-3.43415824283461
2.13675213675214,-0.952785483653467
2.13219616204691,-3.3387246562559
2.12765957446809,-2.08311508292904
2.12484535249888,-3.42294233257307
2.12314225053079,-2.09468068659585
2.11864406779661,-3.33416312122254
2.11416490486258,-3.53741124299692
2.1102034285686,-2.62266703127316
2.10970464135021,-3.40119362025252
2.10526315789474,-3.22325805239471
2.10084033613445,-3.4284515090929
2.09643605870021,-3.28439197311614
2.09566239948043,-3.47599278292328
2.09205020920502,-3.30828282221817
2.08768267223382,-2.38240322559418
2.08333333333333,-1.12184599682139
2.08122156998634,-3.01345472148862
2.07900207900208,-3.33786834999232
2.0746887966805,-3.14381003256032
2.0703933747412,-3.35196486440479
2.06688024962908,-3.58729479771405
2.06611570247934,-3.19882972963354
2.06185567010309,-3.01149427146155
2.05761316872428,-2.5837923287324
2.05338809034908,-3.35063867496454
2.05263775270925,-2.02042815986415
2.04918032786885,-3.53091852528432
2.04498977505112,-2.8994948891691
2.04081632653061,-3.61717194415796
2.03849339825246,-3.58401378811966
2.03665987780041,-3.60749452646244
2.03252032520325,-2.78078584680626
2.02839756592292,-3.26561667082531
2.0244465099768,-3.28256158654748
2.02429149797571,-2.9440297236071
2.02020202020202,-2.98216775442396
2.01612903225806,-3.50510415002644
2.01207243460765,-1.76881122395512
2.0104964162605,-2.43997703282015
2.00803212851406,-2.93807587181142
2.00400801603206,-3.62372850771093
2,-3.62778190838462
1.99664245010979,-3.61455304184734
1.99600798403194,-3.47885364004504
1.99203187250996,-3.61244209123559
1.98807157057654,-3.39916526851872
1.98412698412698,-3.6076000686488
1.98288394912707,-3.47600381541055
1.98019801980198,-3.19951023769876
1.97628458498024,-2.33877302968049
1.9723865877712,-2.97498864161751
1.96922025547917,-3.07212962285741
1.96850393700787,-3.22804772338692
1.96463654223969,-3.37543515722093
1.96078431372549,-3.42496932750175
1.95694716242661,-3.38330956826889
1.95565071586595,-2.66048425022803
1.953125,-3.30368993356997
1.94931773879142,-2.67171781868414
1.94552529182879,-3.29471095038512
1.94217468148903,-3.09751137328395
1.94174757281553,-2.8746916461158
1.93798449612403,-3.43295749291705
1.93423597678917,-3.44889355190459
1.93050193050193,-3.3927446171714
1.92879150802078,-3.13378931017693
1.92678227360308,-3.28946646304051
1.92307692307692,-2.21873954484702
1.91938579654511,-2.19447479845034
1.91570881226054,-3.21948643234098
1.91550055557353,-3.54360938841246
1.91204588910134,-2.93340227459758
1.90839694656489,-2.40309581378538
1.9047619047619,-3.54014670586407
1.90230118866894,-3.59037760965439
1.90114068441065,-3.55435120504286
1.89753320683112,-3.44687849549539
1.89393939393939,-3.51348363949607
1.89035916824197,-2.77700915436078
1.88919277620767,-3.3161012064006
1.88679245283019,-2.47519672592018
1.88323917137476,-3.34313716129288
1.8796992481203,0.1739993228117
1.87617469143912,-2.8151779618323
1.87617260787992,-2.82054268401641
1.87265917602996,-3.43620004250819
1.86915887850467,-3.38675976633977
1.86567164179104,-3.46219608094934
1.86324631193156,-3.48551731397243
1.86219739292365,-3.27570497898436
1.85873605947955,-3.47892124905793
1.85528756957328,-3.39025719623315
1.85185185185185,-3.44958500132629
1.8504070195423,-3.28672611360197
1.84842883548983,-1.97402988185915
1.8450184501845,-2.34834383588351
1.84162062615101,-3.43151258056222
1.83823529411765,-2.54702377346687
1.83765620038817,-3.64606158257539
1.8348623853211,-3.41696995578401
1.83150183150183,-3.55949639326148
1.82815356489945,-2.04283504808755
1.82499324481615,-2.94284294882724
1.82481751824817,-3.36426137700833
1.82149362477231,-1.64402558219991
1.81818181818182,-2.73939241177869
1.81488203266788,-3.63474002349171
1.81241754737424,-1.61716008643277
1.81159420289855,-2.66092536179924
1.80831826401447,-3.53967005864937
1.80505415162455,-3.57006665251715
1.8018018018018,-2.70090537305658
1.79992850678248,-2.01121336565093
1.79856115107914,-3.04898469773421
1.79533213644524,-3.60145354386214
1.7921146953405,-3.55601250166115
1.78890876565295,-3.27048213977126
1.78752552590424,-3.0276029444867
1.78571428571429,-3.56615101376358
1.7825311942959,-2.3530732605579
1.77935943060498,-3.27976856373275
1.77619893428064,-3.31872744641891
1.77520801171763,-2.81877411851731
1.77304964539007,-0.249350518533599
1.76991150442478,-3.41460500515926
1.76678445229682,-2.62112605369266
1.7636684303351,-1.92104779770598
1.76297537528721,-3.49876341109568
1.76056338028169,-2.79363762075946
1.75746924428822,-3.55849319027153
1.75438596491228,-3.50770525468549
1.75131348511384,-2.71095105250744
1.75082703173572,-2.49905427704554
1.74825174825175,-2.99457215148611
1.74520069808028,-2.85711162889062
1.74216027874564,-2.74833741477705
1.73913043478261,-3.60219223811846
1.73876240021625,-3.64227120363823
1.73611111111111,-2.35636457484808
1.73310225303293,-1.78705939491355
1.73010380622837,-3.42931962913623
1.72711571675302,-3.08283404447864
1.72678090388436,-2.89885284079746
1.72413793103448,-2.46429429653109
1.72117039586919,-3.34776803607154
1.71821305841924,-2.35127146129083
1.71526586620926,-1.22683342429313
1.71488196987054,-3.26457311528345
1.71232876712329,-2.78786309318705
1.70940170940171,-1.28029094327529
1.70648464163823,-3.62358632033353
1.70357751277683,-3.63636947126396
1.70306502925284,-3.53324205073626
1.70068027210884,-3.12420151884019
1.69779286926995,-2.90841405775337
1.69491525423729,-3.00004981679619
1.69204737732657,-3.61127427197725
1.69132951702965,-3.48312617523301
1.68918918918919,-3.00521185938215
1.68634064080944,-2.6499847128715
1.68350168350168,-3.01145506415262
1.68067226890756,-1.50377820028289
1.67967487209265,-3.50045933286905
1.67785234899329,-2.70789242863507
1.6750418760469,-2.96958043485172
1.67224080267559,-3.50555523190111
1.669449081803,-2.69730064985067
1.66810053720006,-3.32267940660928
1.66666666666667,-3.51993007027987
1.66389351081531,-3.6104232100286
1.66112956810631,-2.07326508678941
1.65837479270315,-3.63355939594895
1.65660595894991,-3.48855912718177
1.65562913907285,-1.93290667219774
1.65289256198347,-2.70696153412636
1.65016501650165,-3.60736256852668
1.64744645799012,-3.04231745365838
1.64519058775366,-3.09829956421388
1.64473684210526,-1.46300110799659
1.64203612479475,-3.21839451533715
1.63934426229508,-3.06172562347795
1.6366612111293,-0.0595428191053982
1.63398692810458,-2.91301656423176
1.63385387780986,-3.46972462453173
1.63132137030995,-3.0335590184821
1.62866449511401,-2.75545929023043
1.6260162601626,-3.2366064488114
1.62337662337662,-3.45508563149765
1.62259528707809,-3.40942916748515
1.62074554294976,-3.56411721728478
1.61812297734628,-3.65290540876922
1.61550888529887,-3.41198011827746
1.61290322580645,-1.99559466319694
1.61141427725302,-3.29680407187284
1.61030595813205,-2.10773936932047
1.60771704180064,-3.2410619621185
1.60513643659711,-1.24573782890054
1.6025641025641,-2.07588703642339
1.6003103137387,-2.60089811917693
1.6,-0.406752083176921
1.59744408945687,-1.54747256881002
1.59489633173844,0.394196975815551
1.59235668789809,-0.589767168624898
1.58982511923688,-3.14429687835512
1.58928286562298,-1.68983555915112
1.58730158730159,-2.83239788366124
1.58478605388273,-3.08263924304212
1.58227848101266,-1.23302651456769
1.57977883096367,-3.4440285007921
1.57833140565212,-3.62184776062314
1.57728706624606,-1.25495944365995
1.5748031496063,-3.22179107388201
1.57232704402516,-3.4349256599806
1.56985871271586,-2.15352227122902
1.5674554102056,-2.24426527859706
1.56739811912226,-1.71461442077127
1.56494522691706,-1.80137644324118
1.5625,-1.92919686540263
1.5600624024961,-3.50515116927535
1.55763239875389,-3.34539450431542
1.55665435927106,-3.29983070296394
1.5552099533437,-1.48418667341773
1.5527950310559,-1.61780035068697
1.55038759689922,-1.54583523192583
1.54798761609907,-0.00195587563079425
1.54592773641948,-3.10277967778706
1.54559505409583,-3.27335131809884
1.54320987654321,-2.81398694881228
1.54083204930663,-3.09054492238273
1.53846153846154,-3.54132771222803
1.53609831029186,-1.43512666431949
1.53527502878042,-0.749047264238366
1.53374233128834,-3.36162404170862
1.53139356814701,-3.59793640050055
1.52905198776758,-3.55221144595374
1.52671755725191,-2.47040514088381
1.52469572701757,-3.58191679097159
1.52439024390244,-2.88960309716223
1.5220700152207,-3.50896001917836
1.51975683890577,-2.62462481691729
1.51745068285281,-2.36550219039496
1.51515151515152,-1.87849833979429
1.51418932530435,-3.55427944930902
1.51285930408472,-3.33221102397298
1.51057401812689,-2.85963071042853
1.50829562594268,-1.58525352925043
1.50602409638554,-3.47582933145467
1.50375939849624,-3.42139414204619
1.50375532129974,-3.44965498643971
1.5015015015015,-3.37671330447322
1.49925037481259,-3.1130409640521
1.49700598802395,-3.3443460519452
1.49476831091181,-2.42618739360686
1.49339321612425,-1.16157000039628
1.49253731343284,-3.62358583616351
1.4903129657228,-2.94275451874027
1.48809523809524,-1.33243465128892
1.48588410104012,-3.56012230618814
1.48367952522255,-3.25545877196962
1.4831025143361,-3.2094100097134
1.48148148148148,-3.20966104445112
1.4792899408284,-3.23411194057071
1.47710487444609,-3.34664826127853
1.47492625368732,-3.22747023222787
1.4728827239075,-3.27606803044376
1.47275405007364,-3.62888957947238
1.47058823529412,-3.63694097215157
1.46842878120411,0.927126261901511
1.46627565982405,-2.39161712807911
1.46412884333821,-1.65173271907936
1.46273335620113,-2.18043690117325
1.46198830409357,-1.33967834073031
1.45985401459854,-2.95145649328701
1.45772594752187,-3.60618274438665
1.45560407569141,-2.02623540934932
1.45348837209302,-0.368726001048979
1.45265392594678,-3.2062934927914
1.45137880986938,0.219267220058318
1.44927536231884,-3.22512935070734
1.44717800289436,-2.09771744126548
1.44508670520231,-1.60972826518578
1.44300144300144,-2.30820145189859
1.44264395121816,-3.17344106905592
1.44092219020173,-3.29095342583308
1.43884892086331,-1.23973599057602
1.4367816091954,-3.4981341873093
1.43472022955524,-2.3806061026129
1.43270295340983,-3.29348391682508
1.43266475644699,-3.23888648020734
1.43061516452074,-1.80127024422206
1.42857142857143,3.2815469913921
1.4265335235378,0.0501675859565482
1.42450142450142,-1.93732133315531
1.42283045721435,-0.745093522512245
1.42247510668563,-2.15853679502903
1.42045454545455,-0.365048951552931
1.41843971631206,-3.16386113532796
1.41643059490085,-0.00859932820925291
1.41442715700141,-0.0249341546585624
1.41302599059953,-0.654966090673933
1.41242937853107,-2.33423357586933
1.41043723554302,-2.99186112792047
1.40845070422535,-3.50571331803421
1.40646976090014,-3.22139369770785
1.40449438202247,-2.5494126503798
1.40328908478587,-1.30310428439743
1.40252454417952,-3.59210876326444
1.40056022408964,-3.44749584014114
1.3986013986014,-3.36379905520455
1.39664804469274,-1.81213035279789
1.39470013947001,-2.04091051217811
1.39361927422414,-0.188331228118197
1.39275766016713,-3.1667620175905
1.39082058414465,-1.61154805435431
1.38888888888889,-2.28583651938801
1.3869625520111,-2.83271894698607
1.38504155124654,-2.35758715518956
1.38401609657313,-1.06388237965823
1.38312586445367,-1.41056965643666
1.38121546961326,-2.78072966303416
1.37931034482759,-2.74748395367053
1.37741046831956,-3.64086913082162
1.37551581843191,-3.41576822746496
1.37447909267754,-2.14760879879027
1.37362637362637,-3.64086193561807
1.37174211248285,-3.15810030627965
1.36986301369863,-2.2779567480387
1.36798905608755,-3.64083195321241
1.36612021857923,-3.01108937795906
1.36500780654601,-2.43718514927108
1.36425648021828,-2.44597272803291
1.36239782016349,-2.89809191363663
1.36054421768707,-2.92268979478272
1.35869565217391,-3.45518319580004
1.35685210312076,-3.43599837075886
1.35560178532937,-2.6901345798396
1.3550135501355,-2.34382485878235
1.3531799729364,-3.0877174205746
1.35135135135135,-3.30756259953848
1.34952766531714,-3.43427770351313
1.34770889487871,-1.11368707888068
1.34626057929891,-2.51309249989755
1.34589502018843,-2.97891676106586
1.34408602150538,-1.51257308152658
1.34228187919463,-3.30027698046261
1.34048257372654,-3.43644300744442
1.33868808567604,-3.22189505387176
1.33698374182495,-2.99070373791808
1.33689839572193,-3.49581658823446
1.33511348464619,-3.28536681934524
1.33333333333333,-1.96741629546578
1.33155792276964,-2.43928261260371
1.32978723404255,-3.29120610157808
1.32802124833997,-3.15378630415578
1.32777082935543,-3.45124655605705
1.3262599469496,-3.53412113066396
1.32450331125828,-2.01212895804668
1.32275132275132,-2.69312030749664
1.32100396301189,-3.26703602931972
1.31926121372032,-2.93707746164521
1.31862140139475,-3.55279822539797
1.31752305665349,-2.75966956776305
1.31578947368421,-2.52332007851013
1.31406044678055,-0.384363326111621
1.31233595800525,0.13485891597917
1.31061598951507,-1.15353198988894
1.30953502048267,-2.81221695616189
1.30890052356021,-2.79196025881567
1.30718954248366,-1.25655046504913
1.30548302872063,-1.27693513823432
1.30378096479791,-3.53144310220453
1.30208333333333,-2.0762652909455
1.30051125217341,-2.04238580750187
1.30039011703511,-2.85953757534819
1.2987012987013,-3.44419088248788
1.2970168612192,-3.62209753313989
1.29533678756477,-2.8157142979801
1.29366106080207,-2.5999751068074
1.29198966408269,-3.49893963929177
1.29154966501488,-2.12834515713434
1.29032258064516,-3.20635833020755
1.28865979381443,-3.27424002125665
1.28700128700129,-2.32975508374723
1.2853470437018,2.28712935752727
1.28369704749679,-2.60460713585344
1.28264983052806,-3.55049401585075
1.28205128205128,-2.17185388689294
1.28040973111396,0.329907185688445
1.27877237851662,-2.131555444363
1.27713920817369,-1.87484390002329
1.27551020408163,-1.95275580977362
1.27388535031847,-0.978691131777434
1.27381132318648,-1.80450295820055
1.27226463104326,-2.863481120933
1.27064803049555,-3.54812434740789
1.26903553299492,-3.47237141431791
1.26742712294043,-3.12327817535991
1.26582278481013,-2.38424593404333
1.2650337203959,-3.55116263000069
1.26422250316056,-1.45840111374538
1.26262626262626,-3.39051546292167
1.26103404791929,-3.35087565400336
1.25944584382872,-1.76166174746687
1.25786163522013,-1.5467338701239
1.25631660247412,-2.75261000296562
1.25628140703518,-2.34104913233683
1.25470514429109,-1.04826409648204
1.2531328320802,-3.08317159794371
1.25156445556946,-2.8041784666952
1.25,-3.33454437201758
1.24843945068664,-2.75405356829686
1.24765955263087,-2.83545322890445
1.24688279301746,-3.55693785392641
1.2453300124533,-2.52499575187901
1.24378109452736,-2.50137372155374
1.24223602484472,-3.32867628870722
1.24069478908189,-2.61165832150091
1.23915737298637,-3.30952326474972
1.23906215694792,-3.13539007674789
1.23762376237624,-2.15527059210894
1.23609394313968,-3.08173128552401
1.23456790123457,-3.35635204551987
1.23304562268804,-1.38825669355735
1.23152709359606,-3.44878341234768
1.23052400435926,-2.44570254372224
1.230012300123,-2.06164412316412
1.22850122850123,-3.58703365127514
1.22699386503067,-3.24998205322684
1.22549019607843,-2.44325295883324
1.22399020807834,-3.34916477347518
1.22249388753056,-2.73400699107058
1.22204468663149,-3.50073184025099
1.22100122100122,-2.32487781892923
1.21951219512195,-2.29007660267602
1.21802679658952,-2.43502959935189
1.21654501216545,-1.28401310002034
1.21506682867558,-0.115000833202582
1.21362379834424,-2.61917613637921
1.21359223300971,-3.36128802376539
1.21212121212121,-2.60542491026764
1.21065375302663,-0.98803688897281
1.20918984280532,-2.80860417649908
1.20772946859903,-3.2961664388092
1.20627261761158,-2.99768603939638
1.20526093687084,-3.57500568447106
1.20481927710843,-3.57629832579418
1.20336943441637,-3.02771956808497
1.20192307692308,-3.04005420359605
1.20048019207683,-3.31125755608097
1.19904076738609,-0.958126744435854
1.19760479041916,-3.57582900875657
1.19695570235904,-2.76909176553466
1.19617224880383,-3.59122119875176
1.194743130227,-2.57362401992766
1.19331742243437,-2.79789475031951
1.19189511323004,-0.770765318440691
1.19047619047619,-2.80341599877114
1.18906064209275,-2.39806978900956
1.1887076977119,-3.29370045116841
1.18764845605701,-1.19494939230905
1.18623962040332,-2.88176279199503
1.18483412322275,-2.71913347675383
1.18343195266272,-1.42441361147363
1.18203309692671,-0.830085684501067
1.18063754427391,-1.46312297414392
1.18051652856881,-3.33497449623188
1.17924528301887,-1.67429072804272
1.17785630153121,-3.0345876661705
1.17647058823529,-3.05170666495332
1.17508813160987,-2.86872365814169
1.17370892018779,-1.64675760911784
1.1723818032866,-2.26197024758839
1.17233294255569,-1.18935091779935
1.17096018735363,-2.70039271696289
1.16959064327485,-3.38073457426504
1.16822429906542,-2.20047192202132
1.16686114352392,2.23758993399004
1.16550116550117,-2.04201118651711
1.16430313292088,-3.3396649548864
1.16414435389988,-2.41789994203226
1.16279069767442,-0.721596990693835
1.16144018583043,-2.17023993214074
1.16009280742459,-3.30863090405064
1.15874855156431,-3.11697928402564
1.15740740740741,-0.46798144057892
1.15628013120738,-3.41533022806164
1.15606936416185,-2.47677459369357
1.15473441108545,-3.35116942366762
1.15340253748558,-2.28562594400283
1.15207373271889,-3.39144476904813
1.15074798619102,-2.08183481971504
1.14942528735632,-3.40916458478501
1.14831241454351,-3.11290175828487
1.14810562571757,-3.48697744458819
1.14678899082569,-2.34203596512394
1.1454753722795,-3.17294442082426
1.1441647597254,-2.94087465104523
1.14285714285714,-3.59437334399582
1.14155251141553,-1.69387540710467
1.14039960197003,-1.74465205830283
1.14025085518814,-3.2050710644779
1.13895216400911,-3.41935083219884
1.13765642775882,-2.22765076653213
1.13636363636364,-1.20073610979223
1.13507377979569,-3.27601842549039
1.13378684807256,-0.841503721317717
1.13254131515281,4.13609388543266
1.13250283125708,2.91022129742619
1.13122171945701,-3.13591640108067
1.12994350282486,-3.47945606574232
1.12866817155756,-2.68461545194706
1.12739571589628,-1.07071135870616
1.12612612612613,-2.70595152642225
1.12485939257593,-3.17034905347428
1.12473717836475,-2.98192643354333
1.12359550561798,-2.13010731318199
1.12233445566779,-3.4712759216447
1.12107623318386,-1.58814051034512
1.11982082866741,-3.61597004793897
1.11856823266219,-3.31290357059303
1.11731843575419,-0.691916214608635
1.11698681846782,-3.38895407023729
1.11607142857143,-3.53074277264251
1.11482720178372,-3.49560828759713
1.11358574610245,-2.82925401986851
1.11234705228031,-0.359555741483386
1.11111111111111,-1.89732353934452
1.10987791342952,-2.74678354905079
1.10928986489522,-2.85780316528094
1.10864745011086,-1.48803553927585
1.10741971207087,-3.66121031532169
1.10619469026549,-2.78460565466041
1.10497237569061,-3.03237677286701
1.1037527593819,-3.56022451766527
1.10253583241455,-2.97531142423442
1.10164594963366,-3.24537931031243
1.10132158590308,-2.98125317034926
1.1001100110011,-0.111501392853095
1.0989010989011,-3.29142599881309
1.09769484083425,-3.02688455733293
1.09649122807018,-3.59789185422228
1.09529025191676,-2.21954848260732
1.09409190371991,-3.29253390747136
1.09405470720574,-3.30567629505101
1.09289617486339,-2.98233389636796
1.09170305676856,-3.30743518556327
1.09051254089422,-2.86520986268017
1.08932461873638,-0.727665205440654
1.08813928182807,-3.07002454110339
1.08695652173913,-1.34227044187842
1.08651577465254,-0.599319930505639
1.085776330076,-0.243289427697259
1.08459869848156,-3.29717165153685
1.08342361863489,-2.57685235346276
1.08225108225108,-2.12993936449898
1.08108108108108,-0.473310066354951
1.07991360691145,-1.1332816570213
1.07902879151618,-1.32725339776136
1.07874865156419,-2.95637364892418
1.07758620689655,-1.9999735260413
1.07642626480086,-2.43398934259924
1.0752688172043,-2.74619328473828
1.07411385606874,-2.85984727163598
1.07296137339056,-2.2814495767529
1.07181136120043,-1.52228693383234
1.07159339982267,-2.38883847372274
1.07066381156317,-2.81251530481175
1.06951871657754,-0.0488231115161382
1.06837606837607,-1.16069279439157
1.06723585912487,-1.34187443879069
1.06609808102345,-0.100713409157986
1.06496272630458,-3.4117429695416
1.06420924406472,-2.59617927607708
1.06382978723404,-2.52957417927625
1.06269925611052,-0.132205987587933
1.06157112526539,-3.30954242963632
1.06044538706257,-1.34281639869824
1.0593220338983,-1.04759673669183
1.05820105820106,-2.62234373035882
1.05708245243129,-3.19715345215287
1.0568759711848,-3.50249427929564
1.05596620908131,-3.36638313650205
1.05485232067511,-2.83402720417565
1.05374077976818,-3.21971848147244
1.05263157894737,-2.63884468907697
1.0515247108307,-2.77636383899634
1.05042016806723,-2.62685332016205
1.04959323055823,-3.20735484960481
1.04931794333683,-1.51155180429653
1.0482180293501,-2.45883108404972
1.04712041884817,-2.81270798704385
1.04602510460251,-2.9512717186257
1.04493207941484,-2.85201250374747
1.04384133611691,-3.5052673225196
1.04275286757039,-2.93048037659478
1.0423606739764,-1.53553621487047
1.04166666666667,2.33516578392805
1.04058272632674,-0.871285719166063
1.03950103950104,-0.178177370605691
1.03842159916926,1.33750849144018
1.03734439834025,-2.58739556760512
1.03626943005181,-3.64661220083088
1.0351966873706,-2.25946211801066
1.03517795563018,-1.71480492384061
1.03412616339193,-3.60367303580527
1.03305785123967,-2.4846970091762
1.03199174406605,-3.32739279818362
1.03092783505155,-3.2599641261492
1.02986611740474,-3.48189078149546
1.02880658436214,-2.8758391586853
1.02804473209331,-0.315204845525169
1.02774922918808,-3.3933046541904
1.02669404517454,-3.50756669224686
1.02564102564103,-3.34128932171022
1.02459016393443,-3.05107646857898
1.02354145342886,-3.09978326256366
1.02249488752556,-3.6384155088066
1.02145045965271,-1.75352002067343
1.02096066230605,-3.4740759466059
1.02040816326531,-2.96153085231576
1.01936799184506,-3.12846939311224
1.0183299389002,-2.28462774591541
1.01729399796541,-3.49926255351105
1.01626016260163,-2.95642106495473
1.01522842639594,-2.85948580522945
1.01419878296146,-3.33330334789498
1.01392540755882,-3.30760919208684
1.01317122593718,-0.460303697303128
1.01214574898785,-3.21741965916736
1.01112234580384,-2.00550840486012
1.01010101010101,-1.51302576960147
1.00908173562059,-2.29553282664498
1.00806451612903,-0.208117595645869
1.00704934541793,-1.71018382534462
1.00693863147603,-3.45250860104415
1.00603621730382,-3.08472820969906
1.00502512562814,-2.98128026191251
1.00401606425703,1.82724431035324
1.00300902708124,-0.753176102715467
1.00200400801603,0.159017888460359
1.001001001001,3.9641042670295
1,-1.59221800971404
