"bfp_output.P","bfp_output.logBF"
1000,-2.57858960883008
993.109181374979,-2.46310333364614
986.265846131283,-2.37961069015109
979.46966706954,-2.3384504832082
972.720319245055,-2.34422055951922
966.017479952265,-2.39536900411131
959.360828709315,-2.48545299998407
952.75004724273,-2.60514731424892
946.184819472201,-2.74407230026464
939.66483149547,-2.89199816683039
933.189771573324,-3.03949840626914
926.759330114689,-3.17837004783122
920.373199661823,-3.30208831744597
914.031074875623,-3.40632389669336
907.732652521023,-3.48929919987379
901.477631452492,-3.55168964987574
895.26571259964,-3.59595955287743
889.096598952916,-3.62531326658329
882.969995549409,-3.64260569303151
876.885609458743,-3.64951063210729
870.843149769073,-3.64611368720484
864.842327573172,-3.63104119881994
858.882855954625,-3.60224455871066
852.964449974103,-3.55844831708834
847.086826655741,-3.50078683692861
841.249704973612,-3.4335430183636
835.452805838287,-3.3631138667633
829.695852083491,-3.29573387974325
823.978568452852,-3.23562930037017
818.300681586739,-3.18473380557593
812.661920009195,-3.14376917070016
807.06201411495,-3.11391012716494
801.500696156541,-3.09837867912521
795.977700231499,-3.10317794164679
790.492762269642,-3.13539406328239
785.045620020451,-3.19772374889221
779.636013040523,-3.28244248056337
774.263682681127,-3.37293115944665
768.928372075831,-3.45348815276135
763.629826128224,-3.51667754331374
758.367791499719,-3.56261383162252
753.142016597437,-3.59479503357239
747.952251562182,-3.61707142377584
742.798248256492,-3.63245508285525
737.679760252773,-3.64295766804052
732.596542821523,-3.64982652172962
727.548352919623,-3.65398005850421
722.534949178721,-3.65644615492472
717.556091893692,-3.65826950244137
712.611543011175,-3.6598754180125
707.701066118189,-3.66099136158577
702.824426430835,-3.66115629365414
697.981390783066,-3.66001274139149
693.17172761554,-3.65727340060773
688.39520696455,-3.65252274947137
683.651600451024,-3.64485640799405
678.940681269611,-3.63237033980875
674.262224177835,-3.61184858688726
669.616005485322,-3.57931796799574
665.001803043112,-3.53151456057803
660.419396233031,-3.4672447659352
655.868565957143,-3.38805899773932
651.349094627281,-3.2988983124046
646.860766154633,-3.20895638313923
642.40336593942,-3.13137374361993
637.976680860628,-3.07967464730758
633.580499265825,-3.06096417274493
629.214610961035,-3.07017767302589
624.878807200689,-3.09080112628414
620.57288067765,-3.1024924924075
616.296625513294,-3.09097635737858
612.04983724767,-3.05554652075535
607.832312829723,-3.01098715865221
603.643850607587,-2.98186841642412
599.484250318941,-2.99116350051936
595.353313081437,-3.04987908159422
591.250841383188,-3.15250614004189
587.176639073326,-3.27656039084895
583.130511352622,-3.383922047262
579.112264764176,-3.42933282787406
575.121707184161,-3.38371221939193
571.158647812643,-3.25871433905244
567.222897164454,-3.1009304886157
563.314267060136,-2.95926058375154
559.432570616938,-2.86231385183136
555.577622239888,-2.81683429628113
551.749237612913,-2.81270600054931
547.947233690029,-2.82737500273317
544.171428686589,-2.8341924389713
540.421642070592,-2.81524523873598
536.697694554048,-2.76953754374689
532.999408084409,-2.71153189858891
529.326605836056,-2.66372185546858
525.679112201842,-2.64458952957288
522.056752784698,-2.65362208866024
518.459354389291,-2.66737787979936
514.886745013749,-2.65637376377874
511.338753841433,-2.60643944354775
507.815211232767,-2.52831208421135
504.315948717136,-2.45705587020562
500.840798984821,-2.43890153107842
500,-2.4463947244025
497.389595879006,-2.50036550916901
493.962174387832,-2.6254137265894
490.558370636505,-2.77407501121975
487.178021879463,-2.91892138665151
483.820966492595,-3.05796504129683
480.487043965513,-3.19916997042786
477.176094893875,-3.33041012203476
473.887960971765,-3.40237733822068
470.622484984128,-3.34984406970899
467.379510799247,-3.1271267246155
464.158883361278,-2.72773013536924
460.960448682844,-2.20240378935965
457.784053837662,-1.67218836766953
454.62954695324,-1.28446791453625
451.49677720361,-1.1146653171228
448.385594802119,-1.12713427581154
445.295850994266,-1.2376314741188
442.22739805059,-1.38727571983183
439.180089259609,-1.56561380983284
436.153778920801,-1.78513482506811
433.14832233764,-2.04063222297831
430.16357581068,-2.30151827737164
427.199396630678,-2.53857411359796
424.255643071778,-2.74340951961964
421.332174384729,-2.92419949952007
418.428850790158,-3.09122743408185
415.545533471888,-3.24826556629135
412.682084570296,-3.39346104079051
409.838367175726,-3.5216130493137
407.014245321944,-3.61415992507214
404.209583979631,-3.61722030367327
401.424249049932,-3.4364499183661
398.658107358044,-2.94799870132273
395.911026646846,-2.05893428290339
393.182875570577,-0.937392517025937
390.473523688556,-0.177767513096351
387.782841458946,-0.21517258103115
385.110700232557,-0.777305504164597
382.4569722467,-1.25732843362318
379.821530619074,-0.907605269722306
377.2042493417,1.10246459365708
374.605003274899,4.34237687134156
372.023668141307,6.55099799071481
369.985047405934,6.89522799432713
366.914237840249,5.90284037348612
364.385898376355,4.77057466191905
361.874981241128,4.66244274191194
359.381366380463,5.62921981339405
356.904934567523,6.12737157758274
354.445567397043,4.94633469252525
352.003147279668,1.81301855011559
349.577557436327,-1.73910561140887
347.168681892656,-3.53143857682546
344.776405473446,-3.44299820847116
342.400613797142,-2.55467338326779
340.041193270371,-1.59730831960509
337.698031082509,-0.78826197958757
335.371015200293,-0.0833582145531109
333.333333333333,0.476667632016007
333.060034362459,0.543887834573032
330.764978074424,0.941351800246271
328.485736603004,0.804267236276094
326.222200971167,0.025698588632868
323.97426295282,-0.818521758485001
321.741815067637,-1.06435619581471
319.524750575921,-0.709821305681099
317.322963473498,-0.164924214729477
315.136348486648,0.00512616374341679
312.964801067075,-0.517634486214301
310.808217386907,-1.4087233727151
308.666494333727,-2.20593733172391
306.539529505653,-2.69336346982841
304.42722120643,-2.76589080475245
302.329468440578,-2.40923338570674
300.246170908555,-1.81172141782455
298.177229001967,-1.39497106118135
296.122543798804,-1.5110631901321
294.082017058706,-2.04791538968639
292.055551218275,-2.68743145552038
290.043049386399,-3.24128991157756
288.04441533963,-3.59034529637845
286.059553517574,-3.60354383770653
284.08836901833,-3.22726548379758
282.130767593947,-2.71972232669959
280.18665564592,-2.48848070830997
278.255940220713,-2.61418232021431
276.338529005317,-2.92981663894313
274.434330322837,-3.25542886820558
272.543253128103,-3.49671540971211
270.665207003324,-3.62824805231538
268.800102153761,-3.66333456297307
266.947849403432,-3.65872161288801
265.108360190854,-3.66187845783569
263.281546564802,-3.65427681996637
261.467321180109,-3.55327216488301
259.665597293487,-3.25120248061706
257.87628875938,-2.79317004117886
256.099310025846,-2.41086941219767
254.334576130465,-2.25252543182226
252.582002696278,-2.40055535640401
250.841505927754,-2.56866141076734
250,-2.57748805296576
249.113002606779,-2.5642250606195
247.396410088681,-2.69090873175851
245.691646298279,-3.06451989648293
243.998629725955,-3.05911911536144
242.31727942376,-2.50658170259153
240.647515001542,-1.98085781635738
238.989256623105,-2.0985190613399
237.342425002387,-2.35823099115204
235.706941399673,-2.46673747442893
234.082727617829,-2.50067336626183
232.469705998565,-2.53073310689869
230.867799418717,-2.71987498157462
229.276931286565,-3.2331911855088
227.697025538168,-3.61094686372835
226.128006633728,-3.29751839862503
224.569799553977,-2.34087601734792
223.022329796594,-1.1061668861257
221.485523372636,0.454576391694975
219.959306803008,1.9877601625524
218.443607114943,1.86581131037132
216.938351838519,-0.326607112820606
215.443469003188,-2.47679477640115
213.958887134342,-3.2442422404474
212.484535249888,-2.70807016705588
211.02034285686,-1.63892147999614
209.566239948043,-1.00993224358627
208.122156998634,-0.731185149531266
206.688024962908,-0.670449127891781
205.263775270925,-0.91935670633644
203.849339825246,-1.10738996972962
202.44465099768,-1.29531956766119
201.04964162605,-1.81588257364588
200,-2.45765976991855
199.664245010979,-2.68903789706068
198.288394912707,-3.44302608564136
196.922025547917,-3.25326246740742
195.565071586595,-2.5045890709424
194.217468148903,-1.83317542113228
192.879150802078,-1.95405630225919
191.550055557353,-2.90661635265185
190.230118866895,-2.94723703841513
188.919277620767,-2.31001249230051
187.617469143912,-2.6419991374169
186.324631193156,-2.97778673478025
185.04070195423,-3.06717686265641
183.765620038817,-1.88048282285576
182.499324481615,1.70442534793084
181.241754737424,3.23685773913941
179.992850678248,0.852640794119101
178.752552590424,-2.20270660027246
177.520801171764,-3.32308320441249
176.297537528721,-1.86084086067653
175.082703173572,-0.0132900947472292
173.876240021625,0.797430384062143
172.678090388436,-0.534109351134627
171.488196987054,-2.53055772481876
170.306502925284,-3.35227494176969
169.132951702965,-2.96890060060026
167.967487209265,-1.85736824336002
166.810053720006,-0.941151433844406
166.666666666667,-0.853769611809848
165.660595894991,-0.321312429728361
164.519058775366,-0.204906582243903
163.385387780986,-0.9051632317862
162.259528707809,-2.0451105050103
161.141427725302,-2.91048864300351
160.03103137387,-2.71597917765656
158.928286562298,-1.87426209173891
157.833140565212,-1.75416372369376
156.745541020559,-1.91085296167291
155.665435927106,-2.56566022978624
154.592773641948,-3.36437257637992
153.527502878042,-3.62998026181249
152.469572701757,-3.61558710631281
151.418932530435,-3.5581871959542
150.375532129974,-3.56203516205012
149.339321612425,-3.61211544659396
148.310251433611,-3.66277234027096
147.28827239075,-3.5942172280328
146.273335620113,-3.40315024206985
145.265392594678,-2.86881535940371
144.264395121816,-2.01333898657232
143.270295340983,-1.91860516114995
142.857142857143,-2.06532752424324
142.283045721435,-2.34451795421198
141.302599059953,-3.04969184106003
140.328908478587,-3.64634740760466
139.361927422414,-2.11510777704749
138.401609657313,0.235756052182372
137.447909267754,3.30718157498054
136.500780654601,2.39753770484898
135.560178532937,-2.56058172302904
134.626057929891,-2.94827518072567
133.698374182495,0.590379064132368
132.777082935543,4.02020523181496
131.862140139475,0.131949828899953
130.953502048267,-1.32335968065736
130.051125217341,-2.83275238792002
129.154966501488,-3.28722361156538
128.264983052806,-3.06426131205252
127.381132318648,-2.12111675795178
126.50337203959,-1.39459582326374
125.631660247412,-1.59473288640155
125,-0.785628026712497
124.765955263087,-0.421038031776173
123.906215694792,-1.45228625100615
123.052400435926,-2.96179779540783
122.204468663149,-3.17703127929998
121.362379834424,-0.170828228683273
120.526093687084,1.07642242769835
119.695570235904,-1.21442647621681
118.87076977119,-2.55228927053782
118.051652856881,-2.65292928968072
117.23818032866,-3.10798599006436
116.430313292088,-3.58186200685823
115.628013120738,-3.00748203178666
114.831241454351,-1.83973940814438
114.039960197003,-0.958236864332643
113.254131515281,-1.93674386114064
112.473717836475,-2.68463571327284
111.698681846782,-2.2443138631955
111.111111111111,-2.12943220105113
110.928986489522,-2.05314490755735
110.164594963366,-2.22790620604372
109.405470720574,-2.65346405343798
108.651577465254,-3.10935499335592
107.902879151618,-3.56656711030636
107.159339982267,-2.70020690985448
106.420924406472,-1.24827361293593
105.68759711848,1.0596442581422
104.959323055823,-1.23228233951012
104.23606739764,-3.15919698603848
103.517795563018,-0.716620750699273
102.804473209331,2.96521250361169
102.096066230605,0.568792696699451
101.392540755882,-3.11644028674113
100.693863147603,-2.96116835319806
100,-1.66329568119287
100,-1.66329568119279
99.310918137498,-1.35363796636617
98.6265846131283,-1.9319092124317
97.946966706954,-1.87099149604925
97.2720319245054,-2.07341826041413
96.6017479952265,-2.91115904680044
95.9360828709315,-3.63837558552539
95.2750047242729,-2.72798841128685
94.61848194722,-1.70021509831219
93.966483149547,-1.07325869249446
93.3189771573324,-1.59881334532407
92.6759330114688,-3.31487960298495
92.0373199661823,-3.4385377733608
91.4031074875623,-2.02412038197768
90.9090909090909,-0.659765226061135
90.7732652521023,-0.268993590292648
90.1477631452492,-1.02707349710526
89.526571259964,-3.48623417328663
88.9096598952916,-0.147514233670885
88.2969995549409,-0.857541498098622
87.6885609458743,-3.4437530413695
87.0843149769073,-0.0948870285871051
86.4842327573172,-0.40330260519256
85.8882855954625,-3.55144931831104
85.2964449974102,-2.54520370046277
84.7086826655741,-3.36423981308185
84.1249704973612,-3.60817773268895
83.5452805838287,-3.52659959253058
83.3333333333333,-3.52417373829708
82.9695852083491,-3.49997799831452
82.3978568452852,-2.00210724677352
81.8300681586739,-1.02320383758778
81.2661920009194,-3.29086820509597
80.706201411495,-1.71291493290705
80.150069615654,1.83716212132631
79.5977700231498,-2.0842621654064
79.0492762269642,-3.39571787167149
78.5045620020451,-0.869096926188216
77.9636013040523,-0.147802001403373
77.4263682681127,-2.31832157699959
76.9230769230769,-3.26983975334017
76.8928372075831,-3.13502525068896
76.3629826128224,-2.63548831228477
75.8367791499719,-3.61838222381653
75.3142016597437,-2.80547228594305
74.7952251562182,-2.51607698982628
74.2798248256491,-0.871152502929571
73.7679760252773,-3.20895013219838
73.2596542821523,-1.91703657736304
72.7548352919623,-3.07270503119782
72.2534949178722,-3.36894700833578
71.7556091893693,-1.70939368798345
71.4285714285714,1.69868255891469
71.2611543011175,0.351578845827864
70.7701066118189,-3.61909014534315
70.2824426430835,3.56624003655951
69.7981390783066,-1.1604531907768
69.3171727615541,-3.49828136512651
68.839520696455,-2.82864574715206
68.3651600451024,-1.41250385921632
67.8940681269611,-2.13600378028051
67.4262224177834,-3.65480468402169
66.9616005485322,-2.22918888929497
66.6666666666667,-2.65855983487209
66.5001803043112,-2.48003728844234
66.0419396233031,-1.06822977123131
65.5868565957143,-3.13887541594822
65.134909462728,-3.48230429785972
64.6860766154633,-2.5343464394637
64.2403365939419,-1.11297700494803
63.7976680860628,-3.5408277510791
63.3580499265825,-1.52748808806565
62.9214610961034,-3.15432396318986
62.5,-0.184730432865687
62.4878807200689,-0.0513866206912423
62.057288067765,-2.37876089241878
61.6296625513294,-3.14732597943101
61.204983724767,-3.17766794484605
60.7832312829723,-3.09280853439715
60.3643850607587,-2.62803735864913
59.9484250318941,-3.50610573342332
59.5353313081437,-2.81769777784184
59.1250841383188,-1.74728177709737
58.8235294117647,-2.07210201491618
58.7176639073326,-2.22828917367327
58.3130511352622,-3.408058164053
57.9112264764176,-1.80987316416035
57.5121707184161,-2.52832032604611
57.1158647812643,-3.65178069121306
56.7222897164454,-3.47873572789244
56.3314267060136,-3.0714604760936
55.9432570616938,-3.1512123680947
55.5577622239888,-3.63348247060052
55.5555555555556,-3.63454833925432
55.1749237612912,-3.49507869519801
54.7947233690029,-3.38879402515344
54.4171428686589,-3.2042919414559
54.0421642070592,-3.53845567322811
53.6697694554048,-3.16745295221208
53.2999408084409,-1.19445033856148
52.9326605836056,-2.51243546422055
52.6315789473684,-3.19612520976325
52.5679112201842,-2.93949668281159
52.2056752784698,-1.86634766457969
51.8459354389291,-2.50534658485791
51.488674501375,-3.3023145646476
51.1338753841433,0.31741877856921
50.7815211232767,-2.44460310866323
50.4315948717136,-2.16700286416993
50.0840798984821,-3.11532150649507
50,-3.05059360079916
49.7389595879007,-3.55012715488983
49.3962174387832,-2.98443366254098
49.0558370636505,-2.47475559385692
48.7178021879463,-2.63677637498968
48.3820966492596,-3.60440123304236
48.0487043965513,-3.19144840400223
47.7176094893875,-2.18255676258301
47.6190476190476,-1.56803318974202
47.3887960971765,-1.76801669039288
47.0622484984128,-3.53476798405394
46.7379510799246,3.45624784084713
46.4158883361278,-3.20487796818493
46.0960448682843,-2.39281059218869
45.7784053837662,-3.52559724705189
45.462954695324,-3.63908661839688
45.4545454545455,-3.64823275249706
45.149677720361,-0.859051901410889
44.8385594802119,-1.87277181528985
44.5295850994266,-3.38263135226669
44.222739805059,-1.8968425652268
43.9180089259609,-2.15509194427217
43.6153778920801,-3.38216868504984
43.4782608695652,-3.62329027590549
43.314832233764,-3.09111861525498
43.016357581068,-1.97010085591104
42.7199396630678,-3.3947292484368
42.4255643071778,-3.55781969163867
42.1332174384729,-3.27046415896562
41.8428850790158,-0.000550314887145298
41.6666666666667,-3.31077808384311
41.5545533471888,-1.32598629280765
41.2682084570295,-3.01967113706122
40.9838367175726,0.632898463158331
40.7014245321944,-3.53648839422182
40.4209583979631,-3.50788714544309
40.1424249049932,-1.49314741885992
40,-3.50746585883355
39.8658107358044,-2.58351857436095
39.5911026646846,-3.58257498179575
39.3182875570577,-3.62246530391969
39.0473523688556,-1.84753187835708
38.7782841458946,-2.09704769515404
38.5110700232557,-2.09611188431439
38.4615384615385,-2.75548018294172
38.24569722467,-3.12153423960391
37.9821530619073,-1.19165110106506
37.72042493417,-3.60478500198594
37.4605003274899,1.19036887249057
37.2023668141307,-1.49706695864573
37.037037037037,-2.55342654455081
36.946012051993,-3.51757740118127
36.6914237840249,-3.62579364972226
36.4385898376355,-3.11003888797314
36.1874981241128,-1.43232144889675
35.9381366380463,-1.83098566768642
35.7142857142857,-2.30980193416793
35.6904934567523,-2.23426270568451
35.4445567397043,-3.00385004221497
35.2003147279668,-2.22792979963513
34.9577557436328,-3.1511269989573
34.7168681892656,-3.54012707774104
34.4827586206897,-3.18335965751951
34.4776405473446,-3.13885614920543
34.2400613797142,-3.5669691596439
34.0041193270371,-1.43092618008309
33.7698031082509,-2.63630241651701
33.5371015200293,-1.069467634534
33.3333333333333,-3.59654439724941
33.3060034362459,-3.16459576073883
33.0764978074424,-1.80911627249226
32.8485736603004,-3.65112098738383
32.6222200971167,-2.56125498096695
32.397426295282,-1.4228141128223
32.258064516129,-2.8297851809152
32.1741815067637,0.59438082440018
31.9524750575921,-0.0474212865461068
31.7322963473498,-3.02960298918456
31.5136348486648,-3.03958283360249
31.2964801067075,-3.13559100002451
31.25,-2.01848068620579
31.0808217386906,-2.57045478579921
30.8666494333727,-2.95881033834199
30.6539529505653,-2.15898745304018
30.442722120643,0.997648712753478
30.3030303030303,-2.57080063569488
30.2329468440578,0.51412858508191
30.0246170908555,-3.59036952074619
29.8177229001967,-2.117723602167
29.6122543798804,-3.19305330329426
29.4117647058824,-2.59962553593375
29.4082017058706,-2.55611623795975
29.2055551218275,-1.10586574180978
29.0043049386399,-3.38486388589287
28.804441533963,-2.99983352051556
28.6059553517574,-3.07913210806863
28.5714285714286,-3.37067931629964
28.408836901833,-3.61426547615745
28.2130767593947,-2.99707660666511
28.018665564592,-3.48668863561131
27.8255940220712,-2.90730849553595
27.7777777777778,-3.36636682429902
27.6338529005317,-2.48449636976049
27.4434330322836,-3.45337115886128
27.2543253128103,-2.1667224076247
27.0665207003324,-1.08999679317879
27.027027027027,1.06119451339551
26.8800102153761,-2.73378899915401
26.6947849403432,-3.0601291181439
26.5108360190854,-2.21295437952837
26.3281546564802,-3.10436330516036
26.3157894736842,-2.82460702789613
26.1467321180109,-3.08993195901813
25.9665597293487,-2.30421493615325
25.787628875938,1.34805204482258
25.6410256410256,-1.90583013323534
25.6099310025846,-0.675601178746869
25.4334576130465,-2.05284693026631
25.2582002696278,-0.0145539268091381
25.0841505927754,-0.547393477357853
25,1.34939525386672
24.9113002606779,-2.57704889602028
24.7396410088681,-3.63316878548401
24.5691646298279,-3.33290190623897
24.3998629725955,-3.0731240886531
24.390243902439,-3.38934340446012
24.231727942376,-2.45399719025543
24.0647515001542,-0.0248116964958554
23.8989256623105,-2.75128204182694
23.8095238095238,-3.43708927238346
23.7342425002387,-1.13676998473725
23.5706941399673,-3.24920867734054
23.4082727617829,-0.938280781027099
23.2558139534884,-1.66764018526016
23.2469705998565,-2.03720524763564
23.0867799418717,-2.48986494130473
22.9276931286565,-1.26057763201554
22.7697025538168,-1.29392154909685
22.7272727272727,-0.412884921498413
22.6128006633728,-2.83091428673428
22.4569799553977,-0.837453732700406
22.3022329796594,-1.48043054728226
22.2222222222222,-2.72382859513807
22.1485523372636,-0.79233578030438
21.9959306803007,-2.58800949194134
21.8443607114943,-2.91790372964281
21.7391304347826,-2.86805782603401
21.6938351838518,-3.41677783133779
21.5443469003188,-2.61338419686781
21.3958887134342,-0.974293902928518
21.2765957446809,-2.48783862235363
21.2484535249888,-3.39510633332678
21.102034285686,-2.77171243914149
20.9566239948043,-3.12118195339998
20.8333333333333,-3.19810334437222
20.8122156998634,-1.56680984218003
20.6688024962908,-3.28967581159132
20.5263775270925,-2.65899093072674
20.4081632653061,-3.03623486491802
20.3849339825246,-2.566626968827
20.244465099768,-0.0617331383699407
20.104964162605,-1.02967737764488
20,-3.42932979051768
19.9664245010979,-2.38606678917709
19.8288394912707,-3.25755473723113
19.6922025547917,-1.46002022738561
19.6078431372549,-3.2970254781208
19.5565071586595,-0.748646301065075
19.4217468148903,-0.792463648958555
19.2879150802078,-3.2783213565681
19.2307692307692,-2.98429765717479
19.1550055557353,-2.34047912521789
19.0230118866894,-2.71217159368895
18.8919277620767,-1.4599083079472
18.8679245283019,-1.80297434526541
18.7617469143912,-2.92633803057252
18.6324631193156,-3.54331476623387
18.5185185185185,-2.80306729318552
18.504070195423,-3.1928376948458
18.3765620038817,-3.23589506439178
18.2499324481615,-3.18681187338278
18.1818181818182,-3.10969155021713
18.1241754737424,-0.688462675226684
17.9992850678248,-3.52707568101466
17.8752552590424,-3.0384820258527
17.8571428571429,-1.63096928112894
17.7520801171764,-3.05250863317068
17.6297537528721,-2.52631617981022
17.5438596491228,-2.12877756879187
17.5082703173572,-3.15596007433013
17.3876240021625,-3.26955838257397
17.2678090388436,-3.56146133832645
17.2413793103448,-1.92777042617122
17.1488196987054,-3.4163041588791
17.0306502925284,-1.76428949107172
16.9491525423729,-2.14046857889489
16.9132951702965,-3.0714194510832
16.7967487209265,-3.24567897051899
16.6810053720006,-2.43669730248503
16.6666666666667,-2.50150797408947
16.5660595894991,-1.7547325399506
16.4519058775366,-2.87592536996628
16.3934426229508,-3.47463973689035
16.3385387780986,-3.52577733540785
16.2259528707809,-3.45224211039764
16.1290322580645,-3.39633865777601
16.1141427725302,-1.36814820175801
16.003103137387,-3.50598772344544
15.8928286562298,-2.58613059144075
15.8730158730159,-1.95730610805988
15.7833140565212,-3.2738972476027
15.674554102056,-3.24764372809271
15.625,-1.16585865838025
15.5665435927106,-2.26544127577027
15.4592773641948,-3.2876521763825
15.3846153846154,-2.67689162831608
15.3527502878042,-2.26806515367836
15.2469572701757,-2.81847447422181
15.1515151515152,0.262490367955214
15.1418932530435,-2.34307808578249
15.0375532129974,-1.03695706682769
14.9339321612425,0.216276692223563
14.9253731343284,-0.248109015963659
14.831025143361,-2.42620481894245
14.728827239075,-2.87212280049887
14.7058823529412,-3.31893985853979
14.6273335620113,-3.0290858061824
14.5265392594678,-2.44594926657963
14.4927536231884,-3.65785967773244
14.4264395121816,-2.45133994793714
14.3270295340983,-1.68555462838612
14.2857142857143,-0.604737236722126
14.2283045721435,-1.59897078700758
14.1302599059953,-3.2672987138015
14.0845070422535,-0.829883151106922
14.0328908478587,1.60799503916833
13.9361927422414,-3.38391807586991
13.8888888888889,-2.14696913650691
13.8401609657313,-2.87455072664305
13.7447909267754,-0.944612604282137
13.6986301369863,-0.854942426618048
13.6500780654601,-3.66247181845081
13.5560178532937,-0.844971246945941
13.5135135135135,-2.72468061026133
13.4626057929891,-3.24233735500955
13.3698374182495,-3.28426302445514
13.3333333333333,-1.40785014206586
13.2777082935543,-3.12395351193315
13.1862140139475,-3.25862441206378
13.1578947368421,-3.04927223927499
13.0953502048267,-0.988306649984831
13.0051125217341,-3.08327160494216
12.987012987013,-3.48744486982143
12.9154966501488,-2.9785864215796
12.8264983052806,-1.66254132483003
12.8205128205128,-2.04257791283176
12.7381132318648,-2.72389040330502
12.6582278481013,-3.63547128503948
12.650337203959,-2.686739035927
12.5631660247412,-2.60292404454442
12.5,-2.56109097235902
12.4765955263087,-2.88529409510148
12.3906215694792,-2.75300096881439
12.3456790123457,-3.57925739250931
12.3052400435926,-3.49074693655451
12.2204468663149,-2.12361724280297
12.1951219512195,-2.58996114468463
12.1362379834424,-2.19965472283273
12.0526093687084,-3.2105772245623
12.0481927710843,-3.37394157170443
11.9695570235904,0.671316733012152
11.9047619047619,-2.25233628810248
11.887076977119,-1.82019836762096
11.8051652856881,-2.20115487847
11.7647058823529,-1.89254521015225
11.723818032866,0.459902223811658
11.6430313292088,-1.35685726225908
11.6279069767442,-3.51812235385203
11.5628013120738,-3.13061272420652
11.4942528735632,-1.57579553386203
11.4831241454351,-1.01214481024844
11.4039960197003,-3.44093283169816
11.3636363636364,-3.05969778422102
11.3254131515281,-3.43266785822031
11.2473717836475,-2.32491235337592
11.2359550561798,-2.70630166182742
11.1698681846782,-2.7461442374995
11.1111111111111,-2.14229402864789
11.0928986489522,-3.34836618793396
11.0164594963366,-2.60355183536431
10.989010989011,-3.46755050657115
10.9405470720574,-2.59121972492054
10.8695652173913,-3.07423575226461
10.8651577465254,-3.04806435780035
10.7902879151618,-2.53834901576435
10.752688172043,-1.50972004360436
10.7159339982267,-0.911175422434449
10.6420924406472,-0.970490520232839
10.6382978723404,-0.493028494871463
10.568759711848,-3.59784687460889
10.5263157894737,-3.57756331460133
10.4959323055823,-2.29300391956316
10.423606739764,-1.75251058106754
10.4166666666667,-0.0847713997253079
10.3517795563018,-3.10781154347144
10.3092783505155,-2.91225014771886
10.2804473209331,-2.92208358162541
10.2096066230605,-2.16788898360336
10.2040816326531,-2.53005769584534
10.1392540755882,-2.45822712717263
10.1010101010101,-2.80974407958179
10.0693863147603,-1.914651532782
10,-2.86531334355315
10,-2.86531334355301
9.9310918137498,-2.48201707612553
9.9009900990099,-1.93550818378905
9.86265846131282,-3.16638007628553
9.80392156862745,-1.68721964237407
9.79469667069539,3.86824633594326
9.72720319245054,-3.33331237306553
9.70873786407767,-2.72793605038542
9.66017479952265,1.05821897310326
9.61538461538461,-2.55093081583176
9.59360828709314,-2.89364037972431
9.52750047242729,-3.08282337470809
9.52380952380952,-3.00032833817651
9.461848194722,-2.09366947079045
9.43396226415094,-3.54604913307572
9.39664831495469,-1.8898871300333
9.34579439252336,-3.55405453550615
9.33189771573324,-2.37026600215703
9.26759330114688,-3.16526701950986
9.25925925925926,-2.9143094724245
9.20373199661822,-3.3214484281914
9.1743119266055,-2.35551581425032
9.14031074875623,-3.56025122420659
9.09090909090909,-1.07963134508737
9.07732652521023,-3.2514027760606
9.01477631452492,-3.42749129638484
9.00900900900901,-2.41405287373321
8.9526571259964,-2.90747826684214
8.92857142857143,-3.32956513635939
8.89096598952916,-2.97448924489718
8.84955752212389,1.77054974278032
8.82969995549409,-3.22270677872209
8.7719298245614,-3.29118550728198
8.76885609458743,-3.53953915294518
8.70843149769072,-2.29816250482478
8.69565217391304,-3.54182422607694
8.64842327573172,-0.161558863655254
8.62068965517241,-1.94935715257186
8.58882855954625,-1.67528944218737
8.54700854700855,-3.41649807460576
8.52964449974102,-1.74096834327427
8.47457627118644,-2.5779050548448
8.47086826655741,-3.52095883396025
8.41249704973612,-2.98784513559833
8.40336134453781,-3.03162766861406
8.35452805838287,-1.99608472702756
8.33333333333333,-1.44653474408242
8.29695852083491,-2.78783554859479
8.26446280991736,-1.87894177892665
8.23978568452852,-3.62361086144123
8.19672131147541,-2.90219610600631
8.18300681586739,-3.63916255585893
8.13008130081301,-2.0987331472789
8.12661920009195,-1.48160401239432
8.0706201411495,-0.352959452458502
8.06451612903226,-2.45313664442731
8.01500696156541,-3.29544541236335
8,-2.41666881717462
7.95977700231498,-3.46179514057711
7.93650793650794,-2.58955319903431
7.90492762269642,-2.60847018370297
7.8740157480315,-2.54240922218308
7.85045620020451,-2.00720447147678
7.8125,-3.61488994629048
7.79636013040523,-2.96606929901888
7.75193798449612,-2.81625213812326
7.74263682681127,-2.71050999136333
7.69230769230769,-2.89638264552816
7.68928372075831,-3.31182551200448
7.63629826128224,-1.65762273949768
7.63358778625954,-1.85303280449649
7.58367791499719,-1.77358600127162
7.57575757575758,-3.42686334185127
7.53142016597437,-3.31197846155261
7.5187969924812,-2.5056691506039
7.47952251562182,-2.55194525996019
7.46268656716418,-2.55997932526078
7.42798248256492,-2.75922618423142
7.40740740740741,-2.76549382464831
7.37679760252773,-3.11713963850381
7.35294117647059,-1.81154328025245
7.32596542821523,-3.55793829445083
7.2992700729927,-3.54102368263393
7.27548352919623,-1.20652318418034
7.2463768115942,-3.35001422091836
7.22534949178722,-2.08093954518845
7.19424460431655,-2.99743523850862
7.17556091893693,-2.91758107547288
7.14285714285714,-2.54191234327704
7.12611543011175,-2.25229310308925
7.09219858156028,-2.67947954563071
7.07701066118189,-2.43322124506012
7.04225352112676,-1.90577458920621
7.02824426430835,-2.70639322095321
6.99300699300699,-1.18391185691895
6.97981390783066,-3.57957666666838
6.94444444444444,-0.405473137432362
6.93171727615541,-1.81500025065362
6.89655172413793,-3.06564049830991
6.8839520696455,-2.66557632456856
6.84931506849315,-3.2916896283359
6.83651600451024,-1.77073775299301
6.80272108843537,-1.36886875043062
6.78940681269611,-2.50869858774284
6.75675675675676,-2.18478033150326
6.74262224177834,-3.43244799264913
6.71140939597315,-2.23793918989959
6.69616005485322,-3.39378407192894
6.66666666666667,-2.76374711135044
6.65001803043112,-2.26412560495474
6.62251655629139,-3.35057246727051
6.6041939623303,-3.08583036703633
6.57894736842105,-2.4647298627532
6.55868565957143,-0.0861674613386567
6.5359477124183,-3.35130352690821
6.5134909462728,-3.12004391674263
6.49350649350649,-2.07835802681209
6.46860766154633,-2.22570079237736
6.45161290322581,-3.19826179800917
6.42403365939419,-3.57532941978762
6.41025641025641,-3.47249147778113
6.37976680860628,-3.01193171838637
6.36942675159236,-0.847632939466716
6.33580499265825,-1.86763001792915
6.32911392405063,-1.85015514392206
6.29214610961034,-3.10420511868993
6.28930817610063,-2.14533097308391
6.25,-3.61766881443195
6.24878807200689,-3.66268211447238
6.2111801242236,-0.156759899441094
6.2057288067765,-0.850534789703214
6.17283950617284,-2.03275462499713
6.16296625513294,-3.18353226466977
6.13496932515337,-3.2883810981154
6.1204983724767,-3.07783802783761
6.09756097560976,-3.07737561543372
6.07832312829723,-0.157032025772689
6.06060606060606,-3.50557033674796
6.03643850607587,-2.66598676309605
6.02409638554217,-1.29489544991581
5.99484250318941,-2.76732786135555
5.98802395209581,-2.88940529670394
5.95353313081437,-3.04682760061557
5.95238095238095,-2.6592742390449
5.91715976331361,-1.27244505765101
5.91250841383188,-2.09834317134688
5.88235294117647,-2.70219101097468
5.87176639073326,-2.32236712133801
5.84795321637427,-2.86006890377423
5.83130511352622,-2.28193539158819
5.81395348837209,-3.62631180122737
5.79112264764176,-2.0708802996623
5.78034682080925,-3.34178861069484
5.75121707184161,-2.22355005660487
5.74712643678161,1.43944843496992
5.71428571428571,-2.93984288606402
5.71158647812643,-2.33300644544321
5.68181818181818,-3.47565402577977
5.67222897164454,-1.51793133374634
5.64971751412429,-2.51578027516326
5.63314267060136,-3.10392323825975
5.61797752808989,-3.63685344857306
5.59432570616938,-3.32946365590142
5.58659217877095,-3.46086445435049
5.55577622239888,-1.39963641771551
5.55555555555556,-1.30620422532429
5.52486187845304,-3.20000062191614
5.51749237612913,-3.56616142590202
5.49450549450549,-3.61217233605869
5.47947233690029,-3.43604062057376
5.46448087431694,-1.5147724931506
5.44171428686589,-2.53325334910211
5.43478260869565,-2.95564206246457
5.40540540540541,-3.52324387367927
5.40421642070592,-3.62700563126445
5.37634408602151,-2.91528318481981
5.36697694554048,1.60201777489012
5.3475935828877,-3.49042296914656
5.32999408084409,-3.59193081898338
5.31914893617021,-2.88927834398681
5.29326605836056,-3.52212764112853
5.29100529100529,-2.31303231418219
5.26315789473684,-3.62075800291206
5.25679112201842,-3.4849571776145
5.23560209424084,-3.29569880629175
5.22056752784698,-3.03494909674857
5.20833333333333,-2.34161014326385
5.18459354389291,-3.62943881185295
5.18134715025907,-3.44225360158698
5.15463917525773,-2.55826013241927
5.14886745013749,-2.94304668322213
5.12820512820513,-2.84847905862928
5.11338753841433,-3.53633770626747
5.10204081632653,-2.95516184850707
5.07815211232767,-2.44623091547914
5.0761421319797,0.247953694222919
5.05050505050505,-3.58093296476822
5.04315948717136,-3.05830086804245
5.0251256281407,-2.8305134353818
5.00840798984821,-2.38880621645556
5,-3.37180995602825
4.97512437810945,-2.9400008698448
4.97389595879006,-0.727239235578518
4.95049504950495,-3.18088872390124
4.93962174387832,-2.9422853495346
4.92610837438424,-1.33474549112982
4.90558370636505,-2.38657841146006
4.90196078431372,-1.85207989622541
4.8780487804878,-3.3433157757688
4.87178021879463,-3.13409006948045
4.85436893203883,0.580069668300941
4.83820966492596,-0.819558624183496
4.83091787439613,-3.0575971389138
4.80769230769231,-3.50334549790476
4.80487043965513,-2.84549738170072
4.78468899521531,-2.31413310919099
4.77176094893875,-1.92048496823689
4.76190476190476,-3.45706109747406
4.739336492891,-3.60903051439807
4.73887960971765,-3.60797982593275
4.71698113207547,-2.96615830686384
4.70622484984128,-2.80808724420377
4.69483568075117,-3.03677274305859
4.67379510799246,-1.82402286993921
4.67289719626168,-2.10639594087142
4.65116279069767,-1.91985681480458
4.64158883361278,-3.63256435592531
4.62962962962963,-3.5050957423996
4.60960448682843,-3.60495593620173
4.60829493087558,-2.80267302179792
4.58715596330275,-0.0331294525129051
4.57784053837662,-2.9341741163342
4.5662100456621,-3.19285512600087
4.5462954695324,-3.15798664454452
4.54545454545455,-2.74632951123327
4.52488687782805,-3.37627095981257
4.5149677720361,-2.75998237306627
4.5045045045045,1.82466521443123
4.48430493273543,-2.03589257917134
4.48385594802119,-2.45754231931546
4.46428571428571,-2.2421612989067
4.45295850994265,-2.40944561576189
4.44444444444444,-2.01793483530129
4.42477876106195,-3.06301826226406
4.4222739805059,-3.30566787059005
4.40528634361233,-3.01520785359143
4.39180089259609,-3.58347360727141
4.3859649122807,-3.46384148071258
4.36681222707424,-3.38772509551564
4.361537789208,-3.4188991604209
4.34782608695652,-3.16097112818214
4.3314832233764,0.926034741446434
4.32900432900433,-2.67426244300487
4.31034482758621,-2.89456540678394
4.30163575810679,-2.51255995697145
4.29184549356223,-3.04015904584433
4.27350427350427,-2.95492378664947
4.27199396630678,-3.15517530449405
4.25531914893617,-1.33330539976934
4.24255643071778,-1.41498725087517
4.23728813559322,-3.05714318763809
4.21940928270042,-3.21330571967898
4.21332174384729,-3.23743923226645
4.20168067226891,-1.01101125797167
4.18428850790158,-0.838581826492866
4.18410041841004,-0.514870977409411
4.16666666666667,-3.39533564974958
4.15545533471888,-2.98863714336427
4.149377593361,-3.19864925515464
4.13223140495868,-3.25501794553203
4.12682084570295,-2.70359043663363
4.11522633744856,-2.5424999175717
4.09838367175726,-3.35887241837845
4.0983606557377,-3.3601026742089
4.08163265306122,-2.922669349732
4.07014245321944,-3.4483155037477
4.0650406504065,-3.46348887281699
4.04858299595142,-3.49437374719714
4.04209583979631,-3.62991292870704
4.03225806451613,-2.42600256860869
4.01606425702811,-2.75973351464291
4.01424249049932,-2.45378035194757
4,-2.64952221066953
3.98658107358044,-3.19622615227596
3.98406374501992,-2.31952213021425
3.96825396825397,-2.8375094560932
3.95911026646846,-3.44124155691638
3.95256916996047,-3.56394997923546
3.93700787401575,-2.58384686032404
3.93182875570577,-3.02114903065312
3.92156862745098,-1.75014266793347
3.90625,-3.05233199393727
3.90473523688556,-2.62682576254955
3.89105058365759,-3.35904166478069
3.87782841458946,-1.9778792000723
3.87596899224806,-2.96325249506985
3.86100386100386,-3.08181228913197
3.85110700232557,-3.49375582397912
3.84615384615385,-3.17221254353519
3.83141762452107,-2.09333443400068
3.824569722467,-2.86264912609654
3.81679389312977,-0.0582512847443395
3.80228136882129,-2.91675558667255
3.79821530619074,-2.09584629647453
3.78787878787879,-3.57554499160842
3.77358490566038,-2.12267139661143
3.772042493417,2.41533967195865
3.7593984962406,-3.25913283951167
3.74605003274899,-1.52527773404439
3.74531835205992,-2.46695164818287
3.73134328358209,-3.29514932818592
3.72023668141307,0.100466380649654
3.71747211895911,-2.72928560769013
3.7037037037037,-2.89072128135752
3.6946012051993,-2.72127398036751
3.690036900369,-2.4633160378262
3.67647058823529,-3.30390070029857
3.66914237840249,-3.66351680650076
3.66300366300366,-0.84145748674096
3.64963503649635,-3.54949083074721
3.64385898376355,-0.772685050994521
3.63636363636364,-2.55011464999769
3.6231884057971,-3.10082837460821
3.61874981241128,-2.98524241766584
3.6101083032491,-2.15317746598806
3.59712230215827,-2.6749814557249
3.59381366380463,-3.4351010765644
3.584229390681,-2.1118854026305
3.57142857142857,-2.42038213671786
3.56904934567523,-1.9088686945747
3.55871886120996,-2.62811341822033
3.54609929078014,-2.81248757902606
3.54445567397043,-0.689149169449204
3.53356890459364,-3.34689895987482
3.52112676056338,-1.55054250604742
3.52003147279668,-3.07119793446592
3.50877192982456,-3.64425811995825
3.4965034965035,-2.64407836183808
3.49577557436328,-3.5426832049544
3.48432055749129,-2.90982489856161
3.47222222222222,-3.36462339465394
3.47168681892656,-2.90546696932041
3.46020761245675,-3.63226180044968
3.44827586206897,-3.17052310940961
3.44776405473446,-2.96093255198694
3.43642611683849,-3.07600583114454
3.42465753424658,-2.87753763678084
3.42400613797142,-1.313246382156
3.41296928327645,-3.42216984817197
3.40136054421769,-3.3541488941958
3.40041193270371,-2.47459956706229
3.38983050847458,-2.8488902822702
3.37837837837838,0.300924015688783
3.37698031082509,-2.78903765665224
3.36700336700337,-2.68985831579406
3.35570469798658,-2.05837584656349
3.35371015200293,-2.71592274957184
3.34448160535117,0.655406850254612
3.33333333333333,-3.05727370033592
3.33060034362459,-3.39309974131408
3.32225913621262,-2.86777710813548
3.3112582781457,-1.43182471577712
3.30764978074424,-3.442804336017
3.3003300330033,-3.15682201843925
3.28947368421053,-3.13379731078494
3.28485736603004,-2.90058018526669
3.27868852459016,-3.40215936811277
3.26797385620915,-3.33570392005735
3.26222200971167,-3.41610441967004
3.25732899022801,-2.27222164921825
3.24675324675325,-3.57216043293802
3.2397426295282,-3.66094455371741
3.23624595469256,-3.41339570715827
3.2258064516129,-2.2452130096281
3.21741815067637,-2.93645373358306
3.21543408360129,-2.85773930784678
3.20512820512821,-0.121967394453303
3.19524750575921,-2.10142847888552
3.19488817891374,-1.93646219908164
3.18471337579618,-2.11459902563906
3.17460317460317,-3.65565718935356
3.17322963473498,-2.85232014097481
3.16455696202532,-2.15620307009315
3.15457413249211,-1.86892407994368
3.15136348486648,-2.92803499668504
3.14465408805031,-2.12092050616026
3.13479623824451,-1.22913671927078
3.12964801067075,-1.39751702293482
3.125,-3.65893051537075
3.11526479750779,-3.62880238161572
3.10808217386906,-3.56476665761711
3.1055900621118,-2.8629879396819
3.09597523219814,-2.58765362013427
3.08666494333727,-3.20147562836994
3.08641975308642,-3.39637815540147
3.07692307692308,-2.85861848809237
3.06748466257669,-1.59346092830769
3.06539529505653,-3.43195489383718
3.05810397553517,-2.99262616419402
3.04878048780488,-3.59849295278697
3.0442722120643,-3.58237484201619
3.03951367781155,-3.04413132809268
3.03030303030303,-3.18943819700852
3.02329468440578,-2.96791872166186
3.02114803625378,-2.28296230512798
3.01204819277108,-2.50154068187417
3.003003003003,-3.14795286703385
3.00246170908555,-2.68436992047618
2.9940119760479,-3.35588982748213
2.98507462686567,-3.22074741221386
2.98177229001967,-3.29486090695776
2.97619047619048,-1.89173631825151
2.9673590504451,-3.6414775104388
2.96122543798803,-2.31630701984808
2.9585798816568,-3.65290421269021
2.94985250737463,-2.62852263063599
2.94117647058824,-1.67052329902493
2.94082017058706,-2.31809595433431
2.93255131964809,-3.32136142854297
2.92397660818713,-3.10347532292995
2.92055551218275,-2.71727381588958
2.91545189504373,1.73711216747909
2.90697674418605,-3.3712280936037
2.90043049386399,-3.40343019260821
2.89855072463768,-3.37447032836347
2.89017341040462,-2.96846737291865
2.88184438040346,-3.36767163489663
2.8804441533963,-3.40662453321472
2.8735632183908,-2.58506632180264
2.86532951289398,-2.56777035667668
2.86059553517574,-2.87258510325109
2.85714285714286,-3.20927979928755
2.84900284900285,-3.2585937887929
2.84090909090909,-3.02050563336014
2.8408836901833,-3.07326545546759
2.8328611898017,-3.55171215903301
2.82485875706215,-3.29926032168019
2.82130767593947,-3.20930743842366
2.8169014084507,-0.133276942269343
2.80898876404494,-3.42083939267256
2.8018665564592,-2.59360720279899
2.80112044817927,-2.91751547302008
2.79329608938547,-1.13768721364353
2.78551532033426,-3.65164255066294
2.78255940220712,-3.36803753867288
2.77777777777778,-2.89728714360974
2.77008310249307,-2.74702906865941
2.76338529005317,-3.43098255450191
2.76243093922652,-3.00810751019811
2.75482093663912,-1.73040609382509
2.74725274725275,-3.58477550020491
2.74434330322836,-3.3139944036444
2.73972602739726,-3.21330515878808
2.73224043715847,-1.2803919574615
2.72543253128103,-3.1906215853178
2.72479564032698,-0.868024127269034
2.71739130434783,-3.49950757721633
2.710027100271,-3.06106315346194
2.70665207003324,-3.55007321773463
2.7027027027027,-3.23577072642898
2.69541778975741,-2.89416859735921
2.68817204301075,-0.784109184605522
2.68800102153761,0.0736770200260723
2.68096514745308,-2.42097510964335
2.67379679144385,-2.73242644884287
2.66947849403432,-2.30748290770627
2.66666666666667,2.30782894505625
2.65957446808511,-2.70428688602139
2.6525198938992,-2.80049545771312
2.65108360190854,-2.64964479703091
2.64550264550265,-2.67866244603861
2.63852242744063,-2.60800604388838
2.63281546564802,-0.677966090983072
2.63157894736842,-0.949566597926814
2.6246719160105,-3.51061672435311
2.61780104712042,-3.63272496511429
2.61467321180109,-3.01690521668071
2.61096605744125,-3.40594741713535
2.60416666666667,-2.31413715212237
2.5974025974026,-3.32477018953473
2.59665597293487,-2.73573735858782
2.59067357512953,-3.20802431963896
2.58397932816537,-3.46160874695088
2.5787628875938,-3.65868910551468
2.57731958762887,-3.17616451885054
2.5706940874036,-3.42626363975644
2.56410256410256,-1.36979721705277
2.56099310025846,-3.58081829195346
2.55754475703325,-2.53468855462593
2.55102040816327,0.51502204014712
2.54452926208651,-2.94433897475677
2.54334576130465,-3.06127304264772
2.53807106598985,-2.65895175410914
2.53164556962025,-3.04947402155947
2.52582002696278,-3.4216630296349
2.52525252525253,-3.64920905394863
2.51889168765743,-3.3899244968813
2.51256281407035,-3.56608730109879
2.50841505927754,-0.660833411686961
2.5062656641604,-3.19663629134454
2.5,-2.75573082426329
2.49376558603491,-2.49373079962084
2.49113002606779,0.195571682424363
2.48756218905473,-2.44262376832558
2.48138957816377,-2.03137066286611
2.47524752475248,-3.04611248447191
2.47396410088681,-3.03892986641726
2.46913580246914,-3.34168525210851
2.46305418719212,-3.55353067822501
2.45700245700246,-1.53529340555657
2.45691646298279,-1.21433794820377
2.45098039215686,-3.54362135016795
2.44498777506112,-3.63220416955864
2.43998629725955,-3.57028360715681
2.4390243902439,-3.19721490281024
2.4330900243309,-2.7227852481903
2.42718446601942,-3.30303521380405
2.4231727942376,-3.37371493325103
2.42130750605327,-3.60651887199365
2.41545893719807,-2.18110232025749
2.40963855421687,-3.1967202956947
2.40647515001542,-0.133166165174752
2.40384615384615,-1.66856051786585
2.39808153477218,-2.95405938443359
2.39234449760766,-3.07652492245735
2.38989256623105,-3.14402215362021
2.38663484486874,-2.97022817837147
2.38095238095238,-1.5433019431551
2.37529691211401,-3.34601523547807
2.37342425002387,-3.28736224905269
2.3696682464455,-3.13612824849305
2.36406619385343,-3.24862983213201
2.35849056603774,-2.51815378167522
2.35706941399673,-3.57220614523181
2.35294117647059,-3.29581076786583
2.34741784037559,-3.47500047944414
2.34192037470726,-2.61014902800091
2.34082727617829,-3.05120406969921
2.33644859813084,0.0329323209729084
2.33100233100233,-1.03483497554232
2.32558139534884,-3.34397156755427
2.32469705998565,-3.13172655898516
2.32018561484919,-2.57630769219814
2.31481481481481,-3.11599872878052
2.3094688221709,-2.43873755847916
2.30867799418717,-1.84679201641917
2.30414746543779,-2.78792672984128
2.29885057471264,-2.53349662434327
2.29357798165138,-2.02006183957159
2.29276931286565,-2.88955885439695
2.2883295194508,-2.21283978616553
2.28310502283105,-3.11674559503551
2.27790432801822,-2.98549125524608
2.27697025538168,-2.86159480346258
2.27272727272727,-3.65557224343312
2.26757369614512,-3.21785574323091
2.26244343891403,-3.34117383702918
2.26128006633728,-2.65865958772683
2.25733634311512,-2.61279305176755
2.25225225225225,-2.62671372788581
2.24719101123596,-2.91986522956516
2.24569799553977,-3.39282790411637
2.24215246636771,-3.21754259834146
2.23713646532438,-2.55857905861167
2.23214285714286,-3.32420037979245
2.23022329796594,-3.48680463933907
2.2271714922049,-0.692331216727164
2.22222222222222,-3.36167586875804
2.21729490022173,-2.23491734839369
2.21485523372636,-2.35931098473993
2.21238938053097,-2.74351580875485
2.2075055187638,-3.10540547351793
2.20264317180617,-2.18903955987362
2.19959306803007,-2.63177776757051
2.1978021978022,-2.52004697098767
2.19298245614035,-2.33344052415661
2.18818380743982,-3.66219254364652
2.18443607114943,-0.632724075800676
2.18340611353712,-2.74428639910861
2.17864923747277,-2.34110267422748
2.17391304347826,-1.35929684201666
2.16938351838518,-3.45779714446435
2.16919739696312,-3.55972324526523
2.16450216450216,-2.92891965378773
2.15982721382289,-2.86251799726564
2.1551724137931,-3.40213798282799
2.15443469003188,-2.23692448076205
2.1505376344086,-2.97438557481776
2.14592274678112,-3.50697417092369
2.14132762312634,-3.4041079477874
2.13958887134342,-3.01082139610572
2.13675213675214,-0.1848284449194
2.13219616204691,-3.5756108179812
2.12765957446809,-2.68938661946329
2.12484535249888,-3.56567791085315
2.12314225053079,-2.1909441575077
2.11864406779661,-3.45685987548274
2.11416490486258,-2.20804564728946
2.1102034285686,-3.24143978693184
2.10970464135021,-3.34487793287065
2.10526315789474,-3.48241277432639
2.10084033613445,-3.0298689830055
2.09643605870021,-1.31734484186678
2.09566239948043,-2.41124010105123
2.09205020920502,-3.4310053578972
2.08768267223382,-1.27388225589926
2.08333333333333,-3.16927577743321
2.08122156998634,-2.00512864594934
2.07900207900208,-3.10980879489785
2.0746887966805,-3.58336528688384
2.0703933747412,-3.45867395968797
2.06688024962908,-2.8694846562188
2.06611570247934,-2.44797903419693
2.06185567010309,-1.91285800164631
2.05761316872428,-3.45754137115373
2.05338809034908,-2.38307973927875
2.05263775270925,-2.7240806830995
2.04918032786885,-2.59802620374894
2.04498977505112,-3.35143899343303
2.04081632653061,-3.46874277134541
2.03849339825246,-3.5177720870749
2.03665987780041,-3.57509970500181
2.03252032520325,-2.12209224021366
2.02839756592292,-3.46528596392782
2.0244465099768,-1.50940559381537
2.02429149797571,-1.24941984556674
2.02020202020202,-2.22245661791963
2.01612903225806,-3.02169570524073
2.01207243460765,-3.28419568264216
2.0104964162605,-2.20488514792278
2.00803212851406,-2.05029955916388
2.00400801603206,-3.22036303468179
2,-3.54281876414175
1.99664245010979,-3.00738379457594
1.99600798403194,-3.10760472167508
1.99203187250996,-2.9194329322709
1.98807157057654,-3.65509853040241
1.98412698412698,-2.34002725365506
1.98288394912707,-3.4029808049181
1.98019801980198,-3.41737095294401
1.97628458498024,-3.30493359279755
1.9723865877712,-2.88210093877877
1.96922025547917,-3.24164400204485
1.96850393700787,-2.75980373273436
1.96463654223969,-2.66289517488358
1.96078431372549,-3.41775441314801
1.95694716242661,-3.41494864556567
1.95565071586595,-3.05971610306197
1.953125,-3.18409495798404
1.94931773879142,-1.99132058379753
1.94552529182879,-3.36909950413088
1.94217468148903,-2.75484164543844
1.94174757281553,-1.36446798057666
1.93798449612403,-3.57144024232475
1.93423597678917,-3.31852241064412
1.93050193050193,-3.06438334415615
1.92879150802078,-3.29081388198095
1.92678227360308,-3.32058865498343
1.92307692307692,-2.86546705836427
1.91938579654511,-0.841364876445065
1.91570881226054,-3.45026531259675
1.91550055557353,-3.55573617809388
1.91204588910134,-2.85856242332637
1.90839694656489,-1.81077971378583
1.9047619047619,-3.62816472982423
1.90230118866894,-2.97282701935468
1.90114068441065,-3.50926946620661
1.89753320683112,-2.26855311816878
1.89393939393939,-3.60988558950673
1.89035916824197,-2.74239022081606
1.88919277620767,-3.64480517204823
1.88679245283019,-1.46058225973901
1.88323917137476,-3.46122249598362
1.8796992481203,1.10667218925362
1.87617469143912,-2.5274532325224
1.87617260787992,-2.53174927617017
1.87265917602996,-3.38857811593133
1.86915887850467,-3.63496715401693
1.86567164179104,-3.59142940525787
1.86324631193156,-2.92112402776236
1.86219739292365,-2.52311012258188
1.85873605947955,-2.5591695270735
1.85528756957328,-2.75994227591702
1.85185185185185,-2.61612795422946
1.8504070195423,-3.35202607131374
1.84842883548983,-1.88625835564211
1.8450184501845,-2.78483602948172
1.84162062615101,-3.61684942815948
1.83823529411765,-1.28301923756491
1.83765620038817,-3.53714892380632
1.8348623853211,-2.77207158476814
1.83150183150183,-3.61887606010235
1.82815356489945,-1.5989930731727
1.82499324481615,-2.90309842495905
1.82481751824817,-3.26514591193129
1.82149362477231,-2.13478252940264
1.81818181818182,-3.34495394987605
1.81488203266788,-2.72128029976063
1.81241754737424,-3.08698006522844
1.81159420289855,-3.65543977118373
1.80831826401447,-2.87645669735577
1.80505415162455,-3.25780446980824
1.8018018018018,-2.72559095960109
1.79992850678248,-0.625497045855989
1.79856115107914,-2.83272012510731
1.79533213644524,-2.87253875619053
1.7921146953405,-2.55981963225521
1.78890876565295,-3.55802979163813
1.78752552590424,-2.30931733557982
1.78571428571429,-3.58191196791229
1.7825311942959,-3.08834634934417
1.77935943060498,-2.97530898297471
1.77619893428064,-3.28631369233802
1.77520801171763,-3.27446479991068
1.77304964539007,-2.88386324528532
1.76991150442478,-3.49369542414335
1.76678445229682,-2.93219960014984
1.7636684303351,-2.01463689783311
1.76297537528721,-3.62415015268773
1.76056338028169,-3.27437292790945
1.75746924428822,-2.01648697510701
1.75438596491228,-2.91774372774604
1.75131348511384,-2.42120988873746
1.75082703173572,-3.27953972928038
1.74825174825175,-0.620077758678074
1.74520069808028,-2.30276609878002
1.74216027874564,-2.84769735360903
1.73913043478261,-3.5664084372576
1.73876240021625,-3.35551780764249
1.73611111111111,-1.73735884485343
1.73310225303293,-3.37126907944689
1.73010380622837,-1.34433829469348
1.72711571675302,-2.97238669244687
1.72678090388436,-3.50459169366728
1.72413793103448,-2.33349397621007
1.72117039586919,-3.39473974629852
1.71821305841924,-2.88563679311845
1.71526586620926,-3.48114893098495
1.71488196987054,-2.9640941005838
1.71232876712329,-3.00127954036152
1.70940170940171,-1.34875806142507
1.70648464163823,-3.41346763643666
1.70357751277683,-3.50791079078773
1.70306502925284,-3.32455398166054
1.70068027210884,-3.44128665687561
1.69779286926995,-0.715148574090914
1.69491525423729,-2.61475620603944
1.69204737732657,-3.55644121961604
1.69132951702965,-2.80647120496856
1.68918918918919,-3.5463531283756
1.68634064080944,-3.06767231538229
1.68350168350168,-3.3911821554294
1.68067226890756,-0.52069128048971
1.67967487209265,-3.0740253713174
1.67785234899329,-1.96424243271182
1.6750418760469,-0.317235859499344
1.67224080267559,-2.21031987723164
1.669449081803,-2.10548604179176
1.66810053720006,-1.55104465523798
1.66666666666667,-2.73927163047314
1.66389351081531,-3.02328555275654
1.66112956810631,-1.50087256818444
1.65837479270315,-3.03221554955338
1.65660595894991,-3.40994635073762
1.65562913907285,-2.52668243661479
1.65289256198347,-3.44021314537836
1.65016501650165,-2.98394539954479
1.64744645799012,-2.74495802671445
1.64519058775366,-3.08572569280009
1.64473684210526,-0.54614536920506
1.64203612479475,-3.36379992794077
1.63934426229508,-2.25272506838855
1.6366612111293,-2.84493842838416
1.63398692810458,-3.46337094502443
1.63385387780986,-1.87293556732801
1.63132137030995,-3.38558832852918
1.62866449511401,-2.49794135468342
1.6260162601626,-3.3462576721261
1.62337662337662,-3.27389694044991
1.62259528707809,-3.53465082390671
1.62074554294976,-3.52139181495307
1.61812297734628,-3.1395589741973
1.61550888529887,-3.40764882214323
1.61290322580645,-2.25159493419808
1.61141427725302,-1.01804865327663
1.61030595813205,-3.1081598321612
1.60771704180064,-3.57795859478865
1.60513643659711,-2.00963590385616
1.6025641025641,-2.93187556913532
1.6003103137387,-3.05839160523562
1.6,2.97579853011003
1.59744408945687,-2.10384989729642
1.59489633173844,-0.833135581680987
1.59235668789809,-0.568474468382742
1.58982511923688,-3.56464588358035
1.58928286562298,-2.54341825227116
1.58730158730159,-2.61839435370528
1.58478605388273,-2.74347605472844
1.58227848101266,-3.24398643671399
1.57977883096367,-2.83740102467221
1.57833140565212,-2.05598517935477
1.57728706624606,-0.692625440929002
1.5748031496063,-2.45487105207884
1.57232704402516,-2.9289681838846
1.56985871271586,-1.41060130886812
1.5674554102056,-3.56948037249283
1.56739811912226,-3.2884989965017
1.56494522691706,-2.82534022184155
1.5625,-3.29394800853536
1.5600624024961,-3.62905115288025
1.55763239875389,-2.90975102703284
1.55665435927106,-2.40673145432468
1.5552099533437,-2.69731139884804
1.5527950310559,-3.26519382843419
1.55038759689922,-2.64849894385018
1.54798761609907,-1.86765994235067
1.54592773641948,-2.70534241810189
1.54559505409583,-2.84323710798601
1.54320987654321,-3.23481572614188
1.54083204930663,-3.06341271695693
1.53846153846154,-2.11643462387412
1.53609831029186,-2.50778339142671
1.53527502878042,-0.848065190075554
1.53374233128834,-2.58467609411887
1.53139356814701,-3.45085812343963
1.52905198776758,-2.68386716693829
1.52671755725191,-2.70660390641414
1.52469572701757,-2.46379250096431
1.52439024390244,-3.46460199663467
1.5220700152207,-1.86678544647541
1.51975683890577,-2.42097302385936
1.51745068285281,-2.37848405611139
1.51515151515152,-1.03400027475733
1.51418932530435,-2.58645667129432
1.51285930408472,-1.35438925952327
1.51057401812689,-3.11411187952042
1.50829562594268,-2.50828824386262
1.50602409638554,-2.91385535792063
1.50375939849624,-3.0092818390339
1.50375532129974,-3.03297676650341
1.5015015015015,-2.68554845591326
1.49925037481259,-1.43970032618649
1.49700598802395,-3.4664284432372
1.49476831091181,-3.07540961628693
1.49339321612425,-1.41098575496862
1.49253731343284,-3.15309087742123
1.4903129657228,-3.58872694655754
1.48809523809524,-3.51966154118044
1.48588410104012,-2.47517892198085
1.48367952522255,-1.91012479965455
1.4831025143361,-2.31127649399745
1.48148148148148,-3.50723090480259
1.4792899408284,-3.24399182715389
1.47710487444609,-2.15672836456796
1.47492625368732,-2.90859741330974
1.4728827239075,-3.06905031196383
1.47275405007364,-3.39371546115906
1.47058823529412,-3.58214898288865
1.46842878120411,-1.50798361671944
1.46627565982405,-0.982317762746969
1.46412884333821,-0.660892967137253
1.46273335620113,-2.50701604398038
1.46198830409357,1.43089529104912
1.45985401459854,-2.65653219085079
1.45772594752187,-2.9245826962756
1.45560407569141,-1.98918329875077
1.45348837209302,0.609100838131714
1.45265392594678,-2.75503085880079
1.45137880986938,-2.35647412461575
1.44927536231884,-0.524262130536679
1.44717800289436,-3.52507409603354
1.44508670520231,-3.60885627425214
1.44300144300144,-2.21290637546353
1.44264395121816,-0.696632659762439
1.44092219020173,-3.50639303889586
1.43884892086331,-2.07837389486381
1.4367816091954,-3.25990694692693
1.43472022955524,-3.40659176611849
1.43270295340983,-3.21461272975223
1.43266475644699,-3.25401718975616
1.43061516452074,-2.38588705334758
1.42857142857143,-0.209222790290862
1.4265335235378,0.753329797857721
1.42450142450142,-1.23683409886886
1.42283045721435,-0.73052512770776
1.42247510668563,-3.54792622502911
1.42045454545455,-0.198151564583791
1.41843971631206,-1.76066249108812
1.41643059490085,-2.94873336030023
1.41442715700141,-1.09045046007294
1.41302599059953,-1.50307345668603
1.41242937853107,-1.95776381242832
1.41043723554302,-3.12506861463721
1.40845070422535,-3.08293398961531
1.40646976090014,-3.35122080697637
1.40449438202247,-3.21099617863158
1.40328908478587,-2.27618714418942
1.40252454417952,-3.14555736892724
1.40056022408964,-3.22830332336398
1.3986013986014,-3.4106136742951
1.39664804469274,-2.03540632275293
1.39470013947001,-3.03141099394996
1.39361927422414,-1.92985324432457
1.39275766016713,-3.13499985594408
1.39082058414465,-1.68815388248744
1.38888888888889,-3.59795460606103
1.3869625520111,-2.99556626931213
1.38504155124654,-3.47516177272272
1.38401609657313,-1.00221728962723
1.38312586445367,-1.62506124644598
1.38121546961326,-3.14579777458972
1.37931034482759,-3.28298785800292
1.37741046831956,-3.66164847381018
1.37551581843191,-0.793439687476062
1.37447909267754,-2.9449570941211
1.37362637362637,-3.24723671419853
1.37174211248285,-3.28898662439102
1.36986301369863,-2.03019677444665
1.36798905608755,-3.4661482532736
1.36612021857923,-3.48017200966019
1.36500780654601,-0.0355097212633764
1.36425648021828,-3.12497837577491
1.36239782016349,-3.46272207767962
1.36054421768707,-0.659865721575396
1.35869565217391,-3.58373800659588
1.35685210312076,-3.0466199335121
1.35560178532937,1.66256079211722
1.3550135501355,1.14165930880676
1.3531799729364,-3.35329119004153
1.35135135135135,-3.13822756574099
1.34952766531714,-2.8760623751716
1.34770889487871,-2.35314743269309
1.34626057929891,-2.93144863102402
1.34589502018843,-2.5280198358627
1.34408602150538,-2.08329940634807
1.34228187919463,-1.00853687661715
1.34048257372654,-3.59776061533615
1.33868808567604,-2.5873241935772
1.33698374182495,-2.81733968432651
1.33689839572193,-3.23815386710144
1.33511348464619,-3.21603805541967
1.33333333333333,-3.39584681821914
1.33155792276964,-2.83364414723401
1.32978723404255,-3.4798471897247
1.32802124833997,-2.52991845408944
1.32777082935543,-2.78340569675121
1.3262599469496,-2.23501153253566
1.32450331125828,-1.87371472214751
1.32275132275132,-3.21394700510883
1.32100396301189,-2.94660276128841
1.31926121372032,-3.36201076121689
1.31862140139475,-2.87851779438462
1.31752305665349,-3.54605248296989
1.31578947368421,-3.4300632710444
1.31406044678055,-0.492035269245188
1.31233595800525,0.334669890825087
1.31061598951507,-2.49310278959903
1.30953502048267,-0.938672653304802
1.30890052356021,1.68148110822257
1.30718954248366,0.0143620184798481
1.30548302872063,-2.95436353615851
1.30378096479791,-1.87534532094262
1.30208333333333,-2.6190416231483
1.30051125217341,-1.251329195709
1.30039011703511,-3.17114550972523
1.2987012987013,-2.39640208669219
1.2970168612192,-2.57183909044438
1.29533678756477,-3.42260121256906
1.29366106080207,-2.70572732245777
1.29198966408269,-3.02619873997692
1.29154966501488,-3.0948523501013
1.29032258064516,-3.48234710191276
1.28865979381443,-2.16448541036278
1.28700128700129,-3.01061628029229
1.2853470437018,3.06789804976559
1.28369704749679,-3.05734003884187
1.28264983052806,-3.50371558456113
1.28205128205128,-2.23741018590858
1.28040973111396,-3.4139230504506
1.27877237851662,-2.18071507967361
1.27713920817369,-2.63175947373893
1.27551020408163,-3.22058461374307
1.27388535031847,-1.01903675626603
1.27381132318648,-1.85725307035248
1.27226463104326,-2.75193470660407
1.27064803049555,-2.18307325313016
1.26903553299492,-2.88348563210929
1.26742712294043,-3.60819631632044
1.26582278481013,-3.26413077168139
1.2650337203959,-3.38564840986337
1.26422250316056,0.204486221715503
1.26262626262626,-3.2849461017153
1.26103404791929,-2.01581839893681
1.25944584382872,-1.52778230528626
1.25786163522013,-3.30034537561066
1.25631660247412,-1.68571296264237
1.25628140703518,-1.30442788490209
1.25470514429109,0.435469055086391
1.2531328320802,-2.66287720155905
1.25156445556946,-2.44445484402076
1.25,-3.29535368423076
1.24843945068664,-3.29266587857414
1.24765955263087,-1.00298063122262
1.24688279301746,-3.20628923114712
1.2453300124533,-0.34929386590512
1.24378109452736,-1.70536218820559
1.24223602484472,-3.5617276557689
1.24069478908189,-2.93927342308556
1.23915737298637,-3.49928713430527
1.23906215694792,-3.43617828121934
1.23762376237624,-2.16551574919311
1.23609394313968,-3.61932146253003
1.23456790123457,-3.61182083499606
1.23304562268804,-2.25456590525486
1.23152709359606,-2.34997622223939
1.23052400435926,-3.18167457834569
1.230012300123,-3.40478941668867
1.22850122850123,-2.70491537088075
1.22699386503067,-3.33550557816876
1.22549019607843,-2.55397611251787
1.22399020807834,-3.61668672531813
1.22249388753056,-3.5555638503135
1.22204468663149,-3.22786935632321
1.22100122100122,-2.60257100988134
1.21951219512195,-2.06626238842731
1.21802679658952,-3.34991182293008
1.21654501216545,-3.15468823975372
1.21506682867558,-2.29949289167721
1.21362379834424,-3.65073684189225
1.21359223300971,-3.59335460800223
1.21212121212121,-2.27152597553136
1.21065375302663,-0.971425109828639
1.20918984280532,-3.17545757184775
1.20772946859903,-3.07677292303385
1.20627261761158,-2.22366472292479
1.20526093687084,-2.7174130273601
1.20481927710843,-3.08682694496896
1.20336943441637,0.0175168417812488
1.20192307692308,-2.77018900617382
1.20048019207683,-2.02365772860544
1.19904076738609,-2.3759553661343
1.19760479041916,-3.49862311423147
1.19695570235904,-0.214807759003047
1.19617224880383,-3.55458147718611
1.194743130227,-2.01650956604716
1.19331742243437,-2.49165857587671
1.19189511323004,-1.54805583980437
1.19047619047619,-2.72828993234195
1.18906064209275,-2.32944661758143
1.1887076977119,-1.31751676985602
1.18764845605701,-1.71362186982948
1.18623962040332,-1.59140418688092
1.18483412322275,-3.58761756435315
1.18343195266272,-1.95662556448202
1.18203309692671,-1.77909720138232
1.18063754427391,-3.35113211308329
1.18051652856881,-3.49566251060578
1.17924528301887,0.574072112506816
1.17785630153121,-3.47331174535197
1.17647058823529,-2.54919384529004
1.17508813160987,-3.53122945069255
1.17370892018779,-1.70109840645751
1.1723818032866,-2.08225697194724
1.17233294255569,-1.27433064653827
1.17096018735363,-2.79509724124939
1.16959064327485,-2.08916490579916
1.16822429906542,-0.618663070094082
1.16686114352392,-0.379623399314691
1.16550116550117,-3.04313505891819
1.16430313292088,-3.09585012825176
1.16414435389988,-0.939338484036237
1.16279069767442,-1.54567449291111
1.16144018583043,-3.36420730497378
1.16009280742459,-3.46361011546112
1.15874855156431,-2.85403172917058
1.15740740740741,-2.12247146420209
1.15628013120738,-1.4187781219994
1.15606936416185,-1.38590406245226
1.15473441108545,-3.57058830813294
1.15340253748558,-1.57805952885571
1.15207373271889,-3.40365082573383
1.15074798619102,-2.74680614114326
1.14942528735632,-3.4817796094325
1.14831241454351,-2.63794144632102
1.14810562571757,-2.69543318228882
1.14678899082569,-1.45603585030234
1.1454753722795,-3.27652770863399
1.1441647597254,-3.03655994525574
1.14285714285714,-2.83156461204019
1.14155251141553,-3.2499658170462
1.14039960197003,-2.27363348652029
1.14025085518814,-1.77869706980213
1.13895216400911,-3.49625289926991
1.13765642775882,-2.41621113372609
1.13636363636364,-1.48953044900953
1.13507377979569,-3.5743674053328
1.13378684807256,-2.13701937878362
1.13254131515281,-2.03709373144447
1.13250283125708,-2.16549533739744
1.13122171945701,-2.37724972015261
1.12994350282486,-3.62742202015259
1.12866817155756,-3.61855718828029
1.12739571589628,-2.08632725878656
1.12612612612613,-3.05838662489638
1.12485939257593,-2.98161692935177
1.12473717836475,-3.52522060288377
1.12359550561798,0.674004057818782
1.12233445566779,-3.15059320776639
1.12107623318386,-3.18213108067625
1.11982082866741,-3.35177536713784
1.11856823266219,-3.60460983414849
1.11731843575419,-1.90455791523471
1.11698681846782,-3.34172284442006
1.11607142857143,-3.12733953817424
1.11482720178372,-3.03079965465629
1.11358574610245,-3.51886871889762
1.11234705228031,-2.83570372656193
1.11111111111111,-3.08254503512746
1.10987791342952,-2.43613280039007
1.10928986489522,-1.50813546070536
1.10864745011086,-1.87328843523043
1.10741971207087,-3.24434311105618
1.10619469026549,-1.15680114370535
1.10497237569061,-3.06860505297426
1.1037527593819,-0.254682988128859
1.10253583241455,1.7235902998721
1.10164594963366,-2.90176627386749
1.10132158590308,-3.36278736370091
1.1001100110011,-2.88666135024776
1.0989010989011,-3.5216763167496
1.09769484083425,-2.91260576935592
1.09649122807018,-3.50956997066067
1.09529025191676,-1.1797621894555
1.09409190371991,-3.19960839682109
1.09405470720574,-3.24229643315114
1.09289617486339,-1.82483039247075
1.09170305676856,-0.648567556053261
1.09051254089422,-3.4324735197466
1.08932461873638,-2.11899777067877
1.08813928182807,-2.61006344214423
1.08695652173913,-1.16803654812754
1.08651577465254,-1.40912478454738
1.085776330076,-3.35292421783167
1.08459869848156,-3.4236703394685
1.08342361863489,-3.61073369998875
1.08225108225108,-2.79309702321309
1.08108108108108,-2.6649767339983
1.07991360691145,-2.71538510558089
1.07902879151618,-3.65376332365032
1.07874865156419,-3.06313208864902
1.07758620689655,-2.01202729507493
1.07642626480086,-2.5720088808532
1.0752688172043,-1.12856372213131
1.07411385606874,-3.65923697844108
1.07296137339056,-3.47970053314681
1.07181136120043,1.27423742971628
1.07159339982267,-3.33277282668329
1.07066381156317,-1.00008039591442
1.06951871657754,-2.9179312321297
1.06837606837607,0.465970753198168
1.06723585912487,-1.50972582418479
1.06609808102345,-3.32902029661629
1.06496272630458,-3.06211165083128
1.06420924406472,-2.59286883293769
1.06382978723404,-2.65863003831042
1.06269925611052,-1.41400673626135
1.06157112526539,-3.18385078016736
1.06044538706257,-1.35015294086169
1.0593220338983,-1.38910804786236
1.05820105820106,-3.04962349476643
1.05708245243129,-3.551840574118
1.0568759711848,-3.58603797486226
1.05596620908131,-2.83763203777594
1.05485232067511,-2.87248614375606
1.05374077976818,-2.74928373267816
1.05263157894737,-3.10299588579947
1.0515247108307,-3.47278408755822
1.05042016806723,-3.11788979456547
1.04959323055823,-3.61187340363703
1.04931794333683,-0.797356947379636
1.0482180293501,-3.39469969738205
1.04712041884817,-2.87731301011412
1.04602510460251,-0.879637716631673
1.04493207941484,-3.39201043286335
1.04384133611691,-3.6267462257618
1.04275286757039,-2.45115963429803
1.0423606739764,-3.24296301333789
1.04166666666667,2.59824592459386
1.04058272632674,-1.40013081316546
1.03950103950104,-3.23349985169655
1.03842159916926,-1.15385162553884
1.03734439834025,-2.4623391957656
1.03626943005181,-2.16828515315965
1.0351966873706,-3.45682907602513
1.03517795563018,-3.02194936264827
1.03412616339193,-3.1216287314249
1.03305785123967,-2.4424720731106
1.03199174406605,-3.27568900510023
1.03092783505155,-3.43894288791246
1.02986611740474,-3.09713156673298
1.02880658436214,-3.19852043396194
1.02804473209331,-3.54378373787788
1.02774922918808,-1.81546572835249
1.02669404517454,-2.86795808660936
1.02564102564103,-3.23379774160561
1.02459016393443,-2.91580878645716
1.02354145342886,-2.80553751362244
1.02249488752556,-3.04419128179974
1.02145045965271,-2.80115047932385
1.02096066230605,-3.1061803874032
1.02040816326531,-3.36713866783121
1.01936799184506,-3.57880499612387
1.0183299389002,-3.41140010719705
1.01729399796541,-3.56330490316572
1.01626016260163,-2.58186449445436
1.01522842639594,-1.85228066830232
1.01419878296146,-3.24586487769762
1.01392540755882,-3.5627411510538
1.01317122593718,-3.31699828898233
1.01214574898785,-3.05505611055012
1.01112234580384,-1.75680700396371
1.01010101010101,-2.41020452307948
1.00908173562059,-2.62966747768304
1.00806451612903,-1.98919442182248
1.00704934541793,-0.148101266449355
1.00693863147603,-3.2859918792558
1.00603621730382,-1.18950399401508
1.00502512562814,-3.48370453015657
1.00401606425703,-2.56850759323045
1.00300902708124,1.34179687825342
1.00200400801603,-2.69347873163356
1.001001001001,-2.98040316778438
1,2.60552980418159
