"bfp_output.P","bfp_output.logBF"
1000,0.0274951804980406
993.109181374979,0.137821591351629
986.265846131283,0.195426229683979
979.46966706954,0.203375017988681
972.720319245055,0.166669012841614
966.017479952265,0.0896474329408834
959.360828709315,-0.0261219885095541
952.75004724273,-0.182596957885703
946.184819472201,-0.384373488659018
939.66483149547,-0.636339188038998
933.189771573324,-0.940397832946455
926.759330114689,-1.29219562551433
920.373199661823,-1.67915012796284
914.031074875623,-2.08097314130576
907.732652521023,-2.47290801489775
901.477631452492,-2.83044602545759
895.26571259964,-3.13344210143735
889.096598952916,-3.36805574431933
882.969995549409,-3.52634600817937
876.885609458743,-3.60458195158965
870.843149769073,-3.60179913712586
864.842327573172,-3.51993881105802
858.882855954625,-3.36617521809496
852.964449974103,-3.15650382358187
847.086826655741,-2.91750097648729
841.249704973612,-2.68249680157056
835.452805838287,-2.48213393975864
829.695852083491,-2.3351758828207
823.978568452852,-2.24595963719353
818.300681586739,-2.20878698041373
812.661920009195,-2.2146309258549
807.06201411495,-2.2560852508014
801.500696156541,-2.3291737185183
795.977700231499,-2.43184918603837
790.492762269642,-2.55936288291938
785.045620020451,-2.6988829896769
779.636013040523,-2.83001211737611
774.263682681127,-2.9347775029217
768.928372075831,-3.0075080339473
763.629826128224,-3.05397173516941
758.367791499719,-3.08378085439933
753.142016597437,-3.10457027036376
747.952251562182,-3.11976378014343
742.798248256492,-3.12778011922834
737.679760252773,-3.12117488185914
732.596542821523,-3.08713703112378
727.548352919623,-3.01561368630176
722.534949178721,-2.91871089234523
717.556091893692,-2.8368676251837
712.611543011175,-2.80605134976157
707.701066118189,-2.8317318162327
702.824426430835,-2.90167498809354
697.981390783066,-3.00320891469196
693.17172761554,-3.12653450454611
688.39520696455,-3.26008050034896
683.651600451024,-3.38415728592865
678.940681269611,-3.46802448892636
674.262224177835,-3.47725357623575
669.616005485322,-3.39226377093855
665.001803043112,-3.22237099438596
660.419396233031,-2.99895797095932
655.868565957143,-2.75669407551483
651.349094627281,-2.52261721551455
646.860766154633,-2.31709118042574
642.40336593942,-2.15832447671526
637.976680860628,-2.06314208809847
633.580499265825,-2.04280157874369
629.214610961035,-2.0983982947712
624.878807200689,-2.22106783394896
620.57288067765,-2.39635423197812
616.296625513294,-2.60740057481415
612.04983724767,-2.83413401649902
607.832312829723,-3.05124468313634
603.643850607587,-3.22932780653668
599.484250318941,-3.33923322427828
595.353313081437,-3.35508698036379
591.250841383188,-3.25374737823428
587.176639073326,-3.01599271271295
583.130511352622,-2.63966574760586
579.112264764176,-2.16760386196817
575.121707184161,-1.70319722536238
571.158647812643,-1.36741720348545
567.222897164454,-1.22094062885669
563.314267060136,-1.24464923948023
559.432570616938,-1.38749299180484
555.577622239888,-1.61054920275132
551.749237612913,-1.89475549816334
547.947233690029,-2.22472678620151
544.171428686589,-2.57081178586715
540.421642070592,-2.88594920370393
536.697694554048,-3.11429552956495
532.999408084409,-3.19821921731569
529.326605836056,-3.08769952518487
525.679112201842,-2.76910129585097
522.056752784698,-2.30209752211082
518.459354389291,-1.80951204252151
514.886745013749,-1.40511150164839
511.338753841433,-1.13832202941112
507.815211232767,-1.00598497055703
504.315948717136,-0.992301455066989
500.840798984821,-1.09188877187178
500,-1.13340551144595
497.389595879006,-1.30588520747424
493.962174387832,-1.62776792742481
490.558370636505,-2.04003443925377
487.178021879463,-2.51518005217614
483.820966492595,-3.00150884678531
480.487043965513,-3.40347701228178
477.176094893875,-3.60193289518808
473.887960971765,-3.53378284473323
470.622484984128,-3.24492671430637
467.379510799247,-2.84183226082281
464.158883361278,-2.41782651360613
460.960448682844,-2.03172680715765
457.784053837662,-1.71876134123529
454.62954695324,-1.49691601405503
451.49677720361,-1.36929580991592
448.385594802119,-1.33811180437707
445.295850994266,-1.42131930175018
442.22739805059,-1.64651969159469
439.180089259609,-2.01166411635712
436.153778920801,-2.44739935169757
433.14832233764,-2.8464253769405
430.16357581068,-3.13968024451811
427.199396630678,-3.32418412310487
424.255643071778,-3.43253804192606
421.332174384729,-3.49830840749187
418.428850790158,-3.54236829504391
415.545533471888,-3.57472477828521
412.682084570296,-3.599879198711
409.838367175726,-3.61839045920554
407.014245321944,-3.62406517529855
404.209583979631,-3.60377096317121
401.424249049932,-3.54069902880856
398.658107358044,-3.41108768512292
395.911026646846,-3.19109037459587
393.182875570577,-2.9038534291236
390.473523688556,-2.65881999379202
387.782841458946,-2.55071737918187
385.110700232557,-2.54671557544917
382.4569722467,-2.52812456643887
379.821530619074,-2.33356182071169
377.2042493417,-1.85469309094752
374.605003274899,-1.36442379815589
372.023668141307,-1.31374458089941
369.46012051993,-1.6961745193757
366.914237840249,-2.21442821105596
364.385898376355,-2.27015879674179
361.874981241128,-1.15277345692179
359.381366380463,0.398080900396214
356.904934567523,1.03983598240796
354.445567397043,0.504506637161218
352.003147279668,-0.899425892791224
349.577557436327,-2.27854710049642
347.168681892656,-2.75671951119692
344.776405473446,-2.6206724838757
342.400613797142,-2.49514679358829
340.041193270371,-2.37382715787511
337.698031082509,-1.73251789949613
335.371015200293,-0.145479176218042
333.333333333333,1.92309195786642
333.060034362459,2.2252900346865
330.764978074424,4.61058974243413
328.485736603004,5.62571503282907
326.222200971167,4.00719345582609
323.97426295282,0.892415590797147
321.741815067637,-1.47847895897776
319.524750575921,-2.44688168595514
317.322963473498,-2.20490995143804
315.136348486648,-1.10714171613777
312.964801067075,0.135112476011916
310.808217386907,0.814480934873264
308.666494333727,0.843058138413075
306.539529505653,0.464361840539842
304.42722120643,0.0947198545292638
302.329468440578,0.408221435291883
300.246170908555,1.8844063818947
298.177229001967,3.88917646639319
296.122543798804,4.55091602131798
294.082017058706,3.422055775348
292.055551218275,2.14100932072485
290.043049386399,1.44103963149847
288.04441533963,0.74882287017373
286.059553517574,0.115253556012267
284.08836901833,0.609173040944758
282.130767593947,2.39944705122538
280.18665564592,3.570215336794
278.255940220713,2.62012303603406
276.338529005317,0.29074705388273
274.434330322837,-1.84507927984462
272.543253128103,-2.46204533350068
270.665207003324,-0.47215986152285
268.800102153761,4.28422639277374
266.947849403432,9.96112033895388
265.001910968426,13.2618846365433
263.281546564802,11.714852680117
261.467321180109,6.0836506383598
259.665597293487,-0.346251084560076
257.87628875938,-3.452665504378
256.099310025846,-2.67439648915772
254.334576130465,-0.149872542881933
252.582002696278,2.61038402664726
250.841505927754,4.8342923755648
250,5.35732393076218
249.113002606779,5.08889843181492
247.396410088681,1.36051181182829
245.691646298279,-2.63807539203362
243.998629725955,-3.12739721988542
242.31727942376,-2.23750463186145
240.647515001542,-1.36851191944525
238.989256623105,-0.893043021398948
237.342425002387,-1.31709812821198
235.706941399673,-2.28328643133154
234.082727617829,-1.79097915668491
232.469705998565,-0.290671495434604
230.867799418717,0.33200169556567
229.276931286565,-0.903606525575564
227.697025538168,-2.73700749054874
226.128006633728,-3.06385962716531
224.569799553977,-1.00906925654872
223.022329796594,2.76213215854704
221.485523372636,6.70724877620795
219.959306803008,7.74639667725653
218.443607114943,3.51082779658849
216.938351838519,-1.57376462851853
215.443469003188,-3.22251159107553
213.958887134342,-1.68415583197516
212.484535249888,1.20331577782533
211.02034285686,2.7796070009227
209.566239948043,1.69917396005595
208.122156998634,-0.451360148913248
206.688024962908,-2.2739847824355
205.263775270925,-2.81167270035494
203.849339825246,-2.39117116544731
202.44465099768,-2.28997655288613
201.04964162605,-2.91796718498908
200,-3.34070805095659
199.664245010979,-3.41664946161508
198.288394912707,-3.42264973167802
196.922025547917,-3.23727533808799
195.565071586595,-3.30346532016547
194.217468148903,-3.42066389895988
192.879150802078,-3.34287555218234
191.550055557353,-3.3188910872489
190.230118866895,-3.24900065993072
188.919277620767,-3.3414100653424
187.617469143912,-3.60900437311305
186.324631193156,-3.38703682489166
185.04070195423,-3.09228894420495
183.765620038817,-2.59606574832885
182.499324481615,-2.14151657905638
181.241754737424,-2.40675215766843
179.992850678248,-2.27693861556285
178.752552590424,-2.18365311505208
177.520801171764,-2.8360431230859
176.297537528721,-2.74841031200874
175.082703173572,-1.84970945643856
173.876240021625,-0.0877780406002087
172.678090388436,1.18321665661241
171.488196987054,-0.27186807834796
170.306502925284,-2.04564561633411
169.132951702965,-3.07395438417945
167.967487209265,-2.84595157344627
166.810053720006,-1.69641660579894
166.666666666667,-1.53861260639662
165.660595894991,-0.191873185025069
164.519058775366,2.06637527455327
163.385387780986,3.94229493761357
162.259528707809,0.754621463671431
161.141427725302,-3.09867355755552
160.03103137387,-0.302360197874672
158.928286562298,5.19636647610118
157.833140565212,8.03079332505927
156.745541020559,2.86963388733459
155.665435927106,-3.18648959634067
154.592773641948,-1.44811141425468
153.527502878042,3.42693720971643
152.469572701757,4.57496639843352
151.418932530435,0.603167843739887
150.375532129974,-3.12790113146907
149.339321612425,-1.51135119755404
148.310251433611,-0.386867237145263
147.28827239075,-1.51021281113141
146.273335620113,-3.12629552786766
145.265392594678,-1.8485260024086
144.264395121816,-1.30771563444689
143.270295340983,-1.33726306113742
142.857142857143,-1.57833228157652
142.283045721435,-1.75521389934148
141.302599059953,-1.14107523595514
140.328908478587,-2.30933368391576
139.361927422414,-1.41220138964318
138.401609657313,2.88719976508883
137.447909267754,6.10741543827463
136.500780654601,1.65052645582701
135.560178532937,-3.19986386285374
134.626057929891,-0.718630241437107
133.698374182495,4.07797172746333
132.777082935543,1.46850038091454
131.862140139475,-2.33340640817967
130.953502048267,-3.52714684871377
130.051125217341,-3.37868596858309
129.154966501488,-2.91354313441262
128.264983052806,-2.65183996772184
127.381132318648,-3.29249687808275
126.50337203959,-3.11920400790278
125.631660247412,-1.82061007226992
125,-1.1538498211067
124.765955263087,-1.3758802255718
123.906215694792,-3.31387701936135
123.052400435926,-3.34563868615744
122.204468663149,-2.09563623570439
121.362379834424,-1.87200001780048
120.526093687084,-2.92391350209926
119.695570235904,-3.50314093699707
118.87076977119,-3.18733232727224
118.051652856881,-2.76828431394388
117.23818032866,-2.71623745357887
116.430313292088,-3.27552502283263
115.628013120738,-3.66044589349498
114.831241454351,-3.19320311678619
114.039960197003,-2.70559624066366
113.254131515281,-2.97987209234703
112.473717836475,-3.65642503588223
111.698681846782,-2.59535878290667
111.111111111111,-0.83878734316816
110.928986489522,-0.404847500138184
110.164594963366,-0.3663109503516
109.405470720574,-3.000642445492
108.651577465254,-2.92009365608301
107.902879151618,-0.86587544529588
107.159339982267,-0.469473215069608
106.420924406472,-2.76036859846168
105.68759711848,-2.08344517411946
104.959323055823,-0.963269543750111
104.23606739764,-3.24118570209545
103.517795563018,-2.643844828527
102.804473209331,1.15978669950296
102.096066230605,-0.34495329549686
101.392540755882,-2.68271871066546
100.693863147603,-1.17543877365993
100,-0.669368725833361
100,-0.669368725833418
99.310918137498,-1.20148196572155
98.6265846131283,-2.39580507066334
97.946966706954,-2.54295932503497
97.2720319245054,-2.43890231102282
96.6017479952265,-3.60421440554249
95.9360828709315,-2.70208158241565
95.2750047242729,-2.39294395757089
94.61848194722,-3.57922770708087
93.966483149547,-0.233155534860326
93.3189771573324,-0.467939330412189
92.6759330114688,-3.52091076140904
92.0373199661823,-1.73657942089711
91.4031074875623,-1.01035137946549
90.9090909090909,-2.02941156536123
90.7732652521023,-2.0286343644975
90.1477631452492,-2.92482541962202
89.526571259964,-2.89923402919772
88.9096598952916,0.711921471453441
88.2969995549409,-0.439027785151079
87.6885609458743,-3.54621958084304
87.0843149769073,-1.08163200375621
86.4842327573172,-1.75649984160976
85.8882855954625,-2.72517259691851
85.2964449974102,-1.75272737935584
84.7086826655741,-2.59992901869337
84.1249704973612,-2.01417393907515
83.5452805838287,-3.50964877773761
83.3333333333333,-2.65753233135346
82.9695852083491,-1.11196054791521
82.3978568452852,-3.5181790087896
81.8300681586739,2.02518822086778
81.2661920009194,-0.725326971820816
80.706201411495,-0.65206178387471
80.150069615654,10.1999864192442
79.5977700231498,-1.17225728344881
79.0492762269642,-1.62291420295629
78.5045620020451,-0.327981328475185
77.9636013040523,1.16656257257929
77.4263682681127,-3.63776252362576
76.9230769230769,1.15143997650741
76.8928372075831,1.44185868544974
76.3629826128224,-3.33844213755823
75.8367791499719,-1.38718551515721
75.3142016597437,-2.68434813117373
74.7952251562182,-2.51065961143614
74.2798248256491,-2.68434013257605
73.7679760252773,-3.07312931721658
73.2596542821523,-2.4438519425545
72.7548352919623,-3.43648399235182
72.2534949178722,-3.6092402841371
71.7556091893693,-2.57792147654599
71.4285714285714,-1.56302090905852
71.2611543011175,-2.12031273512023
70.7701066118189,-3.07840031910974
70.2824426430835,-1.24801284062924
69.7981390783066,-2.33280156675805
69.3171727615541,-3.38278170041026
68.839520696455,-3.43872332849748
68.3651600451024,-1.02332351450358
67.8940681269611,-2.77861073235671
67.4262224177834,-1.94314955130887
66.9616005485322,-3.13092145679824
66.6666666666667,1.40496598470474
66.5001803043112,1.2356856131318
66.0419396233031,-1.96828040767557
65.5868565957143,0.0531608003326953
65.134909462728,-1.47275939337554
64.6860766154633,-2.57602615925377
64.2403365939419,-2.04868707501297
63.7976680860628,-3.06438485492107
63.3580499265825,-0.188431472850321
62.9214610961034,-2.28431663235933
62.5,-1.84784445541934
62.4878807200689,-1.91147850674586
62.057288067765,-3.00751853967558
61.6296625513294,-2.7970426343242
61.204983724767,-3.48110276949331
60.7832312829723,-2.13167609624007
60.3643850607587,-3.50120223887172
59.9484250318941,-2.94099622465852
59.5353313081437,-3.64931946769915
59.1250841383188,-3.64252586361662
58.8235294117647,-2.95723730680505
58.7176639073326,-1.74092168439703
58.3130511352622,-2.66434650443459
57.9112264764176,-2.80303212876158
57.5121707184161,-2.38274287186386
57.1158647812643,-3.65384043885985
56.7222897164454,-3.09182989469361
56.3314267060136,-2.50855917232793
55.9432570616938,-2.47032716188651
55.5577622239888,-2.24898846832734
55.5555555555556,-2.22230914312628
55.1749237612912,-1.55228221629813
54.7947233690029,-3.20313572188909
54.4171428686589,-3.02296156300242
54.0421642070592,-2.91207445131819
53.6697694554048,-3.15681006755561
53.2999408084409,-3.51008848211752
52.9326605836056,-2.19234703721802
52.6315789473684,-3.07054975806654
52.5679112201842,-3.1914971878201
52.2056752784698,-1.45613744133429
51.8459354389291,-3.24691785656516
51.488674501375,-3.60354768650093
51.1338753841433,-2.85432540696713
50.7815211232767,-2.40203900848955
50.4315948717136,-0.640110559110194
50.0840798984821,-3.30234357384294
50,-2.98289373449121
49.7389595879007,-3.36255025586727
49.3962174387832,-2.47359327252986
49.0558370636505,-2.81356752064697
48.7178021879463,-2.88731849713927
48.3820966492596,-3.11917281392929
48.0487043965513,-0.379955888941065
47.7176094893875,-3.01631887053282
47.6190476190476,-2.048975220558
47.3887960971765,-2.40896198006787
47.0622484984128,-3.40724691031063
46.7379510799246,2.01755445282415
46.4158883361278,-2.1114754293777
46.0960448682843,-2.06687209712187
45.7784053837662,-2.75627199838722
45.462954695324,-2.77007652373795
45.4545454545455,-2.75519192791445
45.149677720361,-2.55967897868019
44.8385594802119,-2.05277323729193
44.5295850994266,-2.50678941127439
44.222739805059,8.73556815692548
43.9180089259609,-0.593265874584783
43.6153778920801,-1.09596213544212
43.4782608695652,-2.13800000866247
43.314832233764,-2.23916437870123
43.016357581068,-3.61572196225706
42.7199396630678,-1.29008342682227
42.4255643071778,-2.18254325393677
42.1332174384729,-0.533178303065806
41.8428850790158,-1.16366528926688
41.6666666666667,-3.20115090472269
41.5545533471888,-1.40154291475717
41.2682084570295,-3.24772866703462
40.9838367175726,-1.6890388021677
40.7014245321944,-2.64362477953064
40.4209583979631,-3.42437297892739
40.1424249049932,0.686794004321389
40,-3.11632154157875
39.8658107358044,-1.57142028953605
39.5911026646846,-2.92601238851496
39.3182875570577,-2.34994590116151
39.0473523688556,-0.592776689267207
38.7782841458946,-2.91318369883627
38.5110700232557,-3.25592182746835
38.4615384615385,-3.57564903182084
38.24569722467,-1.5685687099842
37.9821530619073,-1.63112873399525
37.72042493417,-3.28294116311697
37.4605003274899,-1.90488123183588
37.2023668141307,-3.01713086846255
37.037037037037,-3.56716835256661
36.946012051993,-3.17109658988745
36.6914237840249,-1.86700890719085
36.4385898376355,-2.70293910024373
36.1874981241128,-2.57229549364295
35.9381366380463,-3.23667819120909
35.7142857142857,-2.80581553773636
35.6904934567523,-3.08101447219304
35.4445567397043,-0.427329052671364
35.2003147279668,-1.95383855208545
34.9577557436328,-3.11492249497227
34.7168681892656,-3.52873440925161
34.4827586206897,-3.4888333267245
34.4776405473446,-3.42032332051336
34.2400613797142,-3.15302465680089
34.0041193270371,-1.02259554374377
33.7698031082509,-3.52722492289937
33.5371015200293,-1.83999047874611
33.3333333333333,-2.0942384208371
33.3060034362459,0.0657146600390677
33.0764978074424,-3.22786481093341
32.8485736603004,-3.10072602051256
32.6222200971167,-2.76724203607416
32.397426295282,1.61889434829111
32.258064516129,-2.85844058612006
32.1741815067637,-0.0863153806908015
31.9524750575921,-3.18198742194515
31.7322963473498,-3.65096252940462
31.5136348486648,-3.27087854865133
31.2964801067075,-2.70150895662494
31.25,-3.45223624713206
31.0808217386906,-3.03876650620033
30.8666494333727,-3.44816461706456
30.6539529505653,-3.1926421910589
30.442722120643,-0.469833446697645
30.3030303030303,-3.66242911225624
30.2329468440578,-2.86029027533685
30.0246170908555,-3.29512286956752
29.8177229001967,-3.31514661578422
29.6122543798804,-3.11443816779622
29.4117647058824,-2.7892586516195
29.4082017058706,-2.71867794531276
29.2055551218275,-3.19561586646806
29.0043049386399,-2.77866077895014
28.804441533963,-2.00300149948144
28.6059553517574,-2.93488725269408
28.5714285714286,-3.63349488796215
28.408836901833,-3.55369803670645
28.2130767593947,-3.13592228275173
28.018665564592,-3.45839643421361
27.8255940220712,-3.16332000409819
27.7777777777778,-3.65677128408178
27.6338529005317,-1.31875062653504
27.4434330322836,-0.879302463912931
27.2543253128103,-1.71716756421081
27.0665207003324,0.784273286106516
27.027027027027,-1.41233498104294
26.8800102153761,2.1193531422113
26.6947849403432,1.01103351678738
26.5108360190854,-3.01263400482521
26.3281546564802,-2.12734081705404
26.3157894736842,-0.913635965196771
26.1467321180109,-1.99057655020975
25.9665597293487,-3.11642501844285
25.787628875938,-1.19399797140884
25.6410256410256,-2.23033902557934
25.6099310025846,-2.66758343956907
25.4334576130465,-2.61512249795528
25.2582002696278,1.70438777874823
25.0841505927754,-0.217779995353633
25,7.15659303794498
24.9113002606779,3.73864864206532
24.7396410088681,3.55133491804809
24.5691646298279,-2.63317414842448
24.3998629725955,-1.77959019143243
24.390243902439,-2.26547398050298
24.231727942376,-2.60609342796455
24.0647515001542,-2.39812879913246
23.8989256623105,-3.32884421651193
23.8095238095238,-3.50008370366744
23.7342425002387,-1.69959656703015
23.5706941399673,-1.27569526082412
23.4082727617829,-0.856501788019879
23.2558139534884,-3.15466885595743
23.2469705998565,-3.56329381937781
23.0867799418717,-3.09044210407178
22.9276931286565,-2.39080636556879
22.7697025538168,-2.12355324395899
22.7272727272727,-3.35374467339094
22.6128006633728,-2.23574561412878
22.4569799553977,-1.84218096990839
22.3022329796594,-2.83135289718892
22.2222222222222,-3.33374291808822
22.1485523372636,-0.219849061952298
21.9959306803007,-2.31854848005029
21.8443607114943,-3.17392319204675
21.7391304347826,-3.44127271309874
21.6938351838518,0.0939051352776419
21.5443469003188,-2.66836808916544
21.3958887134342,-3.02547318322122
21.2765957446809,-0.240802595688375
21.2484535249888,-0.859275238563082
21.102034285686,-3.23627244396102
20.9566239948043,-2.5093845765687
20.8333333333333,-2.75230654315852
20.8122156998634,-3.43314964606612
20.6688024962908,-3.1637177045264
20.5263775270925,-1.39661620969708
20.4081632653061,-2.45211111742655
20.3849339825246,0.775999129975294
20.244465099768,-1.8111593948228
20.104964162605,-0.0203136040675913
20,-2.228848916003
19.9664245010979,-3.3152639745427
19.8288394912707,-2.91843972809762
19.6922025547917,-3.58752317299969
19.6078431372549,-3.42365239774362
19.5565071586595,-2.70825637808802
19.4217468148903,-3.3112417494075
19.2879150802078,-2.76097002418164
19.2307692307692,-2.07573000209295
19.1550055557353,-2.64894801700957
19.0230118866894,-3.57063031676541
18.8919277620767,-2.50481032994302
18.8679245283019,-1.25621405755084
18.7617469143912,-3.61506287437247
18.6324631193156,-0.649523848278089
18.5185185185185,-3.50843962119337
18.504070195423,-2.98971269032112
18.3765620038817,-0.820255279692428
18.2499324481615,-3.34290597722223
18.1818181818182,-3.54704708987365
18.1241754737424,-2.82899779661029
17.9992850678248,-3.05796172776523
17.8752552590424,-3.14734703811767
17.8571428571429,-2.81714715554532
17.7520801171764,-3.35587597573582
17.6297537528721,-3.33751643280963
17.5438596491228,-0.6212107865481
17.5082703173572,-1.46919664760453
17.3876240021625,-1.81694943261284
17.2678090388436,-2.93624385120274
17.2413793103448,-2.06040726696458
17.1488196987054,-3.21487313753679
17.0306502925284,-0.383173322808754
16.9491525423729,2.43070298614804
16.9132951702965,-2.3549991532284
16.7967487209265,-3.58360717254056
16.6810053720006,0.447775193755537
16.6666666666667,-1.71735786135657
16.5660595894991,-3.30490357032196
16.4519058775366,-2.6805171520712
16.3934426229508,-3.17874544848281
16.3385387780986,-3.34517132929728
16.2259528707809,-3.54959167751469
16.1290322580645,-0.693264908523768
16.1141427725302,-0.426776618536461
16.003103137387,-3.52557161674862
15.8928286562298,-3.4444861431494
15.8730158730159,-0.215573709620496
15.7833140565212,-1.87105569210196
15.674554102056,-2.43316560865871
15.625,-0.782147333493962
15.5665435927106,-1.3118584737984
15.4592773641948,-2.43905892467621
15.3846153846154,-0.243522698305649
15.3527502878042,-3.47099002335808
15.2469572701757,-2.4360883358771
15.1515151515152,0.449477681966546
15.1418932530435,-1.08644517190684
15.0375532129974,-2.3444716465501
14.9339321612425,-0.930365609356168
14.9253731343284,-0.524862681701062
14.831025143361,-2.9633934102268
14.728827239075,-2.17352592369697
14.7058823529412,-2.52599046622516
14.6273335620113,-3.66162704066228
14.5265392594678,-1.5154477596936
14.4927536231884,-3.41331745114577
14.4264395121816,-3.48188910798215
14.3270295340983,-1.74378154259626
14.2857142857143,-0.604183437192954
14.2283045721435,-0.273105031788371
14.1302599059953,-1.70765085710535
14.0845070422535,-0.677902738968963
14.0328908478587,0.977802317502428
13.9361927422414,-1.45708948963606
13.8888888888889,-2.67279425870141
13.8401609657313,-0.745208038685898
13.7447909267754,-3.2230978095976
13.6986301369863,-3.24309556901185
13.6500780654601,-2.00405918086322
13.5560178532937,-0.796362990869834
13.5135135135135,-1.14946759349827
13.4626057929891,-1.16054326341047
13.3698374182495,-1.54486968653829
13.3333333333333,3.5191791882986
13.2777082935543,-1.77250143232423
13.1862140139475,-2.08032578363118
13.1578947368421,-1.54336472714176
13.0953502048267,0.740737570353265
13.0051125217341,-3.28534281716413
12.987012987013,-1.85883680477563
12.9154966501488,-3.33040431781559
12.8264983052806,1.25914948876126
12.8205128205128,2.14601382754383
12.7381132318648,-2.87135005082761
12.6582278481013,-2.10120618471471
12.650337203959,-0.846405096079859
12.5631660247412,-3.26900052321612
12.5,-1.75769133707636
12.4765955263087,-3.23561980671995
12.3906215694792,-3.57081679079105
12.3456790123457,-2.92057550191817
12.3052400435926,-3.22994098849368
12.2204468663149,-0.625295729160864
12.1951219512195,-1.78248309303255
12.1362379834424,-1.01108456409572
12.0526093687084,-0.534095750045775
12.0481927710843,-0.811238428807978
11.9695570235904,5.78303109312585
11.9047619047619,-3.57708257532071
11.887076977119,-2.11075007040322
11.8051652856881,-2.02735235800675
11.7647058823529,-3.18897671735042
11.723818032866,-2.35693768741326
11.6430313292088,0.799219349361398
11.6279069767442,-3.14077674400998
11.5628013120738,-2.3915582269292
11.4942528735632,-1.09782030833379
11.4831241454351,-0.423587707735844
11.4039960197003,-3.65281534500492
11.3636363636364,-3.61753830384726
11.3254131515281,-3.28038551971654
11.2473717836475,-3.30285650658798
11.2359550561798,-3.51874978049706
11.1698681846782,-3.2931767230569
11.1111111111111,-1.8542755240016
11.0928986489522,-3.38330468495435
11.0164594963366,-2.57403942636661
10.989010989011,-0.657047422303473
10.9405470720574,-2.37962543505294
10.8695652173913,-1.07215145887416
10.8651577465254,-1.31918935947531
10.7902879151618,-2.89438611573042
10.752688172043,-2.85667992238858
10.7159339982267,-2.66847955595277
10.6420924406472,-3.02485990382821
10.6382978723404,-2.70602249245418
10.568759711848,-3.09922247246471
10.5263157894737,-3.41580488158958
10.4959323055823,-2.87522578273264
10.423606739764,-1.69809466787027
10.4166666666667,-2.49975482985722
10.3517795563018,-1.46679923125891
10.3092783505155,-3.16086097344397
10.2804473209331,-2.79139946705997
10.2096066230605,-2.83460921632185
10.2040816326531,-2.86356163542693
10.1392540755882,0.00268491798566561
10.1010101010101,-3.65110152401469
10.0693863147603,-3.50077151484829
10,-2.01845358143505
10,-2.01845358143491
9.9310918137498,-2.86927019895968
9.9009900990099,1.03602167455846
9.86265846131282,0.435880116716835
9.80392156862745,-3.20462638195768
9.79469667069539,0.580499672186098
9.72720319245054,-2.91464924847339
9.70873786407767,-3.45157971105639
9.66017479952265,-2.04947426100586
9.61538461538461,-3.14758994597248
9.59360828709314,-2.88512097592298
9.52750047242729,-1.80766044070124
9.52380952380952,-2.4031180252813
9.461848194722,-2.29447802004223
9.43396226415094,-3.47192595476396
9.39664831495469,-3.47812977002873
9.34579439252336,-2.82242852927284
9.33189771573324,-3.09755248823619
9.26759330114688,-1.15664889357573
9.25925925925926,-0.567550780001407
9.20373199661822,-2.18075732879138
9.1743119266055,-3.55965893707626
9.14031074875623,-3.53935606202215
9.09090909090909,-0.646803328096961
9.07732652521023,-3.32217815232458
9.01477631452492,-3.02536157163702
9.00900900900901,-3.6203422792178
8.9526571259964,-1.83917485675333
8.92857142857143,-3.37603774502285
8.89096598952916,-2.85822140709883
8.84955752212389,0.705805060055146
8.82969995549409,-1.17834865497134
8.7719298245614,-2.48820201041265
8.76885609458743,-3.34287429416777
8.70843149769072,-3.45409802223649
8.69565217391304,-3.44770124486443
8.64842327573172,0.723291284871455
8.62068965517241,-1.72145618356408
8.58882855954625,-0.691132777797161
8.54700854700855,1.06091285069615
8.52964449974102,-0.423397521886367
8.47457627118644,-2.53476514255275
8.47086826655741,-3.64119150040888
8.41249704973612,-3.34018341677723
8.40336134453781,-1.7448820570071
8.35452805838287,1.55917352450537
8.33333333333333,1.52882165962125
8.29695852083491,-3.08560449692682
8.26446280991736,-2.08921960697061
8.23978568452852,-3.22046704732345
8.19672131147541,-3.5121870337703
8.18300681586739,-3.45628199188796
8.13008130081301,-3.14915356805248
8.12661920009195,-3.07990045405297
8.0706201411495,-2.66856565364666
8.06451612903226,-1.94035117392455
8.01500696156541,-3.64843218291592
8,-3.62668525940132
7.95977700231498,-3.21682387268775
7.93650793650794,-2.67779490143168
7.90492762269642,-3.07720107013291
7.8740157480315,0.900916141815959
7.85045620020451,-3.43336401919874
7.8125,-3.54552100851132
7.79636013040523,-3.19530422427145
7.75193798449612,-3.02576810766156
7.74263682681127,-3.09994887584555
7.69230769230769,-3.58341951123252
7.68928372075831,-3.07133700505592
7.63629826128224,-2.74708873726417
7.63358778625954,-2.73071140929671
7.58367791499719,-3.27233546534391
7.57575757575758,-3.15969353654578
7.53142016597437,-3.03299071979076
7.5187969924812,-2.4558373274274
7.47952251562182,-2.21246622639263
7.46268656716418,-3.55250842052818
7.42798248256492,-3.23109093541778
7.40740740740741,-2.69524213554383
7.37679760252773,-3.08667208526456
7.35294117647059,1.9210307763478
7.32596542821523,-3.49082408226489
7.2992700729927,-3.4329311478629
7.27548352919623,-3.18110368382512
7.2463768115942,-2.68498428379221
7.22534949178722,-1.80261982637158
7.19424460431655,0.356570284316338
7.17556091893693,-1.72755613330828
7.14285714285714,-2.81816229872136
7.12611543011175,-2.71943146282872
7.09219858156028,-2.65163503165634
7.07701066118189,-2.63464976570348
7.04225352112676,-0.990589376826914
7.02824426430835,-2.54325273657367
6.99300699300699,0.270429816904898
6.97981390783066,-2.66738641458842
6.94444444444444,-1.68218950609356
6.93171727615541,-3.52512348269336
6.89655172413793,-3.03128261695202
6.8839520696455,-2.88846232077905
6.84931506849315,-1.99232309923384
6.83651600451024,-1.17038469335896
6.80272108843537,-3.04387079009281
6.78940681269611,-1.93167577998018
6.75675675675676,-0.64316986356847
6.74262224177834,-3.23790214090733
6.71140939597315,-2.62822191315568
6.69616005485322,-2.9353647536639
6.66666666666667,-2.96949141657482
6.65001803043112,-2.13335039597829
6.62251655629139,-2.86475827419319
6.6041939623303,-3.636028852209
6.57894736842105,-3.03639131638358
6.55868565957143,-0.59375377760018
6.5359477124183,-2.1193307258237
6.5134909462728,-2.92463994428318
6.49350649350649,-1.07890939340693
6.46860766154633,-1.40340254295576
6.45161290322581,-1.60330998626703
6.42403365939419,-3.55865363541319
6.41025641025641,-2.84164468026894
6.37976680860628,-2.91978044063624
6.36942675159236,-2.66648401042225
6.33580499265825,-0.269348953187754
6.32911392405063,-2.03851692085324
6.29214610961034,-3.38152706041994
6.28930817610063,-2.63134696037299
6.25,-3.3301540157192
6.24878807200689,-3.2534782645378
6.2111801242236,-1.68391509279446
6.2057288067765,-2.01456862402007
6.17283950617284,-2.30004943052951
6.16296625513294,-3.45492143990263
6.13496932515337,-3.22089326956781
6.1204983724767,-1.78228543909524
6.09756097560976,-3.55166733566675
6.07832312829723,-2.09556111335642
6.06060606060606,-3.49064679117175
6.03643850607587,-3.19385299715538
6.02409638554217,-2.12643735308019
5.99484250318941,-2.6768526507828
5.98802395209581,-3.1357113217284
5.95353313081437,-2.93074354162818
5.95238095238095,-3.1876198802427
5.91715976331361,-2.77767223275374
5.91250841383188,-3.30327305476934
5.88235294117647,-3.28643792106315
5.87176639073326,-3.35409200849206
5.84795321637427,-2.47523499472801
5.83130511352622,-1.84543892319329
5.81395348837209,-3.44312771691143
5.79112264764176,-3.40412142626836
5.78034682080925,-3.57522965652081
5.75121707184161,-3.43889830331737
5.74712643678161,-1.22799088735432
5.71428571428571,-3.1640337592777
5.71158647812643,-2.87436722677453
5.68181818181818,-2.14329919145502
5.67222897164454,-2.95681053755429
5.64971751412429,0.381593430231864
5.63314267060136,-2.72698827909461
5.61797752808989,-2.36998281282591
5.59432570616938,-3.05652488135898
5.58659217877095,-2.02719134525462
5.55577622239888,0.132881622528846
5.55555555555556,-0.388844227123466
5.52486187845304,-2.76491975113067
5.51749237612913,-3.43406176937064
5.49450549450549,-2.74784622689391
5.47947233690029,-2.2864946725041
5.46448087431694,-3.62049082119197
5.44171428686589,-2.55447532043071
5.43478260869565,-3.40929823415818
5.40540540540541,-3.2217925131821
5.40421642070592,-3.00106630583026
5.37634408602151,-3.64760785646062
5.36697694554048,-2.49526031134648
5.3475935828877,-2.79878837674216
5.32999408084409,-2.91423593023374
5.31914893617021,-3.55193660900941
5.29326605836056,-3.49314598614573
5.29100529100529,-3.12011249694923
5.26315789473684,-3.56983647477228
5.25679112201842,-3.06846295158352
5.23560209424084,-1.728588189993
5.22056752784698,-2.34938830348637
5.20833333333333,-2.23123098390469
5.18459354389291,-3.49267147651649
5.18134715025907,-3.59091478555221
5.15463917525773,-2.13237317714639
5.14886745013749,-1.42303689012776
5.12820512820513,-1.78514998643375
5.11338753841433,-3.33517060908387
5.10204081632653,-3.11645340090991
5.07815211232767,-3.21274283976346
5.0761421319797,-0.861529429478916
5.05050505050505,-3.34634234727765
5.04315948717136,-3.60463084848474
5.0251256281407,-3.21873383437967
5.00840798984821,-3.51990628463029
5,-3.35406514543358
4.97512437810945,-3.55779099879394
4.97389595879006,-2.85921529327494
4.95049504950495,-3.42214741079543
4.93962174387832,-3.17606027427176
4.92610837438424,-2.84169480166228
4.90558370636505,-2.77796570220205
4.90196078431372,-3.22090329092979
4.8780487804878,-0.564939837829665
4.87178021879463,-3.51311744813695
4.85436893203883,-0.0503308968972176
4.83820966492596,-1.21030800030182
4.83091787439613,-3.52151784561026
4.80769230769231,-3.61744379337149
4.80487043965513,-2.83295692785056
4.78468899521531,-2.47031247849331
4.77176094893875,-3.39295584907135
4.76190476190476,-3.41140722473817
4.739336492891,-3.29476501304112
4.73887960971765,-3.20255351489861
4.71698113207547,-3.66277552809738
4.70622484984128,-3.62841799367292
4.69483568075117,-3.65286825325098
4.67379510799246,-3.44492474776065
4.67289719626168,-1.85424628351073
4.65116279069767,-2.58596767398044
4.64158883361278,-3.09939633721701
4.62962962962963,-2.72041317783471
4.60960448682843,-2.63671543270344
4.60829493087558,-1.25596920695115
4.58715596330275,-1.35048547221553
4.57784053837662,-2.25802275710022
4.5662100456621,-3.13617960668106
4.5462954695324,-3.32624703495487
4.54545454545455,-3.04062167881706
4.52488687782805,-2.07124325462298
4.5149677720361,-0.168569635928331
4.5045045045045,-0.382372026714147
4.48430493273543,-1.10298021259397
4.48385594802119,-1.28239934874507
4.46428571428571,-2.02601805128954
4.45295850994265,-1.96848834153949
4.44444444444444,-2.59740127692556
4.42477876106195,-3.32848677126527
4.4222739805059,-3.61706008310453
4.40528634361233,-3.14677921865497
4.39180089259609,-3.29433144286007
4.3859649122807,-2.7011743222563
4.36681222707424,-3.65561980354708
4.361537789208,-3.36235268990064
4.34782608695652,-2.97519521597475
4.3314832233764,-1.23821158145132
4.32900432900433,-3.59249898108068
4.31034482758621,-2.9118432524984
4.30163575810679,-1.23752800619253
4.29184549356223,-3.15392405953362
4.27350427350427,-2.8669043168325
4.27199396630678,-3.46442075639119
4.25531914893617,-1.3604705399896
4.24255643071778,-3.54487269960084
4.23728813559322,-3.54301882361834
4.21940928270042,-2.98635728975007
4.21332174384729,-3.61694012143924
4.20168067226891,-1.16123503183699
4.18428850790158,-2.62110815122495
4.18410041841004,-2.25263428309084
4.16666666666667,-1.20565236832659
4.15545533471888,-3.15010254551405
4.149377593361,-1.91226401348787
4.13223140495868,-3.15769970960225
4.12682084570295,-2.89038484392757
4.11522633744856,-3.4812873832907
4.09838367175726,-3.55361132486318
4.0983606557377,-3.54337342621865
4.08163265306122,-3.51188883032058
4.07014245321944,-3.63805809130754
4.0650406504065,-3.59757748391747
4.04858299595142,-3.2748733572309
4.04209583979631,-3.2012161398588
4.03225806451613,-3.65426190098232
4.01606425702811,-2.87086157742014
4.01424249049932,-3.43760518810084
4,-2.34468597307416
3.98658107358044,-2.79936834308621
3.98406374501992,-3.35405960655244
3.96825396825397,-2.92888153007432
3.95911026646846,-1.78560812067205
3.95256916996047,-2.11986361880404
3.93700787401575,-3.37592456495791
3.93182875570577,-3.21346304817923
3.92156862745098,-3.19870592140081
3.90625,-0.928397857217258
3.90473523688556,-2.72626103072569
3.89105058365759,-3.35414498844913
3.87782841458946,-2.60632612554688
3.87596899224806,0.378327159384345
3.86100386100386,-3.14818416383589
3.85110700232557,-3.65551618014863
3.84615384615385,-3.55252734833511
3.83141762452107,-2.15220857342272
3.824569722467,-2.95529584948603
3.81679389312977,-2.27370540466462
3.80228136882129,-3.4348598090731
3.79821530619074,-1.97207726216375
3.78787878787879,-3.5345644458154
3.77358490566038,-3.59243777546966
3.772042493417,-2.15206474617103
3.7593984962406,-3.22323940464171
3.74605003274899,-2.51505878821318
3.74531835205992,-1.50133359740961
3.73134328358209,-2.80591017313661
3.72023668141307,-2.50414586146997
3.71747211895911,-3.29007209936823
3.7037037037037,-1.64368535635712
3.6946012051993,-3.31447514224406
3.690036900369,-3.65796668926454
3.67647058823529,-3.55964010617169
3.66914237840249,-3.23303936921918
3.66300366300366,-3.57986917312077
3.64963503649635,-3.61913052254938
3.64385898376355,1.25319532240589
3.63636363636364,-2.16859596216123
3.6231884057971,-2.99430888941098
3.61874981241128,-3.58531964365822
3.6101083032491,-2.21492575466435
3.59712230215827,-2.80543177444271
3.59381366380463,-3.37387418306794
3.584229390681,-1.79488535639636
3.57142857142857,-1.70551910679547
3.56904934567523,-2.34937370192265
3.55871886120996,-3.22745700766371
3.54609929078014,-2.94030545601511
3.54445567397043,-3.14721164531961
3.53356890459364,-3.52793822653187
3.52112676056338,-0.846982858275662
3.52003147279668,-3.1908821845647
3.50877192982456,-3.0572890936644
3.4965034965035,-3.39591836439642
3.49577557436328,-3.63587114708833
3.48432055749129,-2.10488785425103
3.47222222222222,-3.4972834098824
3.47168681892656,-2.69440635021969
3.46020761245675,-3.1334250942824
3.44827586206897,-3.53948026757611
3.44776405473446,-2.58688891893199
3.43642611683849,-3.32684461120597
3.42465753424658,-3.2855642010826
3.42400613797142,-3.20040531239827
3.41296928327645,-1.716150210933
3.40136054421769,-1.57234515207737
3.40041193270371,-2.76147288158547
3.38983050847458,-2.37412898258513
3.37837837837838,1.70756315617034
3.37698031082509,-3.13739354892565
3.36700336700337,-2.33403054164973
3.35570469798658,-3.49857016431137
3.35371015200293,-3.57902204927451
3.34448160535117,-0.101724234935783
3.33333333333333,-1.23383023203923
3.33060034362459,-1.44324513790179
3.32225913621262,-2.27023187922175
3.3112582781457,-1.74611039633889
3.30764978074424,-3.0625041549995
3.3003300330033,-1.72365440142347
3.28947368421053,-3.5271537645908
3.28485736603004,-2.71848277270778
3.27868852459016,-3.17068744290874
3.26797385620915,-3.42040528237906
3.26222200971167,-3.46130060341373
3.25732899022801,-2.33963475461151
3.24675324675325,-2.30563156282876
3.2397426295282,-1.72916323988927
3.23624595469256,-3.1455911321003
3.2258064516129,-3.11706031156744
3.21741815067637,-1.86458202745753
3.21543408360129,0.768712420745875
3.20512820512821,-1.24819736960564
3.19524750575921,-3.32483926521042
3.19488817891374,-2.78332237766527
3.18471337579618,-2.01661151494111
3.17460317460317,-2.91419946792352
3.17322963473498,-3.23925794369965
3.16455696202532,-2.88752847811524
3.15457413249211,-3.15297343842267
3.15136348486648,-3.2081532421392
3.14465408805031,-2.11096656101288
3.13479623824451,1.41331625792275
3.12964801067075,-1.06151711828486
3.125,-3.65066368593908
3.11526479750779,-3.1670455724044
3.10808217386906,-1.46667009990854
3.1055900621118,-3.4097368129923
3.09597523219814,-2.39285052903922
3.08666494333727,-2.72112086750796
3.08641975308642,-2.49907907288447
3.07692307692308,-3.56205031584953
3.06748466257669,-3.61103848685722
3.06539529505653,-2.86824881515657
3.05810397553517,-3.55484012691455
3.04878048780488,-1.6371141814035
3.0442722120643,-3.53346233826083
3.03951367781155,-3.39284951738061
3.03030303030303,-2.53824931807001
3.02329468440578,-1.76177104900905
3.02114803625378,-1.65584700320856
3.01204819277108,-3.62250117038418
3.003003003003,-3.64401886960594
3.00246170908555,-3.15002713733433
2.9940119760479,-3.17742100831368
2.98507462686567,-3.4259353299456
2.98177229001967,-2.55418960688278
2.97619047619048,-2.59799176427763
2.9673590504451,-2.83292949555514
2.96122543798803,-3.41936354737627
2.9585798816568,-3.50852574385665
2.94985250737463,-3.48596718018951
2.94117647058824,-2.15870971751782
2.94082017058706,-3.37732654840148
2.93255131964809,-3.02407231973093
2.92397660818713,-3.50500563392817
2.92055551218275,-3.15173908858476
2.91545189504373,-2.24627559905813
2.90697674418605,-3.36593894140709
2.90043049386399,-3.32454688144811
2.89855072463768,-2.85145718158172
2.89017341040462,-2.78719879016419
2.88184438040346,-3.38920393727836
2.8804441533963,-3.43772829215772
2.8735632183908,-3.48411596757692
2.86532951289398,-3.50665779550372
2.86059553517574,-1.81835348301417
2.85714285714286,-3.37953860271947
2.84900284900285,-3.50513223920067
2.84090909090909,-2.88713103562058
2.8408836901833,-2.97680481198266
2.8328611898017,-3.64749745384644
2.82485875706215,-2.59334805588885
2.82130767593947,-2.63754816400272
2.8169014084507,-1.01979095116179
2.80898876404494,-1.98006325763809
2.8018665564592,-2.2076167099952
2.80112044817927,-1.65888540606671
2.79329608938547,-2.36563782152457
2.78551532033426,-2.72785176924908
2.78255940220712,-3.21498916441414
2.77777777777778,-2.28375295057868
2.77008310249307,-3.16221690613606
2.76338529005317,-2.63052249790978
2.76243093922652,-1.69120745138461
2.75482093663912,-1.71630073229339
2.74725274725275,-3.49757859374754
2.74434330322836,-3.61836449924895
2.73972602739726,-3.51625068132834
2.73224043715847,-2.95038658243699
2.72543253128103,-3.5177752753345
2.72479564032698,-2.91294289676822
2.71739130434783,-1.59834542713743
2.710027100271,-3.49890381203103
2.70665207003324,-3.45793254915783
2.7027027027027,-3.43924567169604
2.69541778975741,-3.27976469321463
2.68817204301075,-1.49569899232874
2.68800102153761,-1.70699981530565
2.68096514745308,-0.98976234017088
2.67379679144385,-1.2299864526626
2.66947849403432,-3.53016303341213
2.66666666666667,0.916719877056512
2.65957446808511,-1.99353918448669
2.6525198938992,-3.040690389971
2.65108360190854,-3.37573421834575
2.64550264550265,-1.73066374232728
2.63852242744063,-1.29091857844183
2.63281546564802,-3.32894258073496
2.63157894736842,-1.25785218588471
2.6246719160105,-1.94953870121251
2.61780104712042,-3.0901950299186
2.61467321180109,-2.02479621467163
2.61096605744125,-3.6553186317323
2.60416666666667,-3.46244185973576
2.5974025974026,-2.44953541491553
2.59665597293487,-3.350131726674
2.59067357512953,-3.45844973903688
2.58397932816537,-2.11754291854241
2.5787628875938,-3.04905566326725
2.57731958762887,-3.05410491850163
2.5706940874036,-2.70032210375042
2.56410256410256,-1.32407731811567
2.56099310025846,-3.14516048266678
2.55754475703325,-1.02953955595249
2.55102040816327,-1.78647000081649
2.54452926208651,-1.89275210897592
2.54334576130465,-3.33106200752492
2.53807106598985,-3.64777284800534
2.53164556962025,-2.0108044738702
2.52582002696278,-3.39559303119217
2.52525252525253,-3.16914348005683
2.51889168765743,-3.60278052929361
2.51256281407035,-2.93986605688594
2.50841505927754,-2.25760448217901
2.5062656641604,-3.40170004313129
2.5,-3.16236907588997
2.49376558603491,-3.35281709265548
2.49113002606779,-3.35334605492256
2.48756218905473,-2.80393263509695
2.48138957816377,-3.65436514530704
2.47524752475248,-1.77667084086461
2.47396410088681,-3.03648448262744
2.46913580246914,-3.42893012597319
2.46305418719212,-3.46257031232157
2.45700245700246,-0.319033421031558
2.45691646298279,0.154456005307215
2.45098039215686,-3.34018918144893
2.44498777506112,-3.22557665046794
2.43998629725955,-2.60636912540273
2.4390243902439,-3.14186991520803
2.4330900243309,-2.74009657748537
2.42718446601942,-3.6404745743409
2.4231727942376,-3.00329803389833
2.42130750605327,-3.57986574033198
2.41545893719807,-3.03391282715308
2.40963855421687,-3.36419261287456
2.40647515001542,-3.00503669932528
2.40384615384615,-2.30142737152364
2.39808153477218,-2.62345698058423
2.39234449760766,-2.57288844856377
2.38989256623105,-2.62739321965442
2.38663484486874,-1.63578781279117
2.38095238095238,-3.41142189468344
2.37529691211401,-3.63168764803403
2.37342425002387,-3.54961501562424
2.3696682464455,-3.50557321872445
2.36406619385343,-1.60910994242816
2.35849056603774,-2.87851170413186
2.35706941399673,-3.20925565414286
2.35294117647059,-3.29815723643359
2.34741784037559,-3.37131096989379
2.34192037470726,-2.77028716565838
2.34082727617829,-3.66334531336106
2.33644859813084,-2.32423273359658
2.33100233100233,-2.39629651675163
2.32558139534884,-3.40985372785543
2.32469705998565,-3.62678137391749
2.32018561484919,-1.46423893887531
2.31481481481481,-3.06662528411153
2.3094688221709,-3.17540553542396
2.30867799418717,-3.01907406552366
2.30414746543779,-3.1931293256632
2.29885057471264,-2.58728476022061
2.29357798165138,0.0996951771706636
2.29276931286565,-1.99870230599263
2.2883295194508,-3.36722242592797
2.28310502283105,-3.64687672547792
2.27790432801822,-1.16457658234396
2.27697025538168,-2.56217953338203
2.27272727272727,-2.93255004641251
2.26757369614512,-3.38756434490146
2.26244343891403,-2.36585383008342
2.26128006633728,-2.99687169495582
2.25733634311512,-3.64372750972619
2.25225225225225,-2.97800398467784
2.24719101123596,-3.15876241059005
2.24569799553977,-3.16628117462916
2.24215246636771,-3.63915457519304
2.23713646532438,-3.37034098679534
2.23214285714286,-1.97398264406582
2.23022329796594,-3.11383669454348
2.2271714922049,-3.46452394301435
2.22222222222222,-2.70934442270161
2.21729490022173,-0.0449410276915598
2.21485523372636,-3.54413429313412
2.21238938053097,-3.49182176170701
2.2075055187638,-3.12572114621794
2.20264317180617,-1.97245857184806
2.19959306803007,-1.85695242358419
2.1978021978022,-3.50017271865739
2.19298245614035,-3.2070209958418
2.18818380743982,-3.57766551582012
2.18443607114943,-1.32515589959136
2.18340611353712,-2.56969635246723
2.17864923747277,-3.46352484891851
2.17391304347826,-3.18121478715183
2.16938351838518,-3.40659811056183
2.16919739696312,-3.54033905891996
2.16450216450216,-3.49298084027476
2.15982721382289,-1.35350987107018
2.1551724137931,-3.27758315914867
2.15443469003188,-2.93733268357364
2.1505376344086,-3.16090781926688
2.14592274678112,-3.38642544820105
2.14132762312634,-3.13048421776476
2.13958887134342,-3.31030092437531
2.13675213675214,-1.32524129940411
2.13219616204691,-3.29549752088782
2.12765957446809,-2.17141428941293
2.12484535249888,-3.45276568060118
2.12314225053079,-2.15316141036326
2.11864406779661,-3.28472101167896
2.11416490486258,-3.56600448313058
2.1102034285686,-2.52866182787336
2.10970464135021,-3.48436040609043
2.10526315789474,-3.17403959059818
2.10084033613445,-3.3732705274793
2.09643605870021,-3.44540956837248
2.09566239948043,-3.45111000667911
2.09205020920502,-3.30061569626126
2.08768267223382,-2.2441879942141
2.08333333333333,-1.34384972586129
2.08122156998634,-3.0969493555397
2.07900207900208,-3.36848353330377
2.0746887966805,-3.09401427394537
2.0703933747412,-3.28373498595037
2.06688024962908,-3.62142532911606
2.06611570247934,-3.22228761033123
2.06185567010309,-2.96781640929687
2.05761316872428,-2.59464858801031
2.05338809034908,-3.38216866479932
2.05263775270925,-2.11147167013483
2.04918032786885,-3.57757146186135
2.04498977505112,-2.74865242360677
2.04081632653061,-3.63872591714827
2.03849339825246,-3.55240272338637
2.03665987780041,-3.59324092799603
2.03252032520325,-2.62105991168722
2.02839756592292,-3.27485872508195
2.0244465099768,-3.27961072081218
2.02429149797571,-2.92012364181356
2.02020202020202,-3.11900589936543
2.01612903225806,-3.55852796016328
2.01207243460765,-1.74864795532131
2.0104964162605,-2.61090344907067
2.00803212851406,-2.81225587010841
2.00400801603206,-3.64073476785644
2,-3.58939519257121
1.99664245010979,-3.60904279673199
1.99600798403194,-3.39523307869244
1.99203187250996,-3.58261308681507
1.98807157057654,-3.29396309547546
1.98412698412698,-3.60708378603529
1.98288394912707,-3.3757887456433
1.98019801980198,-3.26688095954521
1.97628458498024,-2.40635354981559
1.9723865877712,-2.89348895181483
1.96922025547917,-2.99494877642989
1.96850393700787,-3.10545960061419
1.96463654223969,-3.43471615688928
1.96078431372549,-3.34924040281818
1.95694716242661,-3.32355120870836
1.95565071586595,-2.54268554831757
1.953125,-3.35690683213677
1.94931773879142,-2.49775226633237
1.94552529182879,-3.44770866459229
1.94217468148903,-3.19674352215288
1.94174757281553,-2.96759507125555
1.93798449612403,-3.41716496785984
1.93423597678917,-3.38198712145582
1.93050193050193,-3.37534243785243
1.92879150802078,-3.09748959389283
1.92678227360308,-3.24818042137802
1.92307692307692,-2.31983857870436
1.91938579654511,-2.13621095769433
1.91570881226054,-3.15325590253665
1.91550055557353,-3.48782010897393
1.91204588910134,-3.0649297259233
1.90839694656489,-2.28324345138453
1.9047619047619,-3.51518376170007
1.90230118866894,-3.63060413076276
1.90114068441065,-3.55210942261958
1.89753320683112,-3.44834802191213
1.89393939393939,-3.3942589222092
1.89035916824197,-2.85361384139493
1.88919277620767,-3.29572081196955
1.88679245283019,-2.57311175054202
1.88323917137476,-3.3618746738724
1.8796992481203,-0.000279359701646165
1.87617469143912,-2.90846652992924
1.87617260787992,-2.91435405729414
1.87265917602996,-3.42624430633962
1.86915887850467,-3.24416627473478
1.86567164179104,-3.55274631731724
1.86324631193156,-3.47009652280802
1.86219739292365,-3.21281574478813
1.85873605947955,-3.53861449446726
1.85528756957328,-3.38569252951988
1.85185185185185,-3.4921968260618
1.8504070195423,-3.2446234043539
1.84842883548983,-2.08497090724695
1.8450184501845,-2.32476878396367
1.84162062615101,-3.52244970485922
1.83823529411765,-2.67445785156827
1.83765620038817,-3.64931367254142
1.8348623853211,-3.38133903419814
1.83150183150183,-3.5504166181944
1.82815356489945,-2.35571107673313
1.82499324481615,-2.96622239376621
1.82481751824817,-3.36554286790062
1.82149362477231,-1.85305831095702
1.81818181818182,-2.4686401858075
1.81488203266788,-3.62760891476331
1.81241754737424,-1.52761835524721
1.81159420289855,-2.44682499706384
1.80831826401447,-3.52358424816021
1.80505415162455,-3.57259428868089
1.8018018018018,-2.68472493860277
1.79992850678248,-2.12415038130781
1.79856115107914,-3.18435126343028
1.79533213644524,-3.59206068013175
1.7921146953405,-3.61112045495407
1.78890876565295,-3.18827154901997
1.78752552590424,-3.08983985921209
1.78571428571429,-3.61262849050128
1.7825311942959,-2.3765518849007
1.77935943060498,-3.15112171735212
1.77619893428064,-3.29797925276388
1.77520801171763,-2.79907428757776
1.77304964539007,-0.102769817983481
1.76991150442478,-3.48617007139462
1.76678445229682,-2.70225815954403
1.7636684303351,-1.88776734302099
1.76297537528721,-3.53468125965882
1.76056338028169,-2.628908055139
1.75746924428822,-3.58987716723244
1.75438596491228,-3.57701725008182
1.75131348511384,-2.43972082279184
1.75082703173572,-2.17351919223763
1.74825174825175,-3.01547980534356
1.74520069808028,-2.97668459857236
1.74216027874564,-2.52210325124154
1.73913043478261,-3.65004856268406
1.73876240021625,-3.64085901103702
1.73611111111111,-2.53757915684157
1.73310225303293,-1.48088325851317
1.73010380622837,-3.51770612956251
1.72711571675302,-3.04012705549861
1.72678090388436,-2.81780125187749
1.72413793103448,-2.54123200420774
1.72117039586919,-3.39686346736205
1.71821305841924,-2.37390048508849
1.71526586620926,-1.02622272693606
1.71488196987054,-3.36802865845238
1.71232876712329,-2.76072213330421
1.70940170940171,-1.44494246956192
1.70648464163823,-3.64336276358015
1.70357751277683,-3.60263247258696
1.70306502925284,-3.58071672045802
1.70068027210884,-3.19191615111107
1.69779286926995,-2.95139430787661
1.69491525423729,-3.03992189782583
1.69204737732657,-3.60191051806795
1.69132951702965,-3.43734668881167
1.68918918918919,-3.02864938203698
1.68634064080944,-2.63823108005574
1.68350168350168,-3.10424918967108
1.68067226890756,-1.527919023725
1.67967487209265,-3.4423955136972
1.67785234899329,-2.36007318571209
1.6750418760469,-3.1658902798615
1.67224080267559,-3.36229548819694
1.669449081803,-2.71557037292679
1.66810053720006,-3.38251375422261
1.66666666666667,-3.47249542903354
1.66389351081531,-3.55154755283611
1.66112956810631,-2.02352217701401
1.65837479270315,-3.62130411073526
1.65660595894991,-3.49896660794702
1.65562913907285,-1.96356546336424
1.65289256198347,-2.51605755370413
1.65016501650165,-3.63117774529173
1.64744645799012,-3.02358350616368
1.64519058775366,-3.09085848374546
1.64473684210526,-1.65023759156905
1.64203612479475,-3.24822952576583
1.63934426229508,-3.15033407748735
1.6366612111293,-0.110261626551543
1.63398692810458,-2.72143180558349
1.63385387780986,-3.54078413033674
1.63132137030995,-2.8116315078132
1.62866449511401,-2.83711525663564
1.6260162601626,-3.16687989444373
1.62337662337662,-3.44619980063917
1.62259528707809,-3.42103724361165
1.62074554294976,-3.53769430442908
1.61812297734628,-3.66312308416549
1.61550888529887,-3.40963180618128
1.61290322580645,-1.7858291805014
1.61141427725302,-3.41026424136383
1.61030595813205,-2.30809986923107
1.60771704180064,-3.09985973425371
1.60513643659711,-1.16481901254401
1.6025641025641,-1.75108850191075
1.6003103137387,-2.45272956731277
1.6,-0.753074430585069
1.59744408945687,-1.55525041912328
1.59489633173844,0.400159035438311
1.59235668789809,-0.854199834016621
1.58982511923688,-3.11464696265797
1.58928286562298,-1.40585947421435
1.58730158730159,-2.75003558090161
1.58478605388273,-2.96332413041723
1.58227848101266,-0.8363694220081
1.57977883096367,-3.44778836594177
1.57833140565212,-3.59577116625025
1.57728706624606,-1.44349999144178
1.5748031496063,-3.31242322568196
1.57232704402516,-3.39618929330394
1.56985871271586,-2.21431306440614
1.5674554102056,-2.19583953745954
1.56739811912226,-1.66001713363651
1.56494522691706,-1.7390457208357
1.5625,-1.8864744183656
1.5600624024961,-3.49671802041406
1.55763239875389,-3.32019644358764
1.55665435927106,-3.33266501688312
1.5552099533437,-1.53599139211154
1.5527950310559,-1.69368308135015
1.55038759689922,-1.32825447376014
1.54798761609907,-0.164427406071108
1.54592773641948,-2.94955045647172
1.54559505409583,-3.35809686598442
1.54320987654321,-2.86883107645313
1.54083204930663,-3.04572730338905
1.53846153846154,-3.49581092102356
1.53609831029186,-1.59648729125702
1.53527502878042,-0.927817105106281
1.53374233128834,-3.43536435748713
1.53139356814701,-3.62952658310722
1.52905198776758,-3.55501852477375
1.52671755725191,-2.42084099161139
1.52469572701757,-3.63305230487274
1.52439024390244,-2.91289115857061
1.5220700152207,-3.49501604499356
1.51975683890577,-2.46959905695514
1.51745068285281,-2.2021159369418
1.51515151515152,-1.91246486289581
1.51418932530435,-3.55644751516185
1.51285930408472,-3.37330358784062
1.51057401812689,-2.93001808483468
1.50829562594268,-1.54815873639832
1.50602409638554,-3.53649750404802
1.50375939849624,-3.37897905357969
1.50375532129974,-3.40977038863239
1.5015015015015,-3.35645155040477
1.49925037481259,-3.06868564763483
1.49700598802395,-3.32347617898439
1.49476831091181,-2.40636226653124
1.49339321612425,-1.45371737203477
1.49253731343284,-3.59489628982113
1.4903129657228,-2.92620071925195
1.48809523809524,-1.21562948608475
1.48588410104012,-3.52941800270225
1.48367952522255,-3.36645741987631
1.4831025143361,-3.30430920734163
1.48148148148148,-3.27117272601775
1.4792899408284,-3.19051638670053
1.47710487444609,-3.39507408651185
1.47492625368732,-3.23028401338241
1.4728827239075,-3.18200849384361
1.47275405007364,-3.61817529008915
1.47058823529412,-3.6267432232358
1.46842878120411,1.11927722694431
1.46627565982405,-2.39977727658505
1.46412884333821,-1.89586828334374
1.46273335620113,-2.27862589649556
1.46198830409357,-1.38567269492851
1.45985401459854,-3.01732525230819
1.45772594752187,-3.53275978201681
1.45560407569141,-1.88666317178133
1.45348837209302,-0.3770249910397
1.45265392594678,-3.25859983913245
1.45137880986938,-0.342476738588469
1.44927536231884,-3.14108025936813
1.44717800289436,-1.80375227319693
1.44508670520231,-1.54008463281302
1.44300144300144,-2.56211376032466
1.44264395121816,-3.24291345202296
1.44092219020173,-3.27125099612781
1.43884892086331,-0.942100361179608
1.4367816091954,-3.44307196135564
1.43472022955524,-2.35931785138832
1.43270295340983,-3.2915595277356
1.43266475644699,-3.24706770094543
1.43061516452074,-1.73833894265313
1.42857142857143,3.36882842804066
1.4265335235378,0.178522745097344
1.42450142450142,-2.18819726250713
1.42283045721435,-0.740696017710387
1.42247510668563,-2.170414454609
1.42045454545455,-0.67327512046604
1.41843971631206,-3.03988459523121
1.41643059490085,-0.0233030942513706
1.41442715700141,0.283515891515084
1.41302599059953,-0.493975559766862
1.41242937853107,-2.59145065721587
1.41043723554302,-3.07517154570756
1.40845070422535,-3.49666531669474
1.40646976090014,-3.16314476038685
1.40449438202247,-2.69971164766313
1.40328908478587,-1.26148490401134
1.40252454417952,-3.64439039379006
1.40056022408964,-3.40219021686878
1.3986013986014,-3.33982128116538
1.39664804469274,-1.80540787019298
1.39470013947001,-2.37616899447193
1.39361927422414,-0.02969247338235
1.39275766016713,-3.02932248610896
1.39082058414465,-1.5309341377772
1.38888888888889,-2.24006018183421
1.3869625520111,-2.8549118720151
1.38504155124654,-2.28215291900461
1.38401609657313,-1.37055549972105
1.38312586445367,-1.84516024085265
1.38121546961326,-2.73068166730563
1.37931034482759,-2.77268150899477
1.37741046831956,-3.60039068665499
1.37551581843191,-3.46870975137044
1.37447909267754,-2.2519345113272
1.37362637362637,-3.62067212357298
1.37174211248285,-3.318965686639
1.36986301369863,-2.34006420767032
1.36798905608755,-3.61506886956091
1.36612021857923,-3.11212232940373
1.36500780654601,-2.51973392261528
1.36425648021828,-2.32941280071311
1.36239782016349,-2.87547807805505
1.36054421768707,-2.95459777680208
1.35869565217391,-3.47155216773622
1.35685210312076,-3.4319638670819
1.35560178532937,-2.58522709194848
1.3550135501355,-2.44293115313782
1.3531799729364,-3.16233519123319
1.35135135135135,-3.33791094173808
1.34952766531714,-3.32711873551248
1.34770889487871,-1.45036743226153
1.34626057929891,-2.48210153515584
1.34589502018843,-2.95207841663067
1.34408602150538,-1.27731866309137
1.34228187919463,-3.41339214295261
1.34048257372654,-3.4551520669239
1.33868808567604,-3.23089738668288
1.33698374182495,-2.78955860439357
1.33689839572193,-3.4107343793175
1.33511348464619,-3.37363722793905
1.33333333333333,-2.01839754575051
1.33155792276964,-2.32025857094258
1.32978723404255,-3.35665492192235
1.32802124833997,-3.31933659165083
1.32777082935543,-3.33208175185161
1.3262599469496,-3.53495892151646
1.32450331125828,-2.02473181073348
1.32275132275132,-2.50044323646953
1.32100396301189,-3.3434344670765
1.31926121372032,-2.8929073973051
1.31862140139475,-3.58031876358252
1.31752305665349,-2.84282006108439
1.31578947368421,-2.33223172309
1.31406044678055,-0.703195189070793
1.31233595800525,0.673148002135737
1.31061598951507,-1.42892555090703
1.30953502048267,-2.95648012295505
1.30890052356021,-2.95017704664242
1.30718954248366,-1.27250796764944
1.30548302872063,-1.3798056161486
1.30378096479791,-3.51564236988791
1.30208333333333,-1.98581398057716
1.30051125217341,-2.42492028064761
1.30039011703511,-2.90173847392871
1.2987012987013,-3.49237274170253
1.2970168612192,-3.55342336962128
1.29533678756477,-2.97970641839397
1.29366106080207,-2.49086390998265
1.29198966408269,-3.43246429130017
1.29154966501488,-2.10506105865384
1.29032258064516,-3.0706142243137
1.28865979381443,-3.291340992982
1.28700128700129,-2.33872917650934
1.2853470437018,1.67674565794888
1.28369704749679,-2.39859875266761
1.28264983052806,-3.52243086758609
1.28205128205128,-2.53050263004009
1.28040973111396,0.853938048215146
1.27877237851662,-1.99938617230934
1.27713920817369,-2.01237590273429
1.27551020408163,-2.1964825629653
1.27388535031847,-1.13299952420131
1.27381132318648,-1.83013135462327
1.27226463104326,-2.79923004797716
1.27064803049555,-3.61461233317912
1.26903553299492,-3.52409989773708
1.26742712294043,-3.17419883955561
1.26582278481013,-2.34368081245229
1.2650337203959,-3.459687458505
1.26422250316056,-1.49095903928277
1.26262626262626,-3.39214670188845
1.26103404791929,-3.40984490307066
1.25944584382872,-1.7740461173458
1.25786163522013,-1.50299146804501
1.25631660247412,-2.85561305517079
1.25628140703518,-2.43331115469582
1.25470514429109,-1.2544485557528
1.2531328320802,-3.15462372235724
1.25156445556946,-2.7693214858498
1.25,-3.29209017267633
1.24843945068664,-2.72238305313031
1.24765955263087,-2.9738927240382
1.24688279301746,-3.55018135057697
1.2453300124533,-2.61722339684944
1.24378109452736,-2.57857256805927
1.24223602484472,-3.19211607302229
1.24069478908189,-2.75470293059505
1.23915737298637,-3.21225963072298
1.23906215694792,-3.15089924183492
1.23762376237624,-2.16114125266413
1.23609394313968,-2.9759489981843
1.23456790123457,-3.33915102929525
1.23304562268804,-1.26238253942422
1.23152709359606,-3.42949621867303
1.23052400435926,-2.50030801209267
1.230012300123,-2.0309978284106
1.22850122850123,-3.64085876175734
1.22699386503067,-3.3529944583238
1.22549019607843,-2.59905942320769
1.22399020807834,-3.26870270412219
1.22249388753056,-2.65404003089129
1.22204468663149,-3.49556660721044
1.22100122100122,-2.32385821011693
1.21951219512195,-2.16058952722455
1.21802679658952,-2.45106198211563
1.21654501216545,-1.24616023748997
1.21506682867558,0.041146847369153
1.21362379834424,-2.34687595516642
1.21359223300971,-3.19151236009402
1.21212121212121,-2.62764963301422
1.21065375302663,-0.568292423815175
1.20918984280532,-2.97427269960506
1.20772946859903,-3.26292384150384
1.20627261761158,-2.94157862756374
1.20526093687084,-3.62183149781712
1.20481927710843,-3.54541501063393
1.20336943441637,-3.1255665155558
1.20192307692308,-2.9214592285485
1.20048019207683,-3.3607094515202
1.19904076738609,-0.934165156237422
1.19760479041916,-3.57343660607121
1.19695570235904,-3.09725974942345
1.19617224880383,-3.54865662105946
1.194743130227,-2.46188627192789
1.19331742243437,-2.78461174929803
1.19189511323004,-0.750471015038452
1.19047619047619,-2.99859974755527
1.18906064209275,-2.44246601828216
1.1887076977119,-3.31424846325778
1.18764845605701,-0.837921821577491
1.18623962040332,-2.70581628116728
1.18483412322275,-2.78844994975814
1.18343195266272,-1.75533128029987
1.18203309692671,-1.01967722266194
1.18063754427391,-1.57252382283242
1.18051652856881,-3.3494544339842
1.17924528301887,-1.54015574752911
1.17785630153121,-3.01481475083043
1.17647058823529,-3.03164354974204
1.17508813160987,-2.79138910140973
1.17370892018779,-1.6448182228528
1.1723818032866,-2.52520820808668
1.17233294255569,-1.46824203720468
1.17096018735363,-2.77066333798792
1.16959064327485,-3.43112294850566
1.16822429906542,-2.03973199084988
1.16686114352392,1.93922020562589
1.16550116550117,-2.18402006641743
1.16430313292088,-3.31697742326603
1.16414435389988,-2.70070997999472
1.16279069767442,-0.538731763885845
1.16144018583043,-2.23148856149065
1.16009280742459,-3.31274361240046
1.15874855156431,-3.17710044471265
1.15740740740741,-0.749463472077063
1.15628013120738,-3.48884452628142
1.15606936416185,-2.548549072151
1.15473441108545,-3.24697541801198
1.15340253748558,-2.07213363926781
1.15207373271889,-3.31587633798967
1.15074798619102,-1.96223090033167
1.14942528735632,-3.41805269345955
1.14831241454351,-3.14112252314846
1.14810562571757,-3.44357225584381
1.14678899082569,-2.35660827008639
1.1454753722795,-3.11834318433322
1.1441647597254,-2.88205886801147
1.14285714285714,-3.58647441905922
1.14155251141553,-1.74501083231565
1.14039960197003,-1.57584152696274
1.14025085518814,-3.24389793213201
1.13895216400911,-3.26581698070124
1.13765642775882,-2.01651325705297
1.13636363636364,-1.31057361663808
1.13507377979569,-3.13860734532242
1.13378684807256,-1.04376467160359
1.13254131515281,4.21750165902471
1.13250283125708,2.91123771901228
1.13122171945701,-3.14135597246918
1.12994350282486,-3.43775300637723
1.12866817155756,-2.37196618420587
1.12739571589628,-0.902516425812034
1.12612612612613,-2.74728270702836
1.12485939257593,-3.15649764581174
1.12473717836475,-2.91593372445287
1.12359550561798,-2.1815875333646
1.12233445566779,-3.41983618573375
1.12107623318386,-1.6517430571822
1.11982082866741,-3.60655285970791
1.11856823266219,-3.33978397079145
1.11731843575419,-0.750966005314534
1.11698681846782,-3.40431789551981
1.11607142857143,-3.44450609283676
1.11482720178372,-3.55392849702313
1.11358574610245,-2.65981924593229
1.11234705228031,-0.213041147809984
1.11111111111111,-1.81317945306109
1.10987791342952,-2.75228083912695
1.10928986489522,-2.79500643593998
1.10864745011086,-1.72990591237253
1.10741971207087,-3.66056873892408
1.10619469026549,-2.7160382182074
1.10497237569061,-2.96147801720074
1.1037527593819,-3.61814577409218
1.10253583241455,-2.96937964759776
1.10164594963366,-3.39116499528169
1.10132158590308,-3.01564135075848
1.1001100110011,0.105499340458938
1.0989010989011,-3.28858189288389
1.09769484083425,-3.09940091858113
1.09649122807018,-3.59951814650942
1.09529025191676,-2.34586715848512
1.09409190371991,-3.41579769255336
1.09405470720574,-3.35255251736045
1.09289617486339,-2.96056012718132
1.09170305676856,-3.32364942507676
1.09051254089422,-2.70438042953092
1.08932461873638,-0.959401851776827
1.08813928182807,-3.17099230845231
1.08695652173913,-1.35477006072118
1.08651577465254,-0.898076341930799
1.085776330076,-0.79809345881706
1.08459869848156,-3.39552472368775
1.08342361863489,-2.45080389300655
1.08225108225108,-2.16158725126327
1.08108108108108,-0.784333124666953
1.07991360691145,-1.39507277112566
1.07902879151618,-1.50001121871712
1.07874865156419,-2.75308473135815
1.07758620689655,-1.78603133003737
1.07642626480086,-2.34860465634999
1.0752688172043,-2.7192858698918
1.07411385606874,-2.88996602858561
1.07296137339056,-2.34284059736266
1.07181136120043,-1.77411949382813
1.07159339982267,-2.13411656716583
1.07066381156317,-2.71792281277861
1.06951871657754,-0.514764381509973
1.06837606837607,-0.741883625778239
1.06723585912487,-1.27069602159933
1.06609808102345,-0.304674933049067
1.06496272630458,-3.36630024681541
1.06420924406472,-2.7004099798966
1.06382978723404,-2.56377296982852
1.06269925611052,-0.542829396144479
1.06157112526539,-3.23323301909921
1.06044538706257,-1.44863559225514
1.0593220338983,-1.187337812915
1.05820105820106,-2.44232287392564
1.05708245243129,-3.0206144031773
1.0568759711848,-3.50494481155
1.05596620908131,-3.38484773668689
1.05485232067511,-2.79974057151342
1.05374077976818,-3.21486249304153
1.05263157894737,-2.55615446884898
1.0515247108307,-3.04827503940011
1.05042016806723,-2.74371172233951
1.04959323055823,-3.14003675439484
1.04931794333683,-1.4996140166245
1.0482180293501,-2.25129268595681
1.04712041884817,-2.72688598537992
1.04602510460251,-3.06557677063766
1.04493207941484,-3.04375634009734
1.04384133611691,-3.57451766559221
1.04275286757039,-2.90461451934233
1.0423606739764,-1.4789684889286
1.04166666666667,2.32801457926978
1.04058272632674,-0.951528393648895
1.03950103950104,-0.104030469600569
1.03842159916926,1.28412395165499
1.03734439834025,-2.54793379087907
1.03626943005181,-3.63654683680995
1.0351966873706,-2.1593503387816
1.03517795563018,-1.65124787301643
1.03412616339193,-3.56024425346483
1.03305785123967,-2.47578240485857
1.03199174406605,-3.12711655578856
1.03092783505155,-3.23696951297499
1.02986611740474,-3.53310952836896
1.02880658436214,-2.89666211657571
1.02804473209331,-0.184900417524072
1.02774922918808,-3.32295995803038
1.02669404517454,-3.5889967606546
1.02564102564103,-3.39498004146987
1.02459016393443,-3.22231319997057
1.02354145342886,-3.09157260643932
1.02249488752556,-3.64516883299417
1.02145045965271,-1.86205288418533
1.02096066230605,-3.40174053829976
1.02040816326531,-3.02893099365952
1.01936799184506,-3.37410270970254
1.0183299389002,-2.47100372502809
1.01729399796541,-3.47633052221162
1.01626016260163,-2.82800262965183
1.01522842639594,-2.90324245368405
1.01419878296146,-3.32943033862871
1.01392540755882,-3.33036499831321
1.01317122593718,-0.719459179397783
1.01214574898785,-3.03445701044334
1.01112234580384,-2.15177446670334
1.01010101010101,-1.38550167168632
1.00908173562059,-2.08709630579817
1.00806451612903,-0.340099105227817
1.00704934541793,-1.76030665940003
1.00693863147603,-3.45123904921526
1.00603621730382,-3.11463277440664
1.00502512562814,-3.03113593054691
1.00401606425703,1.71751731082633
1.00300902708124,-0.556135251328992
1.00200400801603,-0.125751985476721
1.001001001001,4.10342748024379
1,-1.98195335819569
