"data...1.","bfp_output.res"
12220.1056599999,10.0893501734145
12235.9666670002,-12.3301454467355
12237.9032180002,-24.3498801044198
12238.908171,-13.7210758010287
12243.0026850002,-70.3390931617132
12307.8585649999,131.683327891886
12334.8146870001,30.4916342633478
12536.1309139999,-27.0535567158377
12537.0906480001,-23.4178900302004
12538.048924,11.7060220777876
12573.0651850002,1.32320368192723
12574.0020829998,-25.8584586119687
12575.0051270002,-5.96033881044423
12601.0029279999,115.032332202085
12602.0445829998,77.5720841372959
12651.8701849999,71.3378555238778
12711.7517590001,7.79439908207678
12712.8089470002,42.6208241912263
12925.044514,-6.64306165756352
13071.8259140002,-188.057640197499
13303.018044,-38.8091494209248
13338.8544100001,-109.151564709148
13340.104572,-59.6941154446458
13368.8945829999,-58.2547897608929
13747.010278,-28.8970785270003
15111.0354980002,63.8334086516443
15440.1281369999,75.39285538075
15523.043414,59.2851836360314
15994.8675230001,-117.887991872134
16165.1266089999,94.5411746936916
16585.1541550001,74.5529515503404
16588.0586689999,99.2651900740684
16639.9026270001,-7.01480668379008
16909.1497450001,5.25152862887444
17291.1480089999,34.8416108055862
17294.147072,-2.92093172017303
17652.1447220002,80.9711223371905
17765.862338,-135.250593190887
18029.1550810002,-132.312618810994
