"bfp_output.P","bfp_output.logBF"
1000,-2.66049905804045
993.109181374979,-2.51706587641543
986.265846131283,-2.39364819171204
979.46966706954,-2.30782340325318
972.720319245055,-2.27240720630227
966.017479952265,-2.29287028481159
959.360828709315,-2.36693413818109
952.75004724273,-2.48590142733677
946.184819472201,-2.63672200663363
939.66483149547,-2.80403177982323
933.189771573324,-2.97196363197618
926.759330114689,-3.1259037896891
920.373199661823,-3.25432635670502
914.031074875623,-3.35047244706795
907.732652521023,-3.4132827934725
901.477631452492,-3.44702788275738
895.26571259964,-3.45959140156408
889.096598952916,-3.45997532275053
882.969995549409,-3.45582407959277
876.885609458743,-3.45152260789014
870.843149769073,-3.44705948570971
864.842327573172,-3.43775328829521
858.882855954625,-3.41519696756331
852.964449974103,-3.36996281492263
847.086826655741,-3.29591442445477
841.249704973612,-3.19424520686435
835.452805838287,-3.0743313589965
829.695852083491,-2.95047716976098
823.978568452852,-2.83712292946928
818.300681586739,-2.74592233109946
812.661920009195,-2.68577360616309
807.06201411495,-2.66453606896449
801.500696156541,-2.69027696756255
795.977700231499,-2.76960436639144
790.492762269642,-2.90113383683895
785.045620020451,-3.06675866778034
779.636013040523,-3.23203550050023
774.263682681127,-3.36336342755065
768.928372075831,-3.44670004426321
763.629826128224,-3.48841427639844
758.367791499719,-3.50355143454355
753.142016597437,-3.506299935499
747.952251562182,-3.50692467375792
742.798248256492,-3.51226165989082
737.679760252773,-3.52673528733053
732.596542821523,-3.55205077115967
727.548352919623,-3.58474950418663
722.534949178721,-3.61482308461198
717.556091893692,-3.6326070838658
712.611543011175,-3.63830304701913
707.701066118189,-3.63911039115613
702.824426430835,-3.64087415372507
697.981390783066,-3.64551955421482
693.17172761554,-3.65224764484325
688.39520696455,-3.65889067347968
683.651600451024,-3.66290223512031
678.940681269611,-3.66247956691886
674.262224177835,-3.65772895880421
669.616005485322,-3.65061945492756
665.001803043112,-3.64285373720734
660.419396233031,-3.6334410086447
655.868565957143,-3.61851296063621
651.349094627281,-3.59341324618004
646.860766154633,-3.55563455064113
642.40336593942,-3.50746009098857
637.976680860628,-3.45677895195636
633.580499265825,-3.41413348290758
629.214610961035,-3.38621056924883
624.878807200689,-3.36987568072196
620.57288067765,-3.35149106684154
616.296625513294,-3.31263218550263
612.04983724767,-3.2398881144024
607.832312829723,-3.13450988596419
603.643850607587,-3.01607860755761
599.484250318941,-2.91637096657443
595.353313081437,-2.86679768631545
591.250841383188,-2.88683457743466
587.176639073326,-2.97604058271632
583.130511352622,-3.10755779108434
579.112264764176,-3.22750098137949
575.121707184161,-3.27523073509637
571.158647812643,-3.2232367260578
567.222897164454,-3.09699001604452
563.314267060136,-2.95156525202328
559.432570616938,-2.83695376868088
555.577622239888,-2.77999833893061
551.749237612913,-2.77803495788965
547.947233690029,-2.79857859102436
544.171428686589,-2.79292692769043
540.421642070592,-2.7232048179366
536.697694554048,-2.58304447822267
532.999408084409,-2.40059609262569
529.326605836056,-2.23086975198931
525.679112201842,-2.13651940197196
522.056752784698,-2.15041870905385
518.459354389291,-2.24748531340363
514.886745013749,-2.36631510408362
511.338753841433,-2.45745298384461
507.815211232767,-2.5087147520522
504.315948717136,-2.54270368423515
500.840798984821,-2.5982670574718
500,-2.61850642673614
497.389595879006,-2.69966467261828
493.962174387832,-2.83534840514876
490.558370636505,-2.97261119738333
487.178021879463,-3.0883191633995
483.820966492595,-3.1820047960072
480.487043965513,-3.26664850916496
477.176094893875,-3.34347845787301
473.887960971765,-3.37776908379795
470.622484984128,-3.30553934988022
467.379510799247,-3.06638982393441
464.158883361278,-2.63407705364404
460.960448682844,-2.04811211815531
457.784053837662,-1.43890816080075
454.62954695324,-0.984736101863841
451.49677720361,-0.791537080746347
448.385594802119,-0.828908749655834
445.295850994266,-0.992344497908827
442.22739805059,-1.19241314378648
439.180089259609,-1.39211933755841
436.153778920801,-1.59312548842972
433.14832233764,-1.7976804719152
430.16357581068,-1.98984996527168
427.199396630678,-2.15345457651174
424.255643071778,-2.29344065705292
421.332174384729,-2.43174773164584
418.428850790158,-2.58575947078823
415.545533471888,-2.75574018987696
412.682084570296,-2.93314186108081
409.838367175726,-3.11998819078918
407.014245321944,-3.32500726939152
404.209583979631,-3.50083038617766
401.424249049932,-3.50333834646041
398.658107358044,-3.1231238864246
395.911026646846,-2.15064837327604
393.182875570577,-0.648577020842917
390.473523688556,0.674257468411459
387.782841458946,1.00559372013091
385.110700232557,0.407403890867774
382.4569722467,-0.471458612731378
379.821530619074,-0.840857848414127
377.2042493417,0.172668713757607
374.605003274899,2.46900349739686
372.023668141307,4.26241831132153
369.46012051993,4.54731644143378
366.914237840249,3.78297120287364
364.385898376355,2.97513024519249
361.874981241128,3.36966874669854
359.381366380463,4.61501911077234
356.904934567523,4.95397191352321
354.445567397043,3.51859609951614
352.003147279668,0.524818073642526
349.577557436327,-2.43893076890127
347.168681892656,-3.64305441277254
344.776405473446,-3.26916606396919
342.400613797142,-2.35114925807478
340.041193270371,-1.41428994913492
337.698031082509,-0.503429887884503
335.371015200293,0.409321961535388
333.333333333333,1.10342675279386
333.060034362459,1.17823177785978
330.764978074424,1.50605864893304
328.485736603004,1.06911533423356
326.222200971167,-0.0977833487080302
323.97426295282,-1.20139441960596
321.741815067637,-1.50380612204249
319.524750575921,-1.0361236504978
317.322963473498,-0.235496428689895
315.136348486648,0.240182180012103
312.964801067075,-0.124792278930594
310.808217386907,-1.0703685727196
308.666494333727,-2.01438658691797
306.539529505653,-2.63378043891894
304.42722120643,-2.76853549399878
302.329468440578,-2.35754348568862
300.246170908555,-1.54776079073151
298.177229001967,-0.804363496086732
296.122543798804,-0.657977361374615
294.082017058706,-1.1180349816217
292.055551218275,-1.82552034404575
290.043049386399,-2.54670187422094
288.04441533963,-3.17310864026031
286.059553517574,-3.57397719646725
284.08836901833,-3.59241498350756
282.130767593947,-3.26255806727347
280.18665564592,-2.90791282194335
278.255940220713,-2.77228639201776
276.338529005317,-2.86290348868881
274.434330322837,-3.07001190598417
272.543253128103,-3.29421854924372
270.665207003324,-3.4859644260817
268.800102153761,-3.60894025170164
266.947849403432,-3.6566430045474
265.108360190854,-3.6635570590699
263.281546564802,-3.66351807323441
261.467321180109,-3.6558448405829
259.665597293487,-3.6034560795038
257.87628875938,-3.46815957968094
256.099310025846,-3.26851887747925
254.334576130465,-3.06573549713685
252.582002696278,-2.9882699762647
250.841505927754,-2.97777727271356
250,-2.92543516764551
249.113002606779,-2.83061631588491
247.396410088681,-2.69743096514075
245.691646298279,-2.94638291932012
243.998629725955,-3.16141227778699
242.31727942376,-2.90502969412158
240.647515001542,-2.41129452578097
238.989256623105,-2.31507918613355
237.342425002387,-2.45482427409236
235.706941399673,-2.55976798579114
234.082727617829,-2.57373035372715
232.469705998565,-2.56737715126816
230.867799418717,-2.77082116899394
229.276931286565,-3.2768205748906
227.697025538168,-3.60956658014676
226.128006633728,-3.41368739741646
224.569799553977,-2.77218041033391
223.022329796594,-1.80468274248183
221.485523372636,-0.409609750761613
219.959306803008,1.02322770972684
218.443607114943,1.23788199113783
216.938351838519,-0.276683805643624
215.443469003188,-2.06669122913335
213.958887134342,-2.82160560087264
212.484535249888,-2.39874122018186
211.02034285686,-1.58091065559456
209.566239948043,-1.31973017668296
208.122156998634,-1.31094029183022
206.688024962908,-1.14636135617742
205.263775270925,-0.982356053284955
203.849339825246,-0.744997491409559
202.44465099768,-0.667526599879504
201.04964162605,-1.18079244583874
200,-1.99123751752442
199.664245010979,-2.30365748278383
198.288394912707,-3.38854817181946
196.922025547917,-3.17791932088222
195.565071586595,-2.08656923565469
194.217468148903,-0.996402199148785
192.879150802078,-0.990438431457771
191.550055557353,-2.39810467254558
190.230118866895,-2.64194346894224
188.919277620767,-1.65767575687375
187.617469143912,-2.04501465342774
186.324631193156,-2.75290232036839
185.04070195423,-3.13296466806251
183.765620038817,-2.03665366781486
182.499324481615,2.10673762979777
181.241754737424,3.83925935514312
179.992850678248,1.15138058760035
178.752552590424,-2.272886890994
177.520801171764,-3.30447143751679
176.297537528721,-0.938077816189728
175.082703173572,1.81507544836986
173.876240021625,2.90602516303109
172.678090388436,0.773542971210039
171.488196987054,-2.0154838905121
170.306502925284,-3.03999332486567
169.132951702965,-2.67023873597624
167.967487209265,-1.56545589006206
166.810053720006,-0.934456746673798
166.666666666667,-0.889798365672685
165.660595894991,-0.550235522771554
164.519058775366,-0.396817218918083
163.385387780986,-1.10245117739877
162.259528707809,-2.53071969908079
161.141427725302,-3.44828603404373
160.03103137387,-3.08065200702445
158.928286562298,-2.3136831931197
157.833140565212,-2.18273500142875
156.745541020559,-2.42834799323701
155.665435927106,-2.9825662016437
154.592773641948,-3.47152090426611
153.527502878042,-3.61952577088375
152.469572701757,-3.65060535609229
151.418932530435,-3.66120230783899
150.375532129974,-3.64955576047738
149.339321612425,-3.608011968539
148.310251433611,-3.58806607355587
147.28827239075,-3.60873867673011
146.273335620113,-3.63029089225746
145.265392594678,-3.27002246572708
144.264395121816,-2.15672489312864
143.270295340983,-1.57149437984647
142.857142857143,-1.62652790333466
142.283045721435,-1.84371870070099
141.302599059953,-2.75568559803956
140.328908478587,-3.63712767597941
139.361927422414,-1.78523512073861
138.401609657313,1.21544920074642
137.447909267754,4.78788985868885
136.500780654601,2.91811167081439
135.560178532937,-2.36071904911982
134.626057929891,-2.29588463674268
133.698374182495,1.7424776111907
132.777082935543,4.71387022174306
131.862140139475,-0.172113140268304
130.953502048267,-1.31886961923713
130.051125217341,-2.5126827882993
129.154966501488,-2.91986296311891
128.264983052806,-3.10158306061875
127.381132318648,-2.34027051913513
126.50337203959,-1.63382180139375
125.631660247412,-1.90215425257171
125,-0.767314315158596
124.765955263087,-0.0876614220123697
123.906215694792,-0.535244348341943
123.052400435926,-2.75948473787711
122.204468663149,-3.33819256384843
121.362379834424,0.518402055267889
120.526093687084,1.90670710784095
119.695570235904,-0.919933788628593
118.87076977119,-2.30665763297732
118.051652856881,-1.85394997742862
117.23818032866,-2.4918019731795
116.430313292088,-3.17258585628668
115.628013120738,-2.82929678905797
114.831241454351,-1.47040249912835
114.039960197003,-0.674284897410852
113.254131515281,-2.39601739601333
112.473717836475,-2.99289021328799
111.698681846782,-1.50570267239722
111.111111111111,-1.00861706968886
110.928986489522,-1.03054655261955
110.164594963366,-2.23848586982045
109.405470720574,-2.90854575309894
108.651577465254,-3.22233669527601
107.902879151618,-3.61233964462134
107.159339982267,-3.51004448190489
106.420924406472,-2.52547959054665
105.68759711848,0.203504090096961
104.959323055823,-0.31343957003467
104.23606739764,-3.48613827084194
103.517795563018,-0.955242999929861
102.804473209331,4.62797325485268
102.096066230605,1.47424214971516
101.392540755882,-3.21875816464172
100.693863147603,-2.63791248994881
100,-0.900161836924648
100,-0.900161836924592
99.310918137498,-1.10589230629686
98.6265846131283,-1.69891923918349
97.946966706954,-1.14733833999521
97.2720319245054,-1.77567273287469
96.6017479952265,-2.92253943515139
95.9360828709315,-3.60737100003449
95.2750047242729,-2.42837945289586
94.61848194722,-1.54148155401192
93.966483149547,-1.55028397199048
93.3189771573324,-2.16698779620198
92.6759330114688,-3.37706502226238
92.0373199661823,-3.34604103895468
91.4031074875623,-2.2408791001789
90.9090909090909,-0.0722571166361474
90.7732652521023,0.661925079137821
90.1477631452492,0.00750989550140435
89.526571259964,-3.50533407141908
88.9096598952916,0.641063707012809
88.2969995549409,-0.0490081210029514
87.6885609458743,-3.3249219788763
87.0843149769073,0.480563080029232
86.4842327573172,-0.477792265928154
85.8882855954625,-3.44261069698232
85.2964449974102,-1.46161449606877
84.7086826655741,-3.20524347921657
84.1249704973612,-3.65873332929318
83.5452805838287,-3.53162371353776
83.3333333333333,-3.36009811555824
82.9695852083491,-3.28846898374341
82.3978568452852,-2.88404354186904
81.8300681586739,-1.51656547837454
81.2661920009194,-3.08382372021544
80.706201411495,-1.47284343735428
80.150069615654,3.68715441519455
79.5977700231498,-1.40547725953085
79.0492762269642,-3.39422380905746
78.5045620020451,-0.879328221160971
77.9636013040523,-0.501562901891712
77.4263682681127,-2.54995551870949
76.9230769230769,-3.41205557422587
76.8928372075831,-3.31918066796741
76.3629826128224,-2.68398730390127
75.8367791499719,-3.55111136489053
75.3142016597437,-2.62245086207191
74.7952251562182,-2.10964667216195
74.2798248256491,-1.56921195554839
73.7679760252773,-3.23417424585552
73.2596542821523,-2.12284968964219
72.7548352919623,-3.30092257295849
72.2534949178722,-3.16489398859066
71.7556091893693,-2.01349355229585
71.4285714285714,1.5591415641655
71.2611543011175,0.162553980882696
70.7701066118189,-3.56097919968623
70.2824426430835,3.93801383642996
69.7981390783066,-1.48084485761999
69.3171727615541,-3.59075087719266
68.839520696455,-2.60344723272213
68.3651600451024,-1.62579136290115
67.8940681269611,-2.16545663129086
67.4262224177834,-3.47134664774326
66.9616005485322,-3.15863808485148
66.6666666666667,-2.65697463678638
66.5001803043112,-2.3015938416015
66.0419396233031,-0.725233705952529
65.5868565957143,-3.39052187479283
65.134909462728,-3.46858067385811
64.6860766154633,-2.95160106410024
64.2403365939419,-1.7309440590768
63.7976680860628,-3.55915489562933
63.3580499265825,-1.20907739781604
62.9214610961034,-2.84837321458699
62.5,0.147069975872218
62.4878807200689,0.278947050729802
62.057288067765,-2.47534534246837
61.6296625513294,-3.20011239311314
61.204983724767,-3.47829439964077
60.7832312829723,-2.90970128991649
60.3643850607587,-2.34340209104091
59.9484250318941,-3.5303706072395
59.5353313081437,-2.70053404366699
59.1250841383188,-1.5089298475636
58.8235294117647,-2.08114105978229
58.7176639073326,-2.26804835001247
58.3130511352622,-3.52486902975728
57.9112264764176,-2.13804227244914
57.5121707184161,-2.23636317557254
57.1158647812643,-3.54077994631605
56.7222897164454,-3.15503199000484
56.3314267060136,-3.08855397273039
55.9432570616938,-3.11602304012872
55.5577622239888,-3.47898569294231
55.5555555555556,-3.48017134627134
55.1749237612912,-3.12906970116044
54.7947233690029,-3.52301456113578
54.4171428686589,-3.12435707064919
54.0421642070592,-3.16821803990099
53.6697694554048,-2.98684562914139
53.2999408084409,-0.174066517793544
52.9326605836056,-2.87940292029121
52.6315789473684,-2.86367468746296
52.5679112201842,-2.31844308602781
52.2056752784698,-2.58126559695507
51.8459354389291,-2.86793709914813
51.488674501375,-3.43795817437843
51.1338753841433,0.235644213050553
50.7815211232767,-1.91385674252693
50.4315948717136,-1.74916946284095
50.0840798984821,-3.26081963245049
50,-3.08654214811893
49.7389595879007,-3.44974642244081
49.3962174387832,-2.71961702440087
49.0558370636505,-2.60870617889948
48.7178021879463,-2.13564590367748
48.3820966492596,-3.60140554047178
48.0487043965513,-3.50961035436124
47.7176094893875,-2.85562945956566
47.6190476190476,-2.3632003044721
47.3887960971765,-1.96690391833205
47.0622484984128,-3.61359522306013
46.7676686756473,6.27752333380748
46.4158883361278,-2.9778114823636
46.0960448682843,-2.61064839392209
45.7784053837662,-3.29399251201606
45.462954695324,-3.46069529394266
45.4545454545455,-3.49240545103218
45.149677720361,-1.03356813023135
44.8385594802119,-1.44697555009359
44.5295850994266,-2.97948164694643
44.222739805059,-1.28805323663662
43.9180089259609,-1.66421315245817
43.6153778920801,-3.45728476465568
43.4782608695652,-3.48527292145469
43.314832233764,-3.1760270081106
43.016357581068,-2.33283415413633
42.7199396630678,-3.35554207678863
42.4255643071778,-3.25323159156302
42.1332174384729,-3.08613925169648
41.8428850790158,0.00463971588930168
41.6666666666667,-3.53075146369819
41.5545533471888,-0.178496716945953
41.2682084570295,-3.06941692372392
40.9838367175726,-0.519663882162983
40.7014245321944,-3.62089161017586
40.4209583979631,-3.57509296159209
40.1424249049932,0.0513160548965077
40,-3.52922586534457
39.8658107358044,-2.24383701779565
39.5911026646846,-3.46306799000642
39.3182875570577,-3.40410480072198
39.0473523688556,-1.15008896446407
38.7782841458946,-1.1784596320741
38.5110700232557,-2.61293623871513
38.4615384615385,-3.06079925049884
38.24569722467,-3.57209282409233
37.9821530619073,-0.693599824933027
37.72042493417,-3.60025181457838
37.4605003274899,0.860318225408624
37.2023668141307,-0.474685000535668
37.037037037037,-2.8704990033418
36.946012051993,-3.61835447243224
36.6914237840249,-3.53675902492939
36.4385898376355,-3.14912435170167
36.1874981241128,-2.11716307397533
35.9381366380463,-2.23326272000348
35.7142857142857,-2.8832483930624
35.6904934567523,-2.67612839760131
35.4445567397043,-2.92465135222867
35.2003147279668,-2.0472787263675
34.9577557436328,-2.90624938541121
34.7168681892656,-3.64215890966302
34.4827586206897,-3.37172198931428
34.4776405473446,-3.37267579013813
34.2400613797142,-3.58237488382663
34.0041193270371,-1.4048192346534
33.7698031082509,-3.02834287912737
33.5371015200293,-1.36023951216516
33.3333333333333,-3.29170756443615
33.3060034362459,-2.62663580957495
33.0764978074424,-1.94199492054956
32.8485736603004,-3.55505745022831
32.6222200971167,-3.05761784289167
32.397426295282,-1.54322801934377
32.258064516129,-2.86247404683742
32.1741815067637,-0.145676628230414
31.9524750575921,0.0519514970124435
31.7322963473498,-2.79683167218921
31.5136348486648,-3.11880468824917
31.2964801067075,-3.2819004124848
31.25,-2.24460272299764
31.0808217386906,-2.55110155120128
30.8666494333727,-3.14957107855981
30.6539529505653,-1.95727956723037
30.442722120643,1.24395923725827
30.3030303030303,-2.31871661922055
30.2329468440578,-0.282913210433956
30.0246170908555,-3.42268633993116
29.8177229001967,-2.42366274142936
29.6122543798804,-2.62047876404405
29.4117647058824,-2.32067680969235
29.4082017058706,-2.23781922056345
29.2055551218275,-0.738278187621925
29.0043049386399,-3.28013987697956
28.804441533963,-2.94697365423836
28.6059553517574,-3.22857389839789
28.5714285714286,-3.26732305811215
28.408836901833,-3.613455833521
28.2130767593947,-3.41061148885638
28.018665564592,-3.3007239788199
27.8255940220712,-3.01660961666392
27.7777777777778,-3.05547804104882
27.6338529005317,-2.06608127780468
27.4434330322836,-3.31527549326911
27.2543253128103,-1.6008310649624
27.0665207003324,-1.86532153022922
27.027027027027,1.00610875201172
26.8800102153761,-2.27003650579784
26.6947849403432,-3.09944309909757
26.5108360190854,-2.89951172662323
26.3281546564802,-3.48457610242441
26.3157894736842,-3.30304449803087
26.1467321180109,-3.01946384822993
25.9665597293487,-1.44456824715298
25.787628875938,2.0179403605949
25.6410256410256,-1.50021766929201
25.6099310025846,-0.181359104496702
25.4334576130465,-2.32506266994083
25.2582002696278,2.18088037886368
25.0841505927754,-0.330595372288381
25,1.12394356268677
24.9113002606779,-2.67230447606623
24.7396410088681,-3.62422141181424
24.5691646298279,-3.06717525101966
24.3998629725955,-3.07237294314192
24.390243902439,-3.4637814872262
24.231727942376,-1.84743772581451
24.0647515001542,0.0863438017627987
23.8989256623105,-2.55488116303151
23.8095238095238,-3.39845211748947
23.7342425002387,-0.42587427418952
23.5706941399673,-2.5029800678712
23.4082727617829,-1.94402165084584
23.2558139534884,-2.386324599334
23.2469705998565,-2.67162406443618
23.0867799418717,-2.31052727468501
22.9276931286565,-0.548726123771995
22.7697025538168,-0.879465642599892
22.7272727272727,-0.503956146865373
22.6128006633728,-2.80229523328149
22.4569799553977,-1.47498304471453
22.3022329796594,-1.81449215483134
22.2222222222222,-2.65472132089685
22.1485523372636,0.274270283878271
21.9959306803007,-3.00313332416458
21.8443607114943,-3.23174230418375
21.7391304347826,-3.29869441192626
21.6938351838518,-3.3181743410886
21.5443469003188,-2.33991494169119
21.3958887134342,-1.01268804788809
21.2765957446809,-2.34151185371742
21.2484535249888,-3.4459838080714
21.102034285686,-2.94516520679049
20.9566239948043,-3.06344844287458
20.8333333333333,-3.15303608895162
20.8122156998634,-1.7595687189159
20.6688024962908,-3.09879002645961
20.5263775270925,-3.01019006300622
20.4081632653061,-3.00892849353933
20.3849339825246,-2.95566183890066
20.244465099768,-0.391841098416886
20.104964162605,-0.999159327055462
20,-3.42934927807282
19.9664245010979,-2.40651767793856
19.8288394912707,-3.31711001034192
19.6922025547917,-1.48402483040776
19.6078431372549,-3.49208953852196
19.5565071586595,-1.18651949047564
19.4217468148903,-1.10448269933199
19.2879150802078,-3.31589044030927
19.2307692307692,-2.2027499016652
19.1550055557353,-2.13868521100819
19.0230118866894,-2.37122052232867
18.8919277620767,-0.779949548539245
18.8679245283019,-2.39957778210278
18.7617469143912,-3.38393060921767
18.6324631193156,-3.309877690779
18.5185185185185,-3.00431908667592
18.504070195423,-3.27807178832942
18.3765620038817,-2.9043318128681
18.2499324481615,-3.28537968188173
18.1818181818182,-3.19549561831935
18.1241754737424,-1.20002112253222
17.9992850678248,-3.33266414414625
17.8752552590424,-3.2605257721196
17.8571428571429,-1.69590442013121
17.7520801171764,-3.10630077386007
17.6297537528721,-2.70562934120467
17.5438596491228,-2.71812326820678
17.5082703173572,-3.42831554123263
17.3876240021625,-2.76115780242734
17.2678090388436,-3.22679119762234
17.2413793103448,-1.24532997812623
17.1488196987054,-3.41588019428415
17.0306502925284,-1.42854534860428
16.9491525423729,-2.02667822735701
16.9132951702965,-2.96436398138443
16.7967487209265,-3.28217802183049
16.6810053720006,-2.60934290066744
16.6666666666667,-2.92923651304981
16.5660595894991,-1.85786547295258
16.4519058775366,-2.55733699465811
16.3934426229508,-3.4518687224651
16.3385387780986,-3.55938075219585
16.2259528707809,-3.58089635676351
16.1290322580645,-3.50927236768963
16.1141427725302,-1.40660167787747
16.003103137387,-3.31604867621577
15.8928286562298,-2.67098642762975
15.8730158730159,-2.38215558529013
15.7833140565212,-2.81024074469469
15.674554102056,-3.43272724570759
15.625,-1.64211296160512
15.5665435927106,-2.24857189706104
15.4592773641948,-3.29933049060632
15.3846153846154,-2.71100820757867
15.3527502878042,-2.06570694596452
15.2469572701757,-2.48882423704422
15.1515151515152,1.23456931869898
15.1418932530435,-1.85227797019409
15.0375532129974,-1.53442415309184
14.9339321612425,-0.135913244947782
14.9253731343284,-0.635344946708424
14.831025143361,-2.5957526554932
14.728827239075,-2.98751416751041
14.7058823529412,-3.09442273065469
14.6273335620113,-2.74796468919844
14.5265392594678,-2.16540986939826
14.4927536231884,-3.66028732542928
14.4264395121816,-3.02871648662672
14.3270295340983,-2.45478509281055
14.2857142857143,0.37760886887158
14.2283045721435,-2.43478743663352
14.1302599059953,-2.87083561101106
14.0845070422535,0.106236549007595
14.0328908478587,1.38540215585052
13.9361927422414,-3.47841329013194
13.8888888888889,-1.76678018382899
13.8401609657313,-2.32621178340043
13.7447909267754,-0.90595556945767
13.6986301369863,-1.67568836981534
13.6500780654601,-3.50889552002105
13.5560178532937,-0.552101941152482
13.5135135135135,-2.77927392106873
13.4626057929891,-3.22206232688238
13.3698374182495,-2.995625325276
13.3333333333333,-1.16035581744067
13.2777082935543,-3.36196687535063
13.1862140139475,-3.456346800019
13.1578947368421,-2.6604143599152
13.0953502048267,-1.71232922028731
13.0051125217341,-3.43300031217758
12.987012987013,-3.51286926742413
12.9154966501488,-2.79543915190997
12.8264983052806,-1.56630304540276
12.8205128205128,-2.14224933008735
12.7381132318648,-3.11099529107797
12.6582278481013,-3.42408469812825
12.650337203959,-2.16207117450046
12.5631660247412,-3.06844200793032
12.5,-2.79175872628572
12.4765955263087,-3.14553785737346
12.3906215694792,-3.0083888671043
12.3456790123457,-3.51661340788142
12.3052400435926,-3.38207896885832
12.2204468663149,-1.76029796071436
12.1951219512195,-2.92889194545541
12.1362379834424,-2.14352657192888
12.0526093687084,-3.13719438178749
12.0481927710843,-3.30060373861358
11.9695570235904,0.707799816745866
11.9047619047619,-2.49666603521636
11.887076977119,-2.04590690668793
11.8051652856881,-2.62256443808665
11.7647058823529,-1.68791481137016
11.723818032866,-0.00884288786378828
11.6430313292088,-0.238699907025146
11.6279069767442,-3.50238322869942
11.5628013120738,-2.96442355013111
11.4942528735632,-1.25553733079088
11.4831241454351,-1.36375915601406
11.4039960197003,-3.57507113965108
11.3636363636364,-2.98838967691428
11.3254131515281,-3.45212660208561
11.2473717836475,-2.76662850598204
11.2359550561798,-3.03488600322892
11.1698681846782,-2.21916240534606
11.1111111111111,-2.74278371922646
11.0928986489522,-3.44296243752292
11.0164594963366,-2.66549128930414
10.989010989011,-3.32270792687604
10.9405470720574,-2.40271661820095
10.8695652173913,-2.86414564429897
10.8651577465254,-2.87751472035527
10.7902879151618,-2.29669135981659
10.752688172043,-1.50122203793689
10.7159339982267,-1.0052724371764
10.6420924406472,-1.27487776284867
10.6382978723404,-1.01601750276806
10.568759711848,-3.55805845648676
10.5263157894737,-3.52107795128453
10.4959323055823,-2.05894648855114
10.423606739764,-1.16076841306805
10.4166666666667,1.32955931983655
10.3517795563018,-3.04015288499893
10.3092783505155,-2.56108919232154
10.2804473209331,-2.82474668907805
10.2096066230605,-2.26223035556383
10.2040816326531,-2.02644985672758
10.1392540755882,-2.47617235871136
10.1010101010101,-2.81866755513711
10.0693863147603,-2.23797617803016
10,-2.39404746098001
10,-2.39404746097984
9.9310918137498,-2.78266551443637
9.9009900990099,-0.91565126198257
9.86265846131282,-3.07667030964633
9.80392156862745,-1.64408805854371
9.79469667069539,3.84155673537531
9.72720319245054,-3.0630322006058
9.70873786407767,-2.82510400669666
9.66017479952265,0.533348999437512
9.61538461538461,-2.96527011385681
9.59360828709314,-2.90348102263546
9.52750047242729,-3.09554069613459
9.52380952380952,-2.44771696848216
9.461848194722,-2.53588640324194
9.43396226415094,-3.63761497366375
9.39664831495469,-2.43950493477898
9.34579439252336,-3.59815550692305
9.33189771573324,-3.17240712658248
9.26759330114688,-3.25899740101424
9.25925925925926,-2.84986601911641
9.20373199661822,-3.2060983766871
9.1743119266055,-2.54540675281857
9.14031074875623,-3.50893406888816
9.09090909090909,-1.42983614809158
9.07732652521023,-3.41979766729822
9.01477631452492,-3.39612420508758
9.00900900900901,-2.5007625009636
8.9526571259964,-2.80310301700394
8.92857142857143,-3.46349384056286
8.89096598952916,-3.32954151274675
8.84955752212389,0.939762236944564
8.82969995549409,-3.33097045600895
8.7719298245614,-3.03096201973657
8.76885609458743,-3.29353507545458
8.70843149769072,-2.67749758657727
8.69565217391304,-3.64292171037853
8.64842327573172,-0.959004470207911
8.62068965517241,-2.3300911897863
8.58882855954625,-1.23272513876726
8.54700854700855,-2.96093343416414
8.52964449974102,-1.07445104958007
8.47457627118644,-2.4370419798647
8.47086826655741,-3.14772963860342
8.41249704973612,-3.01525676915677
8.40336134453781,-2.82722334508925
8.35452805838287,-1.72741463833681
8.33333333333333,-0.933572799637811
8.29695852083491,-3.09664908699359
8.26446280991736,-1.85589227258476
8.23978568452852,-3.6428933766963
8.19672131147541,-2.89149608115052
8.18300681586739,-3.48718524857032
8.13008130081301,-2.41150180002854
8.12661920009195,-1.44315851005869
8.0706201411495,-1.76272255267635
8.06451612903226,-2.50542943255435
8.01500696156541,-3.20844258760222
8,-2.26145891722329
7.95977700231498,-3.39235522555513
7.93650793650794,-2.56995347010736
7.90492762269642,-2.63913451739283
7.8740157480315,-1.88561567667817
7.85045620020451,-2.54204352823644
7.8125,-3.53150671129928
7.79636013040523,-2.92222586619776
7.75193798449612,-2.78896609646507
7.74263682681127,-2.65568184574435
7.69230769230769,-2.95421108767284
7.68928372075831,-3.41874460691231
7.63629826128224,-1.33843028128025
7.63358778625954,-1.34991957602078
7.58367791499719,-1.37986737893167
7.57575757575758,-3.3618241226792
7.53142016597437,-3.47809285705007
7.5187969924812,-2.63446530846418
7.47952251562182,-2.21768887932982
7.46268656716418,-2.75290820994659
7.42798248256492,-2.46835008946619
7.40740740740741,-2.47596333198619
7.37679760252773,-3.00855689249924
7.35294117647059,-1.55396782732195
7.32596542821523,-3.57383914721656
7.2992700729927,-3.54479560528393
7.27548352919623,-1.59673225874514
7.2463768115942,-3.35418705599069
7.22534949178722,-2.2210855429587
7.19424460431655,-3.13083607252657
7.17556091893693,-2.74928784075756
7.14285714285714,-2.22979974276016
7.12611543011175,-2.45552246928723
7.09219858156028,-3.11516836573177
7.07701066118189,-2.02363427796838
7.04225352112676,-2.31814647198133
7.02824426430835,-2.66432415370367
6.99300699300699,-0.981372674836005
6.97981390783066,-3.5133626884194
6.94444444444444,-0.587085532742218
6.93171727615541,-1.46744248091168
6.89655172413793,-3.46483614894224
6.8839520696455,-2.37510185506549
6.84931506849315,-3.12940296812594
6.83651600451024,-1.92860979570632
6.80272108843537,-1.32807101445517
6.78940681269611,-2.22008195945609
6.75675675675676,-1.54828715564276
6.74262224177834,-3.31204801758177
6.71140939597315,-2.63768374085499
6.69616005485322,-3.21887392829849
6.66666666666667,-2.71853570174668
6.65001803043112,-2.12255765441504
6.62251655629139,-3.39758100620271
6.6041939623303,-3.22083047553034
6.57894736842105,-2.61413951874918
6.55868565957143,-0.596120854772134
6.5359477124183,-3.12608547957269
6.5134909462728,-3.15157124035799
6.49350649350649,-1.8884670271117
6.46860766154633,-2.82791671174975
6.45161290322581,-3.35512946205297
6.42403365939419,-3.64707326429076
6.41025641025641,-3.58306639170449
6.37976680860628,-3.04159926251945
6.36942675159236,-0.171199729411664
6.33580499265825,-2.23214218075084
6.32911392405063,-2.3294029693762
6.29214610961034,-3.01061931062066
6.28930817610063,-2.15148673546234
6.25,-3.64520284669471
6.24878807200689,-3.65042013802026
6.2111801242236,-0.25626382982163
6.2057288067765,-0.879197112085687
6.17283950617284,-1.41198492379224
6.16296625513294,-3.13998417590825
6.13496932515337,-3.2601522177692
6.1204983724767,-3.14431370017784
6.09756097560976,-3.33517250000123
6.07832312829723,-0.668494255481856
6.06060606060606,-3.41536780848689
6.03643850607587,-2.97901727842641
6.02409638554217,-0.869791888631236
5.99484250318941,-3.04389362500218
5.98802395209581,-3.24932384670411
5.95353313081437,-3.23823692252965
5.95238095238095,-3.02964850101632
5.91715976331361,-1.42403224305222
5.91250841383188,-2.78245549965517
5.88235294117647,-2.55712073793621
5.87176639073326,-2.41333109212003
5.84795321637427,-2.97644244874412
5.83130511352622,-2.28360651974951
5.81395348837209,-3.61010325022273
5.79112264764176,-1.77469258114022
5.78034682080925,-3.26851322552956
5.75121707184161,-2.26371371229949
5.74712643678161,0.371852791957299
5.71428571428571,-3.06522654325421
5.71158647812643,-2.32954694481772
5.68181818181818,-3.31958079334519
5.67222897164454,-1.99714989087608
5.64971751412429,-2.75301089530849
5.63314267060136,-3.3440390433286
5.61797752808989,-3.57263714751447
5.59432570616938,-3.29963035231561
5.58659217877095,-3.15274892027959
5.55577622239888,-1.64213670214867
5.55555555555556,-1.60005641447405
5.52486187845304,-3.23973260889219
5.51749237612913,-3.60984556216674
5.49450549450549,-3.51618408855007
5.47947233690029,-3.42964439362823
5.46448087431694,-2.10146187218494
5.44171428686589,-2.91048024719368
5.43478260869565,-2.99016900489211
5.40540540540541,-3.60434290744014
5.40421642070592,-3.66050831303751
5.37634408602151,-3.0768561426622
5.36697694554048,0.0241061474510404
5.3475935828877,-3.46812326853374
5.32999408084409,-3.4896402803384
5.31914893617021,-3.21534230621303
5.29326605836056,-3.53305097733716
5.29100529100529,-2.18055296192908
5.26315789473684,-3.5684803859895
5.25679112201842,-3.53306760696462
5.23560209424084,-3.22333108731807
5.22056752784698,-3.31206863905349
5.20833333333333,-2.28782302909688
5.18459354389291,-3.62421409186647
5.18134715025907,-3.41117763054167
5.15463917525773,-2.92752752354722
5.14886745013749,-2.79375662069976
5.12820512820513,-2.47896188829183
5.11338753841433,-3.54138147415299
5.10204081632653,-2.72422267290836
5.07815211232767,-2.21139011181391
5.0761421319797,-0.232482134042026
5.05050505050505,-3.5780628428384
5.04315948717136,-3.392344658661
5.0251256281407,-2.89035754760171
5.00840798984821,-2.39443313858886
5,-3.48105097449463
4.97512437810945,-3.01859880535779
4.97389595879006,-1.46212576815428
4.95049504950495,-3.31227365486991
4.93962174387832,-2.85691212812734
4.92610837438424,-2.1890870155904
4.90558370636505,-1.92409805036057
4.90196078431372,-2.08417457192804
4.8780487804878,-3.28243502669356
4.87178021879463,-3.06822670217688
4.85436893203883,0.612908039219026
4.83820966492596,0.856500221462359
4.83091787439613,-3.27627520352861
4.80769230769231,-3.38610717797503
4.80487043965513,-2.90821632228734
4.78468899521531,-2.06582147685996
4.77176094893875,-2.29277114364144
4.76190476190476,-3.5421245258165
4.739336492891,-3.4498141138596
4.73887960971765,-3.56412285719078
4.71698113207547,-3.07771748954796
4.70622484984128,-3.18328872434135
4.69483568075117,-3.11444360113814
4.67379510799246,-2.06047606332499
4.67289719626168,-2.05019601054603
4.65116279069767,-1.35417340981312
4.64158883361278,-3.48683567524064
4.62962962962963,-3.39755548637991
4.60960448682843,-3.65759238538974
4.60829493087558,-2.82537259249296
4.58715596330275,-0.255162477316683
4.57784053837662,-2.77087407894289
4.5662100456621,-3.25177730884358
4.5462954695324,-3.3844963411653
4.54545454545455,-2.94111788403718
4.52488687782805,-3.20156901980506
4.5149677720361,-2.75763859049458
4.5045045045045,1.49153819362458
4.48430493273543,-1.96577460431736
4.48385594802119,-2.42310889011149
4.46428571428571,-2.3429314288072
4.45295850994265,-3.16188546547591
4.44444444444444,-1.35320044106698
4.42477876106195,-3.29978513255234
4.4222739805059,-3.52657750700713
4.40528634361233,-3.08109693617227
4.39180089259609,-3.66334054996808
4.3859649122807,-3.53548778781792
4.36681222707424,-3.40037167872442
4.361537789208,-3.42150659602909
4.34782608695652,-3.45466011576688
4.3314832233764,1.24795489461959
4.32900432900433,-2.50654442617634
4.31034482758621,-2.88015081515648
4.30163575810679,-2.20342326960242
4.29184549356223,-2.80836647185246
4.27350427350427,-2.75733681467239
4.27199396630678,-3.28183607700718
4.25531914893617,-1.41026783568624
4.24255643071778,-1.00699947267314
4.23728813559322,-3.07938769084491
4.21940928270042,-3.63814673332468
4.21332174384729,-3.31722839178264
4.20168067226891,-0.316511634980666
4.18428850790158,-1.57710765814447
4.18410041841004,-1.29291602650782
4.16666666666667,-3.24535159388138
4.15545533471888,-3.02349087517917
4.149377593361,-3.00901809494872
4.13223140495868,-3.17960580951979
4.12682084570295,-2.53650264353261
4.11522633744856,-2.87833182514883
4.09838367175726,-3.58068262005441
4.0983606557377,-3.58120753772293
4.08163265306122,-2.78481237668295
4.07014245321944,-3.36950335759193
4.0650406504065,-3.50679195691212
4.04858299595142,-3.53947057659102
4.04209583979631,-3.57888042776785
4.03225806451613,-2.04461168930571
4.01606425702811,-2.61453626529599
4.01424249049932,-2.59629973513942
4,-2.73179965481425
3.98658107358044,-3.20462310637886
3.98406374501992,-1.48487720858894
3.96825396825397,-2.14243957296425
3.95911026646846,-3.60567072477492
3.95256916996047,-3.31253485887073
3.93700787401575,-2.58544424252245
3.93182875570577,-2.9091442586545
3.92156862745098,-1.88970588463003
3.90625,-3.06771191296483
3.90473523688556,-2.48048499326525
3.89105058365759,-3.222583758487
3.87782841458946,-2.16150550512169
3.87596899224806,-2.69549930100943
3.86100386100386,-3.33892287650682
3.85110700232557,-3.45998026429281
3.84615384615385,-3.10303759481017
3.83141762452107,-2.62065114153237
3.824569722467,-2.98208176190895
3.81679389312977,-0.601830361997837
3.80228136882129,-2.95224333454795
3.79821530619074,-2.25153921566361
3.78787878787879,-3.42477036259281
3.77358490566038,-2.03980135282425
3.772042493417,3.32551429488295
3.7593984962406,-3.32203537828887
3.74605003274899,-1.44260440347757
3.74531835205992,-2.13519900424172
3.73134328358209,-3.17362236031367
3.72023668141307,-0.144612758002135
3.71747211895911,-2.86471054659226
3.7037037037037,-3.13347608386858
3.6946012051993,-2.43487052775704
3.690036900369,-2.23248249586281
3.67647058823529,-3.18064381713797
3.66914237840249,-3.57431765340287
3.66300366300366,-1.37768848663681
3.64963503649635,-3.60320588478781
3.64385898376355,-0.883156793584429
3.63636363636364,-2.16766252206134
3.6231884057971,-2.87347387108617
3.61874981241128,-2.75793335551451
3.6101083032491,-2.5561247437473
3.59712230215827,-2.60174932797683
3.59381366380463,-3.50644808116926
3.584229390681,-1.97310851760808
3.57142857142857,-2.23302168033895
3.56904934567523,-2.64312155777834
3.55871886120996,-2.7243572655948
3.54609929078014,-3.05075196478817
3.54445567397043,-1.18288101669126
3.53356890459364,-3.46556866240031
3.52112676056338,-1.39498662873872
3.52003147279668,-3.54241219365918
3.50877192982456,-3.61676696218269
3.4965034965035,-2.42265417589526
3.49577557436328,-3.62353775838364
3.48432055749129,-3.37755329406603
3.47222222222222,-3.44359539034509
3.47168681892656,-2.86054716359395
3.46020761245675,-3.61755618713995
3.44827586206897,-3.40280716070419
3.44776405473446,-3.26326345296259
3.43642611683849,-3.24941913417488
3.42465753424658,-3.27711504891236
3.42400613797142,-1.88396150847636
3.41296928327645,-3.31369621392859
3.40136054421769,-3.51689090425033
3.40041193270371,-2.05835494252023
3.38983050847458,-2.68552319702264
3.37837837837838,-0.013496672794143
3.37698031082509,-2.53189511704165
3.36700336700337,-3.06880624054973
3.35570469798658,-2.84138405290782
3.35371015200293,-2.62461241501976
3.34448160535117,1.33643652949524
3.33333333333333,-3.04966468185968
3.33060034362459,-3.07623218209327
3.32225913621262,-2.70480214307941
3.3112582781457,-1.54602442778424
3.30764978074424,-3.38359370643125
3.3003300330033,-3.01876045999326
3.28947368421053,-3.32245550770194
3.28485736603004,-2.6838094227151
3.27868852459016,-3.42478682472396
3.26797385620915,-3.13952407991651
3.26222200971167,-3.08903588797254
3.25732899022801,-2.31546866749529
3.24675324675325,-3.51818418709642
3.2397426295282,-3.59056792638365
3.23624595469256,-3.2760201222034
3.2258064516129,-1.34029345764396
3.21741815067637,-3.12812624064396
3.21543408360129,-3.22909290592817
3.20512820512821,-0.332712839848862
3.19524750575921,-1.7514527916514
3.19488817891374,-1.6359632728482
3.18471337579618,-2.50941915566575
3.17460317460317,-3.50986640177414
3.17322963473498,-2.15672887385959
3.16455696202532,-2.04777358900902
3.15457413249211,-1.69327074401819
3.15136348486648,-2.71027347801209
3.14465408805031,-2.63420197142703
3.13479623824451,-0.817672533931225
3.12964801067075,-2.55091569505587
3.125,-3.61874619925497
3.11526479750779,-3.61513182381126
3.10808217386906,-3.36676461532913
3.1055900621118,-2.91407138422177
3.09597523219814,-2.64779424028513
3.08666494333727,-3.13224843381128
3.08641975308642,-3.34598459908538
3.07692307692308,-1.69534912363111
3.06748466257669,-1.03989834615175
3.06539529505653,-3.42879525825809
3.05810397553517,-3.11807178227978
3.04878048780488,-3.3605652621125
3.0442722120643,-3.54797622850317
3.03951367781155,-2.888002277267
3.03030303030303,-2.86751096919935
3.02329468440578,-3.16990247293149
3.02114803625378,-3.05191883552039
3.01204819277108,-2.249539253343
3.003003003003,-3.19390106767311
3.00246170908555,-2.32691856930129
2.9940119760479,-3.40951103348457
2.98507462686567,-3.01151115083884
2.98177229001967,-3.32990066065632
2.97619047619048,-1.55150841264664
2.9673590504451,-3.45093087679153
2.96122543798803,-2.91900532361118
2.9585798816568,-3.62863389495798
2.94985250737463,-2.14811635075999
2.94117647058824,-1.41221787757153
2.94082017058706,-1.99906801064121
2.93255131964809,-3.10037934930115
2.92397660818713,-2.74970893398669
2.92055551218275,-3.12375659704646
2.91545189504373,1.7245247371683
2.90697674418605,-3.40900592453097
2.90043049386399,-3.35928308175839
2.89855072463768,-3.18370559034404
2.89017341040462,-2.43019147985448
2.88184438040346,-3.538854453571
2.8804441533963,-3.45775003936383
2.8735632183908,-2.27084886928061
2.86532951289398,-2.56368583769962
2.86059553517574,-2.92651988327496
2.85714285714286,-3.33059809292377
2.84900284900285,-3.07769303513588
2.84090909090909,-2.8616431206553
2.8408836901833,-2.90047987209796
2.8328611898017,-3.45622170668455
2.82485875706215,-3.45150886211813
2.82130767593947,-3.3379009577748
2.8169014084507,0.0032102571986643
2.80898876404494,-3.53273793795698
2.8018665564592,-2.75679492596684
2.80112044817927,-2.97085005007916
2.79329608938547,-1.4796988025074
2.78551532033426,-3.62601417456072
2.78255940220712,-3.48530158625347
2.77777777777778,-2.93114390832742
2.77008310249307,-2.62809006919103
2.76338529005317,-3.51371604113224
2.76243093922652,-2.71325344253604
2.75482093663912,-1.39145393610668
2.74725274725275,-3.63288103222088
2.74434330322836,-2.7239784676441
2.73972602739726,-3.06857360905154
2.73224043715847,-0.764471258623881
2.72543253128103,-3.17209603509125
2.72479564032698,-1.35485822912259
2.71739130434783,-3.1995057052011
2.710027100271,-2.97890258409982
2.70665207003324,-3.61263062550328
2.7027027027027,-3.14722802497148
2.69541778975741,-3.08388687899558
2.68817204301075,-1.12156975436774
2.68800102153761,-0.201587210848156
2.68096514745308,-2.96044926601989
2.67379679144385,-2.41012482758607
2.66947849403432,-1.89467270391277
2.66666666666667,1.40963689026994
2.65957446808511,-2.75658566767687
2.6525198938992,-2.97305765694945
2.65108360190854,-2.99352695246604
2.64550264550265,-2.94588289968153
2.63852242744063,-2.70950874506628
2.63281546564802,-1.26391046189745
2.63157894736842,-0.902449564558064
2.6246719160105,-3.40941057985749
2.61780104712042,-3.58260085152029
2.61467321180109,-3.16454758358959
2.61096605744125,-3.52220933340605
2.60416666666667,-2.42761116560721
2.5974025974026,-3.5841091765681
2.59665597293487,-2.5353647626289
2.59067357512953,-3.54214464527244
2.58397932816537,-3.48956910471294
2.5787628875938,-3.62172418908222
2.57731958762887,-3.05771574403821
2.5706940874036,-3.38284991900432
2.56410256410256,-1.90441943588761
2.56099310025846,-3.44478749902317
2.55754475703325,-2.38042438981521
2.55102040816327,-0.340567602961708
2.54452926208651,-2.87685915008391
2.54334576130465,-2.65889869219749
2.53807106598985,-2.68206562430388
2.53164556962025,-2.61837072923229
2.52582002696278,-3.18738788041527
2.52525252525253,-3.50851487859044
2.51889168765743,-3.32256304206488
2.51256281407035,-3.53433192092371
2.50841505927754,-1.54321461653749
2.5062656641604,-3.39722002690886
2.5,-3.1350486418902
2.49376558603491,-2.98539838352392
2.49113002606779,-0.619537472397819
2.48756218905473,-2.69250369334828
2.48138957816377,-1.98518333011689
2.47524752475248,-3.06945696771684
2.47396410088681,-3.46438350993737
2.46913580246914,-3.17964403388371
2.46305418719212,-3.51591750004875
2.45700245700246,-2.15868185536764
2.45691646298279,-1.94374537068107
2.45098039215686,-3.38077874784191
2.44498777506112,-3.62253864358213
2.43998629725955,-3.53624393172025
2.4390243902439,-3.35008179596987
2.4330900243309,-3.00986806936144
2.42718446601942,-2.91031139214477
2.4231727942376,-3.36250380069613
2.42130750605327,-3.46155110597131
2.41545893719807,-2.47718148865682
2.40963855421687,-3.46714167513566
2.40647515001542,-1.00302637675109
2.40384615384615,-1.47543978540677
2.39808153477218,-3.1664518638516
2.39234449760766,-2.7503881089881
2.38989256623105,-2.91129838343955
2.38663484486874,-3.00805707055455
2.38095238095238,-0.789588699487648
2.37529691211401,-3.4020373454061
2.37342425002387,-3.27149896820417
2.3696682464455,-3.38508270454575
2.36406619385343,-2.74646737242243
2.35849056603774,-2.402420747709
2.35706941399673,-3.47850533720397
2.35294117647059,-3.4693462141934
2.34741784037559,-3.55134787581072
2.34192037470726,-2.66340455556219
2.34082727617829,-2.86816334025682
2.33644859813084,-0.829901924609582
2.33100233100233,-0.988272335207294
2.32558139534884,-3.25321269307109
2.32469705998565,-3.16026100191585
2.32018561484919,-2.31134340192123
2.31481481481481,-3.26777222802319
2.3094688221709,-2.26158517654816
2.30867799418717,-2.14151615276419
2.30414746543779,-2.27527670491095
2.29885057471264,-1.77848021778852
2.29357798165138,-1.82333922934991
2.29276931286565,-2.88587774150316
2.2883295194508,-2.39015380102789
2.28310502283105,-3.16672051130224
2.27790432801822,-3.16615877267374
2.27697025538168,-2.52956750791189
2.27272727272727,-3.55753252954276
2.26757369614512,-3.39986211553541
2.26244343891403,-3.28451029227299
2.26128006633728,-2.27413397405545
2.25733634311512,-2.87221588824654
2.25225225225225,-2.91712479771094
2.24719101123596,-3.00440446629672
2.24569799553977,-3.22780727248273
2.24215246636771,-3.01381646104745
2.23713646532438,-2.48342953555537
2.23214285714286,-3.44337594500267
2.23022329796594,-3.46261356406044
2.2271714922049,-0.545359292677982
2.22222222222222,-3.10564525656634
2.21729490022173,-2.66366055315852
2.21485523372636,-2.35257198847158
2.21238938053097,-2.67752250748479
2.2075055187638,-3.11180028785615
2.20264317180617,-2.42837880825878
2.19959306803007,-2.70995780819187
2.1978021978022,-2.77617455860367
2.19298245614035,-1.9758267010405
2.18818380743982,-3.62245063820155
2.18443607114943,-0.399392220561746
2.18340611353712,-2.52942747655892
2.17864923747277,-2.86126341960853
2.17391304347826,-1.51452280381126
2.16938351838518,-3.60642005127651
2.16919739696312,-3.36933212341186
2.16450216450216,-3.04714680237204
2.15982721382289,-2.8108097989821
2.1551724137931,-3.42372177834555
2.15443469003188,-2.49693613818657
2.1505376344086,-2.66206107995729
2.14592274678112,-3.42736323933938
2.14132762312634,-3.31579049537619
2.13958887134342,-3.02878870544562
2.13675213675214,-1.58368402790959
2.13219616204691,-3.4321671327696
2.12765957446809,-2.5962697834209
2.12484535249888,-3.39153552037818
2.12314225053079,-2.68355728339342
2.11864406779661,-3.52937805539177
2.11416490486258,-2.09754432704868
2.1102034285686,-3.37927602697341
2.10970464135021,-3.45561130371739
2.10526315789474,-3.4834552804085
2.10084033613445,-2.83249766551067
2.09643605870021,-1.74350139535793
2.09566239948043,-2.54735684648984
2.09205020920502,-3.33467819148431
2.08768267223382,-1.04027364557926
2.08333333333333,-3.37265694159513
2.08122156998634,-2.07036364676268
2.07900207900208,-2.84464829787599
2.0746887966805,-3.65252336602087
2.0703933747412,-3.23260140236313
2.06688024962908,-3.06169687294722
2.06611570247934,-2.62403872032312
2.06185567010309,-1.95141033497874
2.05761316872428,-3.56349971096311
2.05338809034908,-2.22682559275416
2.05263775270925,-2.90468136124009
2.04918032786885,-2.88874574582247
2.04498977505112,-3.24237176408253
2.04081632653061,-3.62809934101058
2.03849339825246,-3.51910604894449
2.03665987780041,-3.63167755950634
2.03252032520325,-1.79739444633271
2.02839756592292,-3.30853897118224
2.0244465099768,-1.83220275412249
2.02429149797571,-1.55308038663211
2.02020202020202,-2.72355746587722
2.01612903225806,-3.2652587007271
2.01207243460765,-3.3105104307008
2.0104964162605,-2.52862865714855
2.00803212851406,-2.50493171905462
2.00400801603206,-3.39158373291415
2,-3.47842007428853
1.99664245010979,-3.38933869570213
1.99600798403194,-3.13106330672717
1.99203187250996,-3.08882816095386
1.98807157057654,-3.62495138084322
1.98412698412698,-3.02252227663952
1.98288394912707,-3.39380309358689
1.98019801980198,-3.25337853496181
1.97628458498024,-3.29238612909087
1.9723865877712,-2.68073674109639
1.96922025547917,-3.24695024989988
1.96850393700787,-2.49062426578974
1.96463654223969,-2.83779674982922
1.96078431372549,-3.57728670142539
1.95694716242661,-3.39993731829396
1.95565071586595,-3.01122540944824
1.953125,-3.25938107126303
1.94931773879142,-2.18887534025331
1.94552529182879,-3.52733707047842
1.94217468148903,-2.78833126670049
1.94174757281553,-1.56511369402487
1.93798449612403,-3.54732721297197
1.93423597678917,-3.39164615829768
1.93050193050193,-3.19979861880942
1.92879150802078,-3.4572519451634
1.92678227360308,-2.91450895314541
1.92307692307692,-3.29148037327293
1.91938579654511,-1.13026144141157
1.91570881226054,-3.27808325153624
1.91550055557353,-3.65453636619305
1.91204588910134,-3.0386724386751
1.90839694656489,-1.89201485891696
1.9047619047619,-3.60547240257626
1.90230118866894,-3.18332938297489
1.90114068441065,-3.52404929530915
1.89753320683112,-2.59398481861164
1.89393939393939,-3.55595293389178
1.89035916824197,-3.23786862612256
1.88919277620767,-3.50777798974017
1.88679245283019,-1.5733166549151
1.88323917137476,-3.295810945457
1.8796992481203,-0.108364175621044
1.87617469143912,-2.48561108774318
1.87617260787992,-2.49267073529394
1.87265917602996,-3.34324534403604
1.86915887850467,-3.64343564314829
1.86567164179104,-3.56477545756673
1.86324631193156,-3.15931933366367
1.86219739292365,-2.54457708176441
1.85873605947955,-2.82394435991297
1.85528756957328,-2.98897834822987
1.85185185185185,-2.51634210093284
1.8504070195423,-3.29054946183957
1.84842883548983,-1.8478140582999
1.8450184501845,-2.74993679158105
1.84162062615101,-3.5019560773551
1.83823529411765,-1.38081510316531
1.83765620038817,-3.32592348895003
1.8348623853211,-3.02979541698549
1.83150183150183,-3.59888378422671
1.82815356489945,-2.45674685311441
1.82499324481615,-2.80015041254098
1.82481751824817,-3.0321362828504
1.82149362477231,-2.39492136382692
1.81818181818182,-3.14474623567984
1.81488203266788,-2.43461707949363
1.81241754737424,-3.24913651333396
1.81159420289855,-3.64137559826342
1.80831826401447,-3.02841882618032
1.80505415162455,-3.34571333679413
1.8018018018018,-2.86880992896068
1.79992850678248,-1.0850889921803
1.79856115107914,-2.96645753874743
1.79533213644524,-2.9713978646436
1.7921146953405,-2.28906034161171
1.78890876565295,-3.45872817782783
1.78752552590424,-2.62993788306188
1.78571428571429,-3.65196135677634
1.7825311942959,-3.3878704302388
1.77935943060498,-3.07925529696241
1.77619893428064,-3.34265165715272
1.77520801171763,-3.31177138134354
1.77304964539007,-2.90831349870033
1.76991150442478,-3.29970833343428
1.76678445229682,-2.45835868125125
1.7636684303351,-1.80107514897203
1.76297537528721,-3.64306549210412
1.76056338028169,-3.47048036772098
1.75746924428822,-1.71442475940973
1.75438596491228,-2.8664372007211
1.75131348511384,-1.56424000048294
1.75082703173572,-3.40749649079573
1.74825174825175,-0.804054704308366
1.74520069808028,-2.30588945873798
1.74216027874564,-2.71791369384796
1.73913043478261,-3.4567524272923
1.73876240021625,-3.3206432098991
1.73611111111111,-1.29113253891951
1.73310225303293,-3.31162076817416
1.73010380622837,-1.65190398887308
1.72711571675302,-2.95134988105978
1.72678090388436,-3.43671236240113
1.72413793103448,-1.604497884178
1.72117039586919,-3.1909659367834
1.71821305841924,-2.69216322809519
1.71526586620926,-3.55706206074513
1.71488196987054,-3.17147507925865
1.71232876712329,-2.9445734843094
1.70940170940171,-1.94771662059547
1.70648464163823,-3.33412053835637
1.70357751277683,-3.57249107938723
1.70306502925284,-3.25150452999425
1.70068027210884,-3.517434589773
1.69779286926995,-1.29094931659885
1.69491525423729,-2.62192646306944
1.69204737732657,-3.6477541528199
1.69132951702965,-2.75616093742623
1.68918918918919,-3.34748395997776
1.68634064080944,-2.80497849031102
1.68350168350168,-3.49998021137675
1.68067226890756,-0.554304827628424
1.67967487209265,-2.75293482550698
1.67785234899329,-1.81643737689835
1.6750418760469,0.146210422764075
1.67224080267559,-1.97780236205865
1.669449081803,-2.35560618370074
1.66810053720006,-1.88990039639576
1.66666666666667,-2.59080868631487
1.66389351081531,-3.05835241023878
1.66112956810631,-0.833421043542994
1.65837479270315,-2.97852952538021
1.65660595894991,-3.54204925044125
1.65562913907285,-3.08971394543662
1.65289256198347,-3.40913939028867
1.65016501650165,-3.14852073659393
1.64744645799012,-3.11429357726775
1.64519058775366,-3.24490277139871
1.64473684210526,-1.5673225694674
1.64203612479475,-3.36265448295749
1.63934426229508,-2.50279589779661
1.6366612111293,-2.99362578042364
1.63398692810458,-3.50981053563505
1.63385387780986,-1.92835380393988
1.63132137030995,-3.336568222791
1.62866449511401,-3.27127862652609
1.6260162601626,-3.42621724391555
1.62337662337662,-3.43324633699417
1.62259528707809,-3.58531328972863
1.62074554294976,-3.54544298552274
1.61812297734628,-3.07295366511901
1.61550888529887,-3.18351127816389
1.61290322580645,-1.97367991112203
1.61141427725302,-1.09203466044861
1.61030595813205,-3.33868510684713
1.60771704180064,-3.5507571352242
1.60513643659711,-1.98187061698401
1.6025641025641,-2.89682811839766
1.6003103137387,-3.1128654287787
1.6,1.85000511850207
1.59744408945687,-1.77437790361698
1.59489633173844,-1.33283568862539
1.59235668789809,-0.88375932605221
1.58982511923688,-3.41390552072555
1.58928286562298,-2.23817948328569
1.58730158730159,-2.96034430659067
1.58478605388273,-2.98627709734576
1.58227848101266,-3.03968872234467
1.57977883096367,-2.76445539777272
1.57833140565212,-2.01837576275896
1.57728706624606,-0.781374618821768
1.5748031496063,-2.05861303945171
1.57232704402516,-2.91339136693544
1.56985871271586,-1.09257410796568
1.5674554102056,-3.53995162886384
1.56739811912226,-3.2763528781809
1.56494522691706,-2.57905578305634
1.5625,-3.05963288665994
1.5600624024961,-3.63656971700264
1.55763239875389,-3.34892319751433
1.55665435927106,-2.61482680419165
1.5552099533437,-2.67365226980344
1.5527950310559,-3.15487916572526
1.55038759689922,-2.86431146588411
1.54798761609907,-1.44026774080968
1.54592773641948,-2.28650008284476
1.54559505409583,-3.25548144168634
1.54320987654321,-3.50125222246747
1.54083204930663,-3.02995185374909
1.53846153846154,-2.26335577820724
1.53609831029186,-2.23680579654897
1.53527502878042,-1.09260530721012
1.53374233128834,-2.50249158889526
1.53139356814701,-3.44164857925316
1.52905198776758,-2.11743044975891
1.52671755725191,-2.8382339102245
1.52469572701757,-2.24229927991781
1.52439024390244,-3.49541890114655
1.5220700152207,-1.87364970716034
1.51975683890577,-1.98025799199685
1.51745068285281,-2.35728514455415
1.51515151515152,-0.758261096381356
1.51418932530435,-2.58479469268077
1.51285930408472,-1.21166973443875
1.51057401812689,-2.84964367515355
1.50829562594268,-1.83144526269303
1.50602409638554,-2.34695366673703
1.50375939849624,-3.23224724876574
1.50375532129974,-3.2484746368092
1.5015015015015,-2.55482024597053
1.49925037481259,-1.08934735901731
1.49700598802395,-3.65485245844028
1.49476831091181,-3.5678322141827
1.49339321612425,-1.39518121547719
1.49253731343284,-3.20620096200262
1.4903129657228,-3.65651165865968
1.48809523809524,-3.61867757992804
1.48588410104012,-2.65302301266656
1.48367952522255,-1.7573514364639
1.4831025143361,-2.49554127096804
1.48148148148148,-3.06106492378474
1.4792899408284,-3.16110218980018
1.47710487444609,-2.33454144488725
1.47492625368732,-3.09694698422468
1.4728827239075,-3.15714924010238
1.47275405007364,-3.12061229477139
1.47058823529412,-3.47560597455428
1.46842878120411,-0.870685598544962
1.46627565982405,-1.08614930411489
1.46412884333821,-0.794993531880105
1.46273335620113,-2.78971347918816
1.46198830409357,1.51164595264702
1.45985401459854,-2.97375053971775
1.45772594752187,-2.57584708934855
1.45560407569141,-1.32150624932704
1.45348837209302,0.947108834691979
1.45265392594678,-2.44876300009873
1.45137880986938,-2.18985536725649
1.44927536231884,0.347404814641455
1.44717800289436,-3.33725667790922
1.44508670520231,-3.66353492691276
1.44300144300144,-2.16464666024403
1.44264395121816,-1.21807774526145
1.44092219020173,-3.54835227011749
1.43884892086331,-2.38716421987483
1.4367816091954,-3.47871204029475
1.43472022955524,-3.57215902666267
1.43270295340983,-3.28927112538458
1.43266475644699,-3.36689451864076
1.43061516452074,-2.57658689421965
1.42857142857143,-0.697498667767017
1.4265335235378,1.49419874476461
1.42450142450142,-1.97795988047146
1.42283045721435,-1.69873761675118
1.42247510668563,-3.39390399709991
1.42045454545455,-0.431925786368832
1.41843971631206,-1.14667612543111
1.41643059490085,-2.84433613011147
1.41442715700141,-0.197692777337987
1.41302599059953,-1.33900568151658
1.41242937853107,-2.44451112689627
1.41043723554302,-3.4646160248016
1.40845070422535,-2.87431458233065
1.40646976090014,-3.2977900802703
1.40449438202247,-2.97273293560032
1.40328908478587,-1.88604782272698
1.40252454417952,-3.42381436023812
1.40056022408964,-3.09371119796814
1.3986013986014,-3.32942839517595
1.39664804469274,-1.95862285661367
1.39470013947001,-3.43435425866529
1.39361927422414,-1.47806416734458
1.39275766016713,-3.45588917652766
1.39082058414465,-1.76565214359602
1.38888888888889,-3.53216310259016
1.3869625520111,-2.88944153094213
1.38504155124654,-3.49635317485824
1.38401609657313,-1.9032351240133
1.38312586445367,-2.28629391557008
1.38121546961326,-2.985282711424
1.37931034482759,-3.24119491236221
1.37741046831956,-3.57628553772188
1.37551581843191,-1.24108792185167
1.37447909267754,-3.01044294121838
1.37362637362637,-3.06103579711306
1.37174211248285,-3.51186290634267
1.36986301369863,-1.6313978383351
1.36798905608755,-3.56253544275567
1.36612021857923,-3.54878385067199
1.36500780654601,-0.287771592094724
1.36425648021828,-3.14193234856374
1.36239782016349,-3.46564711700428
1.36054421768707,-1.34270147763713
1.35869565217391,-3.55055182969185
1.35685210312076,-3.11124156747938
1.35560178532937,2.73083777519917
1.3550135501355,0.718077106861633
1.3531799729364,-3.41389958554664
1.35135135135135,-3.0191977433479
1.34952766531714,-2.41792360288674
1.34770889487871,-2.49927873115557
1.34626057929891,-3.09042170273117
1.34589502018843,-2.03211411418887
1.34408602150538,-2.40111404091551
1.34228187919463,-1.0526776709279
1.34048257372654,-3.65725677154951
1.33868808567604,-2.32124093888758
1.33698374182495,-2.2354499302824
1.33689839572193,-2.96991166014869
1.33511348464619,-2.46620157641511
1.33333333333333,-3.05456290534319
1.33155792276964,-2.83660758480267
1.32978723404255,-3.39655650680232
1.32802124833997,-2.72556773144096
1.32777082935543,-2.86471210064213
1.3262599469496,-2.48490447100574
1.32450331125828,-2.23752845401399
1.32275132275132,-3.07819486011088
1.32100396301189,-3.25410020545471
1.31926121372032,-3.41531024884464
1.31862140139475,-2.98262357504303
1.31752305665349,-3.52270198404663
1.31578947368421,-3.46916164083252
1.31406044678055,-1.13336271964895
1.31233595800525,1.3057102180318
1.31061598951507,-3.1199785162867
1.30953502048267,-0.995193258723712
1.30890052356021,0.9839683156866
1.30718954248366,-0.306382343123668
1.30548302872063,-2.59985359762207
1.30378096479791,-1.41091051319035
1.30208333333333,-2.29953526340453
1.30051125217341,-1.34765296793141
1.30039011703511,-2.92394870486747
1.2987012987013,-2.10352952833126
1.2970168612192,-2.53556056054553
1.29533678756477,-3.50999016732383
1.29366106080207,-2.5010264888529
1.29198966408269,-3.09042079735117
1.29154966501488,-2.51162659437584
1.29032258064516,-3.33849692415564
1.28865979381443,-2.2706992468908
1.28700128700129,-2.56928349651899
1.2853470437018,1.30415223391099
1.28369704749679,-2.74580358583041
1.28264983052806,-3.45565939906221
1.28205128205128,-2.39699998127623
1.28040973111396,-3.45005309877284
1.27877237851662,-1.99541055419693
1.27713920817369,-2.56937459213226
1.27551020408163,-3.40738493366852
1.27388535031847,-0.557980306556725
1.27381132318648,-1.60273896547296
1.27226463104326,-2.95898125260778
1.27064803049555,-2.38972125318694
1.26903553299492,-3.1182823864983
1.26742712294043,-3.45150223481603
1.26582278481013,-3.3639410187046
1.2650337203959,-3.57057974946378
1.26422250316056,0.860244409934656
1.26262626262626,-2.98889006708647
1.26103404791929,-2.47277850307234
1.25944584382872,-1.52492617249065
1.25786163522013,-3.36731705303246
1.25631660247412,-1.59360614391069
1.25628140703518,-0.903221158713317
1.25470514429109,-0.456133901606488
1.2531328320802,-2.94351255773683
1.25156445556946,-1.84259944591447
1.25,-2.9968178868428
1.24843945068664,-3.3026423311913
1.24765955263087,-1.18355086183702
1.24688279301746,-3.29116152203211
1.2453300124533,-0.411843189607633
1.24378109452736,-1.7980659298545
1.24223602484472,-3.59649524103126
1.24069478908189,-2.91186045859315
1.23915737298637,-3.51413632457264
1.23906215694792,-3.37571771363501
1.23762376237624,-1.70167015906453
1.23609394313968,-3.59617623334411
1.23456790123457,-3.59467450117632
1.23304562268804,-1.35673347352015
1.23152709359606,-2.72327635161921
1.23052400435926,-3.24840643072606
1.230012300123,-3.50076446853087
1.22850122850123,-3.07992845508273
1.22699386503067,-3.35943596323535
1.22549019607843,-2.79154595881276
1.22399020807834,-3.59041070724661
1.22249388753056,-3.48489334563349
1.22204468663149,-3.2865985973364
1.22100122100122,-2.82814562556593
1.21951219512195,-2.2134889677349
1.21802679658952,-3.24667065129683
1.21654501216545,-3.09136191313193
1.21506682867558,-2.65236699310155
1.21362379834424,-3.63878992483604
1.21359223300971,-3.66101352574226
1.21212121212121,-2.26594971694542
1.21065375302663,-0.603136440487201
1.20918984280532,-3.1038007683545
1.20772946859903,-3.22821678994084
1.20627261761158,-2.07155874662923
1.20526093687084,-2.88915641106366
1.20481927710843,-3.0131116571156
1.20336943441637,0.0396945039944869
1.20192307692308,-3.08190821223895
1.20048019207683,-2.53235769969863
1.19904076738609,-2.10639129216703
1.19760479041916,-3.40744344640872
1.19695570235904,-0.787739106274311
1.19617224880383,-3.62953862765446
1.194743130227,-2.17243408843175
1.19331742243437,-1.93887205794824
1.19189511323004,-1.80046309151218
1.19047619047619,-2.79362698496579
1.18906064209275,-2.01943255037669
1.1887076977119,-2.07672993329735
1.18764845605701,-1.93662078127145
1.18623962040332,-1.24149179165284
1.18483412322275,-3.64099381614472
1.18343195266272,-2.73301913038604
1.18203309692671,-1.85185249179006
1.18063754427391,-3.33933944903121
1.18051652856881,-3.29658897840381
1.17924528301887,0.139756601152347
1.17785630153121,-3.54294274772108
1.17647058823529,-2.88111414059311
1.17508813160987,-3.5764825574556
1.17370892018779,-1.22934646111805
1.1723818032866,-2.00512678892234
1.17233294255569,-1.66105701474735
1.17096018735363,-2.94372638187856
1.16959064327485,-2.40158685855148
1.16822429906542,-0.673890735119765
1.16686114352392,0.608894723174463
1.16550116550117,-3.02416229582634
1.16430313292088,-3.07703498559824
1.16414435389988,-1.60058264320098
1.16279069767442,-1.34844037487521
1.16144018583043,-3.18148273952972
1.16009280742459,-3.48598914461651
1.15874855156431,-3.24332469079009
1.15740740740741,-1.77207105038628
1.15628013120738,-1.99989019856811
1.15606936416185,-1.76012208063851
1.15473441108545,-3.65745089370854
1.15340253748558,-1.26672580564154
1.15207373271889,-3.35283520653986
1.15074798619102,-2.24987970069626
1.14942528735632,-3.5111096166848
1.14831241454351,-2.04150739837548
1.14810562571757,-3.0142506644067
1.14678899082569,-1.70893352469742
1.1454753722795,-3.20544557114426
1.1441647597254,-3.1117063087867
1.14285714285714,-3.19593682818673
1.14155251141553,-3.27286346218723
1.14039960197003,-1.94657151024115
1.14025085518814,-2.0697653640431
1.13895216400911,-3.37495552051497
1.13765642775882,-2.64113750243781
1.13636363636364,-1.35568758168848
1.13507377979569,-3.45256282593139
1.13378684807256,-2.52312775922486
1.13254131515281,-1.38338020042594
1.13250283125708,-1.65628873441617
1.13122171945701,-2.52497734324107
1.12994350282486,-3.59714983284318
1.12866817155756,-3.49701809780124
1.12739571589628,-1.11923340504394
1.12612612612613,-3.21580785657234
1.12485939257593,-2.94754707145058
1.12473717836475,-3.5356692185765
1.12359550561798,0.580847841769999
1.12233445566779,-3.14770677483279
1.12107623318386,-3.20409306641259
1.11982082866741,-3.1162544663111
1.11856823266219,-3.52272329660512
1.11731843575419,-2.0302956801424
1.11698681846782,-3.46558843249367
1.11607142857143,-2.97214708626829
1.11482720178372,-3.33699028189364
1.11358574610245,-3.39828432334495
1.11234705228031,-2.70128867793171
1.11111111111111,-2.85289189202281
1.10987791342952,-2.95552688031482
1.10928986489522,-1.3407725563709
1.10864745011086,-1.4332475559416
1.10741971207087,-3.06611336591497
1.10619469026549,-0.640042564321486
1.10497237569061,-3.27307338489104
1.1037527593819,-0.261312881223073
1.10253583241455,2.33172146555289
1.10164594963366,-2.86219304094812
1.10132158590308,-3.58126652032764
1.1001100110011,-2.20217299890534
1.0989010989011,-3.55269337276219
1.09769484083425,-3.0977314015296
1.09649122807018,-3.54357590633652
1.09529025191676,-0.293938695390447
1.09409190371991,-3.35591878582114
1.09405470720574,-3.26526761546581
1.09289617486339,-1.8289382710099
1.09170305676856,-0.119577209189923
1.09051254089422,-3.16957907458528
1.08932461873638,-2.62395966788928
1.08813928182807,-2.69008638817506
1.08695652173913,-0.997610621852526
1.08651577465254,-1.93811022532041
1.085776330076,-3.41237373367006
1.08459869848156,-3.50707127295133
1.08342361863489,-3.53524876597903
1.08225108225108,-2.79088308692551
1.08108108108108,-2.61646789229577
1.07991360691145,-2.96186456807889
1.07902879151618,-3.51149890272047
1.07874865156419,-3.28234571168521
1.07758620689655,-1.39434739122332
1.07642626480086,-1.74513842490209
1.0752688172043,-0.877802744087897
1.07411385606874,-3.66027982289786
1.07296137339056,-3.02037338373058
1.07181136120043,0.862764382460786
1.07159339982267,-3.1257806858952
1.07066381156317,-0.558372736317817
1.06951871657754,-3.37633583963982
1.06837606837607,0.836261637425072
1.06723585912487,-1.59540066410978
1.06609808102345,-3.5136749284086
1.06496272630458,-2.85303020879898
1.06420924406472,-2.51245299769256
1.06382978723404,-2.86282861263212
1.06269925611052,-2.01134514141305
1.06157112526539,-2.66352829470348
1.06044538706257,-1.68306341863483
1.0593220338983,-1.19764383044595
1.05820105820106,-3.08723801283279
1.05708245243129,-3.50608388485606
1.0568759711848,-3.56325395118271
1.05596620908131,-2.97765617926675
1.05485232067511,-2.62787811786002
1.05374077976818,-2.83620624167379
1.05263157894737,-2.91062437433733
1.0515247108307,-3.31850174075715
1.05042016806723,-3.02646228233264
1.04959323055823,-3.50192839762401
1.04931794333683,-0.949193487308189
1.0482180293501,-3.51948563799076
1.04712041884817,-2.72581045811129
1.04602510460251,-0.912252888528836
1.04493207941484,-3.44890622277627
1.04384133611691,-3.60996227634153
1.04275286757039,-2.57485636181711
1.0423606739764,-2.72624242082766
1.04166666666667,0.821683118121702
1.04058272632674,-1.29603407803337
1.03950103950104,-3.33806907108127
1.03842159916926,-1.45266913034983
1.03734439834025,-2.09858226000689
1.03626943005181,-2.73450305030557
1.0351966873706,-3.27435216329983
1.03517795563018,-2.56940483399374
1.03412616339193,-2.57464683855853
1.03305785123967,-2.21291469437592
1.03199174406605,-3.44807663336611
1.03092783505155,-3.06926276169981
1.02986611740474,-3.23656510415791
1.02880658436214,-3.3988805107415
1.02804473209331,-3.19144612879468
1.02774922918808,-1.74363255104638
1.02669404517454,-2.53869374923884
1.02564102564103,-3.49470902390321
1.02459016393443,-3.34192127886008
1.02354145342886,-2.53772566151543
1.02249488752556,-3.24761529860727
1.02145045965271,-3.10966888159005
1.02096066230605,-3.08332243274706
1.02040816326531,-3.34272661644938
1.01936799184506,-3.19865703473412
1.0183299389002,-3.57882158017538
1.01729399796541,-3.51721426614973
1.01626016260163,-2.27096666609064
1.01522842639594,-2.13295863265055
1.01419878296146,-3.27597720956406
1.01392540755882,-3.48268905373701
1.01317122593718,-3.31073275209622
1.01214574898785,-3.12202359703299
1.01112234580384,-2.26804347617716
1.01010101010101,-2.04577142195312
1.00908173562059,-1.54217797771168
1.00806451612903,-2.3541391375533
1.00704934541793,0.60682765427767
1.00693863147603,-3.54397169826403
1.00603621730382,-0.91684414674243
1.00502512562814,-3.22872552404312
1.00401606425703,-3.14143278902177
1.00300902708124,3.00558407157978
1.00200400801603,-2.67395492996583
1.001001001001,-3.31185442055759
1,1.82064294992735
