"bfp_output.P","bfp_output.logBF"
1000,-2.74121404574062
993.109181374979,-2.63307666490278
986.265846131283,-2.54954358459816
979.46966706954,-2.50372050723321
972.720319245055,-2.50298506910429
966.017479952265,-2.54775616661309
959.360828709315,-2.63223416445102
952.75004724273,-2.74633690767366
946.184819472201,-2.87783628407616
939.66483149547,-3.01411594765228
933.189771573324,-3.14350368838539
926.759330114689,-3.25639390416141
920.373199661823,-3.34628699923693
914.031074875623,-3.41058293484205
907.732652521023,-3.45075106374911
901.477631452492,-3.4715988800139
895.26571259964,-3.47975979073548
889.096598952916,-3.48189300802901
882.969995549409,-3.48314877278743
876.885609458743,-3.48617021809813
870.843149769073,-3.49065636828642
864.842327573172,-3.4934404474901
858.882855954625,-3.48923794460283
852.964449974103,-3.47234262871707
847.086826655741,-3.43915635236685
841.249704973612,-3.39042563485996
835.452805838287,-3.33154423680481
829.695852083491,-3.27051017265405
823.978568452852,-3.21512911184252
818.300681586739,-3.17140808077722
812.661920009195,-3.14366955452614
807.06201411495,-3.13561971912933
801.500696156541,-3.15120877498942
795.977700231499,-3.19402494050503
790.492762269642,-3.26412057385864
785.045620020451,-3.35330742270589
779.636013040523,-3.44454006046326
774.263682681127,-3.52004467036344
768.928372075831,-3.57127383959444
763.629826128224,-3.60022061020022
758.367791499719,-3.61379515179159
753.142016597437,-3.6188017035232
747.952251562182,-3.62010783358162
742.798248256492,-3.62074695788889
737.679760252773,-3.62252002314376
732.596542821523,-3.62639117053636
727.548352919623,-3.63236705107983
722.534949178721,-3.6391455236717
717.556091893692,-3.64480401103058
712.611543011175,-3.6484637127334
707.701066118189,-3.65050407136227
702.824426430835,-3.65145939076801
697.981390783066,-3.65142875813451
693.17172761554,-3.65012959857564
688.39520696455,-3.64709780901007
683.651600451024,-3.64183665290427
678.940681269611,-3.63383942316492
674.262224177835,-3.62238320436715
669.616005485322,-3.60614966474055
665.001803043112,-3.5831077122467
660.419396233031,-3.55107670787002
655.868565957143,-3.50885442472854
651.349094627281,-3.45754605727164
646.860766154633,-3.40177187561396
642.40336593942,-3.34991936493519
637.976680860628,-3.31199796307085
633.580499265825,-3.29466682373792
629.214610961035,-3.29606854589143
624.878807200689,-3.30477875443928
620.57288067765,-3.30436457700246
616.296625513294,-3.28108835404735
612.04983724767,-3.23130175622073
607.832312829723,-3.16532213264032
603.643850607587,-3.10476393573948
599.484250318941,-3.07348387102062
595.353313081437,-3.08751067555165
591.250841383188,-3.14928479057151
587.176639073326,-3.2458493912206
583.130511352622,-3.34852017686266
579.112264764176,-3.41763002985307
575.121707184161,-3.42044784428127
571.158647812643,-3.35487293899562
567.222897164454,-3.25145590639824
563.314267060136,-3.14939714190079
559.432570616938,-3.07493507365215
555.577622239888,-3.03577760039813
551.749237612913,-3.0229389332505
547.947233690029,-3.01458259815102
544.171428686589,-2.98503973384872
540.421642070592,-2.91774907974185
536.697694554048,-2.81300962395307
532.999408084409,-2.68734131287489
529.326605836056,-2.5687372104267
525.679112201842,-2.48629670865536
522.056752784698,-2.45084747931595
518.459354389291,-2.44190398698289
514.886745013749,-2.42182446666159
511.338753841433,-2.3646840132239
507.815211232767,-2.27496805310612
504.315948717136,-2.1918100569291
500.840798984821,-2.17435633477784
500,-2.18543398424246
497.389595879006,-2.26030234073751
493.962174387832,-2.43049626098782
490.558370636505,-2.62852396951849
487.178021879463,-2.80923568657063
483.820966492595,-2.96108351322
480.487043965513,-3.09518459754669
477.176094893875,-3.21433607186976
473.887960971765,-3.28305844876855
470.622484984128,-3.23221419602062
467.379510799247,-2.99420934534303
464.158883361278,-2.53728318217208
460.960448682844,-1.90213844147179
457.784053837662,-1.23371431407015
454.62954695324,-0.737503527341043
451.49677720361,-0.54296702835516
448.385594802119,-0.623285507775743
445.295850994266,-0.86010418932572
442.22739805059,-1.14333025119039
439.180089259609,-1.41487953819465
436.153778920801,-1.66088257826804
433.14832233764,-1.87961075336978
430.16357581068,-2.06016147283669
427.199396630678,-2.19281419840773
424.255643071778,-2.28933130596006
421.332174384729,-2.38239502825949
418.428850790158,-2.50365013478723
415.545533471888,-2.6664890231505
412.682084570296,-2.86933577065117
409.838367175726,-3.1077188267824
407.014245321944,-3.36737969970919
404.209583979631,-3.58870753472011
401.424249049932,-3.65132562891683
398.658107358044,-3.37997465414532
395.911026646846,-2.57504197931105
393.182875570577,-1.24282375160085
390.473523688556,0.0503851465161533
387.782841458946,0.580110362714852
385.110700232557,0.334217629482187
382.4569722467,-0.121940807355894
379.821530619074,-0.0183100842316248
377.2042493417,1.44850981414352
374.605003274899,3.93128466682886
371.108016766958,5.61922457915835
369.46012051993,5.34472465326029
366.914237840249,4.07453563909825
364.385898376355,2.66269755493856
361.874981241128,2.52135743766685
359.381366380463,3.67092980499927
356.904934567523,4.36241815512121
354.445567397043,3.43744125093874
352.003147279668,0.798328730062242
349.577557436327,-2.14498080646303
347.168681892656,-3.55223088160893
344.776405473446,-3.42031227006371
342.400613797142,-2.73235668306408
340.041193270371,-2.05618638093152
337.698031082509,-1.46759087090232
335.371015200293,-0.89220624673582
333.333333333333,-0.428846366506103
333.060034362459,-0.376215642896777
330.764978074424,-0.112808228699019
328.485736603004,-0.326482496600884
326.222200971167,-0.99706826281142
323.97426295282,-1.58501529296243
321.741815067637,-1.56526773098518
319.524750575921,-0.945156676644994
317.322963473498,-0.0758645458556755
315.136348486648,0.405636781542758
312.964801067075,-0.0430190800257249
310.808217386907,-1.13218979025789
308.666494333727,-2.20379579059373
306.539529505653,-2.89268648316102
304.42722120643,-3.04862160753337
302.329468440578,-2.63795978311874
300.246170908555,-1.80417331361501
298.177229001967,-0.990396781854211
296.122543798804,-0.760466023551269
294.082017058706,-1.19587854258371
292.055551218275,-1.93943712578682
290.043049386399,-2.69599536141227
288.04441533963,-3.30414557507727
286.059553517574,-3.59889371991501
284.08836901833,-3.41404467324089
282.130767593947,-2.88010624448888
280.18665564592,-2.46499389116594
278.255940220713,-2.40615373837398
276.338529005317,-2.59390801029628
274.434330322837,-2.86078304408921
272.543253128103,-3.14302517226498
270.665207003324,-3.40889386643702
268.800102153761,-3.58565505056911
266.947849403432,-3.65239510916914
265.108360190854,-3.663542261485
263.281546564802,-3.65888598118182
261.467321180109,-3.63505717399117
259.665597293487,-3.54912784608849
257.87628875938,-3.35689667853132
256.099310025846,-3.11564134680112
254.334576130465,-2.94836724275781
252.582002696278,-2.95966776403808
250.841505927754,-2.96321826703801
250,-2.89837449448573
249.113002606779,-2.79774079333593
247.396410088681,-2.70341858693619
245.691646298279,-2.96106264680089
243.998629725955,-3.08123809435854
242.31727942376,-2.76989745869288
240.647515001542,-2.39250313459832
238.989256623105,-2.42268947802669
237.342425002387,-2.55736763000165
235.706941399673,-2.60352090824825
234.082727617829,-2.59885903292816
232.469705998565,-2.54182328058352
230.867799418717,-2.61922050492482
229.276931286565,-3.0984888017215
227.697025538168,-3.53788387926231
226.128006633728,-3.32462720968
224.569799553977,-2.50273952906142
223.022329796594,-1.38112887683992
221.485523372636,0.198481029569497
219.959306803008,1.84314379436141
218.443607114943,1.80746645435032
216.938351838519,-0.323674847514421
215.443469003188,-2.43852239762874
213.958887134342,-3.20183757198314
212.484535249888,-2.60695118358465
211.02034285686,-1.46773456868264
209.566239948043,-0.989484425488551
208.122156998634,-1.03223224112004
206.688024962908,-1.10281130802043
205.263775270925,-1.14556512095437
203.849339825246,-0.985087560029068
202.44465099768,-0.823872023945749
201.04964162605,-1.14564500424104
200,-1.8292336147398
199.664245010979,-2.11776206854828
198.288394912707,-3.25730693737723
196.922025547917,-3.30207492116109
195.565071586595,-2.32529351661573
194.217468148903,-1.12532861529258
192.879150802078,-0.992956650294995
191.550055557353,-2.36346649821059
190.230118866895,-2.91451216562147
188.919277620767,-2.37479869477603
187.617469143912,-2.61695963942675
186.324631193156,-2.65123818637597
185.04070195423,-2.66603980019884
183.765620038817,-1.75460988148121
182.499324481615,1.77404194793077
181.241754737424,3.17759293131072
179.992850678248,0.6062465488824
178.752552590424,-2.40839632556843
177.520801171764,-3.43377151959653
176.297537528721,-1.65150198865471
175.082703173572,0.48527635650287
173.876240021625,1.28568659932531
172.678090388436,-0.424411726049196
171.488196987054,-2.65846970744094
170.306502925284,-3.30561539848643
169.132951702965,-2.61077937882977
167.967487209265,-1.34663752732178
166.810053720006,-0.764494028174066
166.666666666667,-0.741878345259447
165.660595894991,-0.580209752981896
164.519058775366,-0.468917647772268
163.385387780986,-0.973576789194293
162.259528707809,-2.23476105320968
161.141427725302,-3.22731145256246
160.03103137387,-2.97014921085742
158.928286562298,-1.93214200634479
157.833140565212,-1.60645744292394
156.745541020559,-1.82348874517718
155.665435927106,-2.53323390308754
154.592773641948,-3.35113413652196
153.527502878042,-3.62141784195451
152.469572701757,-3.65515329623342
151.418932530435,-3.63970530401344
150.375532129974,-3.63721838611219
149.339321612425,-3.64426669909248
148.310251433611,-3.65181806290279
147.28827239075,-3.64152903941341
146.273335620113,-3.5638921895444
145.265392594678,-3.13799797713694
144.264395121816,-2.14935490593343
143.270295340983,-1.68397246706241
142.857142857143,-1.73867722665941
142.283045721435,-1.96006980011405
141.302599059953,-2.71671238961577
140.328908478587,-3.66318663076059
139.361927422414,-2.17972495199903
138.401609657313,0.534163265006261
137.447909267754,4.25525931930058
136.500780654601,3.38330459044004
135.560178532937,-2.35750028872446
134.626057929891,-2.78638355600774
133.698374182495,1.27395598487268
132.777082935543,4.95864771945766
131.862140139475,0.229722461042049
130.953502048267,-1.33927121809271
130.051125217341,-2.7638613506423
129.154966501488,-3.05427730249927
128.264983052806,-2.95837288548769
127.381132318648,-2.126600100396
126.50337203959,-1.60465322774611
125.631660247412,-1.99271658439055
125,-0.959876822564222
124.765955263087,-0.383783955037141
123.906215694792,-0.885017437135001
123.052400435926,-2.73088519363734
122.204468663149,-3.27914995824006
121.362379834424,0.314755777682667
120.526093687084,1.71761043129122
119.695570235904,-0.901277232104699
118.87076977119,-2.2929933087659
118.051652856881,-1.77140588268117
117.23818032866,-2.33658244079136
116.430313292088,-3.36710106858113
115.628013120738,-2.78505337344491
114.831241454351,-0.957482339937495
114.039960197003,0.206483812780609
113.254131515281,-1.92347658545212
112.473717836475,-3.19113938523294
111.698681846782,-2.19295901472556
111.111111111111,-1.61935123733844
110.928986489522,-1.57081126468845
110.164594963366,-2.36341084250857
109.405470720574,-3.09815181168987
108.651577465254,-3.35721279768218
107.902879151618,-3.61256781988846
107.159339982267,-3.18346746621911
106.420924406472,-1.95806297014014
105.68759711848,0.651786569847521
104.959323055823,-0.787191355248136
104.23606739764,-3.37780577237059
103.517795563018,-0.877092409468683
102.804473209331,3.63309211931723
102.096066230605,1.06007253164122
101.392540755882,-3.1197387501658
100.693863147603,-2.8655026684347
100,-1.35966244739513
100,-1.35966244739505
99.310918137498,-1.0206691058279
98.6265846131283,-1.81737243194139
97.946966706954,-1.77332601027383
97.2720319245054,-1.71526874926671
96.6017479952265,-2.65335637285052
95.9360828709315,-3.59947351453875
95.2750047242729,-2.40390958960001
94.61848194722,-1.4533872706029
93.966483149547,-1.68320138605086
93.3189771573324,-2.09447809308956
92.6759330114688,-3.35286297664534
92.0373199661823,-3.5351562969986
91.4031074875623,-2.52766452115891
90.9090909090909,-0.693062462367616
90.7732652521023,-0.0801532320362908
90.1477631452492,-0.439603799019305
89.526571259964,-3.54908100337316
88.9096598952916,0.618818287218763
88.2969995549409,-0.13757107012908
87.6885609458743,-3.41968803677205
87.0843149769073,0.837062460381493
86.4842327573172,-0.171963717933418
85.8882855954625,-3.51319080707081
85.2964449974102,-1.82318669254063
84.7086826655741,-3.32469268974462
84.1249704973612,-3.65412939963265
83.5452805838287,-3.54309053572238
83.3333333333333,-3.45578300720073
82.9695852083491,-3.44603450930692
82.3978568452852,-2.28398777555769
81.8300681586739,-0.826708965175423
81.2661920009194,-3.18277836337564
80.706201411495,-1.3562037723728
80.150069615654,2.39695292114512
79.5977700231498,-2.33063759588678
79.0492762269642,-3.23342232477487
78.5045620020451,-1.23922508050604
77.9636013040523,-0.793838693523621
77.4263682681127,-2.35505310841351
76.9230769230769,-3.38189553486564
76.8928372075831,-3.28272223454679
76.3629826128224,-2.56758905735436
75.8367791499719,-3.62931023114235
75.3142016597437,-2.65950215151779
74.7952251562182,-2.16077838780078
74.2798248256491,-1.66758119246681
73.7679760252773,-3.04276240266536
73.2596542821523,-2.29629363659701
72.7548352919623,-3.34309415171203
72.2534949178722,-3.28315877651992
71.7556091893693,-1.97121076279431
71.4285714285714,2.01936908602766
71.2611543011175,0.665817314705198
70.7701066118189,-3.57105839659705
70.2824426430835,4.59291775167542
69.7981390783066,-1.33913526400833
69.3171727615541,-3.46293462738417
68.839520696455,-2.72255680904702
68.3651600451024,-2.12579725100631
67.8940681269611,-2.52006846505916
67.4262224177834,-3.61252158608878
66.9616005485322,-2.96219203010257
66.6666666666667,-2.68920903913941
66.5001803043112,-2.31416139973033
66.0419396233031,-0.126596139728757
65.5868565957143,-3.2733333114174
65.134909462728,-3.29943048396872
64.6860766154633,-2.62592375393718
64.2403365939419,-1.84483850908061
63.7976680860628,-3.53323375895935
63.3580499265825,-1.76944089859252
62.9214610961034,-3.04937663465479
62.5,-0.44648390157452
62.4878807200689,-0.33728871924843
62.057288067765,-2.44600166162909
61.6296625513294,-3.1901139015694
61.204983724767,-3.47731816791788
60.7832312829723,-3.16730172902772
60.3643850607587,-2.11191712709005
59.9484250318941,-3.52259063371529
59.5353313081437,-2.50666822238532
59.1250841383188,-1.76104424993756
58.8235294117647,-1.84849878114461
58.7176639073326,-1.97719955932721
58.3130511352622,-3.41987652697876
57.9112264764176,-1.47786306840542
57.5121707184161,-2.55009363687572
57.1158647812643,-3.60185207534202
56.7222897164454,-3.43117249857711
56.3314267060136,-3.15974871980616
55.9432570616938,-3.10094532880269
55.5577622239888,-3.61351433866185
55.5555555555556,-3.6155981356534
55.1749237612912,-3.44317231222096
54.7947233690029,-3.49941104670956
54.4171428686589,-3.07609484998182
54.0421642070592,-3.26272125163713
53.6697694554048,-2.98039217881104
53.2999408084409,-0.133876727617557
52.9326605836056,-2.81570246871261
52.6315789473684,-2.92331288770093
52.5679112201842,-2.42654132446379
52.2056752784698,-2.78245441949833
51.8459354389291,-2.94981123506171
51.488674501375,-3.24627448061401
51.1338753841433,0.320046445044729
50.7815211232767,-1.69351586229133
50.4315948717136,-1.59409264588073
50.0840798984821,-3.06748769133734
50,-2.82270654430679
49.7389595879007,-3.47237179683482
49.3962174387832,-2.83477669037209
49.0558370636505,-2.54216983444196
48.7178021879463,-2.41667364426673
48.3820966492596,-3.63190243280327
48.0487043965513,-3.27503024795969
47.7176094893875,-2.67874556017038
47.6190476190476,-2.30068076142141
47.3887960971765,-1.96574582025432
47.0622484984128,-3.6393550201556
46.7379510799246,4.6329855967468
46.4158883361278,-3.17238382882017
46.0960448682843,-2.27984041106968
45.7784053837662,-3.41347535619225
45.462954695324,-3.40138929702591
45.4545454545455,-3.42393742850769
45.149677720361,-0.435750487600909
44.8385594802119,-1.49858358584994
44.5295850994266,-3.11708378219869
44.222739805059,-1.23724761489587
43.9180089259609,-1.75378162786115
43.6153778920801,-3.48317046229244
43.4782608695652,-3.60279674632526
43.314832233764,-2.99558899454596
43.016357581068,-2.47638398430491
42.7199396630678,-3.44036594880135
42.4255643071778,-3.3323461191173
42.1332174384729,-3.19437864701448
41.8428850790158,0.0470844289520658
41.6666666666667,-3.41852809009397
41.5545533471888,-1.30245401382497
41.2682084570295,-2.98664059823708
40.9838367175726,0.0712927165497677
40.7014245321944,-3.62197586837324
40.4209583979631,-3.6053531156637
40.1424249049932,-0.678047359162984
40,-3.6069529774554
39.8658107358044,-1.89196698054654
39.5911026646846,-3.58393056933358
39.3182875570577,-3.36524301713363
39.0473523688556,-1.60758536330713
38.7782841458946,-1.64079820369183
38.5110700232557,-2.52116165654139
38.4615384615385,-2.74774872637327
38.24569722467,-3.46429565235708
37.9821530619073,-0.285807179770624
37.72042493417,-3.56295428522345
37.4605003274899,0.729673641790062
37.2023668141307,-1.07178948217257
37.037037037037,-2.80212907675017
36.946012051993,-3.62682671770132
36.6914237840249,-3.59664924314564
36.4385898376355,-2.95320170566306
36.1874981241128,-2.08504700486356
35.9381366380463,-1.88284395338929
35.7142857142857,-2.709636126575
35.6904934567523,-2.55571314889526
35.4445567397043,-2.88203803473958
35.2003147279668,-2.15083661967496
34.9577557436328,-3.24304112649794
34.7168681892656,-3.51967493136483
34.4827586206897,-3.32488533566008
34.4776405473446,-3.29127582498783
34.2400613797142,-3.57529561926163
34.0041193270371,-1.15236323577239
33.7698031082509,-2.65209625567915
33.5371015200293,-1.1747319237992
33.3333333333333,-3.39772185748289
33.3060034362459,-2.84173662944881
33.0764978074424,-1.6410332055802
32.8485736603004,-3.56664167940827
32.6222200971167,-2.90449674292362
32.397426295282,-1.98600225553526
32.258064516129,-2.52611253348054
32.1741815067637,-0.441452493171179
31.9524750575921,0.120173130201143
31.7322963473498,-2.74190239579969
31.5136348486648,-3.27114115910417
31.2964801067075,-3.33556878391597
31.25,-2.50463417231897
31.0808217386906,-2.2260095406031
30.8666494333727,-2.8267777683303
30.6539529505653,-2.37897249963533
30.442722120643,0.830061909002201
30.3030303030303,-2.24168815682092
30.2329468440578,0.591426838799909
30.0246170908555,-3.48702705681266
29.8177229001967,-2.32368279123134
29.6122543798804,-3.30453194844066
29.4117647058824,-2.03579691664107
29.4082017058706,-1.9754939978235
29.2055551218275,-0.472047287757657
29.0043049386399,-3.2087153649051
28.804441533963,-2.99897331883475
28.6059553517574,-3.13997729929424
28.5714285714286,-3.32217114825324
28.408836901833,-3.62038609631254
28.2130767593947,-3.15958633385999
28.018665564592,-3.41945374776104
27.8255940220712,-2.83111848472795
27.7777777777778,-2.99993675865941
27.6338529005317,-2.29526610268412
27.4434330322836,-3.39015976989604
27.2543253128103,-2.23705499869358
27.0665207003324,-1.43925652614352
27.027027027027,1.52973767367972
26.8800102153761,-2.43908726744147
26.6947849403432,-2.98354705654422
26.5108360190854,-2.75521978187983
26.3281546564802,-3.43036087695786
26.3157894736842,-3.2681871290495
26.1467321180109,-2.74897339638398
25.9665597293487,-1.96526028176255
25.787628875938,2.0478246585886
25.6410256410256,-1.51267391529994
25.6099310025846,0.0533981767187486
25.4334576130465,-1.96512709774917
25.2582002696278,0.539671978318428
25.0841505927754,-0.541435978683618
25,0.916551322901161
24.9113002606779,-2.77837529971363
24.7396410088681,-3.60515459857775
24.5691646298279,-3.09220179900621
24.3998629725955,-2.8579696595852
24.390243902439,-3.31218734544306
24.231727942376,-2.45360683434829
24.0647515001542,-0.0404056062564093
23.8989256623105,-2.60275808220585
23.8095238095238,-3.45541276239067
23.7342425002387,-0.095883843416753
23.5706941399673,-2.84795882148749
23.4082727617829,-1.52365460060822
23.2558139534884,-2.21162742988566
23.2469705998565,-2.49616495706509
23.0867799418717,-2.50872243070857
22.9276931286565,-0.50668936467819
22.7697025538168,-0.849375120511023
22.7272727272727,-0.296267259150095
22.6128006633728,-2.6834947461735
22.4569799553977,-1.56701700028666
22.3022329796594,-1.74436573796832
22.2222222222222,-2.44491247653265
22.1485523372636,-0.0160719431277512
21.9959306803007,-2.62559748422101
21.8443607114943,-3.06247390898575
21.7391304347826,-3.00474312301851
21.6938351838518,-3.37711908568395
21.5443469003188,-2.71178507411868
21.3958887134342,-0.777499925174946
21.2765957446809,-1.90428435909122
21.2484535249888,-3.44135300948717
21.102034285686,-3.07356391794813
20.9566239948043,-3.01721991355124
20.8333333333333,-2.83967492525037
20.8122156998634,-1.67755861408709
20.6688024962908,-3.32118443281812
20.5263775270925,-2.61355755152972
20.4081632653061,-2.95334083896658
20.3849339825246,-2.76373275039175
20.244465099768,-0.885658356212086
20.104964162605,-0.726944336464423
20,-3.37132804533395
19.9664245010979,-2.61447414206666
19.8288394912707,-3.18354210947102
19.6922025547917,-1.80772273452875
19.6078431372549,-3.45356414907639
19.5565071586595,-0.819441398001071
19.4217468148903,-0.726903669720779
19.2879150802078,-3.19588557081964
19.2307692307692,-2.94904729405404
19.1550055557353,-2.21154444128178
19.0230118866894,-2.38423519011048
18.8919277620767,-1.09737830261163
18.8679245283019,-2.6829791366752
18.7617469143912,-3.42851678598715
18.6324631193156,-3.18345232372719
18.5185185185185,-3.02701607299143
18.504070195423,-3.20948614114071
18.3765620038817,-3.29194602136028
18.2499324481615,-3.41034044120202
18.1818181818182,-3.00101890599653
18.1241754737424,-1.68044673362005
17.9992850678248,-3.42693820118289
17.8752552590424,-3.20493046629631
17.8571428571429,-1.47965438478921
17.7520801171764,-3.11568517498979
17.6297537528721,-2.84963138933126
17.5438596491228,-2.11820549726159
17.5082703173572,-3.46869929901673
17.3876240021625,-3.01562006970537
17.2678090388436,-3.52069932873568
17.2413793103448,-1.91251905347256
17.1488196987054,-3.25541747497594
17.0306502925284,-1.46820550760507
16.9491525423729,-1.70857762059473
16.9132951702965,-3.13070846619338
16.7967487209265,-3.50227236035296
16.6810053720006,-2.47928033438113
16.6666666666667,-2.83156961343384
16.5660595894991,-2.06583913681454
16.4519058775366,-2.84284522702675
16.3934426229508,-3.52160709614047
16.3385387780986,-3.4336869966995
16.2259528707809,-3.54114060500082
16.1290322580645,-3.3420142404435
16.1141427725302,-1.49055116931599
16.003103137387,-3.55103066002708
15.8928286562298,-2.88898404675471
15.8730158730159,-2.08775870749725
15.7833140565212,-2.83588144878844
15.674554102056,-3.02216330578703
15.625,-1.42170844637807
15.5665435927106,-1.89696870277062
15.4592773641948,-3.25896790206469
15.3846153846154,-2.83586450146866
15.3527502878042,-1.9967461722553
15.2469572701757,-2.84228489489486
15.1515151515152,1.11322655085737
15.1418932530435,-1.75194718191279
15.0375532129974,-1.32549706086398
14.9339321612425,0.633453291169208
14.9253731343284,-0.206074537053676
14.831025143361,-2.62673436182295
14.728827239075,-2.55498153062198
14.7058823529412,-3.40785151622641
14.6273335620113,-2.94081582054305
14.5265392594678,-2.35018457596594
14.4927536231884,-3.65773401778527
14.4264395121816,-2.75333903363473
14.3270295340983,-2.0064256984909
14.2857142857143,-0.260505000237241
14.2283045721435,-2.16851909243421
14.1302599059953,-3.09180914644552
14.0845070422535,-0.702608102540192
14.0328908478587,1.06509576281848
13.9361927422414,-3.50499789360374
13.8888888888889,-1.75030818151937
13.8401609657313,-2.33500815739658
13.7447909267754,-0.895934917505154
13.6986301369863,-1.48715394936324
13.6500780654601,-3.60765640453287
13.5560178532937,-1.28079873198954
13.5135135135135,-2.96322748004492
13.4626057929891,-2.9301071048756
13.3698374182495,-3.06277016697446
13.3333333333333,-1.30478656478537
13.2777082935543,-3.26872160485858
13.1862140139475,-3.45216546123823
13.1578947368421,-2.44595763952385
13.0953502048267,-1.12393144478473
13.0051125217341,-3.18687325222013
12.987012987013,-3.639934985837
12.9154966501488,-2.89951133807797
12.8264983052806,-1.91868799797943
12.8205128205128,-2.3066325572574
12.7381132318648,-3.03088093611729
12.6582278481013,-3.55087342210704
12.650337203959,-2.40846732785588
12.5631660247412,-3.00823368150263
12.5,-2.77095652888475
12.4765955263087,-3.17561178070609
12.3906215694792,-2.90513844489895
12.3456790123457,-3.48491535526251
12.3052400435926,-3.52385625015166
12.2204468663149,-1.5370833121366
12.1951219512195,-2.68258183272662
12.1362379834424,-2.0208243719294
12.0526093687084,-3.10947857457556
12.0481927710843,-3.242137854256
11.9695570235904,0.677010336149938
11.9047619047619,-2.77071929784081
11.887076977119,-1.79455325705016
11.8051652856881,-2.57741613884938
11.7647058823529,-2.2296140673594
11.723818032866,0.29455679215845
11.6430313292088,-1.13083074830377
11.6279069767442,-3.51131113800063
11.5628013120738,-2.87003339506894
11.4942528735632,-1.19372281326126
11.4831241454351,-1.40436919079074
11.4039960197003,-3.46397485704908
11.3636363636364,-2.8773943642317
11.3254131515281,-3.42152790503162
11.2473717836475,-2.52009461855151
11.2359550561798,-3.08813225095987
11.1698681846782,-2.14223835691204
11.1111111111111,-2.28451751375978
11.0928986489522,-3.42820098242269
11.0164594963366,-2.47881384918746
10.989010989011,-3.30491560621295
10.9405470720574,-2.5162567579499
10.8695652173913,-3.09842488684925
10.8651577465254,-3.16044305353092
10.7902879151618,-2.32497426300206
10.752688172043,-1.51593264226302
10.7159339982267,-0.856653310339918
10.6420924406472,-1.14299565128534
10.6382978723404,-0.838298485473142
10.568759711848,-3.58840106457391
10.5263157894737,-3.43317295268703
10.4959323055823,-2.11699253701358
10.423606739764,-1.9430871719973
10.4166666666667,0.145924248461587
10.3517795563018,-3.32229189480547
10.3092783505155,-2.7490316523564
10.2804473209331,-2.64318895293008
10.2096066230605,-1.82393020361961
10.2040816326531,-1.71134959099858
10.1392540755882,-2.59775001767594
10.1010101010101,-2.88087237629186
10.0693863147603,-1.99522443850081
10,-2.0304005794302
10,-2.03040057943009
9.9310918137498,-2.57058883513839
9.9009900990099,-1.32703892831166
9.86265846131282,-3.09160147873471
9.80392156862745,-1.75908713807733
9.79469667069539,3.76963324906972
9.72720319245054,-3.03326890398149
9.70873786407767,-2.36478690724114
9.66017479952265,1.43523430396802
9.61538461538461,-2.78812211892976
9.59360828709314,-3.24384230999332
9.52750047242729,-3.28401870517377
9.52380952380952,-2.97063896765668
9.461848194722,-2.65460263181348
9.43396226415094,-3.5055784769262
9.39664831495469,-2.39300563637719
9.34579439252336,-3.5682503945889
9.33189771573324,-2.96736075806829
9.26759330114688,-3.22621233233583
9.25925925925926,-2.99243596548437
9.20373199661822,-3.30593131184359
9.1743119266055,-2.62319419222173
9.14031074875623,-3.63315094492416
9.09090909090909,-1.54182751173407
9.07732652521023,-3.13645357809865
9.01477631452492,-3.14357771929591
9.00900900900901,-2.52921217849704
8.9526571259964,-2.83587007578067
8.92857142857143,-3.29942224146331
8.89096598952916,-3.29606686233047
8.84955752212389,0.721442910575509
8.82969995549409,-3.25743563884718
8.7719298245614,-3.21328931658912
8.76885609458743,-3.37674914852159
8.70843149769072,-2.39375340684536
8.69565217391304,-3.56640170570231
8.64842327573172,-0.901516597212445
8.62068965517241,-1.72533604418679
8.58882855954625,-1.83270293823333
8.54700854700855,-2.83578408305048
8.52964449974102,-0.579900168063925
8.47457627118644,-2.16859793170972
8.47086826655741,-3.38574204359655
8.41249704973612,-3.1341850851375
8.40336134453781,-2.45216220699804
8.35452805838287,-2.15146812072821
8.33333333333333,-0.842284015422005
8.29695852083491,-2.97615939885629
8.26446280991736,-2.18861952675227
8.23978568452852,-3.65037974076263
8.19672131147541,-2.69633785873746
8.18300681586739,-3.61919142489351
8.13008130081301,-2.18169554265203
8.12661920009195,-1.83960524886019
8.0706201411495,-0.89792826745339
8.06451612903226,-2.57292855552528
8.01500696156541,-3.32569779733744
8,-2.64501599071984
7.95977700231498,-3.44991657454308
7.93650793650794,-2.34729381176056
7.90492762269642,-2.8168238484363
7.8740157480315,-2.01060322418474
7.85045620020451,-2.54963376381122
7.8125,-3.57426968122472
7.79636013040523,-2.66974135549431
7.75193798449612,-2.5989344183629
7.74263682681127,-2.71252560749017
7.69230769230769,-2.64159945455161
7.68928372075831,-3.30404971083758
7.63629826128224,-1.77363339071392
7.63358778625954,-1.73232251908227
7.58367791499719,-1.10594725907144
7.57575757575758,-3.25958071574591
7.53142016597437,-3.51564261933434
7.5187969924812,-2.31998380131177
7.47952251562182,-2.36565326629927
7.46268656716418,-2.99310386584944
7.42798248256492,-2.24694346726632
7.40740740740741,-2.17700745148648
7.37679760252773,-2.88812281420855
7.35294117647059,-1.25026239658358
7.32596542821523,-3.58264991438495
7.2992700729927,-3.3615855857062
7.27548352919623,-1.46965600110588
7.2463768115942,-3.34675655879884
7.22534949178722,-2.46473053072087
7.19424460431655,-3.04411801703072
7.17556091893693,-2.94769747131546
7.14285714285714,-2.21302619228696
7.12611543011175,-2.49479064868678
7.09219858156028,-3.06096020163671
7.07701066118189,-2.4831517926613
7.04225352112676,-1.78313418009067
7.02824426430835,-2.8320432336451
6.99300699300699,-0.91198233336264
6.97981390783066,-3.54551024601865
6.94444444444444,-0.597669689375986
6.93171727615541,-1.5363364681812
6.89655172413793,-3.50301006626524
6.8839520696455,-2.68636569765648
6.84931506849315,-3.23130150863325
6.83651600451024,-2.1606125034303
6.80272108843537,-1.39855122612841
6.78940681269611,-1.98125816611572
6.75675675675676,-2.04624286325092
6.74262224177834,-3.4089325336004
6.71140939597315,-2.76260085242331
6.69616005485322,-3.23953080934983
6.66666666666667,-2.81594999150873
6.65001803043112,-2.15315537956139
6.62251655629139,-3.19849675798288
6.6041939623303,-3.19668570692535
6.57894736842105,-2.14415069330034
6.55868565957143,-0.313575493224628
6.5359477124183,-3.35079851409882
6.5134909462728,-3.29904594773741
6.49350649350649,-2.0872172061111
6.46860766154633,-2.45529802644084
6.45161290322581,-3.36753263516887
6.42403365939419,-3.60669654081938
6.41025641025641,-3.57419857478483
6.37976680860628,-3.2441143925043
6.36942675159236,-1.11525126610006
6.33580499265825,-2.35109445858954
6.32911392405063,-2.60244067716642
6.29214610961034,-3.15986514368087
6.28930817610063,-1.90772827632066
6.25,-3.64683111153301
6.24878807200689,-3.66316908000881
6.2111801242236,0.133303168489381
6.2057288067765,-0.911389618967529
6.17283950617284,-1.10759892089923
6.16296625513294,-3.20008776846354
6.13496932515337,-3.27767453363084
6.1204983724767,-2.94479447488093
6.09756097560976,-3.24390933475997
6.07832312829723,0.301537316117664
6.06060606060606,-3.53414881027136
6.03643850607587,-2.70172723152676
6.02409638554217,-1.31059551108363
5.99484250318941,-2.77111099818817
5.98802395209581,-3.06246553361889
5.95353313081437,-3.02072469315079
5.95238095238095,-2.73790283497074
5.91715976331361,-1.64253774273477
5.91250841383188,-2.49433407932654
5.88235294117647,-3.06226835252751
5.87176639073326,-2.34250111658518
5.84795321637427,-2.85897178366043
5.83130511352622,-1.9549967323678
5.81395348837209,-3.62133540438871
5.79112264764176,-1.52296878959695
5.78034682080925,-3.26218341844445
5.75121707184161,-2.13060738429608
5.74712643678161,1.01532669487525
5.71428571428571,-3.1877974090237
5.71158647812643,-2.55677817556436
5.68181818181818,-3.50536354052685
5.67222897164454,-1.51260508489103
5.64971751412429,-2.63177638201945
5.63314267060136,-3.16857421746657
5.61797752808989,-3.57395338852695
5.59432570616938,-3.44384005156824
5.58659217877095,-3.34578870245634
5.55577622239888,-1.93362086113016
5.55555555555556,-1.87231229408011
5.52486187845304,-3.01344411533814
5.51749237612913,-3.48443709676722
5.49450549450549,-3.62443636371649
5.47947233690029,-3.40093833920103
5.46448087431694,-1.67120492910935
5.44171428686589,-2.8678398333139
5.43478260869565,-3.20268448230756
5.40540540540541,-3.60805424244723
5.40421642070592,-3.60790323810375
5.37634408602151,-2.80391457405228
5.36697694554048,0.718890610518334
5.3475935828877,-3.50468814994043
5.32999408084409,-3.60978900324978
5.31914893617021,-3.01813467923015
5.29326605836056,-3.4268689370596
5.29100529100529,-2.24754679786939
5.26315789473684,-3.63496978392596
5.25679112201842,-3.39213358557752
5.23560209424084,-3.38340688874932
5.22056752784698,-3.29043105140995
5.20833333333333,-2.26975088068324
5.18459354389291,-3.63925739689112
5.18134715025907,-3.38512496842379
5.15463917525773,-2.81623417243271
5.14886745013749,-2.96935296235828
5.12820512820513,-2.6557558930851
5.11338753841433,-3.24238725890431
5.10204081632653,-2.4078168619114
5.07815211232767,-2.0776346317664
5.0761421319797,0.438653334182011
5.05050505050505,-3.46130595182809
5.04315948717136,-3.1701889014373
5.0251256281407,-2.85011092463902
5.00840798984821,-2.31136879373947
5,-3.18027427369661
4.97512437810945,-3.09638927261319
4.97389595879006,-0.898483146770057
4.95049504950495,-3.3415255828368
4.93962174387832,-2.97382413807771
4.92610837438424,-1.54089759456915
4.90558370636505,-2.42958629429931
4.90196078431372,-2.0660815283194
4.8780487804878,-3.35889058199514
4.87178021879463,-3.24665888321619
4.85436893203883,-0.196600677749028
4.83820966492596,0.24875867311106
4.83091787439613,-2.98494359124727
4.80769230769231,-3.48526693563626
4.80487043965513,-2.75494507771456
4.78468899521531,-2.17475191713033
4.77176094893875,-2.19530172458276
4.76190476190476,-3.57827220483055
4.739336492891,-3.61020427304767
4.73887960971765,-3.64581456120758
4.71698113207547,-2.85790605688991
4.70622484984128,-3.14975052695469
4.69483568075117,-2.77889923528233
4.67379510799246,-1.78606217762195
4.67289719626168,-1.64855532358792
4.65116279069767,-1.69959884378677
4.64158883361278,-3.63796836323952
4.62962962962963,-3.31032118454199
4.60960448682843,-3.63011994549533
4.60829493087558,-2.64230485832088
4.58715596330275,-0.470001680627187
4.57784053837662,-3.01065833530545
4.5662100456621,-3.29858583133265
4.5462954695324,-3.32194556486588
4.54545454545455,-2.90208810937996
4.52488687782805,-3.33016258293874
4.5149677720361,-2.98701941709013
4.5045045045045,1.39403617671032
4.48430493273543,-1.79627218122864
4.48385594802119,-2.30111531617033
4.46428571428571,-2.1354470240653
4.45295850994265,-2.79857102811543
4.44444444444444,-1.94354637051186
4.42477876106195,-3.21502398292848
4.4222739805059,-3.4916052751128
4.40528634361233,-3.17381403851142
4.39180089259609,-3.57071895459931
4.3859649122807,-3.52143691514446
4.36681222707424,-3.38272290229564
4.361537789208,-3.44778772641093
4.34782608695652,-3.4177341773145
4.3314832233764,0.936039028531572
4.32900432900433,-3.01458732517234
4.31034482758621,-2.68404962348775
4.30163575810679,-2.09961843340876
4.29184549356223,-3.0443534604589
4.27350427350427,-2.71124591584477
4.27199396630678,-3.17737081148548
4.25531914893617,-0.968583349116567
4.24255643071778,-1.34895808232822
4.23728813559322,-3.21322549959775
4.21940928270042,-3.52607393678188
4.21332174384729,-3.04178958288348
4.20168067226891,-0.946497845403409
4.18428850790158,-1.2829325618516
4.18410041841004,-1.02909677007043
4.16666666666667,-3.30827582855523
4.15545533471888,-2.96908064791391
4.149377593361,-3.20709679657683
4.13223140495868,-3.26212299544759
4.12682084570295,-2.31691415468004
4.11522633744856,-2.53659150581582
4.09838367175726,-3.43055210001877
4.0983606557377,-3.42667306145038
4.08163265306122,-2.89308652963622
4.07014245321944,-3.56752904908826
4.0650406504065,-3.48086296020981
4.04858299595142,-3.56112178835231
4.04209583979631,-3.64494844961502
4.03225806451613,-2.40415014835385
4.01606425702811,-2.52329368119278
4.01424249049932,-2.86855384690856
4,-2.98882547775109
3.98658107358044,-3.02932322451529
3.98406374501992,-1.83492532441845
3.96825396825397,-2.50895754362675
3.95911026646846,-3.54084913415063
3.95256916996047,-3.36520851458921
3.93700787401575,-2.62453893123033
3.93182875570577,-2.99810096579365
3.92156862745098,-1.84107087513341
3.90625,-2.97485076251565
3.90473523688556,-2.58685662273045
3.89105058365759,-3.292959089673
3.87782841458946,-2.26056619234115
3.87596899224806,-2.87009794448862
3.86100386100386,-3.19872037250549
3.85110700232557,-3.42275061462793
3.84615384615385,-3.10283058638033
3.83141762452107,-2.48634423816874
3.824569722467,-2.96147143943339
3.81679389312977,-0.812560563169437
3.80228136882129,-2.8988543420446
3.79821530619074,-1.91221916108152
3.78787878787879,-3.57778245545519
3.77358490566038,-2.36382703007963
3.772042493417,2.18012782105918
3.7593984962406,-3.27923833565937
3.74605003274899,-1.74560760968849
3.74531835205992,-2.35877288569214
3.73134328358209,-3.0926711079593
3.72023668141307,0.13942915486921
3.71747211895911,-2.66849896089551
3.7037037037037,-2.88961956503654
3.6946012051993,-2.26859443498379
3.690036900369,-2.1390623142209
3.67647058823529,-3.30412318669404
3.66914237840249,-3.64919719085351
3.66300366300366,-0.916421326581324
3.64963503649635,-3.65765787395132
3.64385898376355,-0.0911006065687543
3.63636363636364,-2.27095835611341
3.6231884057971,-2.9805935091601
3.61874981241128,-2.61697446877066
3.6101083032491,-1.9846921843128
3.59712230215827,-2.52501497836807
3.59381366380463,-3.50171114606466
3.584229390681,-1.92522014721542
3.57142857142857,-2.47322963435651
3.56904934567523,-2.21010001282685
3.55871886120996,-2.45828330699829
3.54609929078014,-2.92878965688451
3.54445567397043,-0.139282689200864
3.53356890459364,-3.15815146782991
3.52112676056338,-1.47707997854742
3.52003147279668,-3.36958657887667
3.50877192982456,-3.6400096304515
3.4965034965035,-3.08509803843939
3.49577557436328,-3.66107800349824
3.48432055749129,-3.24362897280768
3.47222222222222,-3.27120930931779
3.47168681892656,-2.70819930188513
3.46020761245675,-3.65013225107826
3.44827586206897,-3.25370741528347
3.44776405473446,-3.18840761968046
3.43642611683849,-3.12682074531734
3.42465753424658,-3.12548840271482
3.42400613797142,-1.70343420698803
3.41296928327645,-3.11472235016854
3.40136054421769,-3.46291329999682
3.40041193270371,-2.29069163404919
3.38983050847458,-2.69878675707492
3.37837837837838,0.875091206155493
3.37698031082509,-2.7186090868643
3.36700336700337,-3.0414750930242
3.35570469798658,-2.23974264420975
3.35371015200293,-2.73046192055663
3.34448160535117,0.745811808162178
3.33333333333333,-2.92625087370352
3.33060034362459,-3.13651087873181
3.32225913621262,-2.87596948065326
3.3112582781457,-1.35634767000617
3.30764978074424,-3.37342894900491
3.3003300330033,-3.19584932687085
3.28947368421053,-3.05713215324651
3.28485736603004,-2.62185829972843
3.27868852459016,-3.3960158945825
3.26797385620915,-3.32619839308732
3.26222200971167,-3.45508167431317
3.25732899022801,-2.24835738131058
3.24675324675325,-3.57671058275833
3.2397426295282,-3.63316246818614
3.23624595469256,-3.43026311464508
3.2258064516129,-1.91572979242077
3.21741815067637,-2.95326399561021
3.21543408360129,-3.1531599930165
3.20512820512821,-0.168091594200585
3.19524750575921,-1.5619018675754
3.19488817891374,-1.23560663744889
3.18471337579618,-2.47503724780661
3.17460317460317,-3.55388077068879
3.17322963473498,-2.14934623996374
3.16455696202532,-1.49600170928719
3.15457413249211,-1.89505228606357
3.15136348486648,-2.89344013496428
3.14465408805031,-2.66236692257486
3.13479623824451,-0.739788717445701
3.12964801067075,-1.63708398901091
3.125,-3.65608910866454
3.11526479750779,-3.6110350862372
3.10808217386906,-3.42265747216437
3.1055900621118,-3.04832990733474
3.09597523219814,-2.6616412740861
3.08666494333727,-3.3042515657125
3.08641975308642,-3.40626476004611
3.07692307692308,-2.76755359663825
3.06748466257669,-1.57839640450178
3.06539529505653,-3.41464907355141
3.05810397553517,-3.1299465639281
3.04878048780488,-3.40560778508857
3.0442722120643,-3.64704091486341
3.03951367781155,-2.80686878458816
3.03030303030303,-2.98873125476755
3.02329468440578,-3.31197446450043
3.02114803625378,-2.62064334788063
3.01204819277108,-2.33036885439183
3.003003003003,-3.27211941207501
3.00246170908555,-2.72583911833693
2.9940119760479,-3.08299223601646
2.98507462686567,-3.35541388819227
2.98177229001967,-3.08338619239286
2.97619047619048,-1.91367386646992
2.9673590504451,-3.50966971427523
2.96122543798803,-2.65683644951177
2.9585798816568,-3.64019432843456
2.94985250737463,-2.52169236663159
2.94117647058824,-1.77351773494565
2.94082017058706,-2.26293931982253
2.93255131964809,-3.27409854901755
2.92397660818713,-2.853666466749
2.92055551218275,-2.71075172546768
2.91545189504373,1.29831161939656
2.90697674418605,-3.24502743037241
2.90043049386399,-3.45588738808974
2.89855072463768,-3.27548716052855
2.89017341040462,-2.63093925911836
2.88184438040346,-3.41974130993226
2.8804441533963,-3.34542322479474
2.8735632183908,-2.76225851576903
2.86532951289398,-2.09706937765294
2.86059553517574,-2.90136108197923
2.85714285714286,-3.40293834828945
2.84900284900285,-3.06576439318122
2.84090909090909,-2.84308290878421
2.8408836901833,-2.89007095451556
2.8328611898017,-3.53914092216361
2.82485875706215,-3.36473519627556
2.82130767593947,-3.22885156463239
2.8169014084507,0.00192952986949013
2.80898876404494,-3.48544703596455
2.8018665564592,-2.41103422551286
2.80112044817927,-2.83559705043894
2.79329608938547,-1.56549527863445
2.78551532033426,-3.65403137398657
2.78255940220712,-3.37818084797346
2.77777777777778,-2.71932138815502
2.77008310249307,-2.8901661266622
2.76338529005317,-3.59480197562761
2.76243093922652,-2.99361793181866
2.75482093663912,-1.46797159890722
2.74725274725275,-3.53693450675014
2.74434330322836,-3.38352729852887
2.73972602739726,-3.12758891512588
2.73224043715847,-0.907366998356149
2.72543253128103,-3.18706527436531
2.72479564032698,-1.55876947006324
2.71739130434783,-3.3349825099129
2.710027100271,-2.76439243293781
2.70665207003324,-3.54928582422296
2.7027027027027,-3.07685758286639
2.69541778975741,-3.2179261295689
2.68817204301075,-0.339915827910157
2.68800102153761,0.491850934948293
2.68096514745308,-2.74614928019143
2.67379679144385,-2.32212256972117
2.66947849403432,-2.00492532405512
2.66666666666667,1.44937834507038
2.65957446808511,-2.36774430507556
2.6525198938992,-2.70496898403008
2.65108360190854,-2.70855141840935
2.64550264550265,-2.70298165929911
2.63852242744063,-2.8747184237557
2.63281546564802,-1.10448267939197
2.63157894736842,-1.07380402678195
2.6246719160105,-3.48951449768667
2.61780104712042,-3.59137409683835
2.61467321180109,-2.86893060849571
2.61096605744125,-3.4415529618695
2.60416666666667,-2.28056608367786
2.5974025974026,-3.40699067879562
2.59665597293487,-2.66674507717228
2.59067357512953,-3.39235320148988
2.58397932816537,-3.479127330514
2.5787628875938,-3.62896871984024
2.57731958762887,-3.37199432168212
2.5706940874036,-3.34504146871181
2.56410256410256,-1.61429798756218
2.56099310025846,-3.55268998530378
2.55754475703325,-2.28741275649387
2.55102040816327,0.230942095103065
2.54452926208651,-2.86726109542003
2.54334576130465,-2.68296527697121
2.53807106598985,-2.32526711655914
2.53164556962025,-2.83424024949174
2.52582002696278,-3.3223807089587
2.52525252525253,-3.60282306690059
2.51889168765743,-3.32318499593687
2.51256281407035,-3.56124820449555
2.50841505927754,-0.848719356744406
2.5062656641604,-3.38710959044051
2.5,-2.99675025871307
2.49376558603491,-2.74443925452949
2.49113002606779,0.122433175793977
2.48756218905473,-2.63132664436817
2.48138957816377,-2.25269124285311
2.47524752475248,-3.23913553660217
2.47396410088681,-3.32274845456863
2.46913580246914,-3.31153369913521
2.46305418719212,-3.58067574511356
2.45700245700246,-1.85259341402881
2.45691646298279,-1.67789585725178
2.45098039215686,-3.53710627355253
2.44498777506112,-3.58552525017795
2.43998629725955,-3.47205765321091
2.4390243902439,-3.0809499065506
2.4330900243309,-3.06167116022938
2.42718446601942,-3.14943095788369
2.4231727942376,-3.2041144509743
2.42130750605327,-3.51671646888654
2.41545893719807,-2.62095170902274
2.40963855421687,-3.35064630476371
2.40647515001542,-0.619144186503699
2.40384615384615,-1.42439611119472
2.39808153477218,-3.05304837574608
2.39234449760766,-2.90786834901071
2.38989256623105,-3.18774938195817
2.38663484486874,-3.025688860827
2.38095238095238,-1.2402878055429
2.37529691211401,-3.46724481926439
2.37342425002387,-3.16408167700471
2.3696682464455,-3.31726073641043
2.36406619385343,-3.11473861356778
2.35849056603774,-2.72944271591366
2.35706941399673,-3.38133917360308
2.35294117647059,-3.2045353440442
2.34741784037559,-3.56521350776627
2.34192037470726,-2.57303869061716
2.34082727617829,-2.59263858151665
2.33644859813084,-0.403488545109677
2.33100233100233,-1.03768837066898
2.32558139534884,-3.15565211652484
2.32469705998565,-3.19492341930778
2.32018561484919,-2.56396478967765
2.31481481481481,-3.09841204555694
2.3094688221709,-2.10548527755996
2.30867799418717,-1.66693435267713
2.30414746543779,-2.84931548203802
2.29885057471264,-2.17159308956773
2.29357798165138,-2.02401472131315
2.29276931286565,-2.77659463675895
2.2883295194508,-2.29906334230675
2.28310502283105,-2.94765148110117
2.27790432801822,-3.22058859947064
2.27697025538168,-2.78795793234117
2.27272727272727,-3.64687789633497
2.26757369614512,-3.40753065743031
2.26244343891403,-3.37185637948265
2.26128006633728,-2.56262774610895
2.25733634311512,-2.59813442327363
2.25225225225225,-2.61900676263424
2.24719101123596,-2.60597502756293
2.24569799553977,-3.26002186764735
2.24215246636771,-2.99179910141576
2.23713646532438,-2.43605106743798
2.23214285714286,-3.27704216320866
2.23022329796594,-3.49713998873572
2.2271714922049,-0.544896238197746
2.22222222222222,-3.13823216492276
2.21729490022173,-2.46978295539393
2.21485523372636,-2.63045587542073
2.21238938053097,-2.69035521290659
2.2075055187638,-2.89905091063995
2.20264317180617,-2.2244824219792
2.19959306803007,-2.90862165478107
2.1978021978022,-2.28746400702208
2.19298245614035,-2.3459883792437
2.18818380743982,-3.62158371889889
2.18443607114943,-0.399425326315376
2.18340611353712,-2.50842321626036
2.17864923747277,-2.6112259238623
2.17391304347826,-1.6764483637731
2.16938351838518,-3.63131676022861
2.16919739696312,-3.47383349162244
2.16450216450216,-2.86538137342985
2.15982721382289,-2.80501229609289
2.1551724137931,-3.28854784609127
2.15443469003188,-2.3042988972803
2.1505376344086,-2.97120874775684
2.14592274678112,-3.37874193373458
2.14132762312634,-3.20757970211433
2.13958887134342,-2.99718527667217
2.13675213675214,-0.886127638073854
2.13219616204691,-3.39791109589815
2.12765957446809,-2.59859605344961
2.12484535249888,-3.54999226700347
2.12314225053079,-2.39257680704004
2.11864406779661,-3.62464012430935
2.11416490486258,-2.26150485100676
2.1102034285686,-3.39839923525626
2.10970464135021,-3.37832946052269
2.10526315789474,-3.46974045161572
2.10084033613445,-2.97794582046829
2.09643605870021,-1.33307810587361
2.09566239948043,-2.53914564728809
2.09205020920502,-3.43227926778801
2.08768267223382,-0.974999260855109
2.08333333333333,-3.32249795141093
2.08122156998634,-1.95863192745137
2.07900207900208,-3.04369509177622
2.0746887966805,-3.62247464369561
2.0703933747412,-3.4760812569459
2.06688024962908,-3.14005469652151
2.06611570247934,-2.59546128881341
2.06185567010309,-2.22202152252161
2.05761316872428,-3.47363016596385
2.05338809034908,-2.10347407890431
2.05263775270925,-2.89960579789873
2.04918032786885,-2.82572651965604
2.04498977505112,-3.09552645212555
2.04081632653061,-3.60380769257069
2.03849339825246,-3.58922758453324
2.03665987780041,-3.62839409686283
2.03252032520325,-2.41386843323705
2.02839756592292,-3.41132451384284
2.0244465099768,-1.89345382292641
2.02429149797571,-1.56453575313146
2.02020202020202,-2.75578304268258
2.01612903225806,-3.1867957489482
2.01207243460765,-3.31006232303776
2.0104964162605,-2.23246868817555
2.00803212851406,-1.96620621575532
2.00400801603206,-3.3347524710703
2,-3.57253054427387
1.99664245010979,-3.26046682118079
1.99600798403194,-2.86968200546478
1.99203187250996,-2.73177976922652
1.98807157057654,-3.62486223178241
1.98412698412698,-2.76904197314156
1.98288394912707,-3.387251747929
1.98019801980198,-3.46592728628299
1.97628458498024,-3.25107317995669
1.9723865877712,-2.92935256016441
1.96922025547917,-3.4247610101422
1.96850393700787,-3.12643001696788
1.96463654223969,-2.8314141066093
1.96078431372549,-3.42385952348577
1.95694716242661,-3.42729776956709
1.95565071586595,-2.91339515555496
1.953125,-3.1718488685294
1.94931773879142,-1.77194572688604
1.94552529182879,-3.40325795760854
1.94217468148903,-2.7587737892134
1.94174757281553,-1.2703303863034
1.93798449612403,-3.56688435274675
1.93423597678917,-3.26708206932504
1.93050193050193,-3.18792622028995
1.92879150802078,-3.40635342877037
1.92678227360308,-3.27026744119952
1.92307692307692,-3.24210740103514
1.91938579654511,-1.09736569376174
1.91570881226054,-3.35612400970846
1.91550055557353,-3.61270678593363
1.91204588910134,-2.74291993366817
1.90839694656489,-1.49793982990878
1.9047619047619,-3.58733376281095
1.90230118866894,-3.17735352810414
1.90114068441065,-3.58023581564607
1.89753320683112,-2.20838612965148
1.89393939393939,-3.51889603452009
1.89035916824197,-2.83311802844188
1.88919277620767,-3.60269322293142
1.88679245283019,-1.40509441468275
1.88323917137476,-3.16315708491886
1.8796992481203,0.448138025278912
1.87617469143912,-2.43441744844115
1.87617260787992,-2.44154911460056
1.87265917602996,-3.48729448974693
1.86915887850467,-3.65364923699117
1.86567164179104,-3.62663362919711
1.86324631193156,-2.81844343793456
1.86219739292365,-2.46745078601829
1.85873605947955,-2.30117791575646
1.85528756957328,-2.83608285832157
1.85185185185185,-2.6522620320931
1.8504070195423,-3.22416897102472
1.84842883548983,-1.85735646161877
1.8450184501845,-2.61320929712654
1.84162062615101,-3.6489593174527
1.83823529411765,-1.61468417443607
1.83765620038817,-3.34570337953429
1.8348623853211,-2.76537744568138
1.83150183150183,-3.57273842612245
1.82815356489945,-1.84357100550751
1.82499324481615,-2.81307060517708
1.82481751824817,-3.01022040978118
1.82149362477231,-2.28656587581072
1.81818181818182,-3.05888319540157
1.81488203266788,-2.67901564476507
1.81241754737424,-3.2171019433823
1.81159420289855,-3.64676644073169
1.80831826401447,-2.89004034719347
1.80505415162455,-3.27790946733988
1.8018018018018,-2.86278600072243
1.79992850678248,-0.38289047984794
1.79856115107914,-2.96802109934681
1.79533213644524,-2.71449869832984
1.7921146953405,-2.51258307414936
1.78890876565295,-3.47917355093373
1.78752552590424,-2.54234784312011
1.78571428571429,-3.63192855107739
1.7825311942959,-3.28588629797751
1.77935943060498,-2.85404980084526
1.77619893428064,-3.41005357411806
1.77520801171763,-3.19396946991371
1.77304964539007,-3.04831732670074
1.76991150442478,-3.42888054699251
1.76678445229682,-2.90685916678906
1.7636684303351,-1.68686143989457
1.76297537528721,-3.65409640833091
1.76056338028169,-3.32463877533008
1.75746924428822,-2.14360229342791
1.75438596491228,-2.8982297005427
1.75131348511384,-1.94169038962037
1.75082703173572,-3.23214553551606
1.74825174825175,-0.772220351527703
1.74520069808028,-2.04772843193235
1.74216027874564,-2.94747902198194
1.73913043478261,-3.55383534838297
1.73876240021625,-3.28824229496523
1.73611111111111,-1.84832386089497
1.73310225303293,-3.4443811484475
1.73010380622837,-1.29169498705961
1.72711571675302,-2.87360494684857
1.72678090388436,-3.47295469343249
1.72413793103448,-2.0720632558479
1.72117039586919,-3.26057547987854
1.71821305841924,-2.95615566867654
1.71526586620926,-3.46521223067277
1.71488196987054,-2.77538655393432
1.71232876712329,-2.8173269826634
1.70940170940171,-1.62487736052428
1.70648464163823,-3.4495221982553
1.70357751277683,-3.55821924226968
1.70306502925284,-3.46184469447645
1.70068027210884,-3.51888547960977
1.69779286926995,-1.58444260981887
1.69491525423729,-2.56233054507437
1.69204737732657,-3.51955490992618
1.69132951702965,-2.80689356434471
1.68918918918919,-3.46828673009453
1.68634064080944,-2.9423046212927
1.68350168350168,-3.34701754168698
1.68067226890756,-0.570875711359615
1.67967487209265,-3.11451341663858
1.67785234899329,-2.03702125154835
1.6750418760469,-0.235936069200458
1.67224080267559,-1.69911800396262
1.669449081803,-2.22318418582425
1.66810053720006,-1.89762709806116
1.66666666666667,-2.66758941249939
1.66389351081531,-2.99088947138044
1.66112956810631,-1.36518697569629
1.65837479270315,-3.00392878732104
1.65660595894991,-3.4069607630888
1.65562913907285,-2.80023771049145
1.65289256198347,-3.32892001004997
1.65016501650165,-2.89316890756886
1.64744645799012,-3.00253583354738
1.64519058775366,-3.34718403821911
1.64473684210526,-0.386440108660831
1.64203612479475,-3.19360182757277
1.63934426229508,-2.31970696962444
1.6366612111293,-2.90071523639782
1.63398692810458,-3.42498530885158
1.63385387780986,-2.09315622074073
1.63132137030995,-3.50313550816103
1.62866449511401,-2.79264213139914
1.6260162601626,-3.46918177582288
1.62337662337662,-3.31641425218812
1.62259528707809,-3.55474222872651
1.62074554294976,-3.4249531648753
1.61812297734628,-3.14236384121015
1.61550888529887,-3.3574262082031
1.61290322580645,-2.0695676333204
1.61141427725302,-1.15105849339671
1.61030595813205,-3.32311306206362
1.60771704180064,-3.55647437097893
1.60513643659711,-1.68667561490515
1.6025641025641,-2.4209213499402
1.6003103137387,-2.95057937150038
1.6,1.58388186916544
1.59744408945687,-1.59860507289887
1.59489633173844,-0.585356245181553
1.59235668789809,-0.631999608788742
1.58982511923688,-3.50921002904438
1.58928286562298,-2.64356018002506
1.58730158730159,-2.62278729440682
1.58478605388273,-2.66788942347595
1.58227848101266,-3.22337874284456
1.57977883096367,-3.01739002032546
1.57833140565212,-2.4008082008092
1.57728706624606,-0.263300359551873
1.5748031496063,-2.03625072333501
1.57232704402516,-3.19241417780473
1.56985871271586,-1.34930992199206
1.5674554102056,-3.6303996933605
1.56739811912226,-3.52510852658487
1.56494522691706,-2.81032238146077
1.5625,-2.93239725765353
1.5600624024961,-3.65937331155485
1.55763239875389,-3.19065684995048
1.55665435927106,-2.61009224702972
1.5552099533437,-2.36559927424677
1.5527950310559,-3.24211524029924
1.55038759689922,-2.96185194237399
1.54798761609907,-1.57079060933783
1.54592773641948,-2.82832293734325
1.54559505409583,-2.99959744650713
1.54320987654321,-3.44705065537515
1.54083204930663,-3.16740150609247
1.53846153846154,-2.44708866305258
1.53609831029186,-2.31368349564458
1.53527502878042,-0.781416934495165
1.53374233128834,-2.71359582242338
1.53139356814701,-3.50981428012995
1.52905198776758,-2.32116533580274
1.52671755725191,-2.8454582919869
1.52469572701757,-2.07326171236293
1.52439024390244,-3.38028802095748
1.5220700152207,-1.90961291926079
1.51975683890577,-2.14915475958964
1.51745068285281,-2.30246358649132
1.51515151515152,-1.34405072860472
1.51418932530435,-2.2245697448085
1.51285930408472,-1.18582160105496
1.51057401812689,-2.80171208753746
1.50829562594268,-2.29023305098967
1.50602409638554,-2.45170219074562
1.50375939849624,-2.80624585210149
1.50375532129974,-2.83527472593748
1.5015015015015,-2.28128388000551
1.49925037481259,-1.21982492781212
1.49700598802395,-3.5785916455121
1.49476831091181,-3.39748801613406
1.49339321612425,-1.92455781169927
1.49253731343284,-3.24527288140443
1.4903129657228,-3.64578500492156
1.48809523809524,-3.54754398838976
1.48588410104012,-2.76504025199081
1.48367952522255,-2.19409606626236
1.4831025143361,-2.78471637483342
1.48148148148148,-3.42924895646008
1.4792899408284,-3.32767592460469
1.47710487444609,-2.36393723653473
1.47492625368732,-3.03995997139016
1.4728827239075,-3.13799713395276
1.47275405007364,-3.14424083155522
1.47058823529412,-3.62247271308335
1.46842878120411,-1.02812370993812
1.46627565982405,-1.05836137138793
1.46412884333821,-0.436934523948035
1.46273335620113,-2.65748770198435
1.46198830409357,2.87362097413605
1.45985401459854,-3.11407058052721
1.45772594752187,-2.94191652770031
1.45560407569141,-1.20049612692132
1.45348837209302,1.11751051367402
1.45265392594678,-2.78529760653948
1.45137880986938,-2.56560830524939
1.44927536231884,0.155773270501773
1.44717800289436,-3.44002268667547
1.44508670520231,-3.64774127024871
1.44300144300144,-2.10878727329036
1.44264395121816,-0.949618886805022
1.44092219020173,-3.54380535597989
1.43884892086331,-2.3733937370999
1.4367816091954,-3.18914952097917
1.43472022955524,-3.50827000664587
1.43270295340983,-3.07109195029265
1.43266475644699,-3.11221822639002
1.43061516452074,-2.38947157076235
1.42857142857143,-0.526118130920859
1.4265335235378,1.19971413537478
1.42450142450142,-1.63641150652968
1.42283045721435,-1.05428161288581
1.42247510668563,-3.50802889385705
1.42045454545455,0.124714657979827
1.41843971631206,-0.952501763885162
1.41643059490085,-3.26457036002575
1.41442715700141,-0.187520131852987
1.41302599059953,-1.55250479422092
1.41242937853107,-2.10171703365115
1.41043723554302,-3.37627358566656
1.40845070422535,-2.7756642801021
1.40646976090014,-3.44364399888662
1.40449438202247,-3.20513783059071
1.40328908478587,-2.45222932115289
1.40252454417952,-3.27075070914277
1.40056022408964,-3.35439921508195
1.3986013986014,-3.3419700926198
1.39664804469274,-2.16998298648083
1.39470013947001,-3.32140386504788
1.39361927422414,-1.96848446618646
1.39275766016713,-3.34013261334952
1.39082058414465,-1.64307713798145
1.38888888888889,-3.54368810676582
1.3869625520111,-2.96022079320893
1.38504155124654,-3.43325703574366
1.38401609657313,-1.37142748247096
1.38312586445367,-1.66052501470146
1.38121546961326,-2.96862413220849
1.37931034482759,-3.09859750534995
1.37741046831956,-3.51691854984095
1.37551581843191,-1.00855134423024
1.37447909267754,-2.84879426680821
1.37362637362637,-3.16395532012511
1.37174211248285,-3.44710788875802
1.36986301369863,-2.00869198420925
1.36798905608755,-3.58008805046598
1.36612021857923,-3.54677741159712
1.36500780654601,-0.129418424111956
1.36425648021828,-3.04672596723951
1.36239782016349,-3.46381142567257
1.36054421768707,-0.943830170035265
1.35869565217391,-3.63552538628881
1.35685210312076,-3.13103975935239
1.35560178532937,1.35961411266947
1.3550135501355,0.379848614859061
1.3531799729364,-3.46677727568764
1.35135135135135,-2.99876194478967
1.34952766531714,-3.03136130791854
1.34770889487871,-2.60666429815817
1.34626057929891,-2.97169908425503
1.34589502018843,-2.23517924461786
1.34408602150538,-2.19802964307886
1.34228187919463,-0.692079146387083
1.34048257372654,-3.59730850472421
1.33868808567604,-2.32926362756437
1.33698374182495,-2.67975902400816
1.33689839572193,-3.16916325561551
1.33511348464619,-3.0043490271115
1.33333333333333,-3.34611440235592
1.33155792276964,-2.77712807665936
1.32978723404255,-3.55542921229972
1.32802124833997,-2.75578978066157
1.32777082935543,-2.38781482986964
1.3262599469496,-2.37391228336495
1.32450331125828,-2.26813031796923
1.32275132275132,-3.27157804164657
1.32100396301189,-3.01295467225368
1.31926121372032,-3.38555788173512
1.31862140139475,-3.09915688381336
1.31752305665349,-3.48894024353508
1.31578947368421,-3.12894763983554
1.31406044678055,-0.36036719799669
1.31233595800525,0.630416345720836
1.31061598951507,-2.78174079524687
1.30953502048267,-0.984238134142639
1.30890052356021,1.06638301457405
1.30718954248366,0.0669679706018558
1.30548302872063,-2.72005045553116
1.30378096479791,-1.83337656108967
1.30208333333333,-2.21449413500671
1.30051125217341,-0.917698881318965
1.30039011703511,-3.12173572795951
1.2987012987013,-2.40244191165926
1.2970168612192,-2.33755030516537
1.29533678756477,-3.60118666969744
1.29366106080207,-2.73871718997797
1.29198966408269,-2.9512308292587
1.29154966501488,-2.68171773345001
1.29032258064516,-3.50825198965874
1.28865979381443,-2.16132366683957
1.28700128700129,-2.52182044346598
1.2853470437018,2.17799142105166
1.28369704749679,-2.82565124167898
1.28264983052806,-3.55965534549805
1.28205128205128,-2.27734047763395
1.28040973111396,-3.45737938240573
1.27877237851662,-2.30937507197005
1.27713920817369,-2.63660061041282
1.27551020408163,-3.13969438347707
1.27388535031847,-0.883292185971508
1.27381132318648,-1.96805026024311
1.27226463104326,-2.76739367264177
1.27064803049555,-1.80770757689252
1.26903553299492,-2.92860281760302
1.26742712294043,-3.61247103870893
1.26582278481013,-3.45208444747051
1.2650337203959,-3.48813313536344
1.26422250316056,0.245950899689082
1.26262626262626,-3.26247763346204
1.26103404791929,-2.00138238079394
1.25944584382872,-1.7164681090105
1.25786163522013,-3.31952161507122
1.25631660247412,-1.65700147258253
1.25628140703518,-0.99354041803134
1.25470514429109,-0.0754598000708411
1.2531328320802,-3.04470770369788
1.25156445556946,-2.20134817814461
1.25,-3.16213907898104
1.24843945068664,-3.3332237576085
1.24765955263087,-1.23825818960774
1.24688279301746,-3.43503815142248
1.2453300124533,0.274478660110124
1.24378109452736,-1.38729044918683
1.24223602484472,-3.59008468009012
1.24069478908189,-2.91098266493047
1.23915737298637,-3.33892018536597
1.23906215694792,-3.46336976431628
1.23762376237624,-1.89740001811598
1.23609394313968,-3.65667098639345
1.23456790123457,-3.57427540734524
1.23304562268804,-2.29411438385211
1.23152709359606,-2.75147278965273
1.23052400435926,-3.05324310036603
1.230012300123,-3.49283730359765
1.22850122850123,-2.76085588949736
1.22699386503067,-3.35903348339034
1.22549019607843,-2.64468659631997
1.22399020807834,-3.65448493100579
1.22249388753056,-3.45657113304459
1.22204468663149,-3.24568228717633
1.22100122100122,-2.80166055499425
1.21951219512195,-2.25999020145435
1.21802679658952,-3.33995121802327
1.21654501216545,-3.04905736973724
1.21506682867558,-2.71185832394773
1.21362379834424,-3.63485318872871
1.21359223300971,-3.61266797690281
1.21212121212121,-2.34511150745753
1.21065375302663,-1.01884148930661
1.20918984280532,-3.15648827597688
1.20772946859903,-3.15708089997853
1.20627261761158,-2.24460375157063
1.20526093687084,-2.82915788470138
1.20481927710843,-3.1673303695736
1.20336943441637,0.24127494487134
1.20192307692308,-2.90456179527849
1.20048019207683,-2.23134359178858
1.19904076738609,-2.2972564734748
1.19760479041916,-3.52849102211654
1.19695570235904,-0.21983951438177
1.19617224880383,-3.55896513459056
1.194743130227,-2.09488268950453
1.19331742243437,-1.75857428983629
1.19189511323004,-1.07066856222589
1.19047619047619,-2.71607945744737
1.18906064209275,-1.76732232135479
1.1887076977119,-2.08406295352467
1.18764845605701,-1.95333808954986
1.18623962040332,-1.8906818642725
1.18483412322275,-3.6202111148619
1.18343195266272,-2.46948311669423
1.18203309692671,-2.22577192119227
1.18063754427391,-3.48164784166904
1.18051652856881,-3.32705464407224
1.17924528301887,0.68989498036196
1.17785630153121,-3.51099672453075
1.17647058823529,-2.56578502986762
1.17508813160987,-3.59328657931199
1.17370892018779,-1.48293144874891
1.1723818032866,-2.29127750025965
1.17233294255569,-1.74386591922122
1.17096018735363,-2.9172494279024
1.16959064327485,-2.78519604847888
1.16822429906542,-0.602778385164565
1.16686114352392,0.310744524877028
1.16550116550117,-2.65397512558185
1.16430313292088,-3.06397307304352
1.16414435389988,-1.65465417836911
1.16279069767442,-1.10126984012534
1.16144018583043,-3.27567916983748
1.16009280742459,-3.43192634218574
1.15874855156431,-2.63562679998257
1.15740740740741,-1.79373030848087
1.15628013120738,-1.60366072028004
1.15606936416185,-1.03016681650392
1.15473441108545,-3.64183876036257
1.15340253748558,-1.00274330670983
1.15207373271889,-3.24122037884974
1.15074798619102,-2.68040361463569
1.14942528735632,-3.4036800230519
1.14831241454351,-2.19253935390496
1.14810562571757,-2.81079298989321
1.14678899082569,-1.77130887763898
1.1454753722795,-2.94248217262163
1.1441647597254,-2.86050245642634
1.14285714285714,-3.17003133621996
1.14155251141553,-3.24259433049015
1.14039960197003,-2.33727796917132
1.14025085518814,-1.61326332797931
1.13895216400911,-3.49950580359505
1.13765642775882,-2.74444623731726
1.13636363636364,-1.3915160869618
1.13507377979569,-3.40391707251755
1.13378684807256,-2.32129473610213
1.13254131515281,-1.43926715457321
1.13250283125708,-1.85649886449498
1.13122171945701,-2.27081025935523
1.12994350282486,-3.58023482807711
1.12866817155756,-3.53828824619996
1.12739571589628,-1.84545265891004
1.12612612612613,-2.95589328585909
1.12485939257593,-3.02707629639753
1.12473717836475,-3.64841285616468
1.12359550561798,0.144095187101915
1.12233445566779,-3.17620631575628
1.12107623318386,-3.01706727079492
1.11982082866741,-3.41732700078709
1.11856823266219,-3.43194045236289
1.11731843575419,-2.24708004466943
1.11698681846782,-3.58682460947046
1.11607142857143,-3.15021208072558
1.11482720178372,-3.20045905580981
1.11358574610245,-3.3455756197995
1.11234705228031,-2.89848456316168
1.11111111111111,-2.76451098656691
1.10987791342952,-2.5078517721367
1.10928986489522,-1.56156191523582
1.10864745011086,-1.25638718353972
1.10741971207087,-3.1978075300065
1.10619469026549,-1.29062148183972
1.10497237569061,-3.26927642837948
1.1037527593819,-0.620685315772884
1.10253583241455,1.48450628134087
1.10164594963366,-2.75721933595566
1.10132158590308,-3.56127354057177
1.1001100110011,-2.64363278002686
1.0989010989011,-3.50179216969642
1.09769484083425,-2.84156646325895
1.09649122807018,-3.57288057749225
1.09529025191676,-0.290749498317193
1.09409190371991,-3.12959568475064
1.09405470720574,-3.20994403692584
1.09289617486339,-2.01142193874532
1.09170305676856,-0.739493436690917
1.09051254089422,-3.20648274116074
1.08932461873638,-2.43911009759902
1.08813928182807,-2.92196244645445
1.08695652173913,-0.892231535454907
1.08651577465254,-1.7524196900437
1.085776330076,-3.39470635009657
1.08459869848156,-3.43157921167552
1.08342361863489,-3.63488672082841
1.08225108225108,-2.45436111687728
1.08108108108108,-2.86635854704907
1.07991360691145,-2.92474549543318
1.07902879151618,-3.49560862800369
1.07874865156419,-3.22896605732479
1.07758620689655,-1.85149727898321
1.07642626480086,-2.46208648508609
1.0752688172043,-1.01084348582593
1.07411385606874,-3.65618028238641
1.07296137339056,-3.29287442635028
1.07181136120043,1.5665810435953
1.07159339982267,-3.31271970771926
1.07066381156317,-0.558354148337325
1.06951871657754,-3.10114684123574
1.06837606837607,0.481378557770445
1.06723585912487,-1.37041261215257
1.06609808102345,-3.37684660543136
1.06496272630458,-3.00763780050748
1.06420924406472,-2.45992090437364
1.06382978723404,-2.95634397593595
1.06269925611052,-1.61265898300702
1.06157112526539,-2.99369021404261
1.06044538706257,-1.36869654854056
1.0593220338983,-0.802768279361781
1.05820105820106,-3.01811440703436
1.05708245243129,-3.5764163042843
1.0568759711848,-3.48775826942379
1.05596620908131,-3.07397747289265
1.05485232067511,-2.92852335067333
1.05374077976818,-2.76461373026761
1.05263157894737,-3.17951010582085
1.0515247108307,-3.39651257040314
1.05042016806723,-3.17686145821331
1.04959323055823,-3.41396033123884
1.04931794333683,-0.574409552036438
1.0482180293501,-3.34069212622044
1.04712041884817,-2.66083710750457
1.04602510460251,-0.733607708641794
1.04493207941484,-3.47002245834998
1.04384133611691,-3.64909228428611
1.04275286757039,-2.34005835431328
1.0423606739764,-2.94036512399834
1.04166666666667,1.10681337815952
1.04058272632674,-1.50930936736951
1.03950103950104,-3.31440555370228
1.03842159916926,-1.24142201958567
1.03734439834025,-2.28149538629109
1.03626943005181,-2.7148234212503
1.0351966873706,-3.38898710285742
1.03517795563018,-2.91689996834942
1.03412616339193,-2.9267664659503
1.03305785123967,-2.4031009749742
1.03199174406605,-3.31980671126719
1.03092783505155,-3.25203326194282
1.02986611740474,-3.33318283452352
1.02880658436214,-3.25142140743896
1.02804473209331,-3.29887636656131
1.02774922918808,-1.80920907368921
1.02669404517454,-2.71784544861601
1.02564102564103,-3.38801418524066
1.02459016393443,-3.17603751564409
1.02354145342886,-2.60883436677907
1.02249488752556,-3.21133919960389
1.02145045965271,-3.01975990630556
1.02096066230605,-3.17409121030361
1.02040816326531,-3.36102272545166
1.01936799184506,-3.38652010738981
1.0183299389002,-3.58357910272145
1.01729399796541,-3.51101927474663
1.01626016260163,-2.19375576180128
1.01522842639594,-2.14351953046438
1.01419878296146,-3.14544154149184
1.01392540755882,-3.57274151475486
1.01317122593718,-3.36097065701262
1.01214574898785,-3.21330490098016
1.01112234580384,-2.42591325720447
1.01010101010101,-2.53678446462937
1.00908173562059,-2.01701839818729
1.00806451612903,-2.36169731239992
1.00704934541793,0.210318491190766
1.00693863147603,-3.39598052671318
1.00603621730382,-0.303176575688279
1.00502512562814,-3.31796897591324
1.00401606425703,-2.9804601035825
1.00300902708124,1.14522577660184
1.00200400801603,-2.50878257269165
1.001001001001,-3.12318361433467
1,1.49307298828682
