"bfp_output.P","bfp_output.logBF"
1000,-2.64829602478299
993.109181374979,-2.51404371926152
986.265846131283,-2.40549848281857
979.46966706954,-2.33802795242012
972.720319245055,-2.32084884394397
966.017479952265,-2.35548268561062
959.360828709315,-2.43645714206719
952.75004724273,-2.55342428046817
946.184819472201,-2.69355529244138
939.66483149547,-2.84350345220617
933.189771573324,-2.9908319044005
926.759330114689,-3.12513392618269
920.373199661823,-3.23902602504487
914.031074875623,-3.32891488825002
907.732652521023,-3.39520308892598
901.477631452492,-3.44165412538579
895.26571259964,-3.47399086798382
889.096598952916,-3.49816574805125
882.969995549409,-3.51881558526174
876.885609458743,-3.53819831286246
870.843149769073,-3.5556662583639
864.842327573172,-3.5677008880548
858.882855954625,-3.56871895690115
852.964449974103,-3.55295162711497
847.086826655741,-3.51719807863152
841.249704973612,-3.46313890614099
835.452805838287,-3.39740866932466
829.695852083491,-3.32910532993695
823.978568452852,-3.26660953078446
818.300681586739,-3.21584485883029
812.661920009195,-3.18047173283694
807.06201411495,-3.16313908837538
801.500696156541,-3.16663709384458
795.977700231499,-3.19384992050849
790.492762269642,-3.24550023596266
785.045620020451,-3.31617542157427
779.636013040523,-3.39293098614193
774.263682681127,-3.4609402114011
768.928372075831,-3.51173232190014
763.629826128224,-3.54527857082136
758.367791499719,-3.56612982474889
753.142016597437,-3.57939009450579
747.952251562182,-3.58901387913424
742.798248256492,-3.59769234269673
737.679760252773,-3.60721052622635
732.596542821523,-3.61856514474511
727.548352919623,-3.63147492828498
722.534949178721,-3.64379394931013
717.556091893692,-3.65275602416814
712.611543011175,-3.65752564344394
707.701066118189,-3.65922664731103
702.824426430835,-3.65912320417051
697.981390783066,-3.65783787730497
693.17172761554,-3.65559043235474
688.39520696455,-3.65259670525399
683.651600451024,-3.64924943677731
678.940681269611,-3.64583485322729
674.262224177835,-3.64164153857602
669.616005485322,-3.63402213833991
665.001803043112,-3.61864711440388
660.419396233031,-3.59119937254011
655.868565957143,-3.54923724809144
651.349094627281,-3.49344064911592
646.860766154633,-3.42843060107709
642.40336593942,-3.36275923533789
637.976680860628,-3.30661627301309
633.580499265825,-3.26666426977014
629.214610961035,-3.24067034974091
624.878807200689,-3.21654913828736
620.57288067765,-3.17759252479884
616.296625513294,-3.11132754793975
612.04983724767,-3.01794940869267
607.832312829723,-2.9141454507948
603.643850607587,-2.82865361646874
599.484250318941,-2.79054671689657
595.353313081437,-2.81756177480728
591.250841383188,-2.91061818191015
587.176639073326,-3.05288065947421
583.130511352622,-3.2093317572792
579.112264764176,-3.33094326243677
575.121707184161,-3.37442249077879
571.158647812643,-3.33128178920408
567.222897164454,-3.23367880467917
563.314267060136,-3.12797650933221
559.432570616938,-3.04793880464718
555.577622239888,-3.00607943892801
551.749237612913,-2.99473659020874
547.947233690029,-2.99029695012204
544.171428686589,-2.9637634731164
540.421642070592,-2.89612307055192
536.697694554048,-2.78778726160352
532.999408084409,-2.65808754561327
529.326605836056,-2.53976663697839
525.679112201842,-2.46710462803626
522.056752784698,-2.45408019884531
518.459354389291,-2.47983422084099
514.886745013749,-2.50437776041017
511.338753841433,-2.49956507692901
507.815211232767,-2.4668095154234
504.315948717136,-2.43787779994339
500.840798984821,-2.45932624255594
500,-2.47612415541492
497.389595879006,-2.55809670193916
493.962174387832,-2.71594462994933
490.558370636505,-2.88775258911452
487.178021879463,-3.03940824671936
483.820966492595,-3.16316303311025
480.487043965513,-3.26735952923779
477.176094893875,-3.35213243921357
473.887960971765,-3.38789415987601
470.622484984128,-3.32094603133607
467.379510799247,-3.10136781411635
464.158883361278,-2.71014916771987
460.960448682844,-2.18849146555741
457.784053837662,-1.65963084607413
454.62954695324,-1.28672188152349
451.49677720361,-1.16331289369772
448.385594802119,-1.25875673516232
445.295850994266,-1.47568642915128
442.22739805059,-1.7269162857
439.180089259609,-1.96578039464456
436.153778920801,-2.17818003331781
433.14832233764,-2.35928448923236
430.16357581068,-2.49993048006256
427.199396630678,-2.59535080037609
424.255643071778,-2.65919760630963
421.332174384729,-2.72033183294745
418.428850790158,-2.80339005376119
415.545533471888,-2.91512768720973
412.682084570296,-3.04984088516052
409.838367175726,-3.20617376651371
407.014245321944,-3.38771219511274
404.209583979631,-3.55744324724811
401.424249049932,-3.60197630413635
398.658107358044,-3.34795535854958
395.911026646846,-2.60924451924903
393.182875570577,-1.40402770128194
390.473523688556,-0.265598305516799
387.782841458946,0.153514545285579
385.110700232557,-0.134596522158414
382.4569722467,-0.586939315850098
379.821530619074,-0.429470565912946
377.2042493417,1.21144698842314
374.605003274899,4.05085321716031
372.023668141307,6.00856599234171
371.167050249512,6.23153177340841
366.914237840249,4.91061798124203
364.385898376355,3.50426370185936
361.874981241128,3.40084886204203
359.381366380463,4.67359744682334
356.904934567523,5.46525260928427
354.445567397043,4.45443685804496
352.003147279668,1.48430253815441
349.577557436327,-1.85704589106744
347.168681892656,-3.50812613071748
344.776405473446,-3.44956848636046
342.400613797142,-2.75299350205354
340.041193270371,-2.05250593073857
337.698031082509,-1.44206434711237
335.371015200293,-0.840624245540236
333.333333333333,-0.354305856336832
333.060034362459,-0.299461847318535
330.764978074424,-0.0368057465615363
328.485736603004,-0.298946791368745
326.222200971167,-1.05052406967392
323.97426295282,-1.70182826250318
321.741815067637,-1.70126075410233
319.524750575921,-1.05267227324775
317.322963473498,-0.090638292829861
315.136348486648,0.543743059528301
312.964801067075,0.214810461922117
310.808217386907,-0.876732000024542
308.666494333727,-2.04686558480223
306.539529505653,-2.86866129614871
304.42722120643,-3.15450075813332
302.329468440578,-2.85411732561804
300.246170908555,-2.08628513898314
298.177229001967,-1.24951399322078
296.122543798804,-0.904947896938391
294.082017058706,-1.21197233712011
292.055551218275,-1.87613132092398
290.043049386399,-2.60632080398427
288.04441533963,-3.22777330165003
286.059553517574,-3.5635277903432
284.08836901833,-3.42414670932795
282.130767593947,-2.90725489228161
280.18665564592,-2.47845567704941
278.255940220713,-2.4017255645471
276.338529005317,-2.57961564446127
274.434330322837,-2.84299683176611
272.543253128103,-3.12869790132607
270.665207003324,-3.40297650308984
268.800102153761,-3.58541951479681
266.947849403432,-3.65283166422371
265.108360190854,-3.66354403313057
263.281546564802,-3.65879450105332
261.467321180109,-3.62942418898767
259.665597293487,-3.51608987049699
257.87628875938,-3.27060516866392
256.099310025846,-2.98140453397873
254.334576130465,-2.79181570068614
252.582002696278,-2.79723624626883
250.841505927754,-2.79307206980813
250,-2.72883798249587
249.113002606779,-2.64098103271489
247.396410088681,-2.63451740490812
245.691646298279,-3.00153574254521
243.998629725955,-3.14662795721669
242.31727942376,-2.83050187270397
240.647515001542,-2.45991135450385
238.989256623105,-2.49355638117775
237.342425002387,-2.6187472434173
235.706941399673,-2.62833626444087
234.082727617829,-2.56730951764971
232.469705998565,-2.46984686357286
230.867799418717,-2.52193235401556
229.276931286565,-3.01990911705517
227.697025538168,-3.53347812881567
226.128006633728,-3.38653631364299
224.569799553977,-2.57304672766538
223.022329796594,-1.43955469416828
221.485523372636,0.0978116083461673
219.959306803008,1.64656065895439
218.443607114943,1.54521807455102
216.938351838519,-0.53902674427682
215.443469003188,-2.54571785462276
213.958887134342,-3.23527866825175
212.484535249888,-2.68352660525668
211.02034285686,-1.72553830871099
209.566239948043,-1.40541614099625
208.122156998634,-1.48203957161938
206.688024962908,-1.476345623655
205.263775270925,-1.36882539634977
203.849339825246,-1.10375459574469
202.44465099768,-0.980874913388656
201.04964162605,-1.37589774116442
200,-2.08103180189
199.664245010979,-2.36981014396319
198.288394912707,-3.45335415790758
196.922025547917,-3.40581454150201
195.565071586595,-2.53177343292217
194.217468148903,-1.54181298869151
192.879150802078,-1.33017048335655
191.550055557353,-2.44793016887491
190.230118866895,-2.69150141369392
188.919277620767,-2.00322740498514
187.617469143912,-2.43960873920112
186.324631193156,-2.75808672673225
185.04070195423,-2.79010683073711
183.765620038817,-1.69008790380944
182.499324481615,2.15452089354897
181.241754737424,3.70309478100252
179.992850678248,0.960052481700122
178.752552590424,-2.25719685430208
177.520801171764,-3.43783581551626
176.297537528721,-1.72415113486231
175.082703173572,0.431713417147695
173.876240021625,1.32426034321511
172.678090388436,-0.34244672859587
171.488196987054,-2.65187118509275
170.306502925284,-3.35275125270602
169.132951702965,-2.6785848179234
167.967487209265,-1.38134790981992
166.810053720006,-0.739286773817535
166.666666666667,-0.714015764474378
165.660595894991,-0.557340398029548
164.519058775366,-0.44130689019526
163.385387780986,-0.872952255501143
162.259528707809,-2.05670681649083
161.141427725302,-3.106164870151
160.03103137387,-2.95141412915153
158.928286562298,-1.92138925862845
157.833140565212,-1.60087961886124
156.745541020559,-1.84197455689498
155.665435927106,-2.56359219394563
154.592773641948,-3.36306829499623
153.527502878042,-3.61526954373847
152.469572701757,-3.65509298635161
151.418932530435,-3.64169728751927
150.375532129974,-3.62885015841497
149.339321612425,-3.63732849840208
148.310251433611,-3.65556142888802
147.28827239075,-3.65119257812908
146.273335620113,-3.59427871449703
145.265392594678,-3.23173515860919
144.264395121816,-2.17962359871613
143.270295340983,-1.54299563200943
142.857142857143,-1.53539391666861
142.283045721435,-1.7127866920198
141.302599059953,-2.55524403003626
140.328908478587,-3.64934258057859
139.361927422414,-2.01165160059936
138.401609657313,1.01143285363323
137.447909267754,4.63684165498858
136.500780654601,2.99020932396762
135.560178532937,-2.60687361081768
134.626057929891,-2.60971073372267
133.698374182495,1.56257223740748
132.777082935543,4.24532330546895
131.862140139475,-0.439506933215323
130.953502048267,-1.7236448147364
130.051125217341,-2.83325062702734
129.154966501488,-3.18072569370316
128.264983052806,-3.21760669364123
127.381132318648,-2.48220907869226
126.50337203959,-1.84534540861388
125.631660247412,-1.84184979679575
125,-0.559658685820646
124.765955263087,0.0502083903742987
123.906215694792,-0.795206403007806
123.052400435926,-2.82740663751896
122.204468663149,-3.22421004251442
121.362379834424,0.464060949243152
120.526093687084,1.90038842034601
119.695570235904,-0.847308696453392
118.87076977119,-2.35052079940716
118.051652856881,-2.10327872426036
117.23818032866,-2.61166211301157
116.430313292088,-3.42087196330474
115.628013120738,-2.87361217833522
114.831241454351,-1.17334832586136
114.039960197003,0.0746392654324852
113.254131515281,-1.81795894154557
112.473717836475,-3.13647897425163
111.698681846782,-2.27561265873477
111.111111111111,-1.69615520674035
110.928986489522,-1.63017731424069
110.164594963366,-2.39129423574725
109.405470720574,-3.18300375014418
108.651577465254,-3.41296785069796
107.902879151618,-3.58601704761382
107.159339982267,-3.23880848193779
106.420924406472,-2.21595503483446
105.68759711848,0.207095704148874
104.959323055823,-0.585198825145748
104.23606739764,-3.28350866550967
103.517795563018,-1.41823997965347
102.804473209331,3.47061502823296
102.096066230605,1.56970537599849
101.392540755882,-2.91169461480667
100.693863147603,-2.6610973280763
100,-0.980290627837415
100,-0.980290627837301
99.310918137498,-0.924212810119864
98.6265846131283,-1.77300915244042
97.946966706954,-1.55057267720179
97.2720319245054,-1.8103923933548
96.6017479952265,-2.91719920861187
95.9360828709315,-3.62321544795757
95.2750047242729,-2.51375462985915
94.61848194722,-1.63445181747609
93.966483149547,-1.29773554021714
93.3189771573324,-1.8872063440108
92.6759330114688,-3.41271949275456
92.0373199661823,-3.41010219853812
91.4031074875623,-2.37679957371888
90.9090909090909,-0.771587949452633
90.7732652521023,-0.167762000561434
90.1477631452492,-0.443425273347496
89.526571259964,-3.54764235921685
88.9096598952916,0.322681276594769
88.2969995549409,-0.322913708989073
87.6885609458743,-3.42251877861868
87.0843149769073,0.569305203697259
86.4842327573172,-0.381809615306177
85.8882855954625,-3.53596630005755
85.2964449974102,-1.98040788128774
84.7086826655741,-3.32807352555708
84.1249704973612,-3.62951919451929
83.5452805838287,-3.43944331101242
83.3333333333333,-3.37040602926454
82.9695852083491,-3.43793490257935
82.3978568452852,-2.37275634720258
81.8300681586739,-1.08547773091014
81.2661920009194,-3.25200425058265
80.706201411495,-1.58467229140499
80.150069615654,2.06584104164277
79.5977700231498,-2.31321990848046
79.0492762269642,-3.25182592319045
78.5045620020451,-1.05104522898294
77.9636013040523,-0.566891549923308
77.4263682681127,-2.45171841806272
76.9230769230769,-3.25692726151415
76.8928372075831,-3.13822116221091
76.3629826128224,-2.68691997506489
75.8367791499719,-3.59159155303915
75.3142016597437,-2.70457357836757
74.7952251562182,-1.89974367810678
74.2798248256491,-1.45089081199689
73.7679760252773,-3.06161994940693
73.2596542821523,-1.94986442285984
72.7548352919623,-3.39351670177292
72.2534949178722,-3.24359843800176
71.7556091893693,-1.96133652347926
71.4285714285714,1.67511289288207
71.2611543011175,0.321574139546915
70.7701066118189,-3.52635415180931
70.2824426430835,4.02893307865746
69.7981390783066,-1.51645191612409
69.3171727615541,-3.50453766840139
68.839520696455,-2.93581032647786
68.3651600451024,-2.05712128377153
67.8940681269611,-2.20358031458245
67.4262224177834,-3.625417690713
66.9616005485322,-2.70309713727154
66.6666666666667,-2.58724936529712
66.5001803043112,-2.31011517112834
66.0419396233031,-0.0837841864528555
65.5868565957143,-3.32874962322283
65.134909462728,-3.21128222243602
64.6860766154633,-2.5988353593557
64.2403365939419,-1.83781860741622
63.7976680860628,-3.50541519040227
63.3580499265825,-1.5904205728258
62.9214610961034,-3.06792894852056
62.5,-0.268225081280501
62.4878807200689,-0.162571880086499
62.057288067765,-2.34834007087509
61.6296625513294,-3.23524316211786
61.204983724767,-3.43033793666425
60.7832312829723,-3.01951846130542
60.3643850607587,-2.2987535671444
59.9484250318941,-3.54814891847611
59.5353313081437,-2.71203183986951
59.1250841383188,-1.84460256678296
58.8235294117647,-2.00127136694389
58.7176639073326,-2.05739061987331
58.3130511352622,-3.44327935739643
57.9112264764176,-1.40209081299197
57.5121707184161,-2.52863707787402
57.1158647812643,-3.58362288656648
56.7222897164454,-3.4602771594826
56.3314267060136,-3.12100939682058
55.9432570616938,-2.98047606168667
55.5577622239888,-3.60463770786275
55.5555555555556,-3.60683852183039
55.1749237612912,-3.45062266345267
54.7947233690029,-3.40572523038933
54.4171428686589,-3.05254658963478
54.0421642070592,-3.34075584305703
53.6697694554048,-3.08958862306262
53.2999408084409,-0.318251646731748
52.9326605836056,-2.61580403888108
52.6315789473684,-3.10693137192861
52.5679112201842,-2.61057400129219
52.2056752784698,-2.32919852523478
51.8459354389291,-3.06460769143952
51.488674501375,-3.38707201996034
51.1338753841433,-0.138506349540715
50.7815211232767,-1.89947071007374
50.4315948717136,-1.86407580640444
50.0840798984821,-2.99270292058393
50,-2.63810245627114
49.7389595879007,-3.37185887657075
49.3962174387832,-2.47116504241732
49.0558370636505,-2.60664752411376
48.7178021879463,-2.09125928861557
48.3820966492596,-3.6145434026
48.0487043965513,-3.24841561834087
47.7176094893875,-2.62889127887531
47.6190476190476,-2.15375940228086
47.3887960971765,-1.89512194569168
47.0622484984128,-3.62049234458415
46.7379510799246,4.00055203039147
46.4158883361278,-3.21503808259659
46.0960448682843,-2.46291840985186
45.7784053837662,-3.32673935214508
45.462954695324,-3.43121732195821
45.4545454545455,-3.43687023766948
45.149677720361,-0.672077112732846
44.8385594802119,-1.86205346933117
44.5295850994266,-3.30539179173114
44.222739805059,-1.35549093693937
43.9180089259609,-1.80262786378234
43.6153778920801,-3.39402406785903
43.4782608695652,-3.55526341293521
43.314832233764,-3.15348117487478
43.016357581068,-2.02599230622497
42.7199396630678,-3.43226367986393
42.4255643071778,-3.43271715007624
42.1332174384729,-3.16311141415421
41.8428850790158,0.389441335088255
41.6666666666667,-3.44660724049516
41.5545533471888,-1.14583814495914
41.2682084570295,-3.20362285742597
40.9838367175726,-0.134505146185556
40.7014245321944,-3.61126306525746
40.4209583979631,-3.57707152038248
40.1424249049932,-1.11649575753823
40,-3.52872388053332
39.8658107358044,-2.15862217955729
39.5911026646846,-3.62205857840039
39.3182875570577,-3.45115253010153
39.0473523688556,-1.67963799846263
38.7782841458946,-1.56998978809296
38.5110700232557,-2.66100388158248
38.4615384615385,-2.95922252072865
38.24569722467,-3.4647631225077
37.9821530619073,-0.608524589786138
37.72042493417,-3.58013014664312
37.4605003274899,0.752072687909153
37.2023668141307,-1.0831974872063
37.037037037037,-3.00527710273685
36.946012051993,-3.64468795061792
36.6914237840249,-3.64136282446274
36.4385898376355,-3.05008112746612
36.1874981241128,-1.94407210951168
35.9381366380463,-2.07180538084198
35.7142857142857,-2.58541949940901
35.6904934567523,-2.42663105060187
35.4445567397043,-2.99492265193303
35.2003147279668,-2.10988578021495
34.9577557436328,-3.02660597583992
34.7168681892656,-3.61475982688178
34.4827586206897,-3.34360518817833
34.4776405473446,-3.32462150100472
34.2400613797142,-3.58317679734447
34.0041193270371,-1.50470563195482
33.7698031082509,-2.83833282585645
33.5371015200293,-0.93565497523529
33.3333333333333,-3.46426565944766
33.3060034362459,-3.01131970855216
33.0764978074424,-1.82061537342708
32.8485736603004,-3.57212406786946
32.6222200971167,-2.90400988424148
32.397426295282,-1.87164920398872
32.258064516129,-2.6829449221337
32.1741815067637,0.0858091718304665
31.9524750575921,-0.208199533359912
31.7322963473498,-3.05944991370564
31.5136348486648,-3.22049092016617
31.2964801067075,-3.38551509736119
31.25,-2.46231931379203
31.0808217386906,-2.3111806923806
30.8666494333727,-3.01544336897238
30.6539529505653,-2.32024937256348
30.442722120643,0.729193233986753
30.3030303030303,-2.33829670755456
30.2329468440578,0.414983719415308
30.0246170908555,-3.53317971802168
29.8177229001967,-1.9280162304155
29.6122543798804,-3.26116874383528
29.4117647058824,-2.34546932442835
29.4082017058706,-2.2874119023201
29.2055551218275,-0.866867591730435
29.0043049386399,-3.26212835065449
28.804441533963,-3.0581157412639
28.6059553517574,-3.29085851046677
28.5714285714286,-3.42371005580345
28.408836901833,-3.64280313717456
28.2130767593947,-3.08413753187259
28.018665564592,-3.47657358508824
27.8255940220712,-2.81692586656377
27.7777777777778,-3.08120768437204
27.6338529005317,-2.43624520274595
27.4434330322836,-3.39681359996647
27.2543253128103,-1.92715386602925
27.0665207003324,-1.41190914862603
27.027027027027,1.43255150040772
26.8800102153761,-2.45040238847089
26.6947849403432,-2.97715357061464
26.5108360190854,-2.73323033240306
26.3281546564802,-3.37255789349073
26.3157894736842,-3.20996376547226
26.1467321180109,-2.74605467695478
25.9665597293487,-2.12331570859406
25.787628875938,2.19054458489187
25.6410256410256,-1.30623671886938
25.6099310025846,0.4690533775286
25.4334576130465,-2.1437716423117
25.2582002696278,0.318100136920937
25.0841505927754,-0.366871236190074
25,1.15153358590984
24.9113002606779,-2.70672305809755
24.7396410088681,-3.5982481476034
24.5691646298279,-2.96802516221326
24.3998629725955,-2.94238213366391
24.390243902439,-3.36197223000017
24.231727942376,-2.49957928640181
24.0647515001542,0.209237392378999
23.8989256623105,-2.53891948356026
23.8095238095238,-3.41221187917621
23.7342425002387,-0.288311675777019
23.5706941399673,-2.93631533673102
23.4082727617829,-1.63899705352498
23.2558139534884,-2.42421275358619
23.2469705998565,-2.70197602532285
23.0867799418717,-2.66024294071967
22.9276931286565,-0.411721837687263
22.7697025538168,-0.855924891201293
22.7272727272727,-0.473561237580934
22.6128006633728,-2.85900759887293
22.4569799553977,-1.56021340459956
22.3022329796594,-1.71087207467603
22.2222222222222,-2.45423593981605
22.1485523372636,0.0629478144754687
21.9959306803007,-2.62825402958249
21.8443607114943,-2.98372895760319
21.7391304347826,-3.02261123421702
21.6938351838518,-3.38344097852784
21.5443469003188,-2.82041852083115
21.3958887134342,-0.805370216560799
21.2765957446809,-2.11163003994515
21.2484535249888,-3.46018407913557
21.102034285686,-2.89924997376171
20.9566239948043,-3.07271349097818
20.8333333333333,-2.94868428997686
20.8122156998634,-1.42227455911275
20.6688024962908,-3.35964890961871
20.5263775270925,-2.6471891381703
20.4081632653061,-2.87423668563495
20.3849339825246,-2.85867906495538
20.244465099768,-1.07129895592528
20.104964162605,-0.704466384286813
20,-3.36923236324595
19.9664245010979,-2.63174490486626
19.8288394912707,-3.34744586137789
19.6922025547917,-1.68328653718852
19.6078431372549,-3.3461777574641
19.5565071586595,-0.944383121795236
19.4217468148903,-0.876271245147517
19.2879150802078,-3.18713782107964
19.2307692307692,-3.02581922817601
19.1550055557353,-2.24569893893321
19.0230118866894,-2.30839684401986
18.8919277620767,-0.903068472241567
18.8679245283019,-2.32000198801993
18.7617469143912,-3.37289664128918
18.6324631193156,-3.30331226908678
18.5185185185185,-3.03567681100942
18.504070195423,-3.20733093704124
18.3765620038817,-3.0906891068946
18.2499324481615,-3.38232841616856
18.1818181818182,-3.0011496265965
18.1241754737424,-1.30290218174143
17.9992850678248,-3.40932153354982
17.8752552590424,-3.13031351570354
17.8571428571429,-1.50985961298333
17.7520801171764,-3.25955382937552
17.6297537528721,-2.70913711790667
17.5438596491228,-2.19468206744387
17.5082703173572,-3.19434736260721
17.3876240021625,-3.05605011458443
17.2678090388436,-3.47347782079215
17.2413793103448,-1.7871151286731
17.1488196987054,-3.33832097023456
17.0306502925284,-1.62313699606211
16.9491525423729,-2.09286275488814
16.9132951702965,-3.21374969157746
16.7967487209265,-3.43253262219549
16.6810053720006,-2.68896891251462
16.6666666666667,-3.00404009987518
16.5660595894991,-1.88979631301076
16.4519058775366,-2.92311077474416
16.3934426229508,-3.5480978598231
16.3385387780986,-3.46030395600776
16.2259528707809,-3.51499085578909
16.1290322580645,-3.36728349800363
16.1141427725302,-1.75143848379904
16.003103137387,-3.53094994440054
15.8928286562298,-2.80680723128669
15.8730158730159,-2.11978406808908
15.7833140565212,-2.96162175964336
15.674554102056,-3.03590909817067
15.625,-1.47446620227374
15.5665435927106,-2.12449206455362
15.4592773641948,-3.18204965105731
15.3846153846154,-2.59959318815664
15.3527502878042,-2.2115403140276
15.2469572701757,-2.7489385125561
15.1515151515152,0.984499281425419
15.1418932530435,-1.93269014217484
15.0375532129974,-1.18964975984737
14.9339321612425,0.474231158353168
14.9253731343284,-0.442020859156183
14.831025143361,-2.31963487880266
14.728827239075,-2.88195616278666
14.7058823529412,-3.40764684250815
14.6273335620113,-3.0722333878874
14.5265392594678,-2.4447248274315
14.4927536231884,-3.66237642931848
14.4264395121816,-2.68431717534694
14.3270295340983,-2.01747314765604
14.2857142857143,-0.438554299451208
14.2283045721435,-2.22616658426672
14.1302599059953,-3.06719470537554
14.0845070422535,-0.537186163946397
14.0328908478587,1.50230633832972
13.9361927422414,-3.30749391910286
13.8888888888889,-2.00814431229413
13.8401609657313,-2.38724760709813
13.7447909267754,-0.912767241495867
13.6986301369863,-1.39198856775773
13.6500780654601,-3.63199493906556
13.5560178532937,-1.18247692475604
13.5135135135135,-2.75871157418386
13.4626057929891,-3.05475816455496
13.3698374182495,-3.07392352277445
13.3333333333333,-1.17278776859087
13.2777082935543,-3.28572155275297
13.1862140139475,-3.39075225981271
13.1578947368421,-2.64378591600755
13.0953502048267,-1.23207654565588
13.0051125217341,-3.24319224536476
12.987012987013,-3.61522473398032
12.9154966501488,-2.79387527198643
12.8264983052806,-1.93234275909658
12.8205128205128,-2.38561984674451
12.7381132318648,-3.04195033053717
12.6582278481013,-3.45714519323131
12.650337203959,-2.61412074862506
12.5631660247412,-2.83548247220137
12.5,-2.68242888802721
12.4765955263087,-3.10303608634045
12.3906215694792,-2.81844836626568
12.3456790123457,-3.43729129175785
12.3052400435926,-3.48922003775932
12.2204468663149,-1.7859169657856
12.1951219512195,-2.74371023395436
12.1362379834424,-1.88181592476969
12.0526093687084,-3.08826088643779
12.0481927710843,-3.2771901221413
11.9695570235904,1.14900410407835
11.9047619047619,-2.75148391483576
11.887076977119,-1.69137688981065
11.8051652856881,-2.74094451385137
11.7647058823529,-2.36900394791739
11.723818032866,0.539500395842301
11.6430313292088,-0.954816730585075
11.6279069767442,-3.51652160643514
11.5628013120738,-2.7885073685794
11.4942528735632,-1.43859725936324
11.4831241454351,-1.5295599168265
11.4039960197003,-3.49654821589005
11.3636363636364,-2.77930936706683
11.3254131515281,-3.32295744967676
11.2473717836475,-2.66945072155159
11.2359550561798,-3.08443543203135
11.1698681846782,-2.22741326425266
11.1111111111111,-2.38794387295844
11.0928986489522,-3.42671032947403
11.0164594963366,-2.7348664723094
10.989010989011,-3.47378052738211
10.9405470720574,-2.41452355547558
10.8695652173913,-2.89706377979492
10.8651577465254,-2.89757122311805
10.7902879151618,-2.4511661094737
10.752688172043,-1.61818382859307
10.7159339982267,-0.252602620280793
10.6420924406472,-1.05137233557165
10.6382978723404,-0.600119517088909
10.568759711848,-3.62520808426133
10.5263157894737,-3.46068706779608
10.4959323055823,-2.34095214295631
10.423606739764,-1.80632198300385
10.4166666666667,0.668508878777534
10.3517795563018,-3.2543022636709
10.3092783505155,-2.73789133872738
10.2804473209331,-2.73624296000413
10.2096066230605,-2.13323596910756
10.2040816326531,-2.25689234094848
10.1392540755882,-2.40372204492824
10.1010101010101,-3.00453347198335
10.0693863147603,-2.25581096212936
10,-2.06368678533321
10,-2.06368678533307
9.9310918137498,-2.67525204438761
9.9009900990099,-1.5096521413253
9.86265846131282,-2.85879105846261
9.80392156862745,-2.16713499639227
9.79469667069539,3.75798345570111
9.72720319245054,-3.15524105757033
9.70873786407767,-2.53703199842145
9.66017479952265,1.00334545716909
9.61538461538461,-2.66265514870345
9.59360828709314,-3.01833320582211
9.52750047242729,-3.16997208721834
9.52380952380952,-2.82254401568987
9.461848194722,-2.67896035458771
9.43396226415094,-3.56469244143299
9.39664831495469,-2.40993519762044
9.34579439252336,-3.60133503875975
9.33189771573324,-2.66115671637338
9.26759330114688,-3.02416058455567
9.25925925925926,-3.0795422181515
9.20373199661822,-3.40546634990006
9.1743119266055,-2.33418546700262
9.14031074875623,-3.64740181618584
9.09090909090909,-1.7457934546699
9.07732652521023,-3.05411002622791
9.01477631452492,-3.32943834518879
9.00900900900901,-2.32867196293248
8.9526571259964,-2.80677524863513
8.92857142857143,-3.46273329969416
8.89096598952916,-2.99704100930112
8.84955752212389,0.982682458706923
8.82969995549409,-3.17720285659605
8.7719298245614,-3.23268336962401
8.76885609458743,-3.43744448910369
8.70843149769072,-2.47003960809932
8.69565217391304,-3.52371733481631
8.64842327573172,-0.44648910361128
8.62068965517241,-1.7684387064351
8.58882855954625,-1.44072806654811
8.54700854700855,-2.96731491664105
8.52964449974102,-1.01159890048204
8.47457627118644,-2.16232101415344
8.47086826655741,-3.31260408332276
8.41249704973612,-3.21331826671861
8.40336134453781,-2.56253341857682
8.35452805838287,-1.78718573177486
8.33333333333333,-1.09718654964557
8.29695852083491,-2.83282827637351
8.26446280991736,-2.01548705768779
8.23978568452852,-3.6555167707407
8.19672131147541,-2.93937225791326
8.18300681586739,-3.62039528137579
8.13008130081301,-2.52559730448767
8.12661920009195,-1.79946097689143
8.0706201411495,-0.673598468367071
8.06451612903226,-2.46884239566755
8.01500696156541,-3.41859077623139
8,-2.27763337202314
7.95977700231498,-3.50511465263717
7.93650793650794,-2.37334840530833
7.90492762269642,-2.73603488536447
7.8740157480315,-2.25064644647933
7.85045620020451,-2.39810168913386
7.8125,-3.65071210828223
7.79636013040523,-2.91089557846227
7.75193798449612,-2.53430850896167
7.74263682681127,-3.08214298290558
7.69230769230769,-2.93987412568084
7.68928372075831,-3.4312980341961
7.63629826128224,-2.062863784626
7.63358778625954,-2.07483695531836
7.58367791499719,-1.97396930768455
7.57575757575758,-3.47328869811211
7.53142016597437,-3.44407312740561
7.5187969924812,-2.3153724122895
7.47952251562182,-2.58994064491032
7.46268656716418,-2.98251881367251
7.42798248256492,-2.54938549636061
7.40740740740741,-2.16629503105714
7.37679760252773,-3.08571430230254
7.35294117647059,-1.16647951571378
7.32596542821523,-3.50511456586237
7.2992700729927,-3.50228308502896
7.27548352919623,-1.6892376225483
7.2463768115942,-3.35641327428221
7.22534949178722,-2.20630027463808
7.19424460431655,-3.22387111411636
7.17556091893693,-2.82275661921828
7.14285714285714,-2.90137996971374
7.12611543011175,-2.12754424833805
7.09219858156028,-2.84112895270409
7.07701066118189,-2.60306629692662
7.04225352112676,-2.21850925566606
7.02824426430835,-2.79865950532904
6.99300699300699,-0.87720589000828
6.97981390783066,-3.5571522090449
6.94444444444444,-0.312584231863705
6.93171727615541,-1.85938060172897
6.89655172413793,-3.38387326068497
6.8839520696455,-2.84937029536699
6.84931506849315,-2.94710253816718
6.83651600451024,-1.52675379693381
6.80272108843537,-1.39205457528898
6.78940681269611,-2.22463419611288
6.75675675675676,-2.37389705346264
6.74262224177834,-3.30563900617632
6.71140939597315,-2.31781274380513
6.69616005485322,-3.1648980091647
6.66666666666667,-2.91958491750118
6.65001803043112,-2.31475439535869
6.62251655629139,-3.3333893383219
6.6041939623303,-2.99214588239191
6.57894736842105,-2.29746546215001
6.55868565957143,0.195269371066492
6.5359477124183,-3.16803040753821
6.5134909462728,-3.11108700828303
6.49350649350649,-1.86155506572042
6.46860766154633,-2.08215385477537
6.45161290322581,-3.13089684104993
6.42403365939419,-3.65586458092242
6.41025641025641,-3.62239789366283
6.37976680860628,-3.0123940092575
6.36942675159236,-0.408897262404916
6.33580499265825,-2.15032046733681
6.32911392405063,-2.13737362929704
6.29214610961034,-3.05381922064448
6.28930817610063,-2.54942160577486
6.25,-3.6290606768408
6.24878807200689,-3.65706443079459
6.2111801242236,0.00268954794008369
6.2057288067765,-1.20645778858993
6.17283950617284,-1.62895550579621
6.16296625513294,-3.08123116573581
6.13496932515337,-3.38315663033172
6.1204983724767,-2.85827010415842
6.09756097560976,-3.21211562052336
6.07832312829723,-0.254598508518352
6.06060606060606,-3.58593566651892
6.03643850607587,-2.91294367052607
6.02409638554217,-1.0961450006538
5.99484250318941,-2.81254623406967
5.98802395209581,-3.06229249888041
5.95353313081437,-3.11491837100943
5.95238095238095,-2.78281342926327
5.91715976331361,-2.03149658274539
5.91250841383188,-2.49740944716721
5.88235294117647,-2.89884137374748
5.87176639073326,-2.19116052003035
5.84795321637427,-2.6872700121
5.83130511352622,-2.19605947822451
5.81395348837209,-3.60292723824436
5.79112264764176,-1.66829760202385
5.78034682080925,-3.11650818224846
5.75121707184161,-2.55671744930155
5.74712643678161,1.38744155476572
5.71428571428571,-3.30717744869663
5.71158647812643,-2.77729685704183
5.68181818181818,-3.28945657590604
5.67222897164454,-1.94696601616867
5.64971751412429,-2.56388454678965
5.63314267060136,-3.18418499843493
5.61797752808989,-3.62974190715765
5.59432570616938,-3.35891030079305
5.58659217877095,-3.41980732490581
5.55577622239888,-1.85591668231349
5.55555555555556,-1.80030584887812
5.52486187845304,-3.02258387750437
5.51749237612913,-3.50277243781262
5.49450549450549,-3.57150107389095
5.47947233690029,-3.27637812536316
5.46448087431694,-1.55050395298199
5.44171428686589,-2.81634231540736
5.43478260869565,-3.09774688885711
5.40540540540541,-3.62035645107018
5.40421642070592,-3.6419546683383
5.37634408602151,-2.81920203847694
5.36697694554048,0.589189166429965
5.3475935828877,-3.50007885472534
5.32999408084409,-3.64052362726691
5.31914893617021,-2.72939573962885
5.29326605836056,-3.41233921416356
5.29100529100529,-2.24953491552391
5.26315789473684,-3.61805454695438
5.25679112201842,-3.35114899623327
5.23560209424084,-3.32080763616251
5.22056752784698,-3.3345454683584
5.20833333333333,-2.26525348550823
5.18459354389291,-3.5640493361662
5.18134715025907,-3.59605809393387
5.15463917525773,-2.78496053453794
5.14886745013749,-3.05940268295172
5.12820512820513,-2.70234267838164
5.11338753841433,-3.42383116135324
5.10204081632653,-2.56464084492093
5.07815211232767,-2.28988181768433
5.0761421319797,0.221398298750349
5.05050505050505,-3.42949135426799
5.04315948717136,-3.16008830034046
5.0251256281407,-2.91586453153762
5.00840798984821,-2.38397485832094
5,-3.28388988245892
4.97512437810945,-3.13751256904565
4.97389595879006,-0.888639570814642
4.95049504950495,-3.26259255576935
4.93962174387832,-3.11416405466111
4.92610837438424,-1.17340039850729
4.90558370636505,-2.48814657790309
4.90196078431372,-2.01951562097333
4.8780487804878,-3.38160251848636
4.87178021879463,-3.38622212738032
4.85436893203883,0.791222104441109
4.83820966492596,0.151145295842771
4.83091787439613,-3.09033638167694
4.80769230769231,-3.48814253787647
4.80487043965513,-2.86704516015298
4.78468899521531,-2.33784015233938
4.77176094893875,-2.04154224807648
4.76190476190476,-3.46028285176576
4.739336492891,-3.53785635348411
4.73887960971765,-3.59015955697877
4.71698113207547,-2.7678310530281
4.70622484984128,-3.04438195456076
4.69483568075117,-2.62694993187609
4.67379510799246,-1.8278841821489
4.67289719626168,-2.07071296838474
4.65116279069767,-1.44898884818941
4.64158883361278,-3.63185204378406
4.62962962962963,-3.2742008582408
4.60960448682843,-3.64362841211495
4.60829493087558,-2.69783300460157
4.58715596330275,-0.0729830798142457
4.57784053837662,-3.05364347894583
4.5662100456621,-3.15943272327241
4.5462954695324,-3.34306895745221
4.54545454545455,-2.83224732200558
4.52488687782805,-3.38399504822508
4.5149677720361,-3.17794383619913
4.5045045045045,1.40288887594786
4.48430493273543,-1.8486598040199
4.48385594802119,-2.30745315655174
4.46428571428571,-2.33458437288051
4.45295850994265,-2.54584300168578
4.44444444444444,-1.78810665612847
4.42477876106195,-3.35693501083211
4.4222739805059,-3.38347380589887
4.40528634361233,-3.16356187400406
4.39180089259609,-3.54336496219848
4.3859649122807,-3.29543689761273
4.36681222707424,-3.3395722766851
4.361537789208,-3.3928857697641
4.34782608695652,-3.39046649927858
4.3314832233764,1.13033894796742
4.32900432900433,-2.86035325062785
4.31034482758621,-2.34663877913864
4.30163575810679,-2.49204583794799
4.29184549356223,-2.90090929346543
4.27350427350427,-2.79488485281193
4.27199396630678,-3.27147278490828
4.25531914893617,-1.05002453271647
4.24255643071778,-0.850443919907501
4.23728813559322,-3.29661570441616
4.21940928270042,-3.50736080910822
4.21332174384729,-3.20957339356714
4.20168067226891,-1.20887234052754
4.18428850790158,-1.3494450173723
4.18410041841004,-1.06680940074166
4.16666666666667,-3.44341036424781
4.15545533471888,-3.02934334862452
4.149377593361,-3.08027316405271
4.13223140495868,-3.21833117672109
4.12682084570295,-2.22302548816064
4.11522633744856,-2.66239961128549
4.09838367175726,-3.45044268156941
4.0983606557377,-3.45352811492644
4.08163265306122,-2.49569774212959
4.07014245321944,-3.53698348948559
4.0650406504065,-3.52898377524162
4.04858299595142,-3.50107114971648
4.04209583979631,-3.61190290018645
4.03225806451613,-2.35275110156793
4.01606425702811,-2.47192730377484
4.01424249049932,-2.9271740667482
4,-3.07009020868166
3.98658107358044,-3.16616247821353
3.98406374501992,-2.22951240135888
3.96825396825397,-2.79530749365746
3.95911026646846,-3.55629936271053
3.95256916996047,-3.37786939442396
3.93700787401575,-2.45107261819366
3.93182875570577,-3.0352236798878
3.92156862745098,-2.40089191927693
3.90625,-3.17676683525552
3.90473523688556,-2.57623095194814
3.89105058365759,-3.44095786783619
3.87782841458946,-2.35498447863581
3.87596899224806,-2.70645355672742
3.86100386100386,-3.24294340853144
3.85110700232557,-3.54601145246336
3.84615384615385,-3.03037963579073
3.83141762452107,-2.18018510487199
3.824569722467,-3.14392942430861
3.81679389312977,0.162501189749254
3.80228136882129,-2.95287271433194
3.79821530619074,-2.11456191970542
3.78787878787879,-3.50009401105303
3.77358490566038,-2.13617067811391
3.772042493417,1.88570633894047
3.7593984962406,-3.33920550889722
3.74605003274899,-1.56840468147417
3.74531835205992,-2.39801112660457
3.73134328358209,-3.13024387449526
3.72023668141307,-0.273828634770847
3.71747211895911,-2.80578972026297
3.7037037037037,-2.80568857548665
3.6946012051993,-2.53316395346247
3.690036900369,-2.11851218665067
3.67647058823529,-3.25635539341563
3.66914237840249,-3.55773963216678
3.66300366300366,-0.643727692738575
3.64963503649635,-3.61619808178944
3.64385898376355,-0.50603766022537
3.63636363636364,-2.39188973386198
3.6231884057971,-3.04888492522071
3.61874981241128,-2.61452026817995
3.6101083032491,-2.13322374220855
3.59712230215827,-2.49602135059809
3.59381366380463,-3.56464237760532
3.584229390681,-2.14003319073417
3.57142857142857,-2.44297504561926
3.56904934567523,-2.17674048910727
3.55871886120996,-2.90154501371067
3.54609929078014,-2.7354429553594
3.54445567397043,-1.03667681707737
3.53356890459364,-3.05194751051702
3.52112676056338,-1.6061625218192
3.52003147279668,-3.26631571023101
3.50877192982456,-3.58171519717142
3.4965034965035,-2.80944064439764
3.49577557436328,-3.61424599741452
3.48432055749129,-3.12635308623735
3.47222222222222,-3.31211181458762
3.47168681892656,-2.5006861417185
3.46020761245675,-3.57997392056596
3.44827586206897,-3.25721617718288
3.44776405473446,-3.18663183711144
3.43642611683849,-3.11574490604952
3.42465753424658,-2.86548194621777
3.42400613797142,-0.926080864527886
3.41296928327645,-3.33947291249627
3.40136054421769,-3.39604223436317
3.40041193270371,-2.14713781337191
3.38983050847458,-3.0473176376587
3.37837837837838,-0.089899686461119
3.37698031082509,-2.48049871368725
3.36700336700337,-2.89842543569902
3.35570469798658,-2.51403943960444
3.35371015200293,-2.47345571539274
3.34448160535117,0.82307694240716
3.33333333333333,-2.8650113456304
3.33060034362459,-3.19152721103436
3.32225913621262,-3.02620019473864
3.3112582781457,-0.666359050852104
3.30764978074424,-3.56723407141738
3.3003300330033,-3.13974907196752
3.28947368421053,-3.38319687196018
3.28485736603004,-2.77904328971301
3.27868852459016,-3.4869706836033
3.26797385620915,-3.27121754612123
3.26222200971167,-3.30549991687901
3.25732899022801,-2.52727960257017
3.24675324675325,-3.62302833823501
3.2397426295282,-3.66147595584867
3.23624595469256,-3.4466337295732
3.2258064516129,-2.05571478325269
3.21741815067637,-2.90728931749127
3.21543408360129,-3.12214256851994
3.20512820512821,-0.839455492057918
3.19524750575921,-1.67227070169484
3.19488817891374,-1.8327769738626
3.18471337579618,-2.52706650897253
3.17460317460317,-3.64592611759484
3.17322963473498,-2.53852526300703
3.16455696202532,-2.03545449311646
3.15457413249211,-1.88733103616665
3.15136348486648,-2.99988996548795
3.14465408805031,-2.7842707140057
3.13479623824451,-0.924617153912219
3.12964801067075,-1.73784960846573
3.125,-3.65467987949217
3.11526479750779,-3.60233418838841
3.10808217386906,-3.38002588061486
3.1055900621118,-2.7720141655556
3.09597523219814,-2.21849704679353
3.08666494333727,-3.34562972806223
3.08641975308642,-3.45773133430542
3.07692307692308,-2.58088736757771
3.06748466257669,-1.49085868086815
3.06539529505653,-3.42587995066394
3.05810397553517,-2.93155630114911
3.04878048780488,-3.44710841788754
3.0442722120643,-3.65895275023312
3.03951367781155,-3.09320971101045
3.03030303030303,-3.04562911621842
3.02329468440578,-3.22999423565603
3.02114803625378,-2.71064017377752
3.01204819277108,-2.17334740457404
3.003003003003,-3.31971985122739
3.00246170908555,-2.61207289849572
2.9940119760479,-3.17663549246488
2.98507462686567,-3.15909463807561
2.98177229001967,-3.14532087361202
2.97619047619048,-2.33172544586342
2.9673590504451,-3.52722753459231
2.96122543798803,-2.58108158145891
2.9585798816568,-3.56083566097849
2.94985250737463,-2.45383879849843
2.94117647058824,-1.27194880569685
2.94082017058706,-1.97934073730515
2.93255131964809,-3.35896334426401
2.92397660818713,-2.96443755496589
2.92055551218275,-3.0316990217086
2.91545189504373,1.6901034396408
2.90697674418605,-3.38240542152136
2.90043049386399,-3.37096067646307
2.89855072463768,-3.28171029141616
2.89017341040462,-2.90096933810862
2.88184438040346,-3.49756518323611
2.8804441533963,-3.26654120483932
2.8735632183908,-2.53679989356349
2.86532951289398,-2.0971942309256
2.86059553517574,-3.06617465411604
2.85714285714286,-3.34711889020285
2.84900284900285,-3.02217540464583
2.84090909090909,-2.57615525053024
2.8408836901833,-2.63940782609275
2.8328611898017,-3.44802434760511
2.82485875706215,-3.24611881805979
2.82130767593947,-3.09043649121888
2.8169014084507,0.313125784042616
2.80898876404494,-3.4295124854391
2.8018665564592,-2.45249629812927
2.80112044817927,-2.73442077878705
2.79329608938547,-1.37664001161105
2.78551532033426,-3.62573447471051
2.78255940220712,-3.44101250069768
2.77777777777778,-3.05570845194019
2.77008310249307,-2.83730830136279
2.76338529005317,-3.57527430599252
2.76243093922652,-2.96788748085735
2.75482093663912,-1.3750615604578
2.74725274725275,-3.46178215250726
2.74434330322836,-3.33027207285447
2.73972602739726,-3.28204801155082
2.73224043715847,-0.750491615428056
2.72543253128103,-3.2160155494236
2.72479564032698,-1.56108995384504
2.71739130434783,-3.35979314457334
2.710027100271,-2.77599001638761
2.70665207003324,-3.56196543586087
2.7027027027027,-3.11518948757579
2.69541778975741,-3.23498134557074
2.68817204301075,-0.495550212369021
2.68800102153761,0.457709578012943
2.68096514745308,-2.69032266443586
2.67379679144385,-2.67307221778928
2.66947849403432,-2.21474967304762
2.66666666666667,1.63883269594526
2.65957446808511,-2.8182378958996
2.6525198938992,-2.92714226623066
2.65108360190854,-2.70060958783373
2.64550264550265,-2.82511336910955
2.63852242744063,-2.69662815421487
2.63281546564802,-0.721595652465491
2.63157894736842,-0.975353542931155
2.6246719160105,-3.37170248799166
2.61780104712042,-3.57785829725379
2.61467321180109,-2.94790494191106
2.61096605744125,-3.37544167341913
2.60416666666667,-2.3720767046223
2.5974025974026,-3.46958549040697
2.59665597293487,-2.8011761669794
2.59067357512953,-3.36168562244252
2.58397932816537,-3.4742548461768
2.5787628875938,-3.61803341067623
2.57731958762887,-3.39074627739988
2.5706940874036,-3.3164519021967
2.56410256410256,-1.54221205778928
2.56099310025846,-3.47662276877027
2.55754475703325,-2.39622500303188
2.55102040816327,-0.434846135062808
2.54452926208651,-3.07373392753875
2.54334576130465,-2.88814025033541
2.53807106598985,-2.75135386325509
2.53164556962025,-3.16333858909014
2.52582002696278,-3.43946671990131
2.52525252525253,-3.65045748622672
2.51889168765743,-3.4096876138622
2.51256281407035,-3.47758843923286
2.50841505927754,-1.14247635945365
2.5062656641604,-3.42814985677027
2.5,-3.10067512501233
2.49376558603491,-2.56593282244783
2.49113002606779,0.569883791061121
2.48756218905473,-2.73565759674325
2.48138957816377,-2.18343896966833
2.47524752475248,-3.00450553157567
2.47396410088681,-3.12307153895666
2.46913580246914,-3.26268106591764
2.46305418719212,-3.49520051912217
2.45700245700246,-1.60927514338762
2.45691646298279,-1.33686418852774
2.45098039215686,-3.43425446050774
2.44498777506112,-3.56475061444625
2.43998629725955,-3.55741415171139
2.4390243902439,-3.10241135047114
2.4330900243309,-2.67222618077637
2.42718446601942,-3.12548937559024
2.4231727942376,-3.48525993641693
2.42130750605327,-3.5754774771366
2.41545893719807,-2.51545228239318
2.40963855421687,-3.19315018920134
2.40647515001542,0.12159703990388
2.40384615384615,-1.38487307681687
2.39808153477218,-3.17567819319005
2.39234449760766,-2.99918761569411
2.38989256623105,-2.9349564737267
2.38663484486874,-2.82623693355815
2.38095238095238,-1.39990543223281
2.37529691211401,-3.15481147710245
2.37342425002387,-3.31638277394746
2.3696682464455,-3.32496818645161
2.36406619385343,-3.19828919622075
2.35849056603774,-2.67234129763572
2.35706941399673,-3.50732863789359
2.35294117647059,-3.4141480461602
2.34741784037559,-3.49414849181586
2.34192037470726,-2.57941586430926
2.34082727617829,-2.90716757437702
2.33644859813084,-0.0688268170626811
2.33100233100233,-0.711711986797193
2.32558139534884,-3.27769862056463
2.32469705998565,-3.2882177938538
2.32018561484919,-2.63159140625525
2.31481481481481,-3.24128066759071
2.3094688221709,-2.07714065693683
2.30867799418717,-1.87031264298862
2.30414746543779,-2.91611425193919
2.29885057471264,-2.30111356051681
2.29357798165138,-1.83636996814239
2.29276931286565,-2.86812521369613
2.2883295194508,-2.08971852119457
2.28310502283105,-2.88319728851327
2.27790432801822,-2.9350899055788
2.27697025538168,-3.06351423094214
2.27272727272727,-3.60709446637007
2.26757369614512,-3.46377969424575
2.26244343891403,-3.26643025179082
2.26128006633728,-2.58969472559873
2.25733634311512,-2.49969029120966
2.25225225225225,-2.51266563640992
2.24719101123596,-2.97287673937997
2.24569799553977,-3.41584156640526
2.24215246636771,-3.1070582431556
2.23713646532438,-2.58763187581898
2.23214285714286,-3.36601492390757
2.23022329796594,-3.50870249429981
2.2271714922049,-1.29662762455505
2.22222222222222,-3.19614391522687
2.21729490022173,-2.49601785277532
2.21485523372636,-2.53053090948493
2.21238938053097,-2.60713003925285
2.2075055187638,-2.86150352129946
2.20264317180617,-2.35107073865283
2.19959306803007,-2.4989278388016
2.1978021978022,-2.98064124550499
2.19298245614035,-2.41243469253369
2.18818380743982,-3.63549212333963
2.18443607114943,-0.783986236009961
2.18340611353712,-2.6250215003716
2.17864923747277,-2.35843048849757
2.17391304347826,-1.58308825352698
2.16938351838518,-3.64282861190481
2.16919739696312,-3.51201538154406
2.16450216450216,-2.94297349200731
2.15982721382289,-2.93521633499436
2.1551724137931,-3.40811537406857
2.15443469003188,-2.27521415667935
2.1505376344086,-2.95265648403658
2.14592274678112,-3.53966323163707
2.14132762312634,-3.29058430559614
2.13958887134342,-3.09441124216614
2.13675213675214,0.024505131454295
2.13219616204691,-3.52604380919261
2.12765957446809,-2.56054973960495
2.12484535249888,-3.5253893477561
2.12314225053079,-2.46951693476832
2.11864406779661,-3.50240615213978
2.11416490486258,-2.50080161019577
2.1102034285686,-3.22544123638984
2.10970464135021,-3.46787574096246
2.10526315789474,-3.53932260025776
2.10084033613445,-2.95269036522195
2.09643605870021,-1.39061590034999
2.09566239948043,-2.35517152799916
2.09205020920502,-3.51029562490255
2.08768267223382,-1.26140285498279
2.08333333333333,-3.30023538735049
2.08122156998634,-1.7127192156537
2.07900207900208,-3.03605128164359
2.0746887966805,-3.59342058467278
2.0703933747412,-3.49063123614875
2.06688024962908,-2.89182366118608
2.06611570247934,-2.8422136455127
2.06185567010309,-1.66582163270813
2.05761316872428,-3.47431886038053
2.05338809034908,-2.31901487489933
2.05263775270925,-2.65654637031899
2.04918032786885,-2.77737366978301
2.04498977505112,-3.08318613651202
2.04081632653061,-3.46806552481736
2.03849339825246,-3.46406639454151
2.03665987780041,-3.63888255377007
2.03252032520325,-2.20332913805309
2.02839756592292,-3.50029242498122
2.0244465099768,-1.38207958432452
2.02429149797571,-1.06036832157825
2.02020202020202,-2.51502657709927
2.01612903225806,-3.14366653904927
2.01207243460765,-3.29445828805158
2.0104964162605,-2.26338278518413
2.00803212851406,-1.86204638480852
2.00400801603206,-3.21005457308426
2,-3.58894245160551
1.99664245010979,-3.20867423222118
1.99600798403194,-3.08760521191477
1.99203187250996,-2.95023619763405
1.98807157057654,-3.65163229837425
1.98412698412698,-2.77595433913769
1.98288394912707,-3.31115479341831
1.98019801980198,-3.45718173203788
1.97628458498024,-3.06832208286466
1.9723865877712,-2.77245462330061
1.96922025547917,-3.40813821604096
1.96850393700787,-3.08349330275122
1.96463654223969,-2.80955734016312
1.96078431372549,-3.4796471634509
1.95694716242661,-3.28679368966395
1.95565071586595,-2.7892165944532
1.953125,-3.2615652746678
1.94931773879142,-2.14032833644323
1.94552529182879,-3.47057452732305
1.94217468148903,-2.79580708430124
1.94174757281553,-1.08548366687189
1.93798449612403,-3.61266119123099
1.93423597678917,-3.29379550370681
1.93050193050193,-2.94280872014273
1.92879150802078,-3.49324967948867
1.92678227360308,-3.35370752348983
1.92307692307692,-3.14678196683867
1.91938579654511,-0.88313517900725
1.91570881226054,-3.42691343689865
1.91550055557353,-3.61713824123084
1.91204588910134,-2.71854602639813
1.90839694656489,-1.49298621637835
1.9047619047619,-3.5478099160688
1.90230118866894,-3.0680478530386
1.90114068441065,-3.49379185789801
1.89753320683112,-2.27667953905874
1.89393939393939,-3.60064232434076
1.89035916824197,-2.91798462878576
1.88919277620767,-3.65392142641907
1.88679245283019,-1.63702213275475
1.88323917137476,-3.42022402196333
1.8796992481203,0.933000740372269
1.87617469143912,-2.49829936038911
1.87617260787992,-2.50527012764824
1.87265917602996,-3.35217802574605
1.86915887850467,-3.60984823627889
1.86567164179104,-3.60947661760452
1.86324631193156,-3.08426897281258
1.86219739292365,-2.80478893579054
1.85873605947955,-2.41452409567132
1.85528756957328,-3.00329513093204
1.85185185185185,-2.70164664179971
1.8504070195423,-3.30608245416731
1.84842883548983,-1.74201578741583
1.8450184501845,-2.4936611095208
1.84162062615101,-3.61739523769061
1.83823529411765,-1.45869702988964
1.83765620038817,-3.43294873708394
1.8348623853211,-3.08481644213965
1.83150183150183,-3.62450661383026
1.82815356489945,-1.60290141797243
1.82499324481615,-2.47376981023639
1.82481751824817,-3.09475213259109
1.82149362477231,-2.17090979844739
1.81818181818182,-3.2420286522521
1.81488203266788,-2.92388041991769
1.81241754737424,-3.08257213447923
1.81159420289855,-3.65643522536613
1.80831826401447,-2.87529457284982
1.80505415162455,-3.38498207559617
1.8018018018018,-2.71595376116796
1.79992850678248,-1.1368545298891
1.79856115107914,-2.69075373853338
1.79533213644524,-2.82315999851353
1.7921146953405,-2.86149686596986
1.78890876565295,-3.44121339273358
1.78752552590424,-2.37713573349826
1.78571428571429,-3.59900206652618
1.7825311942959,-3.29733652857264
1.77935943060498,-3.18198310800058
1.77619893428064,-3.27720735955365
1.77520801171763,-3.37517936019368
1.77304964539007,-2.81504193892296
1.76991150442478,-3.54957532581984
1.76678445229682,-3.01466631117936
1.7636684303351,-1.92119751158658
1.76297537528721,-3.65248451731228
1.76056338028169,-3.47210556269844
1.75746924428822,-2.04049590275381
1.75438596491228,-3.05928285617737
1.75131348511384,-2.18049964214922
1.75082703173572,-3.27562797769859
1.74825174825175,-0.491955535824
1.74520069808028,-2.15719503856244
1.74216027874564,-2.71022996636976
1.73913043478261,-3.49974586587704
1.73876240021625,-3.37171373747123
1.73611111111111,-1.46389558307761
1.73310225303293,-3.34996965683332
1.73010380622837,-1.231403009987
1.72711571675302,-3.1035361849657
1.72678090388436,-3.5581410127058
1.72413793103448,-2.04063788764729
1.72117039586919,-3.36167574003921
1.71821305841924,-2.84008007200678
1.71526586620926,-3.49359376038513
1.71488196987054,-2.7159327625085
1.71232876712329,-2.84388503656602
1.70940170940171,-1.13041256720406
1.70648464163823,-3.46713258015323
1.70357751277683,-3.53500751962566
1.70306502925284,-3.26023877812981
1.70068027210884,-3.56525103451404
1.69779286926995,-0.776237234119217
1.69491525423729,-2.85390486869276
1.69204737732657,-3.60451554914961
1.69132951702965,-3.03276435332883
1.68918918918919,-3.38145906536122
1.68634064080944,-2.91296624597676
1.68350168350168,-3.4699541178342
1.68067226890756,-0.0934769105000823
1.67967487209265,-3.08445366784384
1.67785234899329,-2.06766603198444
1.6750418760469,-0.296719087405601
1.67224080267559,-2.08149336995266
1.669449081803,-2.11678237664581
1.66810053720006,-1.51507721959065
1.66666666666667,-2.83051828701344
1.66389351081531,-3.05887317320163
1.66112956810631,-1.11845456381347
1.65837479270315,-3.12640662340793
1.65660595894991,-3.3510912563557
1.65562913907285,-2.41115398883711
1.65289256198347,-3.34265914742722
1.65016501650165,-2.89259762263638
1.64744645799012,-2.96926373124399
1.64519058775366,-3.01864412505078
1.64473684210526,-1.20226241580813
1.64203612479475,-3.20590672820414
1.63934426229508,-2.37033381194625
1.6366612111293,-3.06501541521198
1.63398692810458,-3.36245023375325
1.63385387780986,-1.68342907271922
1.63132137030995,-3.46621296787152
1.62866449511401,-2.78986490958662
1.6260162601626,-3.45003053515647
1.62337662337662,-3.23347460318284
1.62259528707809,-3.55278763226486
1.62074554294976,-3.47668242619111
1.61812297734628,-3.04072701186585
1.61550888529887,-3.55489078827228
1.61290322580645,-2.08393352166093
1.61141427725302,-0.465947988327751
1.61030595813205,-3.11047648928199
1.60771704180064,-3.61450799989502
1.60513643659711,-1.73817654652951
1.6025641025641,-2.84930561308554
1.6003103137387,-2.90677538309812
1.6,1.87897384666311
1.59744408945687,-2.13927090030883
1.59489633173844,-1.17991693538185
1.59235668789809,-1.04029357097228
1.58982511923688,-3.55785266554885
1.58928286562298,-2.61860847889504
1.58730158730159,-2.62327729592767
1.58478605388273,-2.81271272063229
1.58227848101266,-3.30244523962453
1.57977883096367,-2.92033241932118
1.57833140565212,-2.15160127800054
1.57728706624606,-0.252735359092678
1.5748031496063,-2.39890852820705
1.57232704402516,-3.13507697754953
1.56985871271586,-1.01290983209976
1.5674554102056,-3.54864297671927
1.56739811912226,-3.35145195974941
1.56494522691706,-2.72526576931476
1.5625,-3.04385114162933
1.5600624024961,-3.66294681141035
1.55763239875389,-3.04305649969391
1.55665435927106,-2.65205828247415
1.5552099533437,-2.59391489572034
1.5527950310559,-3.18968944566707
1.55038759689922,-2.92812336037148
1.54798761609907,-1.80461690258916
1.54592773641948,-2.79611125827132
1.54559505409583,-2.91789120042464
1.54320987654321,-3.32599612836959
1.54083204930663,-3.07295377568426
1.53846153846154,-2.31991644436054
1.53609831029186,-2.22840788709395
1.53527502878042,-0.789799736237522
1.53374233128834,-2.63723804838026
1.53139356814701,-3.50671532055191
1.52905198776758,-2.81908451586623
1.52671755725191,-2.77208732597101
1.52469572701757,-2.44001430566801
1.52439024390244,-3.32884957914181
1.5220700152207,-2.03402630509016
1.51975683890577,-2.21856152745751
1.51745068285281,-2.05392863417132
1.51515151515152,-0.984333870001175
1.51418932530435,-2.59767855024686
1.51285930408472,-1.14940007137939
1.51057401812689,-2.80389903979325
1.50829562594268,-2.27112972740404
1.50602409638554,-2.75979268237016
1.50375939849624,-3.04915672666017
1.50375532129974,-3.07541608046146
1.5015015015015,-2.39246485636418
1.49925037481259,-1.59701717983649
1.49700598802395,-3.54050572349858
1.49476831091181,-3.38768593808943
1.49339321612425,-1.612978463824
1.49253731343284,-3.17543298535561
1.4903129657228,-3.5988609445833
1.48809523809524,-3.59622600075927
1.48588410104012,-2.08654678710887
1.48367952522255,-2.35718911288783
1.4831025143361,-2.75076699401164
1.48148148148148,-3.30735819916999
1.4792899408284,-3.20779696316616
1.47710487444609,-1.94815430038737
1.47492625368732,-2.93649069962064
1.4728827239075,-3.10410239883624
1.47275405007364,-3.14803056370637
1.47058823529412,-3.57159335895299
1.46842878120411,-0.986213854886794
1.46627565982405,-1.26421418037325
1.46412884333821,-0.893571747876829
1.46273335620113,-2.49820114385441
1.46198830409357,1.58940579632845
1.45985401459854,-3.0113929212183
1.45772594752187,-2.8382730523074
1.45560407569141,-1.80151028685635
1.45348837209302,0.698305349768295
1.45265392594678,-2.94934256645844
1.45137880986938,-2.64744905508364
1.44927536231884,0.274289092424586
1.44717800289436,-3.47158898512067
1.44508670520231,-3.64262762831724
1.44300144300144,-1.93756044610334
1.44264395121816,-0.935955791042328
1.44092219020173,-3.54705691779993
1.43884892086331,-2.52853072770294
1.4367816091954,-3.40732650175338
1.43472022955524,-3.43812785512567
1.43270295340983,-2.969174031071
1.43266475644699,-2.96478713157144
1.43061516452074,-2.36441659226612
1.42857142857143,-0.35727158631651
1.4265335235378,1.27780339432791
1.42450142450142,-1.65306391889846
1.42283045721435,-1.34548925278959
1.42247510668563,-3.55570012521555
1.42045454545455,-0.336064991799968
1.41843971631206,-1.64420345159443
1.41643059490085,-3.14204182139324
1.41442715700141,-0.96998039957172
1.41302599059953,-1.86160263508473
1.41242937853107,-1.83612864638023
1.41043723554302,-3.41306105454144
1.40845070422535,-2.87633682936915
1.40646976090014,-3.44432045880647
1.40449438202247,-3.14365173538219
1.40328908478587,-2.39661765997338
1.40252454417952,-3.33543542887638
1.40056022408964,-3.20326096543816
1.3986013986014,-3.51971918799289
1.39664804469274,-2.21984815834686
1.39470013947001,-2.97868206697914
1.39361927422414,-1.86315482076786
1.39275766016713,-3.25219558722206
1.39082058414465,-1.87554162110298
1.38888888888889,-3.54404957261969
1.3869625520111,-2.97525379831709
1.38504155124654,-3.43866408124496
1.38401609657313,-1.45283582636055
1.38312586445367,-1.82146371384793
1.38121546961326,-3.29318186292515
1.37931034482759,-3.10484767514451
1.37741046831956,-3.61920487626265
1.37551581843191,-0.830980331143063
1.37447909267754,-2.99737111596853
1.37362637362637,-3.10877594062957
1.37174211248285,-3.29331166485305
1.36986301369863,-1.62500304958156
1.36798905608755,-3.60901820829262
1.36612021857923,-3.59766741296338
1.36500780654601,-0.0843604159581828
1.36425648021828,-3.18889686621973
1.36239782016349,-3.45068260232237
1.36054421768707,-1.27613254966608
1.35869565217391,-3.54490284386078
1.35685210312076,-3.22745665018179
1.35560178532937,1.68041378781765
1.3550135501355,1.17144765304055
1.3531799729364,-3.37358561023624
1.35135135135135,-3.15375017029263
1.34952766531714,-3.19624521589041
1.34770889487871,-2.36041571983524
1.34626057929891,-3.1088991229253
1.34589502018843,-2.29109024582849
1.34408602150538,-2.31754328959068
1.34228187919463,-1.23589682432289
1.34048257372654,-3.62604000018059
1.33868808567604,-2.29126267099734
1.33698374182495,-2.98207620784403
1.33689839572193,-3.35631945136823
1.33511348464619,-2.95402310292017
1.33333333333333,-3.40972015934777
1.33155792276964,-2.46489404026225
1.32978723404255,-3.53812852541666
1.32802124833997,-2.68827087345057
1.32777082935543,-2.1989575231265
1.3262599469496,-2.21834364521369
1.32450331125828,-1.77114065593592
1.32275132275132,-3.36673633595056
1.32100396301189,-2.98104178634135
1.31926121372032,-3.33440110323785
1.31862140139475,-3.07978460804649
1.31752305665349,-3.54330693355872
1.31578947368421,-3.23458783018018
1.31406044678055,-0.637147602868178
1.31233595800525,0.133824412212268
1.31061598951507,-2.85624424002462
1.30953502048267,-1.01523793660412
1.30890052356021,0.675217690904295
1.30718954248366,-0.202123455885821
1.30548302872063,-2.72463553932196
1.30378096479791,-1.55823210700354
1.30208333333333,-1.99264919537769
1.30051125217341,-1.00357229730501
1.30039011703511,-3.20240599219023
1.2987012987013,-2.42974457447807
1.2970168612192,-2.19561087243799
1.29533678756477,-3.44428817240246
1.29366106080207,-2.87330261218816
1.29198966408269,-3.15765094407835
1.29154966501488,-2.63527033549301
1.29032258064516,-3.42693335080024
1.28865979381443,-2.02966934162346
1.28700128700129,-2.58873368174333
1.2853470437018,2.39979186469164
1.28369704749679,-2.83767565548488
1.28264983052806,-3.51911912819854
1.28205128205128,-2.18393855115793
1.28040973111396,-3.5497033111374
1.27877237851662,-2.22380700923925
1.27713920817369,-2.68075517680814
1.27551020408163,-3.14754804260131
1.27388535031847,-0.464985086028757
1.27381132318648,-1.57897223879543
1.27226463104326,-2.77335327483767
1.27064803049555,-1.38749871739567
1.26903553299492,-2.87115853167942
1.26742712294043,-3.63725153138598
1.26582278481013,-3.37073699311214
1.2650337203959,-3.55981172086423
1.26422250316056,-0.0991023400752438
1.26262626262626,-3.28928471683674
1.26103404791929,-2.13121582202306
1.25944584382872,-1.50646426583644
1.25786163522013,-3.34034331159041
1.25631660247412,-1.60106347285851
1.25628140703518,-0.971371580368365
1.25470514429109,0.409851075454658
1.2531328320802,-2.76705176659352
1.25156445556946,-2.48608083775518
1.25,-3.15341265282218
1.24843945068664,-3.39083860669735
1.24765955263087,-0.899216746782524
1.24688279301746,-3.51892990749435
1.2453300124533,-0.0951423611733544
1.24378109452736,-1.14238042189772
1.24223602484472,-3.60919369973645
1.24069478908189,-2.78285099283193
1.23915737298637,-3.55122424359474
1.23906215694792,-3.33669779510596
1.23762376237624,-2.02921580377686
1.23609394313968,-3.63799638069595
1.23456790123457,-3.56478084914026
1.23304562268804,-2.50830723679656
1.23152709359606,-2.44547943655707
1.23052400435926,-2.92496772426697
1.230012300123,-3.37190000351212
1.22850122850123,-2.73644459327046
1.22699386503067,-3.31925451601934
1.22549019607843,-2.64980201118656
1.22399020807834,-3.63007553409811
1.22249388753056,-3.5340034230217
1.22204468663149,-3.30475397082493
1.22100122100122,-2.85487354117923
1.21951219512195,-2.51730977928518
1.21802679658952,-3.43187512212917
1.21654501216545,-3.06100985109252
1.21506682867558,-2.61642683162507
1.21362379834424,-3.65311574745855
1.21359223300971,-3.57603527271304
1.21212121212121,-2.3251768102216
1.21065375302663,-1.04279939907719
1.20918984280532,-2.96140102948267
1.20772946859903,-3.01095463320702
1.20627261761158,-2.12495973804094
1.20526093687084,-2.51169091467393
1.20481927710843,-3.00210185141206
1.20336943441637,-0.619038414435447
1.20192307692308,-2.96491512712476
1.20048019207683,-2.31914058318842
1.19904076738609,-2.21146551792999
1.19760479041916,-3.5546263265905
1.19695570235904,-0.555494521396251
1.19617224880383,-3.59136013580892
1.194743130227,-2.12427408127975
1.19331742243437,-2.30250017442087
1.19189511323004,-0.987280016668062
1.19047619047619,-2.57885507360505
1.18906064209275,-2.28869373981682
1.1887076977119,-1.15918012868526
1.18764845605701,-1.53214806766989
1.18623962040332,-1.53673386262751
1.18483412322275,-3.63722636023139
1.18343195266272,-2.09238099545602
1.18203309692671,-1.93157368545824
1.18063754427391,-3.24553965375481
1.18051652856881,-3.3977431468346
1.17924528301887,0.300426410365749
1.17785630153121,-3.52431358998011
1.17647058823529,-2.74651629060015
1.17508813160987,-3.538409801409
1.17370892018779,-1.75330916228547
1.1723818032866,-2.15649547484373
1.17233294255569,-1.40547178597235
1.17096018735363,-2.51921045935783
1.16959064327485,-2.68636787066448
1.16822429906542,-0.045627158981925
1.16686114352392,0.909058530918561
1.16550116550117,-3.02029144888824
1.16430313292088,-3.03736173985446
1.16414435389988,-0.945740213630937
1.16279069767442,-1.9152262112653
1.16144018583043,-3.5113859489307
1.16009280742459,-3.45495234343961
1.15874855156431,-2.93882385661937
1.15740740740741,-1.78620231373342
1.15628013120738,-1.80742197887106
1.15606936416185,-0.976205625026561
1.15473441108545,-3.63977740439843
1.15340253748558,-1.13408495580843
1.15207373271889,-3.43527789132822
1.15074798619102,-2.87734460357238
1.14942528735632,-3.5140934453227
1.14831241454351,-2.79136873365278
1.14810562571757,-2.68246448371776
1.14678899082569,-2.06082682652738
1.1454753722795,-3.01102166476373
1.1441647597254,-2.60640160386155
1.14285714285714,-2.98741801175209
1.14155251141553,-3.10114980346678
1.14039960197003,-2.11120622935477
1.14025085518814,-2.20938395786701
1.13895216400911,-3.54142681216119
1.13765642775882,-2.76294238178682
1.13636363636364,-1.71561383526038
1.13507377979569,-3.45680087484468
1.13378684807256,-2.08386971645832
1.13254131515281,-1.36095440088259
1.13250283125708,-1.65859137666755
1.13122171945701,-2.21297211796364
1.12994350282486,-3.61888551228379
1.12866817155756,-3.54931138604804
1.12739571589628,-1.80647314120956
1.12612612612613,-3.26369131549192
1.12485939257593,-2.83176912095034
1.12473717836475,-3.60515705905855
1.12359550561798,-0.272295512128816
1.12233445566779,-3.04535237105143
1.12107623318386,-3.1439205549028
1.11982082866741,-3.4206607641059
1.11856823266219,-3.50433386239792
1.11731843575419,-1.85139697273059
1.11698681846782,-3.46836955733668
1.11607142857143,-3.16918819354991
1.11482720178372,-3.25809296985711
1.11358574610245,-3.50975801885518
1.11234705228031,-2.93020843758755
1.11111111111111,-2.60609155262547
1.10987791342952,-2.95729930380012
1.10928986489522,-1.03950392001017
1.10864745011086,-1.55580002294497
1.10741971207087,-3.11503729135564
1.10619469026549,-0.837050585555555
1.10497237569061,-3.09342449241897
1.1037527593819,-0.449759115491825
1.10253583241455,1.49908399597694
1.10164594963366,-2.68223882661537
1.10132158590308,-3.47441880138772
1.1001100110011,-2.79445153891838
1.0989010989011,-3.5523558276926
1.09769484083425,-2.92470330787553
1.09649122807018,-3.59393882173044
1.09529025191676,-0.262756454475077
1.09409190371991,-2.96825783302945
1.09405470720574,-3.03117548083916
1.09289617486339,-2.15127614773437
1.09170305676856,-0.539086960937435
1.09051254089422,-3.07529372839793
1.08932461873638,-2.58615123287221
1.08813928182807,-2.63740958403347
1.08695652173913,-0.868539367402813
1.08651577465254,-1.62846747630787
1.085776330076,-3.4154013507799
1.08459869848156,-3.33706603796891
1.08342361863489,-3.63026196604759
1.08225108225108,-2.3896277358791
1.08108108108108,-2.75271665604266
1.07991360691145,-2.76490513904836
1.07902879151618,-3.56143109130958
1.07874865156419,-3.17598663016603
1.07758620689655,-2.10595668140693
1.07642626480086,-2.47537194057831
1.0752688172043,-0.830104840827583
1.07411385606874,-3.65532328827565
1.07296137339056,-3.30206020064521
1.07181136120043,1.74912090066095
1.07159339982267,-3.32898911276193
1.07066381156317,-0.467877530165747
1.06951871657754,-2.94046871095706
1.06837606837607,0.247356124130722
1.06723585912487,-1.2464279824213
1.06609808102345,-3.33857448556311
1.06496272630458,-2.92002004543827
1.06420924406472,-2.57166930272596
1.06382978723404,-2.98257174422904
1.06269925611052,-1.8897744252559
1.06157112526539,-2.9696849470264
1.06044538706257,-1.50178618528183
1.0593220338983,-0.977892153801444
1.05820105820106,-3.03104695248778
1.05708245243129,-3.57483136166486
1.0568759711848,-3.53597531252451
1.05596620908131,-2.91863578727058
1.05485232067511,-2.92221864457333
1.05374077976818,-2.73507511699834
1.05263157894737,-3.05547713359577
1.0515247108307,-3.31214745104209
1.05042016806723,-3.07255643648026
1.04959323055823,-3.44453880548071
1.04931794333683,-0.578531341990764
1.0482180293501,-3.36110799575
1.04712041884817,-2.66418126274577
1.04602510460251,-0.688736676311417
1.04493207941484,-3.56567482041732
1.04384133611691,-3.65412206781114
1.04275286757039,-2.34628298189331
1.0423606739764,-2.87894352329182
1.04166666666667,1.1448641659511
1.04058272632674,-1.39084390766889
1.03950103950104,-3.19918990302478
1.03842159916926,-1.0171071952602
1.03734439834025,-2.49633438368049
1.03626943005181,-2.65560639372959
1.0351966873706,-3.3402797491495
1.03517795563018,-2.76953619894372
1.03412616339193,-2.99428384085597
1.03305785123967,-2.48819345402508
1.03199174406605,-3.32311551906867
1.03092783505155,-3.2827748973717
1.02986611740474,-3.26718577098994
1.02880658436214,-3.17904771848249
1.02804473209331,-3.40950207122675
1.02774922918808,-1.95024835116332
1.02669404517454,-2.74988461202177
1.02564102564103,-3.41319141414412
1.02459016393443,-3.22661204284885
1.02354145342886,-2.76181656570362
1.02249488752556,-3.14407434283829
1.02145045965271,-2.95248064953254
1.02096066230605,-3.00033350284901
1.02040816326531,-3.30351526202115
1.01936799184506,-3.53373975423842
1.0183299389002,-3.57740255231631
1.01729399796541,-3.54340694708649
1.01626016260163,-2.37460068703701
1.01522842639594,-2.16213118987921
1.01419878296146,-3.29023404796201
1.01392540755882,-3.5594826350897
1.01317122593718,-3.19691324388664
1.01214574898785,-3.03744535930162
1.01112234580384,-2.43196777554341
1.01010101010101,-2.36681518180778
1.00908173562059,-2.09626413160414
1.00806451612903,-2.23760860757813
1.00704934541793,0.452129285654014
1.00693863147603,-3.54795645633164
1.00603621730382,-0.252386620964226
1.00502512562814,-3.39722770707008
1.00401606425703,-2.75730126656874
1.00300902708124,1.19437403637766
1.00200400801603,-2.72071805444501
1.001001001001,-3.11405056353221
1,2.27012027974145
