"bfp_output.P","bfp_output.logBF"
1000,0.110489936082804
993.109181374979,0.211416105247612
986.265846131283,0.249570539864767
979.46966706954,0.232034845033032
972.720319245055,0.168461298240165
966.017479952265,0.0673365057493429
959.360828709315,-0.0669226825744245
952.75004724273,-0.2350127392673
946.184819472201,-0.441739385332037
939.66483149547,-0.693323911796777
933.189771573324,-0.993671981926791
926.759330114689,-1.34059071363121
920.373199661823,-1.72330981508507
914.031074875623,-2.12260154979186
907.732652521023,-2.51384250231974
901.477631452492,-2.87183327594225
895.26571259964,-3.17522469634558
889.096598952916,-3.40883359429302
882.969995549409,-3.5635611845566
876.885609458743,-3.63495157678234
870.843149769073,-3.62196210909151
864.842327573172,-3.52732766557962
858.882855954625,-3.36006189327734
852.964449974103,-3.13896894441016
847.086826655741,-2.89377995196694
841.249704973612,-2.66017173298179
835.452805838287,-2.46925740338598
829.695852083491,-2.3382405212903
823.978568452852,-2.26871927488743
818.300681586739,-2.25217646541609
812.661920009195,-2.27729881638306
807.06201411495,-2.33493851241372
801.500696156541,-2.41960688519695
795.977700231499,-2.52776817232707
790.492762269642,-2.65351053210888
785.045620020451,-2.78414513383852
779.636013040523,-2.90153638757554
774.263682681127,-2.99129151188803
768.928372075831,-3.05058505903777
763.629826128224,-3.08615165318336
758.367791499719,-3.10711681614203
753.142016597437,-3.12007330580083
747.952251562182,-3.12743319054781
742.798248256492,-3.12694551592501
737.679760252773,-3.11121519508715
732.596542821523,-3.06891342618358
727.548352919623,-2.99349216168666
722.534949178721,-2.90095298018117
717.556091893692,-2.83155118215084
712.611543011175,-2.816164565243
707.701066118189,-2.85533639501422
702.824426430835,-2.93490806649855
697.981390783066,-3.0420955010356
693.17172761554,-3.16723627856636
688.39520696455,-3.29851624501775
683.651600451024,-3.41573123510959
678.940681269611,-3.48804192765921
674.262224177835,-3.48232980913088
669.616005485322,-3.38214099594118
665.001803043112,-3.2007520613216
660.419396233031,-2.9726654589575
655.868565957143,-2.73400823672692
651.349094627281,-2.5118261944314
646.860766154633,-2.32537032554627
642.40336593942,-2.19059450878246
637.976680860628,-2.12094682759824
633.580499265825,-2.12385383652993
629.214610961035,-2.19734445556126
624.878807200689,-2.33104292044699
620.57288067765,-2.51018149902567
616.296625513294,-2.7177750313679
612.04983724767,-2.93322686816456
607.832312829723,-3.13074518937129
603.643850607587,-3.2815875304921
599.484250318941,-3.35927681371156
595.353313081437,-3.34281965191878
591.250841383188,-3.21607856510324
587.176639073326,-2.9688806225743
583.130511352622,-2.60886907827072
579.112264764176,-2.1843717647818
575.121707184161,-1.79184976276936
571.158647812643,-1.5318465586301
567.222897164454,-1.44451435659068
563.314267060136,-1.50363316473813
559.432570616938,-1.66341388812087
555.577622239888,-1.89351497947195
551.749237612913,-2.17958027625373
547.947233690029,-2.50413897106101
544.171428686589,-2.83044863823353
540.421642070592,-3.10459487993328
536.697694554048,-3.26855912971511
532.999408084409,-3.26892978134908
529.326605836056,-3.06748161088994
525.679112201842,-2.67027560334277
522.056752784698,-2.15845695336274
518.459354389291,-1.66466307557193
514.886745013749,-1.29371596219475
511.338753841433,-1.07610570211521
507.815211232767,-0.992780851169992
504.315948717136,-1.02045599733618
500.840798984821,-1.15325259878717
500,-1.20187100799886
497.389595879006,-1.39454032702234
493.962174387832,-1.73826324104727
490.558370636505,-2.1639075702197
487.178021879463,-2.63909478792238
483.820966492595,-3.10846278571246
480.487043965513,-3.47794526003967
477.176094893875,-3.63805555584217
473.887960971765,-3.54036581120844
470.622484984128,-3.24112680352773
467.379510799247,-2.84738610984659
464.158883361278,-2.44575864780684
460.960448682844,-2.08559106953326
457.784053837662,-1.79350376525862
454.62954695324,-1.58348213454074
451.49677720361,-1.46101574789752
448.385594802119,-1.43406572481775
445.295850994266,-1.52459650064305
442.22739805059,-1.75897425784283
439.180089259609,-2.12803461122298
436.153778920801,-2.55351713487318
433.14832233764,-2.92467704229814
430.16357581068,-3.17746173415695
427.199396630678,-3.31916970663168
424.255643071778,-3.39299858116781
421.332174384729,-3.43893263832937
418.428850790158,-3.47796987023134
415.545533471888,-3.51557447323408
412.682084570296,-3.54954301851417
409.838367175726,-3.57207857378436
407.014245321944,-3.56914554117192
404.209583979631,-3.52798081466413
401.424249049932,-3.44134282655259
398.658107358044,-3.29808424461559
395.911026646846,-3.09079777896251
393.182875570577,-2.85673200412325
390.473523688556,-2.69010441937963
387.782841458946,-2.6395719499432
385.110700232557,-2.63929539701239
382.4569722467,-2.56023443096417
379.821530619074,-2.23859551735292
377.2042493417,-1.60028169160294
374.605003274899,-1.02162381480546
372.023668141307,-0.987689419211487
369.46012051993,-1.41250998834267
366.914237840249,-1.95448992535413
364.385898376355,-2.02665110363032
361.874981241128,-0.931237425835302
359.381366380463,0.633460049954739
356.904934567523,1.34623977322831
354.445567397043,0.87514842488044
352.003147279668,-0.570550576254571
349.577557436327,-2.11506638309175
347.168681892656,-2.74662608154785
344.776405473446,-2.65030291222844
342.400613797142,-2.50296806279972
340.041193270371,-2.41165367084998
337.698031082509,-1.91659186421186
335.371015200293,-0.558688315918668
333.333333333333,1.31771936673947
333.060034362459,1.5992108219901
330.764978074424,3.89914986868793
328.485736603004,5.04375923349288
326.222200971167,3.7089328086138
323.97426295282,0.812503932680262
321.741815067637,-1.46695821254691
319.524750575921,-2.41454507696066
317.322963473498,-2.19273731994498
315.136348486648,-1.14646667030147
312.964801067075,0.0349014987331673
310.808217386907,0.666927341139815
308.666494333727,0.657120228938187
306.539529505653,0.237702117059787
304.42722120643,-0.184309556729811
302.329468440578,0.0386004200237453
300.246170908555,1.36185726270215
298.177229001967,3.21002586620991
296.122543798804,3.87157527340959
294.082017058706,2.87660768881238
292.055551218275,1.66286316726782
290.043049386399,0.932419602363997
288.04441533963,0.234293879578833
286.059553517574,-0.320402534482905
284.08836901833,0.278576775889253
282.130767593947,2.14415922588806
280.18665564592,3.38695912023382
278.255940220713,2.53262256547716
276.338529005317,0.255167377355282
274.434330322837,-1.92600851904775
272.543253128103,-2.67587332206117
270.665207003324,-0.909060497982447
268.800102153761,3.50915440080515
266.947849403432,8.79644823020685
265.001910968426,11.917492405329
263.281546564802,10.5524894890014
261.467321180109,5.31119392591852
259.665597293487,-0.718663960767951
257.87628875938,-3.54177731703619
256.099310025846,-2.61270520348698
254.334576130465,-0.0235344378072098
252.582002696278,2.75966830292042
250.841505927754,4.96537653085612
250,5.46117528492635
249.113002606779,5.15267958918684
247.396410088681,1.34228236567238
245.691646298279,-2.70085198407231
243.998629725955,-3.21705418682178
242.31727942376,-2.33823434160321
240.647515001542,-1.44417339608917
238.989256623105,-0.939504749714426
237.342425002387,-1.31284977785567
235.706941399673,-2.15944671677552
234.082727617829,-1.5670578000256
232.469705998565,-0.0428435656290658
230.867799418717,0.512234144940426
229.276931286565,-0.929071392300624
227.697025538168,-2.88954288632233
226.128006633728,-3.10805147024406
224.569799553977,-0.795678543021221
223.022329796594,3.26394432944379
221.485523372636,7.505756555493
219.959306803008,8.5283876317839
218.443607114943,3.77794001584544
216.938351838519,-1.64764599375043
215.443469003188,-3.35954409678545
213.958887134342,-1.81160282280619
212.484535249888,1.11899861258708
211.02034285686,2.81047894488525
209.566239948043,1.78731111188715
208.122156998634,-0.401063962840861
206.688024962908,-2.29177469345314
205.263775270925,-2.90937626549738
203.849339825246,-2.56212765113117
202.44465099768,-2.43724321241838
201.04964162605,-2.96353490451836
200,-3.33748327803452
199.664245010979,-3.4072633527035
198.288394912707,-3.43447581957299
196.922025547917,-3.31323289815058
195.565071586595,-3.39319652836989
194.217468148903,-3.48841207475946
192.879150802078,-3.42677484191703
191.550055557353,-3.39437904338392
190.230118866895,-3.32037723257694
188.919277620767,-3.43415579957228
187.617469143912,-3.61822627321531
186.324631193156,-3.31421380649273
185.04070195423,-3.03774712764165
183.765620038817,-2.55371425978269
182.499324481615,-2.16023755891281
181.241754737424,-2.44799655397208
179.992850678248,-2.3309599696236
178.752552590424,-2.24927212459859
177.520801171764,-2.90761822725006
176.297537528721,-2.88679965720892
175.082703173572,-2.02645265080535
173.876240021625,-0.236317667985797
172.678090388436,1.1424112284707
171.488196987054,-0.261724895628201
170.306502925284,-2.09222237516711
169.132951702965,-3.14388567720242
167.967487209265,-2.83708805391434
166.810053720006,-1.48326122071198
166.666666666667,-1.3028414488546
165.660595894991,0.099385934725821
164.519058775366,2.17886592129226
163.385387780986,3.91873071557088
162.259528707809,0.9279125955775
161.141427725302,-3.13778739424346
160.03103137387,-0.775748015051458
158.928286562298,4.72167845176849
157.833140565212,8.14216197480964
156.745541020559,3.47137723726108
155.665435927106,-3.00632322816481
154.592773641948,-1.88419692595876
153.527502878042,2.74077116434031
152.469572701757,4.10856947325748
151.418932530435,0.419946519443518
150.375532129974,-3.24849397452949
149.339321612425,-1.58730284410133
148.310251433611,-0.347062509068119
147.28827239075,-1.46778889306334
146.273335620113,-3.21446872133178
145.265392594678,-2.06172667198264
144.264395121816,-1.49151559687318
143.270295340983,-1.45894163133645
142.857142857143,-1.63236097768442
142.283045721435,-1.69436686849461
141.302599059953,-0.985427546212047
140.328908478587,-2.3130748507569
139.361927422414,-1.66188609299122
138.401609657313,2.7885994519816
137.447909267754,6.58703591053869
136.500780654601,2.1346861589404
135.560178532937,-3.29537301207535
134.626057929891,-0.91549572903629
133.698374182495,4.14100304650926
132.777082935543,1.88413296941765
131.862140139475,-2.20374097611592
130.953502048267,-3.54444656290807
130.051125217341,-3.44061125511429
129.154966501488,-2.87103821879266
128.264983052806,-2.59081925259205
127.381132318648,-3.16138568565232
126.50337203959,-2.83682277147532
125.631660247412,-1.52526429445283
125,-1.02180624142333
124.765955263087,-1.34582554287568
123.906215694792,-3.40698685223422
123.052400435926,-3.32261416802926
122.204468663149,-2.08504179278067
121.362379834424,-1.97986355161263
120.526093687084,-2.95262401415338
119.695570235904,-3.45069656646602
118.87076977119,-3.20446273995894
118.051652856881,-2.90955926390678
117.23818032866,-2.93491018768473
116.430313292088,-3.38733270824052
115.628013120738,-3.64913118020506
114.831241454351,-3.14200418863499
114.039960197003,-2.63484783239268
113.254131515281,-2.84180618138172
112.473717836475,-3.62688000527499
111.698681846782,-2.79636681593972
111.111111111111,-1.14317455540621
110.928986489522,-0.695216277556777
110.164594963366,-0.4416797572221
109.405470720574,-2.87037966455629
108.651577465254,-3.01759125506474
107.902879151618,-1.00200469550286
107.159339982267,-0.435785012796098
106.420924406472,-2.55629245915618
105.68759711848,-1.82178964233723
104.959323055823,-0.870638618262357
104.23606739764,-3.16483031649646
103.517795563018,-2.78446622432828
102.804473209331,0.827581849781997
102.096066230605,-0.114955739981961
101.392540755882,-2.51690812440558
100.693863147603,-1.48437101449424
100,-0.764826653003705
100,-0.764826653003676
99.310918137498,-1.08803721031232
98.6265846131283,-2.43372643606416
97.946966706954,-2.52092063678499
97.2720319245054,-2.32395608074925
96.6017479952265,-3.56700907969023
95.9360828709315,-2.78511672694956
95.2750047242729,-2.39799191258198
94.61848194722,-3.54233895580164
93.966483149547,-0.13135019260424
93.3189771573324,-0.237100547507121
92.6759330114688,-3.52820221584322
92.0373199661823,-1.60221871486562
91.4031074875623,-0.665152626041912
90.9090909090909,-1.95256971184839
90.7732652521023,-2.02331678737728
90.1477631452492,-3.00288016807714
89.526571259964,-2.81987617214902
88.9096598952916,0.868133189238951
88.2969995549409,-0.289580684492118
87.6885609458743,-3.51818587261614
87.0843149769073,-0.875220138749095
86.4842327573172,-1.46031564008269
85.8882855954625,-2.82923633762813
85.2964449974102,-1.81833818977686
84.7086826655741,-2.79318941732934
84.1249704973612,-2.07932884398563
83.5452805838287,-3.55092844273413
83.3333333333333,-2.77197994104044
82.9695852083491,-1.29667113973103
82.3978568452852,-3.37358314983986
81.8300681586739,2.25783626153229
81.2661920009194,-0.646795281803615
80.706201411495,-0.881404008171795
80.150069615654,9.31273334592884
79.5977700231498,-1.08989592421461
79.0492762269642,-1.60439486487787
78.5045620020451,-0.216325058126965
77.9636013040523,1.50449672632754
77.4263682681127,-3.65078600283006
76.9230769230769,1.37225086160085
76.8928372075831,1.72413353706249
76.3629826128224,-3.14133529111121
75.8367791499719,-1.79121861076411
75.3142016597437,-2.65759107152318
74.7952251562182,-2.737696519912
74.2798248256491,-2.71780431304593
73.7679760252773,-3.1605986434172
73.2596542821523,-2.35109874845154
72.7548352919623,-3.44207105631021
72.2534949178722,-3.62695651719205
71.7556091893693,-2.49861119141577
71.4285714285714,-1.16125496801278
71.2611543011175,-1.70394793123337
70.7701066118189,-2.95047318894664
70.2824426430835,-0.982750702944609
69.7981390783066,-1.93940066221968
69.3171727615541,-3.30924512823718
68.839520696455,-3.37435592650878
68.3651600451024,-0.765691173208533
67.8940681269611,-2.77128297547751
67.4262224177834,-1.86541565104754
66.9616005485322,-3.13710619956883
66.6666666666667,1.17051312808262
66.5001803043112,1.00027104213398
66.0419396233031,-1.92358432957748
65.5868565957143,-0.272991459803431
65.134909462728,-1.41544279244645
64.6860766154633,-2.35075795779384
64.2403365939419,-2.01175082186172
63.7976680860628,-3.10526876559173
63.3580499265825,0.0952197616849917
62.9214610961034,-2.4620300317615
62.5,-2.02590078688548
62.4878807200689,-2.07306862595048
62.057288067765,-2.92384202308041
61.6296625513294,-2.68973474188054
61.204983724767,-3.46070257450797
60.7832312829723,-1.9246731407898
60.3643850607587,-3.5285435036029
59.9484250318941,-2.93287020111991
59.5353313081437,-3.66183148480801
59.1250841383188,-3.61725149834022
58.8235294117647,-2.98106964923634
58.7176639073326,-1.71186773094548
58.3130511352622,-2.60315686331689
57.9112264764176,-2.62216156455657
57.5121707184161,-2.15029214447288
57.1158647812643,-3.65378811458627
56.7222897164454,-2.83687527951251
56.3314267060136,-2.4635345549468
55.9432570616938,-2.62400822275442
55.5577622239888,-2.21539503383046
55.5555555555556,-2.19042167121396
55.1749237612912,-1.74925717298545
54.7947233690029,-3.0386098985967
54.4171428686589,-2.92807056742536
54.0421642070592,-2.8970644716765
53.6697694554048,-3.21743713406347
53.2999408084409,-3.54398006973126
52.9326605836056,-2.17879598854749
52.6315789473684,-2.8440173739719
52.5679112201842,-3.05741832381009
52.2056752784698,-1.12154707756816
51.8459354389291,-3.27751626782465
51.488674501375,-3.57677428226576
51.1338753841433,-2.72428599402023
50.7815211232767,-2.4581418138854
50.4315948717136,-0.515963189088079
50.0840798984821,-3.308535827753
50,-2.97284441005045
49.7389595879007,-3.3694028367659
49.3962174387832,-2.49879825777587
49.0558370636505,-2.77956637278852
48.7178021879463,-2.78793630625757
48.3820966492596,-3.32493294937002
48.0487043965513,0.00524810023354849
47.7176094893875,-2.90591586525123
47.6190476190476,-1.76884285501644
47.3887960971765,-2.12523478087341
47.0622484984128,-3.38290867160746
46.7379510799246,1.59660293122558
46.4158883361278,-1.99248791404544
46.0960448682843,-1.98027130623653
45.7784053837662,-2.93836969950449
45.462954695324,-2.89935591147859
45.4545454545455,-2.89400784339359
45.149677720361,-2.73425724986897
44.8385594802119,-2.15599210463783
44.5295850994266,-2.67361551530602
44.222739805059,9.09325586463494
43.9180089259609,-0.625581009074135
43.6153778920801,-0.776954880339853
43.4782608695652,-2.15733310890534
43.314832233764,-2.01260433752155
43.016357581068,-3.62396678952195
42.7199396630678,-1.30694716341268
42.4255643071778,-1.93630376277541
42.1332174384729,-0.728233307853809
41.8428850790158,-1.07170900235424
41.6666666666667,-3.10165325439477
41.5545533471888,-1.26416461466625
41.2682084570295,-3.30332825513103
40.9838367175726,-1.46286639053055
40.7014245321944,-2.58857581639345
40.4209583979631,-3.3825848412613
40.1424249049932,0.103561887480073
40,-3.11214174285787
39.8658107358044,-1.79569993311433
39.5911026646846,-3.07583613355306
39.3182875570577,-2.38060504188037
39.0473523688556,-0.699418696818365
38.7782841458946,-2.95337091245944
38.5110700232557,-3.15354826770099
38.4615384615385,-3.51540524281939
38.24569722467,-1.12043967411004
37.9821530619073,-1.38199124006685
37.72042493417,-3.37530619462545
37.4605003274899,-2.04227924194499
37.2023668141307,-3.11938274259968
37.037037037037,-3.60811407374571
36.946012051993,-3.1582893816505
36.6914237840249,-1.8032280710634
36.4385898376355,-2.53106674471341
36.1874981241128,-2.6093596136336
35.9381366380463,-3.23204817417617
35.7142857142857,-2.5323392853411
35.6904934567523,-2.84855034234711
35.4445567397043,-0.532868652449689
35.2003147279668,-2.1612410333342
34.9577557436328,-3.27739650740382
34.7168681892656,-3.48818377605748
34.4827586206897,-3.46667375509981
34.4776405473446,-3.38640363279203
34.2400613797142,-3.18045823568051
34.0041193270371,-1.14460575982026
33.7698031082509,-3.52502729635567
33.5371015200293,-1.52768724866588
33.3333333333333,-2.10790138129716
33.3060034362459,0.0906658461042484
33.0764978074424,-3.1108768619609
32.8485736603004,-3.24047984631992
32.6222200971167,-2.76080329339977
32.397426295282,1.49732620038181
32.258064516129,-2.83728212856824
32.1741815067637,0.291466397843341
31.9524750575921,-3.08967498534009
31.7322963473498,-3.64521957937488
31.5136348486648,-3.23660907926166
31.2964801067075,-2.78724959758342
31.25,-3.45224063770437
31.0808217386906,-3.06720273358816
30.8666494333727,-3.44893900181598
30.6539529505653,-3.14939493819373
30.442722120643,-0.21182721590328
30.3030303030303,-3.63731067784182
30.2329468440578,-2.64715478349144
30.0246170908555,-3.338457445217
29.8177229001967,-3.20971065347923
29.6122543798804,-3.21617861807
29.4117647058824,-2.79485624184722
29.4082017058706,-2.72849522313829
29.2055551218275,-3.15676134768212
29.0043049386399,-2.91905191743852
28.804441533963,-2.1911596128419
28.6059553517574,-2.96572756219576
28.5714285714286,-3.61440255051731
28.408836901833,-3.5597634135775
28.2130767593947,-3.1097864938081
28.018665564592,-3.53130433713535
27.8255940220712,-2.90532708999707
27.7777777777778,-3.65668054849599
27.6338529005317,-1.30686956583916
27.4434330322836,-0.940497265263398
27.2543253128103,-1.87768694853475
27.0665207003324,0.677121525704668
27.027027027027,-1.34213510696527
26.8800102153761,1.46109003343365
26.6947849403432,0.51493425553763
26.5108360190854,-3.07905744954779
26.3281546564802,-2.16481874023914
26.3157894736842,-0.936826347830173
26.1467321180109,-2.25024452033837
25.9665597293487,-3.29643339148422
25.787628875938,-1.49320642461917
25.6410256410256,-2.37757418935358
25.6099310025846,-2.73253860033681
25.4334576130465,-2.4066047069554
25.2582002696278,1.45564698900653
25.0841505927754,0.0738978161091852
25,6.30744409592244
24.9113002606779,3.77263757535768
24.7396410088681,3.03316467591042
24.5691646298279,-2.84982861986664
24.3998629725955,-1.8631954142542
24.390243902439,-2.35410053920053
24.231727942376,-2.84361545505011
24.0647515001542,-2.41309016181837
23.8989256623105,-3.34162632795632
23.8095238095238,-3.43874188210362
23.7342425002387,-1.85739439450601
23.5706941399673,-1.57132216407548
23.4082727617829,-0.892012980437623
23.2558139534884,-3.02071154925862
23.2469705998565,-3.48832018488734
23.0867799418717,-3.02061830841564
22.9276931286565,-2.51318239266153
22.7697025538168,-2.23469405983151
22.7272727272727,-3.30029824047325
22.6128006633728,-2.08122138543528
22.4569799553977,-1.44591477915948
22.3022329796594,-2.76112452837871
22.2222222222222,-3.39541147754759
22.1485523372636,-0.0494406728563588
21.9959306803007,-2.13390596930655
21.8443607114943,-3.11608781303103
21.7391304347826,-3.37961440271119
21.6938351838518,0.271960757189437
21.5443469003188,-2.77255957807803
21.3958887134342,-3.02219247248184
21.2765957446809,-0.329792147695211
21.2484535249888,-1.07941476068988
21.102034285686,-3.32465654149412
20.9566239948043,-2.52457199558971
20.8333333333333,-2.65441948502244
20.8122156998634,-3.39319490651065
20.6688024962908,-3.1028080747546
20.5263775270925,-1.31661228168285
20.4081632653061,-2.47557168224638
20.3849339825246,0.789355670668631
20.244465099768,-1.85956817804695
20.104964162605,0.180211654927764
20,-2.19476646081589
19.9664245010979,-3.25454289045875
19.8288394912707,-2.82563717956036
19.6922025547917,-3.59401848356658
19.6078431372549,-3.40358440720858
19.5565071586595,-2.46470625631427
19.4217468148903,-3.06373564483011
19.2879150802078,-2.78910536542413
19.2307692307692,-2.34140111108244
19.1550055557353,-2.68128762768465
19.0230118866894,-3.59878958087018
18.8919277620767,-2.46699038331236
18.8679245283019,-1.0187213284059
18.7617469143912,-3.59195421410983
18.6324631193156,-0.858623407300267
18.5185185185185,-3.53567937062582
18.504070195423,-3.01840088882879
18.3765620038817,-0.796771812723402
18.2499324481615,-3.31273665999218
18.1818181818182,-3.58274078117112
18.1241754737424,-2.74112241567097
17.9992850678248,-3.16609733085884
17.8752552590424,-3.16161130074014
17.8571428571429,-2.9116815486263
17.7520801171764,-3.35727621677416
17.6297537528721,-3.24509272568694
17.5438596491228,-0.245084747911316
17.5082703173572,-1.59947813267969
17.3876240021625,-2.19294048768996
17.2678090388436,-2.98106373515553
17.2413793103448,-2.23614258210462
17.1488196987054,-3.25258796936823
17.0306502925284,-0.379795577041715
16.9491525423729,2.1220493759234
16.9132951702965,-2.44214388528696
16.7967487209265,-3.57157207555404
16.6810053720006,1.05699665786283
16.6666666666667,-1.28343869738471
16.5660595894991,-3.26742099250095
16.4519058775366,-2.79322058492634
16.3934426229508,-3.16783388612559
16.3385387780986,-3.19249064368763
16.2259528707809,-3.56662470551178
16.1290322580645,-0.814021092220666
16.1141427725302,-0.447754424936458
16.003103137387,-3.61715983369119
15.8928286562298,-3.36562924677947
15.8730158730159,-0.090064476648716
15.7833140565212,-2.01708745843701
15.674554102056,-2.46818294815356
15.625,-0.675716265754043
15.5665435927106,-1.20787751056668
15.4592773641948,-2.49501714448381
15.3846153846154,-0.624686234935335
15.3527502878042,-3.3686699022182
15.2469572701757,-2.53942290246074
15.1515151515152,0.107107755131428
15.1418932530435,-1.23580075097469
15.0375532129974,-2.47080908974872
14.9339321612425,-0.640670752430888
14.9253731343284,-0.0474777300986302
14.831025143361,-3.04387877004627
14.728827239075,-2.06774918326912
14.7058823529412,-2.58725022943598
14.6273335620113,-3.66202134498694
14.5265392594678,-1.40766041570601
14.4927536231884,-3.43973651459994
14.4264395121816,-3.54787110663748
14.3270295340983,-1.29826855734775
14.2857142857143,-0.540290460319407
14.2283045721435,-0.102298544684582
14.1302599059953,-1.91923360704093
14.0845070422535,-0.898946991398939
14.0328908478587,0.985713022067746
13.9361927422414,-1.58578669894468
13.8888888888889,-2.94301187526561
13.8401609657313,-0.886433873580823
13.7447909267754,-3.24788000153121
13.6986301369863,-3.35899748603391
13.6500780654601,-2.04972291666506
13.5560178532937,-0.809306870817987
13.5135135135135,-1.04867715824134
13.4626057929891,-1.41395365712129
13.3698374182495,-2.05528221377797
13.3333333333333,3.40141409617421
13.2777082935543,-1.48075479501802
13.1862140139475,-2.14075453767198
13.1578947368421,-1.41451130490067
13.0953502048267,0.765264150148984
13.0051125217341,-3.28543836020732
12.987012987013,-1.98920138077382
12.9154966501488,-3.33360440750136
12.8264983052806,1.07310055174078
12.8205128205128,2.09648959946621
12.7381132318648,-2.66263469017282
12.6582278481013,-2.28253638832886
12.650337203959,-1.11363749790599
12.5631660247412,-3.32142328978419
12.5,-1.75348070159059
12.4765955263087,-2.96358658186669
12.3906215694792,-3.52589839810282
12.3456790123457,-2.95433938043127
12.3052400435926,-3.34580812864338
12.2204468663149,-0.749813359610168
12.1951219512195,-1.79655190087557
12.1362379834424,-1.29852856719641
12.0526093687084,-0.611737065526266
12.0481927710843,-0.828049165869127
11.9695570235904,5.87673882518921
11.9047619047619,-3.54398847038838
11.887076977119,-1.84722278360921
11.8051652856881,-2.16228893263219
11.7647058823529,-3.18884491070129
11.723818032866,-2.12564319905858
11.6430313292088,0.732834144536089
11.6279069767442,-3.07253304471744
11.5628013120738,-2.31814292879444
11.4942528735632,-0.939516345912589
11.4831241454351,-0.115880970436403
11.4039960197003,-3.63461623290579
11.3636363636364,-3.63424484714066
11.3254131515281,-3.16641284087326
11.2473717836475,-3.15069566703333
11.2359550561798,-3.49358498586998
11.1698681846782,-3.26801263664593
11.1111111111111,-1.66953887852405
11.0928986489522,-3.33451740656205
11.0164594963366,-2.47550433556706
10.989010989011,-0.758219522432067
10.9405470720574,-2.50418242810188
10.8695652173913,-0.888929857067278
10.8651577465254,-1.15559844047582
10.7902879151618,-2.84012699032975
10.752688172043,-2.84997847805966
10.7159339982267,-2.70622991328043
10.6420924406472,-2.95230437768027
10.6382978723404,-2.44343438408863
10.568759711848,-3.07042551407009
10.5263157894737,-3.36325931273292
10.4959323055823,-2.69048262569081
10.423606739764,-1.73747980637317
10.4166666666667,-2.49374956348422
10.3517795563018,-1.42141248039506
10.3092783505155,-3.19941206433533
10.2804473209331,-2.8377460894108
10.2096066230605,-2.81773865835695
10.2040816326531,-2.95470431635904
10.1392540755882,-0.135820405211869
10.1010101010101,-3.64569084559953
10.0693863147603,-3.44168979165915
10,-2.17824741625359
10,-2.17824741625345
9.9310918137498,-2.9463308950806
9.9009900990099,0.242642503494712
9.86265846131282,0.171494682081989
9.80392156862745,-3.34513406203653
9.79469667069539,0.812678951851088
9.72720319245054,-3.02417268911325
9.70873786407767,-3.47102985285762
9.66017479952265,-2.13341377230686
9.61538461538461,-3.09112730900481
9.59360828709314,-2.79443799128513
9.52750047242729,-1.85963806609261
9.52380952380952,-2.46255074158789
9.461848194722,-2.12305246683793
9.43396226415094,-3.45322105438442
9.39664831495469,-3.43859151675842
9.34579439252336,-2.6194333700826
9.33189771573324,-2.7944681259802
9.26759330114688,-1.31961161590847
9.25925925925926,-1.05350051592522
9.20373199661822,-2.44862525289455
9.1743119266055,-3.51566833685161
9.14031074875623,-3.49310144599972
9.09090909090909,-0.80263608354134
9.07732652521023,-3.25617939956059
9.01477631452492,-3.07403357752947
9.00900900900901,-3.63218171932739
8.9526571259964,-1.99626252833839
8.92857142857143,-3.38959853819046
8.89096598952916,-2.67919357376762
8.84955752212389,0.692460175818515
8.82969995549409,-1.42055254296916
8.7719298245614,-2.7037663440167
8.76885609458743,-3.44105135133752
8.70843149769072,-3.45050682487699
8.69565217391304,-3.53834418001436
8.64842327573172,0.873477687033007
8.62068965517241,-1.50270646135977
8.58882855954625,-1.07958507930952
8.54700854700855,0.43195241997994
8.52964449974102,-0.844563854262144
8.47457627118644,-2.47077301999259
8.47086826655741,-3.624664208878
8.41249704973612,-3.43926025200671
8.40336134453781,-1.81258272230248
8.35452805838287,1.55669290048757
8.33333333333333,1.1745585968224
8.29695852083491,-3.17918438923091
8.26446280991736,-2.04822438552044
8.23978568452852,-3.22862792221666
8.19672131147541,-3.50787479469276
8.18300681586739,-3.30339304707986
8.13008130081301,-2.98952986922087
8.12661920009195,-2.95181047790198
8.0706201411495,-2.32472080361502
8.06451612903226,-1.75531309864244
8.01500696156541,-3.65603919524896
8,-3.65330606530223
7.95977700231498,-3.2602299373962
7.93650793650794,-2.5935680441366
7.90492762269642,-3.04265334807483
7.8740157480315,0.501543484357161
7.85045620020451,-3.49229404393507
7.8125,-3.54007178112196
7.79636013040523,-3.13564620224106
7.75193798449612,-3.04503104942308
7.74263682681127,-3.08193952702505
7.69230769230769,-3.57644943374838
7.68928372075831,-3.14025694451596
7.63629826128224,-2.65602577643333
7.63358778625954,-2.69840391704865
7.58367791499719,-3.29350972257525
7.57575757575758,-3.23093694455668
7.53142016597437,-2.89161582530017
7.5187969924812,-2.60280084739669
7.47952251562182,-2.34222352354693
7.46268656716418,-3.53912131314551
7.42798248256492,-3.32949327080488
7.40740740740741,-2.73241956514813
7.37679760252773,-3.21708539668868
7.35294117647059,1.62739857397815
7.32596542821523,-3.48588112047555
7.2992700729927,-3.41821328988429
7.27548352919623,-3.23847792867904
7.2463768115942,-2.69411202743704
7.22534949178722,-1.7397470550553
7.19424460431655,0.286190872170541
7.17556091893693,-2.26925966591055
7.14285714285714,-2.96501258375546
7.12611543011175,-2.66406144939396
7.09219858156028,-2.4343522128514
7.07701066118189,-2.55185773849324
7.04225352112676,-0.94690708657141
7.02824426430835,-2.62732098705844
6.99300699300699,-0.160458916955046
6.97981390783066,-2.89004373868
6.94444444444444,-1.52980273237822
6.93171727615541,-3.52752662544828
6.89655172413793,-3.02226976194914
6.8839520696455,-3.05693744308057
6.84931506849315,-2.1516160679305
6.83651600451024,-1.34319379048206
6.80272108843537,-3.00163518611277
6.78940681269611,-1.82644323752269
6.75675675675676,-0.640060936600217
6.74262224177834,-3.24767024029309
6.71140939597315,-2.45316973495057
6.69616005485322,-2.79794778153505
6.66666666666667,-3.02621436859767
6.65001803043112,-2.25751156751069
6.62251655629139,-2.82589643687522
6.6041939623303,-3.60350594888363
6.57894736842105,-3.07548712273641
6.55868565957143,-0.242601982048352
6.5359477124183,-2.26249939352969
6.5134909462728,-2.88798807721342
6.49350649350649,-1.11684078176652
6.46860766154633,-1.38536304643217
6.45161290322581,-1.36962402940959
6.42403365939419,-3.54432107365836
6.41025641025641,-2.76018470035954
6.37976680860628,-2.84804833946854
6.36942675159236,-2.69169516872672
6.33580499265825,0.0551784479648818
6.32911392405063,-1.85097287094255
6.29214610961034,-3.43937800777889
6.28930817610063,-2.74084371705039
6.25,-3.28561592689736
6.24878807200689,-3.19836942764705
6.2111801242236,-1.58790431845658
6.2057288067765,-2.28736177995845
6.17283950617284,-2.47744471085387
6.16296625513294,-3.42349094067485
6.13496932515337,-3.28844459873782
6.1204983724767,-1.82059550912715
6.09756097560976,-3.6118923124353
6.07832312829723,-2.07285066388338
6.06060606060606,-3.52747665971757
6.03643850607587,-3.22854715974257
6.02409638554217,-2.16373924909534
5.99484250318941,-2.64437523900234
5.98802395209581,-3.07014334375664
5.95353313081437,-3.10048111755493
5.95238095238095,-3.34019404937551
5.91715976331361,-2.82832401683769
5.91250841383188,-3.28250562451096
5.88235294117647,-3.24574344060896
5.87176639073326,-3.32976556105326
5.84795321637427,-2.48329960481122
5.83130511352622,-1.87799709421078
5.81395348837209,-3.43874208792648
5.79112264764176,-3.47934354736314
5.78034682080925,-3.59626742372908
5.75121707184161,-3.52092360296002
5.74712643678161,-0.865466807505878
5.71428571428571,-3.23498408950389
5.71158647812643,-2.65393637726724
5.68181818181818,-2.55299838958116
5.67222897164454,-3.15497327190512
5.64971751412429,0.369449008746519
5.63314267060136,-2.74520748688912
5.61797752808989,-2.54309544784642
5.59432570616938,-3.21493875717793
5.58659217877095,-2.19846872731456
5.55577622239888,-0.0591847488891615
5.55555555555556,-0.551441070153014
5.52486187845304,-2.66538448536893
5.51749237612913,-3.36912222097443
5.49450549450549,-3.02018296461291
5.47947233690029,-2.2126500224074
5.46448087431694,-3.5953014502955
5.44171428686589,-2.30785604448861
5.43478260869565,-3.34699696844991
5.40540540540541,-3.2975426224775
5.40421642070592,-3.06523805664521
5.37634408602151,-3.66193452895451
5.36697694554048,-2.19701357094523
5.3475935828877,-2.73144113095649
5.32999408084409,-3.00276940041679
5.31914893617021,-3.55484543116703
5.29326605836056,-3.54268262226689
5.29100529100529,-3.04065360726882
5.26315789473684,-3.57352169363817
5.25679112201842,-3.02088319182972
5.23560209424084,-1.93373434958759
5.22056752784698,-2.29109598851711
5.20833333333333,-2.24363020692705
5.18459354389291,-3.55467579914646
5.18134715025907,-3.60274604239778
5.15463917525773,-2.10877902846782
5.14886745013749,-1.74822971081336
5.12820512820513,-2.02479658949279
5.11338753841433,-3.34717785599396
5.10204081632653,-3.27416902315017
5.07815211232767,-3.27245193747619
5.0761421319797,-0.886223981179948
5.05050505050505,-3.34394926812051
5.04315948717136,-3.58242017191379
5.0251256281407,-3.29509848713333
5.00840798984821,-3.45830703994211
5,-3.33877571047192
4.97512437810945,-3.5748932671578
4.97389595879006,-2.70418488260166
4.95049504950495,-3.44898413276889
4.93962174387832,-3.25395786694225
4.92610837438424,-2.74651215937605
4.90558370636505,-2.87611267454961
4.90196078431372,-3.11306772003798
4.8780487804878,-0.857256632707968
4.87178021879463,-3.56827646195223
4.85436893203883,-0.0183995056419617
4.83820966492596,-1.37217263082381
4.83091787439613,-3.50846381899789
4.80769230769231,-3.58669249462734
4.80487043965513,-2.911105361231
4.78468899521531,-2.41189116224372
4.77176094893875,-3.36767621614593
4.76190476190476,-3.28603660901178
4.739336492891,-3.30264824793023
4.73887960971765,-3.18203908873216
4.71698113207547,-3.65241549238909
4.70622484984128,-3.58139081118783
4.69483568075117,-3.64822820965979
4.67379510799246,-3.50563290239235
4.67289719626168,-2.06431247337427
4.65116279069767,-2.61548813831227
4.64158883361278,-3.24310706337691
4.62962962962963,-2.70643181552075
4.60960448682843,-2.5856179325972
4.60829493087558,-1.29323776941147
4.58715596330275,-1.43786295846105
4.57784053837662,-2.26972136810503
4.5662100456621,-3.2788196886624
4.5462954695324,-3.26915569330459
4.54545454545455,-2.99039622942531
4.52488687782805,-2.20483397720345
4.5149677720361,-0.346348227691901
4.5045045045045,-0.363744479191648
4.48430493273543,-0.972228417724675
4.48385594802119,-1.02099036441553
4.46428571428571,-1.93763502584481
4.45295850994265,-1.90030518519846
4.44444444444444,-2.73256938213684
4.42477876106195,-3.24498207721565
4.4222739805059,-3.56964149024911
4.40528634361233,-3.21725813885244
4.39180089259609,-3.35529781125403
4.3859649122807,-2.61362392190328
4.36681222707424,-3.63928876935411
4.361537789208,-3.30350216987859
4.34782608695652,-2.87533380831526
4.3314832233764,-1.28166317526246
4.32900432900433,-3.5514382245599
4.31034482758621,-2.69981815091647
4.30163575810679,-1.13063970016564
4.29184549356223,-3.17100879019322
4.27350427350427,-2.95162664354622
4.27199396630678,-3.44842639069723
4.25531914893617,-1.16481311515001
4.24255643071778,-3.52910989643875
4.23728813559322,-3.51415277233253
4.21940928270042,-2.89515500347532
4.21332174384729,-3.62467205905484
4.20168067226891,-1.25052905322256
4.18428850790158,-2.60902176094661
4.18410041841004,-2.23618504131899
4.16666666666667,-1.40202611720452
4.15545533471888,-3.11727897149491
4.149377593361,-1.91571538897322
4.13223140495868,-3.13101376006743
4.12682084570295,-2.82876807302234
4.11522633744856,-3.48124871764578
4.09838367175726,-3.58265347437601
4.0983606557377,-3.57171072870689
4.08163265306122,-3.43282679769519
4.07014245321944,-3.61858813417443
4.0650406504065,-3.59656269482788
4.04858299595142,-3.23306530538714
4.04209583979631,-3.23272506897889
4.03225806451613,-3.62752744660797
4.01606425702811,-2.95034433480852
4.01424249049932,-3.42012714320198
4,-2.401810787064
3.98658107358044,-2.68826390580018
3.98406374501992,-3.39644479152393
3.96825396825397,-2.97395052810382
3.95911026646846,-1.80230849052775
3.95256916996047,-2.32175855574267
3.93700787401575,-3.36711254494939
3.93182875570577,-3.18367209536408
3.92156862745098,-2.98989364750262
3.90625,-1.23448935724938
3.90473523688556,-2.81058542430501
3.89105058365759,-3.43363378918452
3.87782841458946,-2.40161032760285
3.87596899224806,0.294866272393809
3.86100386100386,-3.20907868469127
3.85110700232557,-3.64363708822803
3.84615384615385,-3.60006059548571
3.83141762452107,-2.03503189937369
3.824569722467,-2.90709224264993
3.81679389312977,-2.12883359287421
3.80228136882129,-3.4139840115
3.79821530619074,-2.0433372450485
3.78787878787879,-3.44107011185521
3.77358490566038,-3.63422124856673
3.772042493417,-2.18095684598661
3.7593984962406,-3.26318306559299
3.74605003274899,-2.41603059379001
3.74531835205992,-1.4543810728759
3.73134328358209,-2.96208446505814
3.72023668141307,-2.44853253559891
3.71747211895911,-3.32921996591615
3.7037037037037,-1.69186656010701
3.6946012051993,-3.35401678596231
3.690036900369,-3.6620277947059
3.67647058823529,-3.58871156153811
3.66914237840249,-3.19714108693834
3.66300366300366,-3.5609760993582
3.64963503649635,-3.59604157742767
3.64385898376355,1.34966821015393
3.63636363636364,-2.23639177793528
3.6231884057971,-3.15112219592042
3.61874981241128,-3.56407627192642
3.6101083032491,-2.16723575266725
3.59712230215827,-2.66234063178451
3.59381366380463,-3.39669936126499
3.584229390681,-1.83903662542273
3.57142857142857,-1.83251659534586
3.56904934567523,-2.19269811540517
3.55871886120996,-3.25246208658451
3.54609929078014,-3.04256572706332
3.54445567397043,-2.91195395158497
3.53356890459364,-3.53265004061886
3.52112676056338,-0.652610846745385
3.52003147279668,-3.13493293691759
3.50877192982456,-3.02070826188095
3.4965034965035,-3.45518208194512
3.49577557436328,-3.62341986636492
3.48432055749129,-1.81792174878755
3.47222222222222,-3.48095517501228
3.47168681892656,-2.64650667512565
3.46020761245675,-3.14196667288526
3.44827586206897,-3.47705655285803
3.44776405473446,-2.45444688117415
3.43642611683849,-3.09751871938128
3.42465753424658,-3.21803892301126
3.42400613797142,-3.104051498299
3.41296928327645,-1.66620197887262
3.40136054421769,-1.38323716144098
3.40041193270371,-2.78320110988825
3.38983050847458,-2.40380893889609
3.37837837837838,2.03043203387539
3.37698031082509,-3.19498909854412
3.36700336700337,-2.31491061689025
3.35570469798658,-3.36619991709467
3.35371015200293,-3.55579895553729
3.34448160535117,-0.393953889084723
3.33333333333333,-1.46993182888003
3.33060034362459,-1.61127527867851
3.32225913621262,-2.13551445164405
3.3112582781457,-1.74435635684683
3.30764978074424,-2.99746984999056
3.3003300330033,-1.77941286341955
3.28947368421053,-3.43223986254808
3.28485736603004,-2.69678536041074
3.27868852459016,-3.09724851666784
3.26797385620915,-3.45514565968396
3.26222200971167,-3.51977402037933
3.25732899022801,-2.29200673608259
3.24675324675325,-2.34416195200286
3.2397426295282,-1.70306371260967
3.23624595469256,-3.08836567570365
3.2258064516129,-3.29156786786528
3.21741815067637,-1.88652757662536
3.21543408360129,0.893542832704687
3.20512820512821,-0.933377040717867
3.19524750575921,-3.33079623708842
3.19488817891374,-2.9066966376791
3.18471337579618,-1.89680509592726
3.17460317460317,-3.05173458926042
3.17322963473498,-3.23845666878865
3.16455696202532,-2.73889636604947
3.15457413249211,-3.13219191967458
3.15136348486648,-3.25198665594591
3.14465408805031,-2.16289161351561
3.13479623824451,1.22260564179037
3.12964801067075,-0.690697484211692
3.125,-3.65641330905513
3.11526479750779,-3.18421850308833
3.10808217386906,-1.81960316352486
3.1055900621118,-3.37945510996992
3.09597523219814,-2.37902386208178
3.08666494333727,-2.66241360411054
3.08641975308642,-2.4739390877318
3.07692307692308,-3.48924304011312
3.06748466257669,-3.55055265951624
3.06539529505653,-2.98975967170481
3.05810397553517,-3.59822930650891
3.04878048780488,-1.70814561667135
3.0442722120643,-3.60250527058259
3.03951367781155,-3.42727021474179
3.03030303030303,-2.5975582505299
3.02329468440578,-1.60911046548291
3.02114803625378,-1.64921083030604
3.01204819277108,-3.64469200208547
3.003003003003,-3.63996522031583
3.00246170908555,-3.19836040420263
2.9940119760479,-3.31596649420537
2.98507462686567,-3.40517819027495
2.98177229001967,-2.67454991952944
2.97619047619048,-2.53770707562493
2.9673590504451,-2.96694367251267
2.96122543798803,-3.34531786042769
2.9585798816568,-3.57969813310445
2.94985250737463,-3.51381106911445
2.94117647058824,-2.02829240783161
2.94082017058706,-3.28752108306009
2.93255131964809,-3.0484858629013
2.92397660818713,-3.5565465019856
2.92055551218275,-3.07110693882468
2.91545189504373,-2.18742947744372
2.90697674418605,-3.37173468592523
2.90043049386399,-3.38363777157066
2.89855072463768,-2.85401207657282
2.89017341040462,-2.78012704283737
2.88184438040346,-3.41190320678954
2.8804441533963,-3.44147978735038
2.8735632183908,-3.41088023385201
2.86532951289398,-3.42738808585069
2.86059553517574,-1.94972561267086
2.85714285714286,-3.36285823772463
2.84900284900285,-3.44755376728927
2.84090909090909,-2.77051173274397
2.8408836901833,-2.86726431029397
2.8328611898017,-3.63403159100234
2.82485875706215,-2.59313477136662
2.82130767593947,-2.58208887296179
2.8169014084507,-0.981655985338771
2.80898876404494,-2.10274978954213
2.8018665564592,-2.0753137858618
2.80112044817927,-1.48460504537378
2.79329608938547,-2.29745896567523
2.78551532033426,-2.7102235737298
2.78255940220712,-3.18246856016161
2.77777777777778,-2.33561083996532
2.77008310249307,-3.20942729409783
2.76338529005317,-2.44951949843893
2.76243093922652,-1.77662147474661
2.75482093663912,-1.82660873972848
2.74725274725275,-3.4291384468231
2.74434330322836,-3.62761136301215
2.73972602739726,-3.57409296255467
2.73224043715847,-3.07169035460587
2.72543253128103,-3.50853838168198
2.72479564032698,-2.85615447984658
2.71739130434783,-1.73360674576311
2.710027100271,-3.50959959233712
2.70665207003324,-3.54068072090352
2.7027027027027,-3.42531448205149
2.69541778975741,-3.25836068096829
2.68817204301075,-1.1824961981684
2.68800102153761,-1.34155942713367
2.68096514745308,-0.572502961034227
2.67379679144385,-1.53662787514859
2.66947849403432,-3.54211916544098
2.66666666666667,1.32674391907942
2.65957446808511,-2.05644657306358
2.6525198938992,-3.04895966997075
2.65108360190854,-3.25189975193966
2.64550264550265,-1.57028688109458
2.63852242744063,-1.0022859023099
2.63281546564802,-3.22800626646717
2.63157894736842,-1.37909808641261
2.6246719160105,-2.16040278357222
2.61780104712042,-2.99697602253429
2.61467321180109,-2.00771822156242
2.61096605744125,-3.6612857101099
2.60416666666667,-3.39966466418788
2.5974025974026,-2.67503224128826
2.59665597293487,-3.215223118455
2.59067357512953,-3.38351239126312
2.58397932816537,-2.09393609315303
2.5787628875938,-3.1871399731087
2.57731958762887,-3.08982375185722
2.5706940874036,-2.72139334904837
2.56410256410256,-1.07416054799075
2.56099310025846,-2.98893695583599
2.55754475703325,-1.07517336521228
2.55102040816327,-1.4877151486137
2.54452926208651,-2.02762209437263
2.54334576130465,-3.28716541381332
2.53807106598985,-3.65810295628024
2.53164556962025,-2.2421992929316
2.52582002696278,-3.45774085787418
2.52525252525253,-3.12988307115917
2.51889168765743,-3.59068433595693
2.51256281407035,-2.89440420488871
2.50841505927754,-2.28888349547229
2.5062656641604,-3.37797630537305
2.5,-3.18931093279239
2.49376558603491,-3.30882509319648
2.49113002606779,-3.26927833772153
2.48756218905473,-2.78002026351556
2.48138957816377,-3.65428504369064
2.47524752475248,-1.8628428145363
2.47396410088681,-2.93707826032711
2.46913580246914,-3.46491111801897
2.46305418719212,-3.48938243688157
2.45700245700246,0.289550821646391
2.45691646298279,0.852468661347747
2.45098039215686,-3.38422248281817
2.44498777506112,-3.20202627167107
2.43998629725955,-2.64139504385447
2.4390243902439,-2.97501087365959
2.4330900243309,-2.66525387606354
2.42718446601942,-3.64793263313127
2.4231727942376,-3.14188124255009
2.42130750605327,-3.61252305153782
2.41545893719807,-2.86150993730733
2.40963855421687,-3.32718630347956
2.40647515001542,-2.71009243875245
2.40384615384615,-2.35014557075426
2.39808153477218,-2.84962454260825
2.39234449760766,-2.56852736160082
2.38989256623105,-2.68448294500358
2.38663484486874,-1.48844967573235
2.38095238095238,-3.44388175670859
2.37529691211401,-3.60137874141453
2.37342425002387,-3.4938814628267
2.3696682464455,-3.48511954391951
2.36406619385343,-2.11043952694826
2.35849056603774,-2.86306052841531
2.35706941399673,-3.15084311650521
2.35294117647059,-3.23177844233616
2.34741784037559,-3.3973530525116
2.34192037470726,-2.70986829953328
2.34082727617829,-3.66278608054078
2.33644859813084,-2.31769043761598
2.33100233100233,-2.44966509159611
2.32558139534884,-3.40414564398342
2.32469705998565,-3.59246206703421
2.32018561484919,-1.31277642287902
2.31481481481481,-3.30728627298457
2.3094688221709,-3.04006484040438
2.30867799418717,-2.95922571161627
2.30414746543779,-3.09467192089196
2.29885057471264,-2.58761714189329
2.29357798165138,0.141505325708796
2.29276931286565,-1.88477560175273
2.2883295194508,-3.38246357905576
2.28310502283105,-3.64751212331289
2.27790432801822,-1.13352998760619
2.27697025538168,-2.45183585438586
2.27272727272727,-2.89426346324428
2.26757369614512,-3.36993494704411
2.26244343891403,-2.41482771346362
2.26128006633728,-3.01804154857542
2.25733634311512,-3.64038536698943
2.25225225225225,-2.89516486180052
2.24719101123596,-3.15594880381861
2.24569799553977,-3.20118954632134
2.24215246636771,-3.64681825855397
2.23713646532438,-3.26178178517226
2.23214285714286,-1.98863185800387
2.23022329796594,-3.1893680811802
2.2271714922049,-3.52440835227854
2.22222222222222,-2.65525306475079
2.21729490022173,-0.174227211531881
2.21485523372636,-3.48795256476869
2.21238938053097,-3.46134339746304
2.2075055187638,-2.95055821996966
2.20264317180617,-1.92668087451598
2.19959306803007,-1.89250766578798
2.1978021978022,-3.56110502448713
2.19298245614035,-3.14205839247976
2.18818380743982,-3.5899263219657
2.18443607114943,-1.52910906543196
2.18340611353712,-2.72096995672275
2.17864923747277,-3.41768284973453
2.17391304347826,-3.15951974958686
2.16938351838518,-3.48374096143611
2.16919739696312,-3.59661414553876
2.16450216450216,-3.44566950924327
2.15982721382289,-1.43119081667551
2.1551724137931,-3.28336763582429
2.15443469003188,-3.01718851378827
2.1505376344086,-3.18329415387422
2.14592274678112,-3.31221216336761
2.14132762312634,-3.16809839660062
2.13958887134342,-3.41930901103036
2.13675213675214,-0.852798170449016
2.13219616204691,-3.39969017413652
2.12765957446809,-2.07869081980605
2.12484535249888,-3.44406690216864
2.12314225053079,-2.14020876563874
2.11864406779661,-3.2766643911794
2.11416490486258,-3.45624896170461
2.1102034285686,-2.51817421577864
2.10970464135021,-3.47333782055658
2.10526315789474,-3.09395074340754
2.10084033613445,-3.39888866676945
2.09643605870021,-3.37092573707146
2.09566239948043,-3.44829539198688
2.09205020920502,-3.40471773842143
2.08768267223382,-2.29368777635842
2.08333333333333,-1.60946272848202
2.08122156998634,-2.99408011981249
2.07900207900208,-3.31426081545818
2.0746887966805,-3.08694086002434
2.0703933747412,-3.40156182930759
2.06688024962908,-3.63755031278064
2.06611570247934,-3.28602454402489
2.06185567010309,-2.97071914095984
2.05761316872428,-2.7466902147437
2.05338809034908,-3.3387458803963
2.05263775270925,-2.16871789947499
2.04918032786885,-3.55310687564663
2.04498977505112,-2.7386159328745
2.04081632653061,-3.64245280151753
2.03849339825246,-3.52737948799243
2.03665987780041,-3.64355801239464
2.03252032520325,-2.72070906640173
2.02839756592292,-3.29870562850989
2.0244465099768,-3.31945058085192
2.02429149797571,-3.01732833669446
2.02020202020202,-2.95514314410466
2.01612903225806,-3.50676366571219
2.01207243460765,-1.78342495243568
2.0104964162605,-2.55437732293258
2.00803212851406,-2.86340672740796
2.00400801603206,-3.62424849362774
2,-3.61156646803873
1.99664245010979,-3.62696911934908
1.99600798403194,-3.30095323487053
1.99203187250996,-3.60855855926816
1.98807157057654,-3.31493438486195
1.98412698412698,-3.6017852271846
1.98288394912707,-3.44824207876327
1.98019801980198,-3.21166122708267
1.97628458498024,-2.61016637607598
1.9723865877712,-2.93784934522084
1.96922025547917,-2.93174455678654
1.96850393700787,-3.2064274785598
1.96463654223969,-3.50262551663338
1.96078431372549,-3.35570542108182
1.95694716242661,-3.32388769297371
1.95565071586595,-2.55671747940299
1.953125,-3.39435712348874
1.94931773879142,-2.46450565677402
1.94552529182879,-3.48465995707552
1.94217468148903,-3.16146754259826
1.94174757281553,-2.81001858224287
1.93798449612403,-3.48635424540741
1.93423597678917,-3.44422883768045
1.93050193050193,-3.31470039687776
1.92879150802078,-2.9443851479978
1.92678227360308,-3.27068140404939
1.92307692307692,-2.43640554924384
1.91938579654511,-2.17952723316538
1.91570881226054,-3.31489652245663
1.91550055557353,-3.55255144447265
1.91204588910134,-3.08681044930254
1.90839694656489,-2.17935269510623
1.9047619047619,-3.53825195460912
1.90230118866894,-3.62368133322407
1.90114068441065,-3.58128567400488
1.89753320683112,-3.27756848393694
1.89393939393939,-3.4067751760573
1.89035916824197,-2.84655239949519
1.88919277620767,-3.3067633400782
1.88679245283019,-2.39243418021219
1.88323917137476,-3.44771402248754
1.8796992481203,0.281890628500709
1.87617469143912,-2.93316273182794
1.87617260787992,-2.94020528896153
1.87265917602996,-3.46722893733446
1.86915887850467,-3.27014216535091
1.86567164179104,-3.52720118542605
1.86324631193156,-3.49503011205128
1.86219739292365,-3.26601274902275
1.85873605947955,-3.50119810845753
1.85528756957328,-3.39870572741612
1.85185185185185,-3.49874524457713
1.8504070195423,-3.31524611837248
1.84842883548983,-2.31297868150896
1.8450184501845,-2.31295558352171
1.84162062615101,-3.47385186986967
1.83823529411765,-2.60602405862353
1.83765620038817,-3.64551059124592
1.8348623853211,-3.46120369005881
1.83150183150183,-3.5747987595855
1.82815356489945,-1.99332626988795
1.82499324481615,-2.9690675718274
1.82481751824817,-3.38484607288334
1.82149362477231,-1.80455418271243
1.81818181818182,-2.36220507805212
1.81488203266788,-3.61684920155808
1.81241754737424,-1.6094317749412
1.81159420289855,-2.47077464514397
1.80831826401447,-3.5894265877949
1.80505415162455,-3.55623440394846
1.8018018018018,-2.59771136035787
1.79992850678248,-1.88860576899428
1.79856115107914,-3.16063706640021
1.79533213644524,-3.64492169504909
1.7921146953405,-3.58711176902348
1.78890876565295,-3.23084173267464
1.78752552590424,-3.00672936837342
1.78571428571429,-3.54262825217823
1.7825311942959,-2.30389803331205
1.77935943060498,-3.24937888232891
1.77619893428064,-3.33934855994583
1.77520801171763,-2.80086371154588
1.77304964539007,-0.268853324512388
1.76991150442478,-3.46615353387825
1.76678445229682,-2.57178833099429
1.7636684303351,-1.77192419153432
1.76297537528721,-3.50850206944055
1.76056338028169,-2.86874360841578
1.75746924428822,-3.58164385439702
1.75438596491228,-3.572265614865
1.75131348511384,-2.63093209068465
1.75082703173572,-2.21862898082041
1.74825174825175,-2.81796848062997
1.74520069808028,-2.93656652327003
1.74216027874564,-2.69323779663845
1.73913043478261,-3.6254436037194
1.73876240021625,-3.65144279887461
1.73611111111111,-2.47235122158032
1.73310225303293,-1.83460770488484
1.73010380622837,-3.43227520928518
1.72711571675302,-3.04948253297898
1.72678090388436,-2.7852490284031
1.72413793103448,-2.54346439546294
1.72117039586919,-3.3693303773047
1.71821305841924,-2.31124974825901
1.71526586620926,-1.43894199170539
1.71488196987054,-3.29882029299049
1.71232876712329,-2.74554481492249
1.70940170940171,-1.16345300220835
1.70648464163823,-3.63609113614087
1.70357751277683,-3.64324554441519
1.70306502925284,-3.49463155035313
1.70068027210884,-3.17921034243782
1.69779286926995,-2.82755284033071
1.69491525423729,-3.10799558839757
1.69204737732657,-3.60415000955482
1.69132951702965,-3.48218054472347
1.68918918918919,-3.16379026259495
1.68634064080944,-2.56282617411442
1.68350168350168,-3.15162999159856
1.68067226890756,-1.49344691418336
1.67967487209265,-3.49518422575072
1.67785234899329,-2.37851361679564
1.6750418760469,-3.14443134105356
1.67224080267559,-3.40592565964762
1.669449081803,-2.73993433021995
1.66810053720006,-3.31041148234199
1.66666666666667,-3.42807342338819
1.66389351081531,-3.52603074451612
1.66112956810631,-2.07105405024792
1.65837479270315,-3.63291985635477
1.65660595894991,-3.46583033261141
1.65562913907285,-1.70901610351286
1.65289256198347,-2.60929987185308
1.65016501650165,-3.58482896407731
1.64744645799012,-2.87466797305678
1.64519058775366,-3.14774937753317
1.64473684210526,-1.32320573744958
1.64203612479475,-3.17151862631759
1.63934426229508,-3.09196935043986
1.6366612111293,-0.0277988762974912
1.63398692810458,-2.72572907733062
1.63385387780986,-3.51355967135084
1.63132137030995,-2.84559055823929
1.62866449511401,-2.63426676227491
1.6260162601626,-3.17438972820205
1.62337662337662,-3.43353555643879
1.62259528707809,-3.39793429317076
1.62074554294976,-3.56031139616796
1.61812297734628,-3.65426702442441
1.61550888529887,-3.45263424028262
1.61290322580645,-1.92086695089632
1.61141427725302,-3.4161386456298
1.61030595813205,-2.1051792541469
1.60771704180064,-3.16688020384545
1.60513643659711,-1.25996655801388
1.6025641025641,-1.65516974240738
1.6003103137387,-2.45251821757655
1.6,-0.615465290189898
1.59744408945687,-1.75188770345936
1.59489633173844,0.827235476062801
1.59235668789809,-0.392000427488408
1.58982511923688,-3.04834773183883
1.58928286562298,-1.44143089031267
1.58730158730159,-2.77570063093956
1.58478605388273,-2.80678432063076
1.58227848101266,-1.16207922090593
1.57977883096367,-3.41717022890564
1.57833140565212,-3.61665559124988
1.57728706624606,-1.33171767624979
1.5748031496063,-3.20174653078764
1.57232704402516,-3.25874522135747
1.56985871271586,-2.23522843538957
1.5674554102056,-2.22555040034775
1.56739811912226,-1.56423382016778
1.56494522691706,-1.94003867780055
1.5625,-2.05170436726599
1.5600624024961,-3.44313432972553
1.55763239875389,-3.43083699583753
1.55665435927106,-3.35392517139716
1.5552099533437,-1.24812251346129
1.5527950310559,-1.83772746834647
1.55038759689922,-1.32574134818962
1.54798761609907,-0.123862987076289
1.54592773641948,-2.98653928847893
1.54559505409583,-3.30798461929218
1.54320987654321,-2.72930592678797
1.54083204930663,-3.08400427969787
1.53846153846154,-3.48481033397381
1.53609831029186,-1.80486213125745
1.53527502878042,-0.818610275313271
1.53374233128834,-3.30110412395278
1.53139356814701,-3.62201673688149
1.52905198776758,-3.52888791303867
1.52671755725191,-2.26151287261218
1.52469572701757,-3.62882543224368
1.52439024390244,-2.83826189675356
1.5220700152207,-3.54564029295436
1.51975683890577,-2.65831741484571
1.51745068285281,-2.25700491714228
1.51515151515152,-1.83811255612876
1.51418932530435,-3.52879837610906
1.51285930408472,-3.36587576491409
1.51057401812689,-2.93165083781109
1.50829562594268,-1.59271779331506
1.50602409638554,-3.49185448006456
1.50375939849624,-3.31899058996519
1.50375532129974,-3.35556881504784
1.5015015015015,-3.36246801663823
1.49925037481259,-2.94693232860301
1.49700598802395,-3.26809058004867
1.49476831091181,-2.56896265073355
1.49339321612425,-1.49288947451829
1.49253731343284,-3.55981885905119
1.4903129657228,-2.95551206968777
1.48809523809524,-1.19310096400686
1.48588410104012,-3.50402912947372
1.48367952522255,-3.44511133474974
1.4831025143361,-3.33262091092375
1.48148148148148,-3.16021667748954
1.4792899408284,-3.18230169920899
1.47710487444609,-3.28414418550018
1.47492625368732,-3.23768538314486
1.4728827239075,-3.11788559598359
1.47275405007364,-3.61799064550724
1.47058823529412,-3.62652519104428
1.46842878120411,0.711749832724839
1.46627565982405,-2.44764753879788
1.46412884333821,-1.70782509614015
1.46273335620113,-2.0221529956304
1.46198830409357,-1.15482859993112
1.45985401459854,-2.97114793359413
1.45772594752187,-3.55170679199311
1.45560407569141,-2.24038865108788
1.45348837209302,-0.0943055900174086
1.45265392594678,-3.3439697807171
1.45137880986938,-0.282618105732563
1.44927536231884,-3.08791286907613
1.44717800289436,-1.83089508543041
1.44508670520231,-1.33621391011824
1.44300144300144,-2.67372363229627
1.44264395121816,-3.17179457964847
1.44092219020173,-3.31011702630407
1.43884892086331,-0.722650530907468
1.4367816091954,-3.37320404466841
1.43472022955524,-2.38345659272927
1.43270295340983,-3.29824091681045
1.43266475644699,-3.24149447998827
1.43061516452074,-1.40956771707546
1.42857142857143,2.89557657243568
1.4265335235378,-0.0826503733040154
1.42450142450142,-1.70144359724183
1.42283045721435,-0.922188000713116
1.42247510668563,-2.26262964735077
1.42045454545455,-0.495301512043407
1.41843971631206,-3.05658165968996
1.41643059490085,-0.0268250595247066
1.41442715700141,0.206836357083309
1.41302599059953,-0.544604994422239
1.41242937853107,-2.48533169702567
1.41043723554302,-2.79534857439215
1.40845070422535,-3.54159237649231
1.40646976090014,-3.13674259656112
1.40449438202247,-2.58426267182393
1.40328908478587,-1.25232162869188
1.40252454417952,-3.58912817723968
1.40056022408964,-3.45044138936567
1.3986013986014,-3.31580169730848
1.39664804469274,-1.70842864352225
1.39470013947001,-2.22095724916577
1.39361927422414,0.0948511583507541
1.39275766016713,-3.12252778606814
1.39082058414465,-1.53500773730262
1.38888888888889,-2.38239392587867
1.3869625520111,-2.8846537436493
1.38504155124654,-2.23673521373
1.38401609657313,-1.34102823983313
1.38312586445367,-1.71560747276537
1.38121546961326,-2.65003553100542
1.37931034482759,-2.69846910402559
1.37741046831956,-3.60412002116156
1.37551581843191,-3.43599581818314
1.37447909267754,-2.10991379112006
1.37362637362637,-3.61647211722309
1.37174211248285,-3.19997851339094
1.36986301369863,-2.46023294097948
1.36798905608755,-3.62396994112431
1.36612021857923,-3.18234643863779
1.36500780654601,-2.46229836576425
1.36425648021828,-2.20699318764975
1.36239782016349,-2.89029910749597
1.36054421768707,-3.04842116929451
1.35869565217391,-3.4807705127494
1.35685210312076,-3.47474307863724
1.35560178532937,-2.54953524234493
1.3550135501355,-2.21966250060045
1.3531799729364,-3.21390918634155
1.35135135135135,-3.34204321480972
1.34952766531714,-3.35959425826705
1.34770889487871,-1.50251261910703
1.34626057929891,-2.23788899539677
1.34589502018843,-3.14971183039891
1.34408602150538,-1.58354242458669
1.34228187919463,-3.29565628402032
1.34048257372654,-3.46314811450137
1.33868808567604,-3.32655276095842
1.33698374182495,-2.85524261723118
1.33689839572193,-3.40449251851363
1.33511348464619,-3.33295906089775
1.33333333333333,-2.29448495598568
1.33155792276964,-2.30588001845818
1.32978723404255,-3.34466513470955
1.32802124833997,-3.22965133672356
1.32777082935543,-3.36439139991692
1.3262599469496,-3.54283929942506
1.32450331125828,-1.86387987207022
1.32275132275132,-2.51527029908045
1.32100396301189,-3.29050971331348
1.31926121372032,-2.73756391708475
1.31862140139475,-3.58246270558886
1.31752305665349,-2.89502359869946
1.31578947368421,-2.43748759717441
1.31406044678055,-0.796924104587116
1.31233595800525,0.561370911265461
1.31061598951507,-1.38535190152801
1.30953502048267,-2.99215775418538
1.30890052356021,-2.74923235858595
1.30718954248366,-1.0593277264566
1.30548302872063,-1.4535377264544
1.30378096479791,-3.50528941495717
1.30208333333333,-1.88607771352231
1.30051125217341,-2.34792969914615
1.30039011703511,-2.92611577425675
1.2987012987013,-3.44594650532862
1.2970168612192,-3.55951961503875
1.29533678756477,-2.83659735030688
1.29366106080207,-2.45759914241635
1.29198966408269,-3.43854481902128
1.29154966501488,-2.28989197941653
1.29032258064516,-3.17051748644168
1.28865979381443,-3.20915630408335
1.28700128700129,-2.46881413619026
1.2853470437018,2.00479083793185
1.28369704749679,-2.47998858786751
1.28264983052806,-3.46537673998032
1.28205128205128,-2.44607226827422
1.28040973111396,0.646124361842756
1.27877237851662,-2.18948004086122
1.27713920817369,-1.84512841363913
1.27551020408163,-2.14002445643926
1.27388535031847,-0.99771113302135
1.27381132318648,-1.55663293212082
1.27226463104326,-2.89736657513337
1.27064803049555,-3.58142902943357
1.26903553299492,-3.47625653735558
1.26742712294043,-3.19959806891169
1.26582278481013,-2.13286797669844
1.2650337203959,-3.48899970382227
1.26422250316056,-1.48629410400106
1.26262626262626,-3.44036465074027
1.26103404791929,-3.36231456770293
1.25944584382872,-1.59215963258311
1.25786163522013,-1.71154077373218
1.25631660247412,-2.82581052954937
1.25628140703518,-2.42808596658277
1.25470514429109,-1.02297665322991
1.2531328320802,-3.17877843804656
1.25156445556946,-2.93034944557207
1.25,-3.33844231067281
1.24843945068664,-2.84961706330499
1.24765955263087,-2.94300369953653
1.24688279301746,-3.54154467237079
1.2453300124533,-2.5695258518845
1.24378109452736,-2.71124848463465
1.24223602484472,-3.3177269016475
1.24069478908189,-2.85744850743928
1.23915737298637,-3.25409517716802
1.23906215694792,-3.27395114850607
1.23762376237624,-2.28708749710877
1.23609394313968,-2.98087723530686
1.23456790123457,-3.35265198036394
1.23304562268804,-1.64477561653946
1.23152709359606,-3.37736240281215
1.23052400435926,-2.6398308219217
1.230012300123,-1.88394301195607
1.22850122850123,-3.61837545169829
1.22699386503067,-3.37647921722732
1.22549019607843,-2.43871369310026
1.22399020807834,-3.2967029209807
1.22249388753056,-2.86768003553781
1.22204468663149,-3.51024390822162
1.22100122100122,-2.04445507099465
1.21951219512195,-2.31428628605196
1.21802679658952,-2.56569800191162
1.21654501216545,-1.29547631367587
1.21506682867558,0.0149467500189546
1.21362379834424,-2.72773786218029
1.21359223300971,-3.40271906757455
1.21212121212121,-2.66082592613157
1.21065375302663,-0.588580199840133
1.20918984280532,-3.06016659055889
1.20772946859903,-3.19719199566874
1.20627261761158,-2.86414751076687
1.20526093687084,-3.64229443608788
1.20481927710843,-3.5531414816176
1.20336943441637,-3.15866048068339
1.20192307692308,-3.08053724849786
1.20048019207683,-3.24477528745556
1.19904076738609,-1.01753811750531
1.19760479041916,-3.63090219590851
1.19695570235904,-2.96947824313248
1.19617224880383,-3.54390300672999
1.194743130227,-2.44214112068139
1.19331742243437,-2.94112310692786
1.19189511323004,-0.757310452956925
1.19047619047619,-3.01145560136267
1.18906064209275,-2.68260795895578
1.1887076977119,-3.30945226415646
1.18764845605701,-0.708299999214755
1.18623962040332,-2.64854071658463
1.18483412322275,-2.77370927800784
1.18343195266272,-1.3129342442286
1.18203309692671,-0.753270269593552
1.18063754427391,-1.6447120387704
1.18051652856881,-3.36256667453763
1.17924528301887,-1.59437477642332
1.17785630153121,-2.94634032336803
1.17647058823529,-3.02820728192158
1.17508813160987,-2.68220141004682
1.17370892018779,-1.63683599211727
1.1723818032866,-2.43734753880919
1.17233294255569,-1.23286291300807
1.17096018735363,-2.70475829038646
1.16959064327485,-3.28665516544548
1.16822429906542,-2.04415330152882
1.16686114352392,1.40771377540149
1.16550116550117,-2.33113219879287
1.16430313292088,-3.25224222033999
1.16414435389988,-2.5786767168657
1.16279069767442,-0.852878191743183
1.16144018583043,-2.28062241067745
1.16009280742459,-3.33787648641309
1.15874855156431,-3.1058067516365
1.15740740740741,-0.818798208831519
1.15628013120738,-3.52653230478908
1.15606936416185,-2.33580100927532
1.15473441108545,-3.24594364072645
1.15340253748558,-2.35819154406071
1.15207373271889,-3.35151490502771
1.15074798619102,-2.13823471964933
1.14942528735632,-3.41354621626116
1.14831241454351,-3.18630727816442
1.14810562571757,-3.42655831559837
1.14678899082569,-2.05013374188514
1.1454753722795,-3.16804149097284
1.1441647597254,-2.83753579257724
1.14285714285714,-3.54142095388142
1.14155251141553,-1.74769336617721
1.14039960197003,-1.42627964729088
1.14025085518814,-3.06464879823154
1.13895216400911,-3.29341729134903
1.13765642775882,-1.97697127675628
1.13636363636364,-1.42708855973104
1.13507377979569,-3.1594433846247
1.13378684807256,-0.89519998176841
1.13254131515281,3.88855899982035
1.13250283125708,2.49886540720469
1.13122171945701,-3.08772225367978
1.12994350282486,-3.47648973042272
1.12866817155756,-2.73508347370743
1.12739571589628,-1.17261940678135
1.12612612612613,-2.77702067830274
1.12485939257593,-3.23436429500272
1.12473717836475,-2.86802665375678
1.12359550561798,-2.33891097852922
1.12233445566779,-3.49212030268854
1.12107623318386,-1.88001699913313
1.11982082866741,-3.59829260559992
1.11856823266219,-3.45542894135879
1.11731843575419,-0.875774586586725
1.11698681846782,-3.41786478308377
1.11607142857143,-3.4659352506941
1.11482720178372,-3.50614874891782
1.11358574610245,-2.78852844269259
1.11234705228031,-0.783986678243603
1.11111111111111,-1.8068138506626
1.10987791342952,-2.75297985053173
1.10928986489522,-2.88896561323811
1.10864745011086,-1.89256787964971
1.10741971207087,-3.66299473416471
1.10619469026549,-2.58421143937106
1.10497237569061,-3.14157620730317
1.1037527593819,-3.59817960107356
1.10253583241455,-2.88968205258983
1.10164594963366,-3.23003355135598
1.10132158590308,-2.81274011772545
1.1001100110011,-0.282971896201313
1.0989010989011,-3.18310685737718
1.09769484083425,-3.07090744435622
1.09649122807018,-3.5956155605525
1.09529025191676,-2.17698371536609
1.09409190371991,-3.31314151378906
1.09405470720574,-3.28657429226588
1.09289617486339,-3.02156750231218
1.09170305676856,-3.34364949196047
1.09051254089422,-2.72527273530569
1.08932461873638,-1.16957973888914
1.08813928182807,-3.14955633453395
1.08695652173913,-1.26563168309418
1.08651577465254,-1.05334639897454
1.085776330076,-0.867473181439219
1.08459869848156,-3.44750610251189
1.08342361863489,-2.65061397313566
1.08225108225108,-2.04909192178324
1.08108108108108,-0.880832699004126
1.07991360691145,-1.07825826639513
1.07902879151618,-1.25595309017022
1.07874865156419,-2.88279213362217
1.07758620689655,-2.09312880783893
1.07642626480086,-2.41331075201854
1.0752688172043,-2.66070714001485
1.07411385606874,-2.95423630822752
1.07296137339056,-2.53278386978338
1.07181136120043,-1.40960339585775
1.07159339982267,-2.1465773618069
1.07066381156317,-2.8162847486608
1.06951871657754,-0.513041331866741
1.06837606837607,-0.747104739437115
1.06723585912487,-1.39906589918008
1.06609808102345,-0.363127703986076
1.06496272630458,-3.40932484269244
1.06420924406472,-2.56115999538967
1.06382978723404,-2.37223194037649
1.06269925611052,-0.507831074444577
1.06157112526539,-3.2968509266853
1.06044538706257,-0.99445852942507
1.0593220338983,-1.29836403180534
1.05820105820106,-2.54949021034029
1.05708245243129,-3.05349212922281
1.0568759711848,-3.53743561196289
1.05596620908131,-3.37543690374418
1.05485232067511,-3.00565063959753
1.05374077976818,-3.21447542357414
1.05263157894737,-2.48663275803586
1.0515247108307,-3.14289145437608
1.05042016806723,-2.68598567900015
1.04959323055823,-3.25209688032448
1.04931794333683,-1.38109594342394
1.0482180293501,-2.38613678075078
1.04712041884817,-2.80217942014492
1.04602510460251,-2.996514665241
1.04493207941484,-3.08970743706375
1.04384133611691,-3.40716392146497
1.04275286757039,-2.86608058836129
1.0423606739764,-1.72587094052524
1.04166666666667,2.21756541710103
1.04058272632674,-0.844085924625669
1.03950103950104,-0.408889007708392
1.03842159916926,1.22154603002541
1.03734439834025,-2.77902608378637
1.03626943005181,-3.61895505463182
1.0351966873706,-2.29067744516943
1.03517795563018,-1.85802521895247
1.03412616339193,-3.53624786808175
1.03305785123967,-2.61459232354339
1.03199174406605,-3.29357219459792
1.03092783505155,-3.26859601877988
1.02986611740474,-3.52913497257687
1.02880658436214,-2.7753349914641
1.02804473209331,-0.329699092045227
1.02774922918808,-3.42599009080943
1.02669404517454,-3.62060729383871
1.02564102564103,-3.30335196286994
1.02459016393443,-3.21266728393838
1.02354145342886,-3.03949678378877
1.02249488752556,-3.60499562535595
1.02145045965271,-1.91438929954104
1.02096066230605,-3.36517932946303
1.02040816326531,-3.04006464575367
1.01936799184506,-3.2811828324255
1.0183299389002,-2.13699602843344
1.01729399796541,-3.45410048269077
1.01626016260163,-2.96218827429207
1.01522842639594,-2.85724232651712
1.01419878296146,-3.28386598443732
1.01392540755882,-3.29146739833377
1.01317122593718,-0.583622372935461
1.01214574898785,-3.16804234074167
1.01112234580384,-1.90322221477951
1.01010101010101,-1.46119305950519
1.00908173562059,-2.22735118944866
1.00806451612903,-0.0326668316202854
1.00704934541793,-1.89867115304231
1.00693863147603,-3.4970233713273
1.00603621730382,-3.12341884852487
1.00502512562814,-2.99066666156146
1.00401606425703,1.91999127266296
1.00300902708124,-0.889235351252391
1.00200400801603,-0.0739850244881763
1.001001001001,3.79438160459747
1,-1.75912879161897
