"bfp_output.P","bfp_output.logBF"
1000,0.178819354338846
993.109181374979,0.303642286152344
986.265846131283,0.365173000565069
979.46966706954,0.367634540083363
972.720319245055,0.318820570301303
966.017479952265,0.226667844405843
959.360828709315,0.0962022065090382
952.75004724273,-0.0719558468798409
946.184819472201,-0.281116186444772
939.66483149547,-0.536282325797354
933.189771573324,-0.840729530570296
926.759330114689,-1.19234116305936
920.373199661823,-1.58103172841053
914.031074875623,-1.98857057295067
907.732652521023,-2.39124638893996
901.477631452492,-2.7643342443457
895.26571259964,-3.0863197251805
889.096598952916,-3.34116640212285
882.969995549409,-3.51826157504042
876.885609458743,-3.61099789065902
870.843149769073,-3.61555915924678
864.842327573172,-3.53140626101493
858.882855954625,-3.36424176692084
852.964449974103,-3.1305127300689
847.086826655741,-2.85989755211475
841.249704973612,-2.59115110577688
835.452805838287,-2.36089915519765
829.695852083491,-2.19216140167709
823.978568452852,-2.09056270505554
818.300681586739,-2.04907631996168
812.661920009195,-2.05592664005966
807.06201411495,-2.10068201422772
801.500696156541,-2.17685975047452
795.977700231499,-2.28112008640526
790.492762269642,-2.40934852743619
785.045620020451,-2.5514778435721
779.636013040523,-2.69064458040178
774.263682681127,-2.81069163183336
768.928372075831,-2.90497322606587
763.629826128224,-2.97677688368069
758.367791499719,-3.03341863946975
753.142016597437,-3.08104120236033
747.952251562182,-3.12208312030223
742.798248256492,-3.1537578575308
737.679760252773,-3.16619468954799
732.596542821523,-3.14197526859582
727.548352919623,-3.06511164600603
722.534949178721,-2.9459889270965
717.556091893692,-2.83329977421838
712.611543011175,-2.77517353415915
707.701066118189,-2.78240418361993
702.824426430835,-2.84107357453673
697.981390783066,-2.93495177596712
693.17172761554,-3.05171519701839
688.39520696455,-3.17915854256783
683.651600451024,-3.29917989428365
678.940681269611,-3.38479211863669
674.262224177835,-3.4061787406945
669.616005485322,-3.34645436275572
665.001803043112,-3.21349969388235
660.419396233031,-3.03376183499038
655.868565957143,-2.83594205629545
651.349094627281,-2.64173491677657
646.860766154633,-2.46706099224967
642.40336593942,-2.32664396270313
637.976680860628,-2.23549273674258
633.580499265825,-2.2056597825274
629.214610961035,-2.2415471099007
624.878807200689,-2.33849193946717
620.57288067765,-2.48522293059524
616.296625513294,-2.66638406619675
612.04983724767,-2.86257830381795
607.832312829723,-3.0497921266588
603.643850607587,-3.20139568296112
599.484250318941,-3.29226872602161
595.353313081437,-3.30104200045634
591.250841383188,-3.20894871880092
587.176639073326,-3.00034285728604
583.130511352622,-2.67375101125087
579.112264764176,-2.2656426322565
575.121707184161,-1.86355760531718
571.158647812643,-1.56989109438275
567.222897164454,-1.43693828931869
563.314267060136,-1.45109941927329
559.432570616938,-1.57305523575313
555.577622239888,-1.77426101861827
551.749237612913,-2.04181640535459
547.947233690029,-2.36167566754552
544.171428686589,-2.70122783391069
540.421642070592,-3.00831919661762
536.697694554048,-3.22258337515988
532.999408084409,-3.28389444392097
529.326605836056,-3.14232513556861
525.679112201842,-2.78760744558745
522.056752784698,-2.28580377620942
518.459354389291,-1.76591804804239
514.886745013749,-1.34338202192857
511.338753841433,-1.06411903517285
507.815211232767,-0.919386020377753
504.315948717136,-0.889250588931655
500.840798984821,-0.968196489742023
500,-1.00449115248643
497.389595879006,-1.16175274364108
493.962174387832,-1.46956697866646
490.558370636505,-1.87883077218502
487.178021879463,-2.36527162847282
483.820966492595,-2.88035223237976
480.487043965513,-3.33024434728345
477.176094893875,-3.59185614815778
473.887960971765,-3.59120604042637
470.622484984128,-3.36212702743155
467.379510799247,-3.00419632264858
464.158883361278,-2.60921574512435
460.960448682844,-2.23711038914036
457.784053837662,-1.92618775855568
454.62954695324,-1.70024860178183
451.49677720361,-1.56928509513541
448.385594802119,-1.53933269527517
445.295850994266,-1.62626870896654
442.22739805059,-1.84994306350368
439.180089259609,-2.19912981234129
436.153778920801,-2.60196979430345
433.14832233764,-2.95954340767816
430.16357581068,-3.21594350260689
427.199396630678,-3.37728250355975
424.255643071778,-3.47767324435706
421.332174384729,-3.54599186590469
418.428850790158,-3.59595205138454
415.545533471888,-3.63095414170699
412.682084570296,-3.64989630742677
409.838367175726,-3.64953092472104
407.014245321944,-3.62779318666561
404.209583979631,-3.58645167192521
401.424249049932,-3.5218944036515
398.658107358044,-3.41597124976912
395.911026646846,-3.24613855127624
393.182875570577,-3.02325108624172
390.473523688556,-2.82245330158291
387.782841458946,-2.71168695513635
385.110700232557,-2.6647177543207
382.4569722467,-2.58334094509406
379.821530619074,-2.33012078718651
377.2042493417,-1.83621690562849
374.605003274899,-1.39706905038686
372.023668141307,-1.40812423084791
369.46012051993,-1.80652041803178
366.914237840249,-2.27931441455434
364.385898376355,-2.21867696470521
361.874981241128,-0.940782211446314
359.381366380463,0.73051470620381
356.904934567523,1.43088290832116
354.445567397043,0.910120157535279
352.003147279668,-0.554469113638372
349.577557436327,-2.09577680976623
347.168681892656,-2.76827040169367
344.776405473446,-2.76663650017307
342.400613797142,-2.69602720987036
340.041193270371,-2.58210422315865
337.698031082509,-1.94680725787638
335.371015200293,-0.401650712679422
333.333333333333,1.58866557413272
333.060034362459,1.87772354672574
330.764978074424,4.14476811836999
328.485736603004,5.10135496055525
326.222200971167,3.58406984352594
323.97426295282,0.657492578045283
321.741815067637,-1.54989931822622
319.524750575921,-2.36375589017824
317.322963473498,-1.91547637816178
315.136348486648,-0.539966480255383
312.964801067075,0.952752633653735
310.808217386907,1.70666400580767
308.666494333727,1.61052432628576
306.539529505653,0.974728573474143
304.42722120643,0.298100733944314
302.329468440578,0.321590345433539
300.246170908555,1.55480809871402
298.177229001967,3.4101931214221
296.122543798804,4.09488374809128
294.082017058706,3.11988006764283
292.055551218275,2.0052611202808
290.043049386399,1.43095400880627
288.04441533963,0.813517775676378
286.059553517574,0.249304501391966
284.08836901833,0.884068014411544
282.130767593947,2.89268275514825
280.18665564592,4.21500727092179
278.255940220713,3.2213662895472
276.338529005317,0.712776036727139
274.434330322837,-1.64326645119992
272.543253128103,-2.47885823083679
270.665207003324,-0.684772542633662
268.800102153761,3.91961798802767
266.947849403432,9.53329602295041
264.398832986803,13.0036178487723
263.281546564802,11.6380201039004
261.467321180109,6.12757767959044
259.665597293487,-0.307836495466613
257.87628875938,-3.41542581858716
256.099310025846,-2.58992876468026
254.334576130465,0.0138966876099476
252.582002696278,2.87591778639835
250.841505927754,5.21833432677808
250,5.78376598210362
249.113002606779,5.52177774297617
247.396410088681,1.64684241188501
245.691646298279,-2.51742964368442
243.998629725955,-3.05540945321423
242.31727942376,-2.17695979113763
240.647515001542,-1.30716314055253
238.989256623105,-0.796386910647935
237.342425002387,-1.18666238319578
235.706941399673,-2.12415419642623
234.082727617829,-1.54964026998247
232.469705998565,0.0680240396866241
230.867799418717,0.724284782391369
229.276931286565,-0.650143902340868
227.697025538168,-2.63520762725535
226.128006633728,-3.00887617077434
224.569799553977,-0.900132110040697
223.022329796594,3.04034544424146
221.485523372636,7.24373062258083
219.959306803008,8.32639725224682
218.443607114943,3.79169274441619
216.938351838519,-1.50584702650446
215.443469003188,-3.18121666427426
213.958887134342,-1.53266043560434
212.484535249888,1.57879018409499
211.02034285686,3.26437128646497
209.566239948043,2.04252486683005
208.122156998634,-0.255730614157453
206.688024962908,-2.1537252439506
205.263775270925,-2.70487137171564
203.849339825246,-2.23009177451753
202.44465099768,-2.10074388232563
201.04964162605,-2.8021075578266
200,-3.3006332504636
199.664245010979,-3.39890393446647
198.288394912707,-3.47243701311207
196.922025547917,-3.28149796874957
195.565071586595,-3.30011073014692
194.217468148903,-3.43280988495494
192.879150802078,-3.44183266967563
191.550055557353,-3.46968275779663
190.230118866895,-3.42711208933123
188.919277620767,-3.47745358575109
187.617469143912,-3.59403606301474
186.324631193156,-3.2947223540395
185.04070195423,-3.09647858706141
183.765620038817,-2.63238643780131
182.499324481615,-2.13093846223675
181.241754737424,-2.28355979656153
179.992850678248,-2.06742321645587
178.752552590424,-2.09260852858501
177.520801171764,-2.97574055163632
176.297537528721,-2.98845913565982
175.082703173572,-1.96060636545694
173.876240021625,0.0648108716421421
172.678090388436,1.35379192014542
171.488196987054,-0.308212103814507
170.306502925284,-2.08412987876461
169.132951702965,-2.9747352974724
167.967487209265,-2.52164503971373
166.810053720006,-1.19822667527559
166.666666666667,-1.03636950476702
165.660595894991,0.271279795922898
164.519058775366,2.4783674795563
163.385387780986,4.42511420942772
162.259528707809,1.10342605533662
161.141427725302,-3.07755161775968
160.03103137387,-0.392517622778239
158.928286562298,5.21383922461049
157.833140565212,8.26130168556761
156.745541020559,3.05654205152733
155.665435927106,-3.06380184618505
154.592773641948,-1.46279936532157
153.527502878042,3.12570625089514
152.469572701757,4.04217765464553
151.418932530435,0.189058695615803
150.375532129974,-3.08584836479347
149.339321612425,-1.27655692193813
148.310251433611,-0.253759575553384
147.28827239075,-1.43003355418675
146.273335620113,-2.97545278520344
145.265392594678,-1.66911810315629
144.264395121816,-1.35616366966199
143.270295340983,-1.42324231921922
142.857142857143,-1.57407398237403
142.283045721435,-1.53282122282952
141.302599059953,-0.600250178581926
140.328908478587,-1.97270635967119
139.361927422414,-1.29649315307041
138.401609657313,3.25572832349029
137.447909267754,6.64852733095323
136.500780654601,1.82479495274244
135.560178532937,-3.10634107323157
134.626057929891,-0.37645283404954
133.698374182495,4.88432990170943
132.777082935543,1.9074227999022
131.862140139475,-2.19349424012283
130.953502048267,-3.44707050091385
130.051125217341,-3.37633416589291
129.154966501488,-2.91894268212617
128.264983052806,-2.57390866119091
127.381132318648,-3.20962104931219
126.50337203959,-3.13511856611431
125.631660247412,-1.88507545826694
125,-1.24516425863508
124.765955263087,-1.48037630656058
123.906215694792,-3.38503501156513
123.052400435926,-3.3665493812103
122.204468663149,-2.11912994289981
121.362379834424,-2.06199088758263
120.526093687084,-3.03348246745814
119.695570235904,-3.47753364699109
118.87076977119,-3.23156871100631
118.051652856881,-2.98635638025679
117.23818032866,-2.91825094785902
116.430313292088,-3.29258084655016
115.628013120738,-3.66051801725829
114.831241454351,-3.14464720912032
114.039960197003,-2.5456791573964
113.254131515281,-2.82105888903895
112.473717836475,-3.65539103172558
111.698681846782,-2.72366956634262
111.111111111111,-1.10947312164542
110.928986489522,-0.739394990572559
110.164594963366,-0.867831607963192
109.405470720574,-3.21439838336162
108.651577465254,-3.00288174050091
107.902879151618,-1.15559794916022
107.159339982267,-0.977336054806112
106.420924406472,-3.00171497890498
105.68759711848,-2.00048810258179
104.959323055823,-0.723748260063398
104.23606739764,-3.1733852676195
103.517795563018,-2.78580308145002
102.804473209331,1.03060199649061
102.096066230605,-0.0225253607949112
101.392540755882,-2.39832017214259
100.693863147603,-0.873502226620881
100,-0.658537012140026
100,-0.658537012140054
99.310918137498,-1.32070992277711
98.6265846131283,-2.28034203850215
97.946966706954,-2.38422189495999
97.2720319245054,-2.28895259168554
96.6017479952265,-3.55853219493307
95.9360828709315,-2.75537311862
95.2750047242729,-2.26572628584928
94.61848194722,-3.59533517146034
93.966483149547,-0.43739975068372
93.3189771573324,-0.220936944267559
92.6759330114688,-3.44175701700247
92.0373199661823,-1.87588581268617
91.4031074875623,-0.912378631734565
90.9090909090909,-2.00161288040881
90.7732652521023,-2.0004081764202
90.1477631452492,-2.78523118566251
89.526571259964,-3.04752551475049
88.9096598952916,0.696098981469324
88.2969995549409,-0.100518549788528
87.6885609458743,-3.55760480700847
87.0843149769073,-0.76134914300125
86.4842327573172,-1.2720683214659
85.8882855954625,-2.53601505877897
85.2964449974102,-1.64198066340019
84.7086826655741,-2.74424932311687
84.1249704973612,-1.83871188271986
83.5452805838287,-3.52799672849032
83.3333333333333,-2.73717302384223
82.9695852083491,-1.31763917152385
82.3978568452852,-3.52098602101916
81.8300681586739,2.39890891476579
81.2661920009194,-0.398700997572131
80.706201411495,-0.817083971898749
80.150069615654,9.04211312610524
79.5977700231498,-1.23546391663357
79.0492762269642,-1.1946750992539
78.5045620020451,-0.319195828321095
77.9636013040523,1.01299704314166
77.4263682681127,-3.61934666556386
76.9230769230769,1.7352553933592
76.8928372075831,2.06447397514858
76.3629826128224,-3.24728852087868
75.8367791499719,-1.4277004633641
75.3142016597437,-2.5473364042625
74.7952251562182,-2.69364821121509
74.2798248256491,-2.70832952868509
73.7679760252773,-3.14070744914987
73.2596542821523,-2.56879132472543
72.7548352919623,-3.43248466274396
72.2534949178722,-3.62763893325028
71.7556091893693,-2.6484933344043
71.4285714285714,-1.3369945775551
71.2611543011175,-1.81203007896438
70.7701066118189,-3.04752032189411
70.2824426430835,-1.2152228705125
69.7981390783066,-2.30355221502431
69.3171727615541,-3.23380873601813
68.839520696455,-3.44056286102166
68.3651600451024,-1.20749997270992
67.8940681269611,-2.97856569557664
67.4262224177834,-2.02285067762274
66.9616005485322,-3.03379484500372
66.6666666666667,1.58793641423369
66.5001803043112,1.42015170555606
66.0419396233031,-1.88297085090202
65.5868565957143,-0.442421529590102
65.134909462728,-1.4224392205535
64.6860766154633,-2.5331495853175
64.2403365939419,-2.01514913310713
63.7976680860628,-3.1105764190451
63.3580499265825,-0.165673131861392
62.9214610961034,-2.47610781947908
62.5,-2.15619584374182
62.4878807200689,-2.21267910435436
62.057288067765,-3.11278751616588
61.6296625513294,-2.80497019579509
61.204983724767,-3.53331532197832
60.7832312829723,-2.00402558151829
60.3643850607587,-3.53811438605215
59.9484250318941,-2.94844533217006
59.5353313081437,-3.65098218379914
59.1250841383188,-3.61814069967489
58.8235294117647,-2.98147195097111
58.7176639073326,-1.84967458277391
58.3130511352622,-2.54454923985711
57.9112264764176,-2.75888918816268
57.5121707184161,-2.19388808956954
57.1158647812643,-3.65639535635291
56.7222897164454,-2.90853660275611
56.3314267060136,-2.57447368957552
55.9432570616938,-2.49940630596917
55.5577622239888,-2.45281031898805
55.5555555555556,-2.42819106897177
55.1749237612912,-1.62669718854941
54.7947233690029,-3.13551633359487
54.4171428686589,-2.99310393481219
54.0421642070592,-3.0203154062372
53.6697694554048,-3.20052720471521
53.2999408084409,-3.5870081422931
52.9326605836056,-2.12873222255872
52.6315789473684,-3.0616840892677
52.5679112201842,-3.17271837928727
52.2056752784698,-1.57413585525525
51.8459354389291,-3.26698894005353
51.488674501375,-3.60028320240196
51.1338753841433,-2.74220628777955
50.7815211232767,-2.45563658879096
50.4315948717136,-0.132825064192342
50.0840798984821,-3.35970079938975
50,-2.97565641009636
49.7389595879007,-3.26960710613256
49.3962174387832,-2.61250241629422
49.0558370636505,-2.68138444094007
48.7178021879463,-2.86482340723311
48.3820966492596,-3.12400703057413
48.0487043965513,-0.0801572252222327
47.7176094893875,-3.0897076931992
47.6190476190476,-2.04443626726568
47.3887960971765,-2.29266713316901
47.0622484984128,-3.3322590313932
46.7379510799246,1.49556919064738
46.4158883361278,-2.17865708378163
46.0960448682843,-2.07009369935038
45.7784053837662,-2.73280091816384
45.462954695324,-2.68875494634399
45.4545454545455,-2.6699292563063
45.149677720361,-2.50701381207038
44.8385594802119,-1.74448157251932
44.5295850994266,-2.59001349417486
44.222739805059,9.52862095803163
43.9180089259609,-0.435242202524658
43.6153778920801,-0.729945031279224
43.4782608695652,-2.13632842317012
43.314832233764,-1.92478802031099
43.016357581068,-3.64023040992732
42.7199396630678,-1.39304002885175
42.4255643071778,-1.93092713047384
42.1332174384729,-0.593180581604467
41.8428850790158,-0.807781663368938
41.6666666666667,-2.97356670235383
41.5545533471888,-1.2366750477302
41.2682084570295,-3.4287271421533
40.9838367175726,-1.41785861439062
40.7014245321944,-2.63149674847484
40.4209583979631,-3.53251453841984
40.1424249049932,0.332013140897193
40,-3.22969445636293
39.8658107358044,-1.30834660347078
39.5911026646846,-3.01153219767506
39.3182875570577,-2.4543311666162
39.0473523688556,-1.00323911277065
38.7782841458946,-2.97225419119477
38.5110700232557,-3.35843759016431
38.4615384615385,-3.53989476194784
38.24569722467,-1.71546392906999
37.9821530619073,-1.48114628364156
37.72042493417,-3.30619837871545
37.4605003274899,-1.8789196255641
37.2023668141307,-3.0923147532557
37.037037037037,-3.63371282183352
36.946012051993,-3.37421284196166
36.6914237840249,-1.97520992399147
36.4385898376355,-2.88911044454302
36.1874981241128,-2.72098619000699
35.9381366380463,-3.24537154281519
35.7142857142857,-2.7964764428478
35.6904934567523,-3.01089584448901
35.4445567397043,-1.01935036535674
35.2003147279668,-2.28064787750163
34.9577557436328,-3.245516335683
34.7168681892656,-3.5312032526108
34.4827586206897,-3.4716832197631
34.4776405473446,-3.40165569727359
34.2400613797142,-3.07483586730388
34.0041193270371,-1.05825462128051
33.7698031082509,-3.44770657235876
33.5371015200293,-1.77255635788442
33.3333333333333,-2.26889466476031
33.3060034362459,-0.23040877226678
33.0764978074424,-3.18439393473214
32.8485736603004,-3.12729532450403
32.6222200971167,-2.72296603940257
32.397426295282,0.927594645053053
32.258064516129,-2.954526065568
32.1741815067637,-0.105383338849218
31.9524750575921,-3.23651247005555
31.7322963473498,-3.64818765381654
31.5136348486648,-3.28605475516373
31.2964801067075,-2.59299863940599
31.25,-3.49304639265621
31.0808217386906,-3.0566593846306
30.8666494333727,-3.54001893237934
30.6539529505653,-3.04564298307842
30.442722120643,-0.463822653458531
30.3030303030303,-3.66255274143652
30.2329468440578,-2.6722695429154
30.0246170908555,-3.26515720736937
29.8177229001967,-3.19693202984372
29.6122543798804,-3.1576409811323
29.4117647058824,-3.006015331118
29.4082017058706,-2.95180812519841
29.2055551218275,-3.15152795953007
29.0043049386399,-2.82107539932111
28.804441533963,-1.81252828503154
28.6059553517574,-2.71999957373479
28.5714285714286,-3.58676197998882
28.408836901833,-3.54269261816621
28.2130767593947,-3.10122878934622
28.018665564592,-3.45091599941581
27.8255940220712,-2.90599643788293
27.7777777777778,-3.64613014468132
27.6338529005317,-1.34830702028831
27.4434330322836,-0.908390030040418
27.2543253128103,-1.47992146490274
27.0665207003324,1.03260304627115
27.027027027027,-1.22699586078231
26.8800102153761,1.85729798945146
26.6947849403432,1.46217505622072
26.5108360190854,-2.89203218016062
26.3281546564802,-1.99013271788415
26.3157894736842,-0.732579894335781
26.1467321180109,-1.74224185284622
25.9665597293487,-3.06604148830526
25.787628875938,-1.1121021577769
25.6410256410256,-2.27356624363478
25.6099310025846,-2.69857847176241
25.4334576130465,-2.27950839240834
25.2582002696278,1.57932904943762
25.0841505927754,0.201902137185404
25,6.92228692745123
24.9113002606779,3.95973011531077
24.7396410088681,3.1831174308292
24.5691646298279,-2.47194877112839
24.3998629725955,-1.54686439835681
24.390243902439,-2.06820320034849
24.231727942376,-2.44067851756064
24.0647515001542,-2.22073257536165
23.8989256623105,-3.41999915487277
23.8095238095238,-3.48342180616178
23.7342425002387,-1.50783870371493
23.5706941399673,-1.5322630095482
23.4082727617829,-0.888119375163295
23.2558139534884,-3.24110227065698
23.2469705998565,-3.60770566873556
23.0867799418717,-3.09250727849975
22.9276931286565,-2.28516416824631
22.7697025538168,-2.18163687429468
22.7272727272727,-3.36773935006685
22.6128006633728,-2.35305364934505
22.4569799553977,-1.68034590917118
22.3022329796594,-2.90994536750564
22.2222222222222,-3.34480688159403
22.1485523372636,-0.407789203730753
21.9959306803007,-2.27424272296191
21.8443607114943,-3.01021765482282
21.7391304347826,-3.46566915730007
21.6938351838518,0.293265684208582
21.5443469003188,-2.683563683711
21.3958887134342,-3.17435298144413
21.2765957446809,-0.443666095510745
21.2484535249888,-0.76488894607193
21.102034285686,-3.26437213033948
20.9566239948043,-2.55927625467656
20.8333333333333,-2.49678430299219
20.8122156998634,-3.47333979978226
20.6688024962908,-3.09993911248524
20.5263775270925,-1.29783949149062
20.4081632653061,-2.63753675726722
20.3849339825246,0.285733892176315
20.244465099768,-1.96269071298907
20.104964162605,-0.302991832279029
20,-2.47540757044733
19.9664245010979,-3.29510179589574
19.8288394912707,-2.80836862990203
19.6922025547917,-3.62282482044837
19.6078431372549,-3.21992706439282
19.5565071586595,-2.55647804641195
19.4217468148903,-3.09743902244228
19.2879150802078,-2.97508120086534
19.2307692307692,-2.09435337252263
19.1550055557353,-2.69165217454379
19.0230118866894,-3.62349878721597
18.8919277620767,-2.45024264767518
18.8679245283019,-1.14052527663228
18.7617469143912,-3.62887879990513
18.6324631193156,-0.379478229761598
18.5185185185185,-3.54287277367676
18.504070195423,-2.99626214259048
18.3765620038817,-0.690589431070786
18.2499324481615,-3.31689308183199
18.1818181818182,-3.57998084910413
18.1241754737424,-2.87957422392951
17.9992850678248,-3.07290154514412
17.8752552590424,-3.14781186760411
17.8571428571429,-2.6588425106291
17.7520801171764,-3.30085662917373
17.6297537528721,-3.20547760222537
17.5438596491228,-0.0144315488451907
17.5082703173572,-1.47602559466464
17.3876240021625,-2.12704171643729
17.2678090388436,-2.93779507953063
17.2413793103448,-2.22833827071691
17.1488196987054,-3.1502351407327
17.0306502925284,-0.515568306216049
16.9491525423729,2.32243194745927
16.9132951702965,-2.25543151483019
16.7967487209265,-3.53138353085132
16.6810053720006,0.62539818077487
16.6666666666667,-1.76665953379965
16.5660595894991,-3.36855563711243
16.4519058775366,-2.62930692491717
16.3934426229508,-3.03214841187754
16.3385387780986,-3.39142855440407
16.2259528707809,-3.50985810051277
16.1290322580645,-1.09439804856485
16.1141427725302,-0.769650124366772
16.003103137387,-3.55750254864061
15.8928286562298,-3.44366947982588
15.8730158730159,-0.257461925185178
15.7833140565212,-1.87027777688344
15.674554102056,-2.22061801905182
15.625,-0.874419332254955
15.5665435927106,-1.13409714901122
15.4592773641948,-2.52392312282411
15.3846153846154,-0.341753314711563
15.3527502878042,-3.42306753545521
15.2469572701757,-2.49601317159702
15.1515151515152,0.0992079524217973
15.1418932530435,-1.35536404200202
15.0375532129974,-2.29090312766207
14.9339321612425,-0.168848897549604
14.9253731343284,0.155491167035042
14.831025143361,-2.75908845153854
14.728827239075,-2.20242275158013
14.7058823529412,-2.40350483730232
14.6273335620113,-3.65468180019185
14.5265392594678,-1.48375989441176
14.4927536231884,-3.42178841444855
14.4264395121816,-3.52670549213867
14.3270295340983,-1.02123343422626
14.2857142857143,-0.458203427228351
14.2283045721435,-0.176617067341861
14.1302599059953,-1.47065290476585
14.0845070422535,-0.794367828262192
14.0328908478587,0.818744064045679
13.9361927422414,-1.47648802379897
13.8888888888889,-2.72240594624624
13.8401609657313,-0.537051547113275
13.7447909267754,-3.25902357784188
13.6986301369863,-3.25650997037023
13.6500780654601,-1.60506626463463
13.5560178532937,-1.11820108726122
13.5135135135135,-1.12831123765359
13.4626057929891,-1.29761568878392
13.3698374182495,-1.53090209554041
13.3333333333333,4.12276327336825
13.2777082935543,-1.38878945528391
13.1862140139475,-2.12653442747431
13.1578947368421,-1.17591379231136
13.0953502048267,0.801873504294936
13.0051125217341,-3.27399385294309
12.987012987013,-2.00266448599448
12.9154966501488,-3.33070976427937
12.8264983052806,1.00374743210951
12.8205128205128,1.80073345038609
12.7381132318648,-2.65056494744924
12.6582278481013,-2.14468100927233
12.650337203959,-0.958250123695005
12.5631660247412,-3.29770132439132
12.5,-1.78737961006014
12.4765955263087,-3.12554980066956
12.3906215694792,-3.51738091729085
12.3456790123457,-2.86988377641562
12.3052400435926,-3.22652249120498
12.2204468663149,-0.0904993903875022
12.1951219512195,-1.4319088833554
12.1362379834424,-0.814134526320127
12.0526093687084,-0.682765491967056
12.0481927710843,-1.01237630009795
11.9695570235904,5.49874841387738
11.9047619047619,-3.57296030660758
11.887076977119,-1.69209871764725
11.8051652856881,-2.13429992607267
11.7647058823529,-3.18076468207392
11.723818032866,-2.0755006852619
11.6430313292088,0.890288789766847
11.6279069767442,-2.9430553852852
11.5628013120738,-2.35722095249899
11.4942528735632,-1.2127917432487
11.4831241454351,-0.457953849812564
11.4039960197003,-3.64711238587098
11.3636363636364,-3.63846282967715
11.3254131515281,-3.17518068143998
11.2473717836475,-3.25236669963213
11.2359550561798,-3.4848108379147
11.1698681846782,-3.26505860427848
11.1111111111111,-1.82938192798484
11.0928986489522,-3.43973712406754
11.0164594963366,-2.58974820592236
10.989010989011,-0.407241287706635
10.9405470720574,-2.53300731620392
10.8695652173913,-1.13062919998115
10.8651577465254,-1.42105479736694
10.7902879151618,-2.8545887089091
10.752688172043,-2.75473852445547
10.7159339982267,-2.85654394911505
10.6420924406472,-2.88380940590492
10.6382978723404,-2.50911926899441
10.568759711848,-3.01587056945966
10.5263157894737,-3.42946575619323
10.4959323055823,-2.9952974204982
10.423606739764,-1.78449327279271
10.4166666666667,-2.59812466443544
10.3517795563018,-1.56496404733265
10.3092783505155,-3.12596434262893
10.2804473209331,-2.43894122530683
10.2096066230605,-2.69388814406239
10.2040816326531,-2.70064857113781
10.1392540755882,0.120291361928413
10.1010101010101,-3.63627399115564
10.0693863147603,-3.53787920626153
10,-1.80940333712742
10,-1.80940333712727
9.9310918137498,-2.6807565883915
9.9009900990099,1.09286057297029
9.86265846131282,0.515324927784936
9.80392156862745,-3.29524845379155
9.79469667069539,0.411212166541636
9.72720319245054,-2.91377906918405
9.70873786407767,-3.43430512346275
9.66017479952265,-1.73346194811649
9.61538461538461,-3.23996701963959
9.59360828709314,-3.10184418189017
9.52750047242729,-2.12266210418256
9.52380952380952,-2.47624037037125
9.461848194722,-2.10327085495522
9.43396226415094,-3.28312025588654
9.39664831495469,-3.38933002990806
9.34579439252336,-2.90212832453913
9.33189771573324,-3.06870571870059
9.26759330114688,-1.3879686160795
9.25925925925926,-0.393333894524072
9.20373199661822,-2.40523002675622
9.1743119266055,-3.54940030774552
9.14031074875623,-3.44790516472126
9.09090909090909,-0.933121535036018
9.07732652521023,-3.31590742684925
9.01477631452492,-2.97615633214785
9.00900900900901,-3.62030077064996
8.9526571259964,-1.52181519718455
8.92857142857143,-3.1368165971486
8.89096598952916,-2.7018835526098
8.84955752212389,0.671095213275682
8.82969995549409,-1.32058018137301
8.7719298245614,-2.37790262077551
8.76885609458743,-3.30470938285567
8.70843149769072,-3.38679854197623
8.69565217391304,-3.49943953661396
8.64842327573172,0.847087681676773
8.62068965517241,-1.46162566312675
8.58882855954625,-0.865063255128073
8.54700854700855,0.908523381329236
8.52964449974102,-0.409852183988629
8.47457627118644,-2.1354811097906
8.47086826655741,-3.61470003454549
8.41249704973612,-3.40185834826441
8.40336134453781,-1.93330198475531
8.35452805838287,1.75541641988689
8.33333333333333,1.60437390157687
8.29695852083491,-2.95298808143878
8.26446280991736,-2.60010185754752
8.23978568452852,-3.34723449130403
8.19672131147541,-3.49140260744407
8.18300681586739,-3.32351460777643
8.13008130081301,-3.12393107109393
8.12661920009195,-3.06830033058976
8.0706201411495,-2.65328794077329
8.06451612903226,-2.0356612069102
8.01500696156541,-3.64893435156135
8,-3.65631291473938
7.95977700231498,-3.17960272489629
7.93650793650794,-2.62771626847659
7.90492762269642,-3.17307677962934
7.8740157480315,0.613719934490224
7.85045620020451,-3.37701470678352
7.8125,-3.52805204568086
7.79636013040523,-3.12379518925782
7.75193798449612,-3.21441818828238
7.74263682681127,-3.11703930900201
7.69230769230769,-3.54000802651042
7.68928372075831,-2.97134083243643
7.63629826128224,-2.55178460905916
7.63358778625954,-2.52672990636206
7.58367791499719,-3.3014539638133
7.57575757575758,-3.03296135741722
7.53142016597437,-2.95797458871406
7.5187969924812,-2.638321314175
7.47952251562182,-2.35144798557975
7.46268656716418,-3.5384461207699
7.42798248256492,-3.15831420386699
7.40740740740741,-2.64226702359435
7.37679760252773,-3.13504942971546
7.35294117647059,1.27697612498101
7.32596542821523,-3.48580207243442
7.2992700729927,-3.42935388896602
7.27548352919623,-3.15567578606926
7.2463768115942,-2.75169091676396
7.22534949178722,-1.9545362612334
7.19424460431655,0.194646834958935
7.17556091893693,-1.86892106735915
7.14285714285714,-2.93968231020126
7.12611543011175,-2.64275648923357
7.09219858156028,-2.57239959088305
7.07701066118189,-2.46944657986453
7.04225352112676,-0.630745311870593
7.02824426430835,-2.48074319849787
6.99300699300699,0.430707492238573
6.97981390783066,-2.93036206419226
6.94444444444444,-1.76096759253404
6.93171727615541,-3.55541370210302
6.89655172413793,-3.11474140855175
6.8839520696455,-2.90803531478711
6.84931506849315,-2.32157945032237
6.83651600451024,-1.13370741783138
6.80272108843537,-2.96589821777801
6.78940681269611,-1.59509841079132
6.75675675675676,-0.446780589802226
6.74262224177834,-3.12249027664621
6.71140939597315,-2.66078052591125
6.69616005485322,-2.93618181228536
6.66666666666667,-2.80168454087588
6.65001803043112,-2.25366802337531
6.62251655629139,-2.64677660427956
6.6041939623303,-3.64610997723438
6.57894736842105,-3.03527523732945
6.55868565957143,-0.708300901261917
6.5359477124183,-2.23115481310567
6.5134909462728,-2.94045971666953
6.49350649350649,-0.926806764490958
6.46860766154633,-1.45687076331735
6.45161290322581,-1.60075584107836
6.42403365939419,-3.5926362852057
6.41025641025641,-2.75006671895447
6.37976680860628,-2.69387815898387
6.36942675159236,-2.77276648048295
6.33580499265825,-0.210198143173282
6.32911392405063,-2.2631524287563
6.29214610961034,-3.48606255088698
6.28930817610063,-2.66278189810351
6.25,-3.36793449226515
6.24878807200689,-3.25563144955826
6.2111801242236,-1.09517010798747
6.2057288067765,-2.04836179321928
6.17283950617284,-2.22707455660865
6.16296625513294,-3.50680302984035
6.13496932515337,-3.17447121842739
6.1204983724767,-1.73666842079266
6.09756097560976,-3.59054650152519
6.07832312829723,-1.61258920688642
6.06060606060606,-3.52844643604198
6.03643850607587,-3.22937443947999
6.02409638554217,-2.23865310897103
5.99484250318941,-2.5207802662024
5.98802395209581,-2.89863998201444
5.95353313081437,-3.11817122968399
5.95238095238095,-3.2817644091513
5.91715976331361,-2.740627033948
5.91250841383188,-3.10435148900141
5.88235294117647,-3.23772832015122
5.87176639073326,-3.33939043817916
5.84795321637427,-2.45985646022204
5.83130511352622,-1.73185820524473
5.81395348837209,-3.53080403930404
5.79112264764176,-3.40957426394179
5.78034682080925,-3.53931030387217
5.75121707184161,-3.48633755802062
5.74712643678161,-1.15153609797074
5.71428571428571,-3.02868061461499
5.71158647812643,-2.77776557110847
5.68181818181818,-2.47892447070152
5.67222897164454,-2.98651967481835
5.64971751412429,0.512307732690023
5.63314267060136,-2.56692302509476
5.61797752808989,-2.21790452718964
5.59432570616938,-3.25106652658722
5.58659217877095,-2.04486742999181
5.55577622239888,0.0674868892331135
5.55555555555556,-0.394734476075523
5.52486187845304,-2.59206485464294
5.51749237612913,-3.44431834233965
5.49450549450549,-2.97088743233031
5.47947233690029,-2.15573529031995
5.46448087431694,-3.63293988976214
5.44171428686589,-2.36883848679649
5.43478260869565,-3.3059629880063
5.40540540540541,-3.29298478319925
5.40421642070592,-3.15398999100098
5.37634408602151,-3.6541922283598
5.36697694554048,-2.45522256431534
5.3475935828877,-2.77854903991747
5.32999408084409,-2.98831472103627
5.31914893617021,-3.5773340822411
5.29326605836056,-3.49847895033003
5.29100529100529,-3.22083746511064
5.26315789473684,-3.60680366322735
5.25679112201842,-2.9987510029937
5.23560209424084,-2.09688064024241
5.22056752784698,-2.08052989300087
5.20833333333333,-1.90146260077618
5.18459354389291,-3.44645236431419
5.18134715025907,-3.56624825956923
5.15463917525773,-2.08881435362214
5.14886745013749,-1.84911279488442
5.12820512820513,-1.97378242682386
5.11338753841433,-3.21342446326967
5.10204081632653,-3.03182605229402
5.07815211232767,-3.39347207332672
5.0761421319797,-1.16493905745888
5.05050505050505,-3.34445362129461
5.04315948717136,-3.50951142001771
5.0251256281407,-3.33700860857383
5.00840798984821,-3.50035963063724
5,-3.35921703982926
4.97512437810945,-3.50318360122121
4.97389595879006,-2.61824243513406
4.95049504950495,-3.46778448885019
4.93962174387832,-3.13442606759825
4.92610837438424,-2.68652416930054
4.90558370636505,-2.94226535614332
4.90196078431372,-3.12698311904942
4.8780487804878,-0.495040548132702
4.87178021879463,-3.47390955393574
4.85436893203883,-0.789812255494961
4.83820966492596,-1.44283991403038
4.83091787439613,-3.50220932485412
4.80769230769231,-3.64149834724356
4.80487043965513,-2.68763988370567
4.78468899521531,-2.33844265762324
4.77176094893875,-3.4114621036043
4.76190476190476,-3.29155355177592
4.739336492891,-3.23235515927406
4.73887960971765,-3.16003153986442
4.71698113207547,-3.64999349921681
4.70622484984128,-3.61369055169446
4.69483568075117,-3.63739021246279
4.67379510799246,-3.48559957058968
4.67289719626168,-1.88335034635348
4.65116279069767,-2.78448740220154
4.64158883361278,-3.20788700911411
4.62962962962963,-2.52180335577226
4.60960448682843,-2.45950494323493
4.60829493087558,-1.24484844507593
4.58715596330275,-1.3059420063707
4.57784053837662,-2.30098694308112
4.5662100456621,-3.23788780569511
4.5462954695324,-3.34434333109716
4.54545454545455,-3.11018796236392
4.52488687782805,-2.08506651173645
4.5149677720361,0.00955483366643239
4.5045045045045,0.0164618399027363
4.48430493273543,-1.19538610892523
4.48385594802119,-1.33690581746158
4.46428571428571,-1.82610259158356
4.45295850994265,-2.00561925054169
4.44444444444444,-2.80428887488493
4.42477876106195,-3.36041308782877
4.4222739805059,-3.61162746549798
4.40528634361233,-3.17764724551996
4.39180089259609,-3.40022674383367
4.3859649122807,-2.53439096381903
4.36681222707424,-3.62731447533276
4.361537789208,-3.29479040669922
4.34782608695652,-2.82490999219179
4.3314832233764,-1.60341767470394
4.32900432900433,-3.6064418647475
4.31034482758621,-2.90343332094072
4.30163575810679,-0.889457630477703
4.29184549356223,-3.07693006243711
4.27350427350427,-3.0981159325991
4.27199396630678,-3.3920599207144
4.25531914893617,-1.0637071218059
4.24255643071778,-3.55917248955439
4.23728813559322,-3.51277370566002
4.21940928270042,-2.93766498670451
4.21332174384729,-3.62305597009101
4.20168067226891,-1.39014501792864
4.18428850790158,-2.42932896394968
4.18410041841004,-2.03504091769211
4.16666666666667,-1.21958103992123
4.15545533471888,-3.0032629859247
4.149377593361,-1.86603359263138
4.13223140495868,-3.05172499908012
4.12682084570295,-2.74590552003398
4.11522633744856,-3.46525379987626
4.09838367175726,-3.57598884196507
4.0983606557377,-3.56535269249438
4.08163265306122,-3.42178283609551
4.07014245321944,-3.63469985239736
4.0650406504065,-3.63421044239991
4.04858299595142,-3.2691355764005
4.04209583979631,-3.08328614913425
4.03225806451613,-3.64763546561691
4.01606425702811,-2.94753982055583
4.01424249049932,-3.33690652861223
4,-2.63535723010802
3.98658107358044,-2.70218710755561
3.98406374501992,-3.29972058106041
3.96825396825397,-2.97418364011447
3.95911026646846,-1.48633466382754
3.95256916996047,-2.19071285621997
3.93700787401575,-3.38921640485817
3.93182875570577,-2.96322996115948
3.92156862745098,-2.97088143279678
3.90625,-0.779894616260473
3.90473523688556,-2.5176690049294
3.89105058365759,-3.3316813349184
3.87782841458946,-2.32571152983742
3.87596899224806,0.699761070132969
3.86100386100386,-3.1105646499157
3.85110700232557,-3.65859918635969
3.84615384615385,-3.55895867904207
3.83141762452107,-2.38615895765922
3.824569722467,-3.11364036524456
3.81679389312977,-2.20587179968727
3.80228136882129,-3.41507740380735
3.79821530619074,-2.03633377323471
3.78787878787879,-3.51622890713697
3.77358490566038,-3.64644755759131
3.772042493417,-2.291098855979
3.7593984962406,-3.13482340233302
3.74605003274899,-2.72302056958805
3.74531835205992,-1.9120123405372
3.73134328358209,-2.84893798749841
3.72023668141307,-2.54911554106836
3.71747211895911,-3.26224229476038
3.7037037037037,-1.4682216372263
3.6946012051993,-3.26930241384052
3.690036900369,-3.65602640617511
3.67647058823529,-3.55557048295274
3.66914237840249,-3.04196512000946
3.66300366300366,-3.59183338011253
3.64963503649635,-3.63612982469815
3.64385898376355,1.43950015554241
3.63636363636364,-2.03897782181236
3.6231884057971,-3.15097606924847
3.61874981241128,-3.58262186234462
3.6101083032491,-2.07773393036033
3.59712230215827,-2.77794426421265
3.59381366380463,-3.38917169653704
3.584229390681,-1.84995859226019
3.57142857142857,-1.98329945617088
3.56904934567523,-2.29557861675657
3.55871886120996,-3.2763372255812
3.54609929078014,-3.07446906508873
3.54445567397043,-2.92226964952935
3.53356890459364,-3.54745988609134
3.52112676056338,-0.831815916582182
3.52003147279668,-3.31076196911421
3.50877192982456,-3.0155920255555
3.4965034965035,-3.51936838390754
3.49577557436328,-3.5696138240218
3.48432055749129,-2.06860115274243
3.47222222222222,-3.50035887255022
3.47168681892656,-2.73040721070994
3.46020761245675,-3.20934268047911
3.44827586206897,-3.57856709630085
3.44776405473446,-2.68610700157607
3.43642611683849,-3.28820680084363
3.42465753424658,-3.17967259699899
3.42400613797142,-3.11915361928008
3.41296928327645,-1.78588702611223
3.40136054421769,-1.62701045768712
3.40041193270371,-2.83926045944564
3.38983050847458,-2.34810105485247
3.37837837837838,1.67324640192438
3.37698031082509,-3.09775676504558
3.36700336700337,-2.30609655230487
3.35570469798658,-3.44110538211872
3.35371015200293,-3.6251188207908
3.34448160535117,-0.332177052256536
3.33333333333333,-1.40478913245088
3.33060034362459,-1.56165016898243
3.32225913621262,-2.23231757785801
3.3112582781457,-1.7525461723675
3.30764978074424,-3.07957839901705
3.3003300330033,-1.75197221260369
3.28947368421053,-3.52895543873931
3.28485736603004,-2.85176856454138
3.27868852459016,-3.12127841803332
3.26797385620915,-3.41816355975198
3.26222200971167,-3.49951932017047
3.25732899022801,-2.36199860960432
3.24675324675325,-2.38717906905058
3.2397426295282,-1.71391903390799
3.23624595469256,-3.11528309151158
3.2258064516129,-3.31634126163662
3.21741815067637,-1.78068844078752
3.21543408360129,0.974791451459216
3.20512820512821,-1.20794953540307
3.19524750575921,-3.26820632703656
3.19488817891374,-2.68777240200675
3.18471337579618,-1.99462903658881
3.17460317460317,-2.97821412770453
3.17322963473498,-3.26722017724007
3.16455696202532,-2.64220360823434
3.15457413249211,-3.07431015698209
3.15136348486648,-3.27119115744322
3.14465408805031,-2.05068156605592
3.13479623824451,1.25207078169554
3.12964801067075,-0.722123952803268
3.125,-3.62927101087011
3.11526479750779,-3.25780409886887
3.10808217386906,-1.6990647664743
3.1055900621118,-3.4429772819697
3.09597523219814,-2.32469833809996
3.08666494333727,-2.76678353902234
3.08641975308642,-2.51116449320055
3.07692307692308,-3.43412341579654
3.06748466257669,-3.6341819134323
3.06539529505653,-2.93756657723527
3.05810397553517,-3.58811639177871
3.04878048780488,-1.68702660269282
3.0442722120643,-3.58663914180381
3.03951367781155,-3.49935863082633
3.03030303030303,-2.46812321780008
3.02329468440578,-1.86434357332449
3.02114803625378,-1.63914242501546
3.01204819277108,-3.59506878076807
3.003003003003,-3.6422796576068
3.00246170908555,-3.19878464481048
2.9940119760479,-3.23681944378834
2.98507462686567,-3.35957605182856
2.98177229001967,-2.48860446604079
2.97619047619048,-2.57398051459755
2.9673590504451,-2.94296682270022
2.96122543798803,-3.45848544354645
2.9585798816568,-3.50695356105278
2.94985250737463,-3.49898685935365
2.94117647058824,-1.8546690190363
2.94082017058706,-3.29106453052641
2.93255131964809,-3.12688144755217
2.92397660818713,-3.50655290068185
2.92055551218275,-3.13127534112003
2.91545189504373,-2.53897342039694
2.90697674418605,-3.29519901066241
2.90043049386399,-3.37600504078757
2.89855072463768,-2.85077069711822
2.89017341040462,-2.89671493424249
2.88184438040346,-3.47037387445136
2.8804441533963,-3.49095834406061
2.8735632183908,-3.50266868863282
2.86532951289398,-3.43650424387506
2.86059553517574,-1.95369630525563
2.85714285714286,-3.44113410975835
2.84900284900285,-3.43225384067231
2.84090909090909,-2.91423402764969
2.8408836901833,-3.00194705416505
2.8328611898017,-3.64948785161151
2.82485875706215,-2.67549546506332
2.82130767593947,-2.74549738804985
2.8169014084507,-1.25711673027511
2.80898876404494,-2.11754727866922
2.8018665564592,-2.33107541993403
2.80112044817927,-1.53063805709472
2.79329608938547,-2.38451090265699
2.78551532033426,-2.85381176776779
2.78255940220712,-3.16898276817381
2.77777777777778,-2.22649081286142
2.77008310249307,-3.1642764762425
2.76338529005317,-2.68569493280743
2.76243093922652,-2.04559677233645
2.75482093663912,-1.70258867091801
2.74725274725275,-3.53048901703401
2.74434330322836,-3.62755469966775
2.73972602739726,-3.54496872575533
2.73224043715847,-3.02029520710489
2.72543253128103,-3.5349179688297
2.72479564032698,-2.92715669379502
2.71739130434783,-1.61476960730802
2.710027100271,-3.50193332933962
2.70665207003324,-3.47993099643174
2.7027027027027,-3.49171989438353
2.69541778975741,-3.20692920095841
2.68817204301075,-1.24713432385404
2.68800102153761,-1.50617249878941
2.68096514745308,-0.852599568662906
2.67379679144385,-1.41593176617634
2.66947849403432,-3.50398141633549
2.66666666666667,0.899781530816672
2.65957446808511,-2.1705245017835
2.6525198938992,-3.05675234571022
2.65108360190854,-3.21079418496437
2.64550264550265,-2.05708509380888
2.63852242744063,-1.00781170380473
2.63281546564802,-3.33488415496263
2.63157894736842,-1.45767018432737
2.6246719160105,-2.08671563278908
2.61780104712042,-2.97064415539314
2.61467321180109,-1.88341635963404
2.61096605744125,-3.65135144450333
2.60416666666667,-3.46092037971321
2.5974025974026,-2.49717102990239
2.59665597293487,-3.24968071459575
2.59067357512953,-3.37176403465976
2.58397932816537,-2.16878107631235
2.5787628875938,-3.23030102508927
2.57731958762887,-3.1540618003634
2.5706940874036,-2.87050880590267
2.56410256410256,-1.24877243324648
2.56099310025846,-3.03213713905641
2.55754475703325,-1.34845083929882
2.55102040816327,-1.67052994008427
2.54452926208651,-2.00433322772359
2.54334576130465,-3.27537562449218
2.53807106598985,-3.6327678066486
2.53164556962025,-2.3881892673145
2.52582002696278,-3.49734617825971
2.52525252525253,-3.11444355824268
2.51889168765743,-3.61788261039755
2.51256281407035,-2.85686251234354
2.50841505927754,-2.37102997593204
2.5062656641604,-3.3587778370274
2.5,-3.19964386399514
2.49376558603491,-3.19746212873839
2.49113002606779,-3.30148852425385
2.48756218905473,-2.91135852683065
2.48138957816377,-3.64495573468597
2.47524752475248,-2.0073574956872
2.47396410088681,-2.93018207162656
2.46913580246914,-3.46560096204082
2.46305418719212,-3.43594194035527
2.45700245700246,-0.485472435598022
2.45691646298279,-0.0397462518202287
2.45098039215686,-3.42042467266624
2.44498777506112,-3.20774909522224
2.43998629725955,-2.66041150968125
2.4390243902439,-3.05396605364354
2.4330900243309,-2.95113029897429
2.42718446601942,-3.63971452435392
2.4231727942376,-3.00529185290035
2.42130750605327,-3.59775115048707
2.41545893719807,-3.00230252292449
2.40963855421687,-3.3871676391267
2.40647515001542,-3.00974981947835
2.40384615384615,-2.19733391977935
2.39808153477218,-2.83845125417654
2.39234449760766,-2.43854400797552
2.38989256623105,-2.94528906563014
2.38663484486874,-1.68207568716009
2.38095238095238,-3.33941339760492
2.37529691211401,-3.65699953737903
2.37342425002387,-3.59281172623063
2.3696682464455,-3.51258308382229
2.36406619385343,-1.70941637952388
2.35849056603774,-3.07647589578512
2.35706941399673,-3.23030548547383
2.35294117647059,-3.12597218432945
2.34741784037559,-3.42020828981647
2.34192037470726,-2.78835040380859
2.34082727617829,-3.63975709273292
2.33644859813084,-2.32520049594448
2.33100233100233,-2.49639322167989
2.32558139534884,-3.45854227431509
2.32469705998565,-3.64776444913913
2.32018561484919,-1.62308655343518
2.31481481481481,-3.20007122212764
2.3094688221709,-3.24985608556706
2.30867799418717,-2.92772411505315
2.30414746543779,-3.01594775729672
2.29885057471264,-2.44037006371949
2.29357798165138,-0.2415301362367
2.29276931286565,-2.10421863027771
2.2883295194508,-3.45376566303828
2.28310502283105,-3.63287078991656
2.27790432801822,-1.4373842654766
2.27697025538168,-2.62220793883152
2.27272727272727,-2.91747157351152
2.26757369614512,-3.43330491963114
2.26244343891403,-2.435450211005
2.26128006633728,-3.04815900390825
2.25733634311512,-3.65141376540422
2.25225225225225,-2.86142792948651
2.24719101123596,-3.24367825750336
2.24569799553977,-3.16545104064603
2.24215246636771,-3.64277465069689
2.23713646532438,-3.2769567264555
2.23214285714286,-2.28175418312655
2.23022329796594,-3.14871099796558
2.2271714922049,-3.54018332454437
2.22222222222222,-2.83002636824268
2.21729490022173,-0.268287604409106
2.21485523372636,-3.53267998261544
2.21238938053097,-3.49498728798137
2.2075055187638,-2.96707977579355
2.20264317180617,-2.09967755321589
2.19959306803007,-2.1960202000216
2.1978021978022,-3.54297134989745
2.19298245614035,-3.30521626980113
2.18818380743982,-3.54928376379753
2.18443607114943,-1.48653518237456
2.18340611353712,-2.66091063031565
2.17864923747277,-3.41705748048723
2.17391304347826,-3.27929067850853
2.16938351838518,-3.48055269265971
2.16919739696312,-3.59460092226642
2.16450216450216,-3.48640564238583
2.15982721382289,-1.39408533731325
2.1551724137931,-3.31583999235901
2.15443469003188,-2.93577877363317
2.1505376344086,-3.37188300866559
2.14592274678112,-3.33325793216938
2.14132762312634,-3.1444672675647
2.13958887134342,-3.41559450533385
2.13675213675214,-1.24533014855917
2.13219616204691,-3.30343395849193
2.12765957446809,-2.28567987681746
2.12484535249888,-3.28415853488265
2.12314225053079,-2.10551681236638
2.11864406779661,-3.32941266422251
2.11416490486258,-3.54409533969921
2.1102034285686,-2.49893482045548
2.10970464135021,-3.33127807717285
2.10526315789474,-3.10733026251931
2.10084033613445,-3.35141941868438
2.09643605870021,-3.41916930698822
2.09566239948043,-3.4448439674653
2.09205020920502,-3.27871915478012
2.08768267223382,-2.31759220236445
2.08333333333333,-1.36902941490474
2.08122156998634,-2.9858639763684
2.07900207900208,-3.37198738504962
2.0746887966805,-3.08673468225988
2.0703933747412,-3.39170729032274
2.06688024962908,-3.59320783826375
2.06611570247934,-3.10193866195847
2.06185567010309,-3.14700111956069
2.05761316872428,-2.58202406463495
2.05338809034908,-3.40323092652879
2.05263775270925,-2.11102507055876
2.04918032786885,-3.49256869081052
2.04498977505112,-2.74434982600426
2.04081632653061,-3.60110529763865
2.03849339825246,-3.55414833527073
2.03665987780041,-3.61326666436777
2.03252032520325,-2.76603611890188
2.02839756592292,-3.25324706405659
2.0244465099768,-3.37294769843917
2.02429149797571,-3.04017593591261
2.02020202020202,-3.00545945745683
2.01612903225806,-3.41620551085485
2.01207243460765,-1.70470471946426
2.0104964162605,-2.42094768905774
2.00803212851406,-3.05308358742429
2.00400801603206,-3.63849061735616
2,-3.60372286071934
1.99664245010979,-3.63155511935015
1.99600798403194,-3.36621868456528
1.99203187250996,-3.63096065344537
1.98807157057654,-3.36643693424638
1.98412698412698,-3.52996590831669
1.98288394912707,-3.5395978910095
1.98019801980198,-3.17453238603518
1.97628458498024,-2.49457157682881
1.9723865877712,-3.09467986481171
1.96922025547917,-3.00984428118987
1.96850393700787,-3.19745876529243
1.96463654223969,-3.52040387756882
1.96078431372549,-3.37635886759385
1.95694716242661,-3.21684783950213
1.95565071586595,-2.75313493786133
1.953125,-3.33507797858747
1.94931773879142,-2.66545180844995
1.94552529182879,-3.4168329446024
1.94217468148903,-3.1874753891379
1.94174757281553,-3.00100341425773
1.93798449612403,-3.3986430400996
1.93423597678917,-3.4309685561892
1.93050193050193,-3.45440534026859
1.92879150802078,-3.02322809474829
1.92678227360308,-3.28799969682448
1.92307692307692,-2.35316943950901
1.91938579654511,-2.23171882431903
1.91570881226054,-3.26077408716271
1.91550055557353,-3.56059580866359
1.91204588910134,-3.08709827123884
1.90839694656489,-2.28992647510209
1.9047619047619,-3.58896932493816
1.90230118866894,-3.63865963228694
1.90114068441065,-3.49348782071918
1.89753320683112,-3.46650490729469
1.89393939393939,-3.44838309549781
1.89035916824197,-2.64291926315856
1.88919277620767,-3.12544542791734
1.88679245283019,-2.62867409243871
1.88323917137476,-3.34483386202087
1.8796992481203,-0.216391169172492
1.87617469143912,-2.848871388152
1.87617260787992,-2.85539243411197
1.87265917602996,-3.48371368364017
1.86915887850467,-3.40840408198563
1.86567164179104,-3.53412687716301
1.86324631193156,-3.46414773043399
1.86219739292365,-3.23602551793975
1.85873605947955,-3.5524050863586
1.85528756957328,-3.31209377781299
1.85185185185185,-3.53589503706682
1.8504070195423,-3.25701350035517
1.84842883548983,-2.16685513024499
1.8450184501845,-2.42267816015719
1.84162062615101,-3.47394710544411
1.83823529411765,-2.92476721865183
1.83765620038817,-3.59560105307055
1.8348623853211,-3.34859005340079
1.83150183150183,-3.58641469653649
1.82815356489945,-2.35715393475011
1.82499324481615,-3.04289883766081
1.82481751824817,-3.32247282125418
1.82149362477231,-1.85654463500749
1.81818181818182,-2.52506069738659
1.81488203266788,-3.62176473056125
1.81241754737424,-1.78765041972043
1.81159420289855,-2.72545353015938
1.80831826401447,-3.61232963945353
1.80505415162455,-3.53411828158353
1.8018018018018,-2.81655488229368
1.79992850678248,-1.98591997967598
1.79856115107914,-3.21783940543473
1.79533213644524,-3.61206338081079
1.7921146953405,-3.53674153640112
1.78890876565295,-3.29264406029692
1.78752552590424,-3.08806028614513
1.78571428571429,-3.5756578862266
1.7825311942959,-2.59006938703574
1.77935943060498,-3.27162268537459
1.77619893428064,-3.32583082332728
1.77520801171763,-2.62741316556748
1.77304964539007,-0.437889940870615
1.76991150442478,-3.43490779162137
1.76678445229682,-2.41466161217375
1.7636684303351,-1.92686144016768
1.76297537528721,-3.56749119317034
1.76056338028169,-2.76542359463537
1.75746924428822,-3.55965929646068
1.75438596491228,-3.60535316908989
1.75131348511384,-2.58912096361042
1.75082703173572,-2.31845630846582
1.74825174825175,-2.94620360039526
1.74520069808028,-2.8159870803236
1.74216027874564,-2.68530332144153
1.73913043478261,-3.63833246193495
1.73876240021625,-3.62677834834745
1.73611111111111,-2.68987337448611
1.73310225303293,-1.89800956187808
1.73010380622837,-3.42029583822913
1.72711571675302,-3.03790301675924
1.72678090388436,-2.82321916346943
1.72413793103448,-2.45100228134013
1.72117039586919,-3.38938834920848
1.71821305841924,-2.09818725409873
1.71526586620926,-1.43517691133386
1.71488196987054,-3.32708903445326
1.71232876712329,-2.71405238091831
1.70940170940171,-1.40717211189338
1.70648464163823,-3.6572740093879
1.70357751277683,-3.60777280711822
1.70306502925284,-3.55816363562807
1.70068027210884,-3.16118535874265
1.69779286926995,-3.07142106033028
1.69491525423729,-2.87529210479594
1.69204737732657,-3.58557057226697
1.69132951702965,-3.49767635667878
1.68918918918919,-3.1703550931743
1.68634064080944,-2.75284129039415
1.68350168350168,-3.14381552408103
1.68067226890756,-1.65134096133563
1.67967487209265,-3.47594855313612
1.67785234899329,-2.49819121264728
1.6750418760469,-3.26233867093965
1.67224080267559,-3.40662804865483
1.669449081803,-2.45205588185855
1.66810053720006,-3.35378869402929
1.66666666666667,-3.45295201937436
1.66389351081531,-3.60381638028989
1.66112956810631,-2.28465818804569
1.65837479270315,-3.63770714448917
1.65660595894991,-3.41496537281752
1.65562913907285,-1.88967006925521
1.65289256198347,-2.66211613843545
1.65016501650165,-3.62929881472076
1.64744645799012,-3.06125743205809
1.64519058775366,-2.96850740995564
1.64473684210526,-1.57391651005978
1.64203612479475,-3.27946772638249
1.63934426229508,-3.1056737494605
1.6366612111293,-0.357096715591989
1.63398692810458,-2.86512646962039
1.63385387780986,-3.49009373743699
1.63132137030995,-2.91114054389105
1.62866449511401,-2.91444321895964
1.6260162601626,-3.16252664170811
1.62337662337662,-3.3550274440865
1.62259528707809,-3.3724047619976
1.62074554294976,-3.57960451683068
1.61812297734628,-3.66136772898353
1.61550888529887,-3.42919286833948
1.61290322580645,-2.01146918057976
1.61141427725302,-3.38620888368466
1.61030595813205,-2.02744169245092
1.60771704180064,-3.33503425597261
1.60513643659711,-1.14475916375643
1.6025641025641,-1.96570997152169
1.6003103137387,-2.51244005868854
1.6,-0.899480898739465
1.59744408945687,-1.77372191283568
1.59489633173844,0.667292476850766
1.59235668789809,-0.422837183103478
1.58982511923688,-3.11139634458076
1.58928286562298,-1.65435684078134
1.58730158730159,-2.87029978103454
1.58478605388273,-2.91558969022425
1.58227848101266,-1.01228551040704
1.57977883096367,-3.3821518562196
1.57833140565212,-3.58922872272695
1.57728706624606,-1.20524191503518
1.5748031496063,-3.24520158899103
1.57232704402516,-3.4126955072049
1.56985871271586,-2.3861673596656
1.5674554102056,-2.42067121427179
1.56739811912226,-1.97401079506774
1.56494522691706,-1.5929269383247
1.5625,-1.75179899643892
1.5600624024961,-3.54892042722288
1.55763239875389,-3.2952899025211
1.55665435927106,-3.32246660842265
1.5552099533437,-1.27252656149899
1.5527950310559,-1.76968432518999
1.55038759689922,-1.34502289901205
1.54798761609907,-0.102875957213295
1.54592773641948,-2.98901466821998
1.54559505409583,-3.25696057914053
1.54320987654321,-2.88996567580331
1.54083204930663,-3.0483858167626
1.53846153846154,-3.53644560733214
1.53609831029186,-1.77009769408313
1.53527502878042,-1.05530879487106
1.53374233128834,-3.43016166369021
1.53139356814701,-3.5735414840944
1.52905198776758,-3.55860216799563
1.52671755725191,-2.47245404871999
1.52469572701757,-3.55622101961769
1.52439024390244,-2.78685547925842
1.5220700152207,-3.5715248214925
1.51975683890577,-2.41294949871151
1.51745068285281,-2.20438064073501
1.51515151515152,-1.89349862392917
1.51418932530435,-3.58684419671986
1.51285930408472,-3.3607995262764
1.51057401812689,-2.79506845364129
1.50829562594268,-1.5565361341555
1.50602409638554,-3.49118554591514
1.50375939849624,-3.26792864493775
1.50375532129974,-3.30678457791943
1.5015015015015,-3.30210680814171
1.49925037481259,-3.10614399342172
1.49700598802395,-3.37018617556482
1.49476831091181,-2.41633752417733
1.49339321612425,-1.37342824649165
1.49253731343284,-3.61823529661289
1.4903129657228,-3.14551651043616
1.48809523809524,-1.51611165169499
1.48588410104012,-3.55989641324471
1.48367952522255,-3.31810655328787
1.4831025143361,-3.37430584959538
1.48148148148148,-3.10837718550813
1.4792899408284,-3.13252691576234
1.47710487444609,-3.27515219209168
1.47492625368732,-3.30949282120427
1.4728827239075,-3.23563417440387
1.47275405007364,-3.62020651437096
1.47058823529412,-3.63965158801805
1.46842878120411,0.644734691792867
1.46627565982405,-2.44539562496963
1.46412884333821,-1.61838552402362
1.46273335620113,-2.15953686844851
1.46198830409357,-1.08497355128186
1.45985401459854,-3.16734136624522
1.45772594752187,-3.59242476566511
1.45560407569141,-1.91154419136485
1.45348837209302,-0.575175301737612
1.45265392594678,-3.28965884578489
1.45137880986938,-0.10300632458664
1.44927536231884,-3.22247788682592
1.44717800289436,-1.79810980603524
1.44508670520231,-1.35422696371021
1.44300144300144,-2.49728531630576
1.44264395121816,-3.13071015730979
1.44092219020173,-3.22153781891013
1.43884892086331,-0.868132386561295
1.4367816091954,-3.49828479378923
1.43472022955524,-2.48570264521579
1.43270295340983,-3.29737392531738
1.43266475644699,-3.23171068813535
1.43061516452074,-1.62966086521193
1.42857142857143,3.01767209042889
1.4265335235378,-0.0944673673896927
1.42450142450142,-1.7977584510928
1.42283045721435,-1.00361269950168
1.42247510668563,-2.19467583906454
1.42045454545455,-0.602903782887704
1.41843971631206,-3.08277742234413
1.41643059490085,0.0240539043477854
1.41442715700141,-0.13366739786927
1.41302599059953,-0.533003059095601
1.41242937853107,-2.35409150919979
1.41043723554302,-3.03290801946288
1.40845070422535,-3.49048545525185
1.40646976090014,-3.18034370054614
1.40449438202247,-2.80007277474867
1.40328908478587,-1.0324017295306
1.40252454417952,-3.63592531013794
1.40056022408964,-3.47416975995268
1.3986013986014,-3.3440771749771
1.39664804469274,-1.90131088649998
1.39470013947001,-2.22870903088069
1.39361927422414,-0.0978195622519236
1.39275766016713,-3.02201859900982
1.39082058414465,-1.53575793800267
1.38888888888889,-2.45305231886102
1.3869625520111,-3.02996546758568
1.38504155124654,-2.25827570979622
1.38401609657313,-1.44086774775694
1.38312586445367,-1.60452558515358
1.38121546961326,-2.72384565110927
1.37931034482759,-2.82317825589437
1.37741046831956,-3.64032982381637
1.37551581843191,-3.45742259732024
1.37447909267754,-2.2303260746694
1.37362637362637,-3.5814432391124
1.37174211248285,-3.3291568602962
1.36986301369863,-2.33398392081686
1.36798905608755,-3.60336826053828
1.36612021857923,-3.16816123526167
1.36500780654601,-2.48913684476498
1.36425648021828,-2.44056456844886
1.36239782016349,-2.77904497761211
1.36054421768707,-2.85341589294547
1.35869565217391,-3.44474346214626
1.35685210312076,-3.42375972745129
1.35560178532937,-2.81274849528453
1.3550135501355,-2.41794447786226
1.3531799729364,-3.32141634376272
1.35135135135135,-3.29836837441926
1.34952766531714,-3.42724904506731
1.34770889487871,-1.34260365589499
1.34626057929891,-2.47143176894452
1.34589502018843,-3.01006305064898
1.34408602150538,-1.19294163579401
1.34228187919463,-3.2237547210437
1.34048257372654,-3.42221030559748
1.33868808567604,-3.11945973257711
1.33698374182495,-2.80017582635069
1.33689839572193,-3.33443805881582
1.33511348464619,-3.27887108927079
1.33333333333333,-2.29829640225433
1.33155792276964,-2.4047267552912
1.32978723404255,-3.37610069833006
1.32802124833997,-3.29233018444604
1.32777082935543,-3.3021183845246
1.3262599469496,-3.55008593650909
1.32450331125828,-2.05819106817561
1.32275132275132,-2.60597111045554
1.32100396301189,-3.23623521878589
1.31926121372032,-2.83179041765599
1.31862140139475,-3.59810682597095
1.31752305665349,-2.85672868679229
1.31578947368421,-2.40698006258729
1.31406044678055,-0.429886963086555
1.31233595800525,0.167525801107577
1.31061598951507,-1.33315959470762
1.30953502048267,-2.81658979435364
1.30890052356021,-2.91240678709279
1.30718954248366,-1.14321101220547
1.30548302872063,-1.51578461697541
1.30378096479791,-3.46582463684997
1.30208333333333,-1.99450904586102
1.30051125217341,-2.22096828083896
1.30039011703511,-2.89550820918678
1.2987012987013,-3.36239927369528
1.2970168612192,-3.56083782206361
1.29533678756477,-2.7885556201697
1.29366106080207,-2.43145375820113
1.29198966408269,-3.40779840871054
1.29154966501488,-2.25770418953051
1.29032258064516,-3.2293787922844
1.28865979381443,-3.2674512367506
1.28700128700129,-2.57582774790937
1.2853470437018,1.98118223971422
1.28369704749679,-2.3616191963929
1.28264983052806,-3.56386161485492
1.28205128205128,-2.52421879393115
1.28040973111396,0.51360206350832
1.27877237851662,-1.93387590760652
1.27713920817369,-1.99679024223509
1.27551020408163,-2.01873013354237
1.27388535031847,-1.28569545229912
1.27381132318648,-1.82373635771763
1.27226463104326,-2.81466810605546
1.27064803049555,-3.57597615187806
1.26903553299492,-3.53149083473199
1.26742712294043,-3.09468769364501
1.26582278481013,-2.31557075119069
1.2650337203959,-3.53988477803513
1.26422250316056,-1.22823221681717
1.26262626262626,-3.30893240468942
1.26103404791929,-3.43273151335488
1.25944584382872,-2.0331420568297
1.25786163522013,-1.58478015691174
1.25631660247412,-2.81887006358276
1.25628140703518,-2.44081622497087
1.25470514429109,-0.953268906708113
1.2531328320802,-3.13116612814722
1.25156445556946,-2.82417154326346
1.25,-3.26678611539615
1.24843945068664,-2.83281019521813
1.24765955263087,-2.9965133073375
1.24688279301746,-3.51765147132094
1.2453300124533,-2.66846544113103
1.24378109452736,-2.51924305644455
1.24223602484472,-3.25696701712071
1.24069478908189,-2.74102667546209
1.23915737298637,-3.08625734852229
1.23906215694792,-3.12563867867329
1.23762376237624,-1.99931935671737
1.23609394313968,-3.0933197664625
1.23456790123457,-3.29471485344005
1.23304562268804,-1.46975393749899
1.23152709359606,-3.46154684790944
1.23052400435926,-2.40557768665529
1.230012300123,-2.20482498733197
1.22850122850123,-3.64586796071473
1.22699386503067,-3.34583900670377
1.22549019607843,-2.27166145762528
1.22399020807834,-3.34792762854648
1.22249388753056,-2.74547293823691
1.22204468663149,-3.40171116403645
1.22100122100122,-2.14535318884854
1.21951219512195,-2.45244264905902
1.21802679658952,-2.40650013123094
1.21654501216545,-1.11208453510003
1.21506682867558,0.312043848850739
1.21362379834424,-2.60091313062558
1.21359223300971,-3.33714440364686
1.21212121212121,-2.72082613185695
1.21065375302663,-0.646071710503274
1.20918984280532,-2.78540386237132
1.20772946859903,-3.33390999497164
1.20627261761158,-2.87834274555594
1.20526093687084,-3.61736773101567
1.20481927710843,-3.54235226574392
1.20336943441637,-3.06840611075962
1.20192307692308,-3.01935337976952
1.20048019207683,-3.22450438525042
1.19904076738609,-0.985548251747029
1.19760479041916,-3.62502668952326
1.19695570235904,-2.90384897798021
1.19617224880383,-3.55119680243488
1.194743130227,-2.65800602790564
1.19331742243437,-2.76737155315628
1.19189511323004,-0.255307997403814
1.19047619047619,-3.08253175618641
1.18906064209275,-2.39929403568349
1.1887076977119,-3.42665741291686
1.18764845605701,-1.0915663269604
1.18623962040332,-2.77386550822497
1.18483412322275,-2.7749872213494
1.18343195266272,-1.4852128838748
1.18203309692671,-0.584742611531577
1.18063754427391,-1.7513196610641
1.18051652856881,-3.42453050843293
1.17924528301887,-1.60522497025955
1.17785630153121,-2.82942546832173
1.17647058823529,-2.91764708773889
1.17508813160987,-2.96517516336415
1.17370892018779,-1.26657464573391
1.1723818032866,-2.24993889150972
1.17233294255569,-1.1674248427761
1.17096018735363,-2.95681364655097
1.16959064327485,-3.41589300301994
1.16822429906542,-2.33259004429145
1.16686114352392,1.66462692998143
1.16550116550117,-1.86661436498245
1.16430313292088,-3.30313932365119
1.16414435389988,-2.64088083602679
1.16279069767442,-0.630350794673329
1.16144018583043,-2.20454072294508
1.16009280742459,-3.3372269969014
1.15874855156431,-3.08293083209808
1.15740740740741,-0.904179459585559
1.15628013120738,-3.53924926730353
1.15606936416185,-2.38112002694479
1.15473441108545,-3.30113540478605
1.15340253748558,-2.30471355246813
1.15207373271889,-3.25578850496636
1.15074798619102,-2.09728941426125
1.14942528735632,-3.37695691599979
1.14831241454351,-3.08692246455719
1.14810562571757,-3.52286598132299
1.14678899082569,-2.04078113071211
1.1454753722795,-3.20332421509549
1.1441647597254,-2.94151131574425
1.14285714285714,-3.54542952907293
1.14155251141553,-1.7518883513698
1.14039960197003,-1.59224159160966
1.14025085518814,-3.17487161667126
1.13895216400911,-3.3827681411084
1.13765642775882,-2.39720924780543
1.13636363636364,-1.3816643951017
1.13507377979569,-3.28755126502214
1.13378684807256,-0.561484942587991
1.13254131515281,4.38871619196148
1.13250283125708,2.9357690468916
1.13122171945701,-2.995191989648
1.12994350282486,-3.40640821994914
1.12866817155756,-2.56159056920766
1.12739571589628,-0.781176387673592
1.12612612612613,-2.55083585825873
1.12485939257593,-3.13884040773454
1.12473717836475,-2.95227991143899
1.12359550561798,-2.39371635510018
1.12233445566779,-3.39290569210537
1.12107623318386,-1.42828465496886
1.11982082866741,-3.58446623636614
1.11856823266219,-3.24897941404982
1.11731843575419,-1.14051879903242
1.11698681846782,-3.46897998941268
1.11607142857143,-3.52592898211155
1.11482720178372,-3.51156394351294
1.11358574610245,-2.75535994063902
1.11234705228031,-0.0945807190104047
1.11111111111111,-1.61006322012961
1.10987791342952,-2.57886886071706
1.10928986489522,-2.76330437992213
1.10864745011086,-1.33514290007055
1.10741971207087,-3.64431406409077
1.10619469026549,-2.76161595041439
1.10497237569061,-2.94049946146195
1.1037527593819,-3.598564974479
1.10253583241455,-2.89852411889477
1.10164594963366,-3.38406150699889
1.10132158590308,-3.01297916274823
1.1001100110011,0.300410495518567
1.0989010989011,-3.20843043352555
1.09769484083425,-2.91406261193257
1.09649122807018,-3.64335687278686
1.09529025191676,-2.31859629912661
1.09409190371991,-3.33638053132712
1.09405470720574,-3.34568031840218
1.09289617486339,-2.93898458067032
1.09170305676856,-3.36167784083399
1.09051254089422,-2.77013019409962
1.08932461873638,-0.975838760390114
1.08813928182807,-3.11622605798645
1.08695652173913,-1.14936096129922
1.08651577465254,-0.605526908012318
1.085776330076,-0.734974929337976
1.08459869848156,-3.45800971268677
1.08342361863489,-2.61664775575719
1.08225108225108,-2.09124255943548
1.08108108108108,-0.628724923813716
1.07991360691145,-1.19355224193812
1.07902879151618,-1.12001309364494
1.07874865156419,-2.76067748109524
1.07758620689655,-1.70421950515073
1.07642626480086,-2.47538915556275
1.0752688172043,-2.86111986834909
1.07411385606874,-2.76523802601899
1.07296137339056,-2.27275406929793
1.07181136120043,-1.29078294679767
1.07159339982267,-2.09192832009272
1.07066381156317,-2.85131856794224
1.06951871657754,-0.366183544205295
1.06837606837607,-0.802499165878753
1.06723585912487,-1.33059977396932
1.06609808102345,-0.67626341116259
1.06496272630458,-3.48061919306904
1.06420924406472,-2.43801086611752
1.06382978723404,-2.58413800919969
1.06269925611052,-0.748556227310824
1.06157112526539,-3.25204052543473
1.06044538706257,-1.11899405038609
1.0593220338983,-1.10693277126024
1.05820105820106,-2.46619341092888
1.05708245243129,-2.91778246147372
1.0568759711848,-3.39580004127056
1.05596620908131,-3.35876222151419
1.05485232067511,-2.88666645447988
1.05374077976818,-2.92355839514532
1.05263157894737,-2.69569604306902
1.0515247108307,-2.90137132389826
1.05042016806723,-2.41940325818767
1.04959323055823,-3.30328535693364
1.04931794333683,-1.67853105419642
1.0482180293501,-2.39117507682108
1.04712041884817,-2.78531645683658
1.04602510460251,-3.12750805738853
1.04493207941484,-2.93374198481525
1.04384133611691,-3.53258300347498
1.04275286757039,-2.81170833945886
1.0423606739764,-1.50309023753745
1.04166666666667,2.1340654422608
1.04058272632674,-0.914086320279874
1.03950103950104,0.387263971988848
1.03842159916926,1.551646858556
1.03734439834025,-2.64974424855317
1.03626943005181,-3.59323246885416
1.0351966873706,-2.17794708629436
1.03517795563018,-1.63082231551997
1.03412616339193,-3.53572729909883
1.03305785123967,-2.38633302336531
1.03199174406605,-3.30744655500156
1.03092783505155,-3.34473131075718
1.02986611740474,-3.536909058261
1.02880658436214,-2.93760418134247
1.02804473209331,-0.217667258406048
1.02774922918808,-3.39799798423389
1.02669404517454,-3.58018290693401
1.02564102564103,-3.3546864619597
1.02459016393443,-3.03105253697661
1.02354145342886,-3.06579531258874
1.02249488752556,-3.64127689241659
1.02145045965271,-1.88384279958397
1.02096066230605,-3.36898654682171
1.02040816326531,-2.98059276137301
1.01936799184506,-3.3111965659571
1.0183299389002,-2.5365179572335
1.01729399796541,-3.50254079039096
1.01626016260163,-3.09721655322637
1.01522842639594,-2.87325578661774
1.01419878296146,-3.29248906736468
1.01392540755882,-3.30876534267353
1.01317122593718,-0.432126506416306
1.01214574898785,-3.15259302929142
1.01112234580384,-1.98036583861106
1.01010101010101,-1.46883396286754
1.00908173562059,-2.18633622221348
1.00806451612903,-0.083175609002903
1.00704934541793,-1.81848317353272
1.00693863147603,-3.38265028275056
1.00603621730382,-3.07809877255432
1.00502512562814,-3.07973785014736
1.00401606425703,1.87307579926513
1.00300902708124,-0.749926806742461
1.00200400801603,0.0662750905226135
1.001001001001,4.03212661139039
1,-2.0384257635993
