"bfp_output.P","bfp_output.logBF"
1000,0.131981954664117
993.109181374979,0.269067260407174
986.265846131283,0.346972458557976
979.46966706954,0.369281320875406
972.720319245055,0.342384865728367
966.017479952265,0.272275004105713
959.360828709315,0.161801466092972
952.75004724273,0.00948186959864916
946.184819472201,-0.189756636335782
939.66483149547,-0.442085315567947
933.189771573324,-0.751099367747126
926.759330114689,-1.11396617507803
920.373199661823,-1.51884952792205
914.031074875623,-1.94502052211292
907.732652521023,-2.36605595406591
901.477631452492,-2.75489205031838
895.26571259964,-3.08846376536799
889.096598952916,-3.35010590379015
882.969995549409,-3.5294054442957
876.885609458743,-3.6205896915935
870.843149769073,-3.62112293496041
864.842327573172,-3.53203325320568
858.882855954625,-3.36068198761439
852.964449974103,-3.12494913216319
847.086826655741,-2.85526870089786
841.249704973612,-2.59011094324513
835.452805838287,-2.36484434220643
829.695852083491,-2.20083935966958
823.978568452852,-2.10239663284217
818.300681586739,-2.06190065392114
812.661920009195,-2.06775293345894
807.06201411495,-2.11032296480071
801.500696156541,-2.18443431965964
795.977700231499,-2.28838763713729
790.492762269642,-2.41958471377383
785.045620020451,-2.56842380794238
779.636013040523,-2.71669253949487
774.263682681127,-2.84565221581122
768.928372075831,-2.94651646567454
763.629826128224,-3.02186103098584
758.367791499719,-3.0794223131618
753.142016597437,-3.12620792156271
747.952251562182,-3.16557638799677
742.798248256492,-3.19568137534751
737.679760252773,-3.20779065422941
732.596542821523,-3.18598824685507
727.548352919623,-3.11575833522592
722.534949178721,-3.00740263549956
717.556091893692,-2.90688547173881
712.611543011175,-2.85907130214376
707.701066118189,-2.87346367119657
702.824426430835,-2.93619727710755
697.981390783066,-3.03074972216198
693.17172761554,-3.14328198768181
688.39520696455,-3.25868847594166
683.651600451024,-3.35514118773885
678.940681269611,-3.40288053914731
674.262224177835,-3.37311143333145
669.616005485322,-3.25536950657429
665.001803043112,-3.06701605044271
660.419396233031,-2.84230678502022
655.868565957143,-2.613567555741
651.349094627281,-2.40288998030136
646.860766154633,-2.22533722805705
642.40336593942,-2.09452039682516
637.976680860628,-2.02392885081799
633.580499265825,-2.02320553195794
629.214610961035,-2.09349312545329
624.878807200689,-2.22664395519716
620.57288067765,-2.40816474288759
616.296625513294,-2.61963105108027
612.04983724767,-2.83844660397393
607.832312829723,-3.03750185915338
603.643850607587,-3.18797847955569
599.484250318941,-3.26403460644139
595.353313081437,-3.24471886950156
591.250841383188,-3.11205857493938
587.176639073326,-2.85155971707
583.130511352622,-2.46498707441601
579.112264764176,-1.99706633107398
575.121707184161,-1.54893677696829
571.158647812643,-1.2353128739776
567.222897164454,-1.11115441481338
563.314267060136,-1.15630697505348
559.432570616938,-1.32232353936875
555.577622239888,-1.57235280892548
551.749237612913,-1.88502834897811
547.947233690029,-2.23706853591177
544.171428686589,-2.58854482801346
540.421642070592,-2.88526771894605
536.697694554048,-3.06986649389041
532.999408084409,-3.08742250999479
529.326605836056,-2.8940115233356
525.679112201842,-2.48686738899321
522.056752784698,-1.94092123198522
518.459354389291,-1.39220574056521
514.886745013749,-0.958356876383145
511.338753841433,-0.684541332241461
507.815211232767,-0.562653787402108
504.315948717136,-0.57585436828263
500.840798984821,-0.719662485366181
500,-0.774374160228443
497.389595879006,-0.992567866885518
493.962174387832,-1.38027105671055
490.558370636505,-1.85712902985623
487.178021879463,-2.39067441782823
483.820966492595,-2.92536086277495
480.487043965513,-3.35951938499191
477.176094893875,-3.56666373949015
473.887960971765,-3.48136023319024
470.622484984128,-3.1561670598427
467.379510799247,-2.70989782959877
464.158883361278,-2.24875447594921
460.960448682844,-1.84246769899898
457.784053837662,-1.53271860884386
454.62954695324,-1.33612879208941
451.49677720361,-1.24775673546092
448.385594802119,-1.26161533329458
445.295850994266,-1.3914761036854
442.22739805059,-1.66290712918923
439.180089259609,-2.07032268212726
436.153778920801,-2.53938688503753
433.14832233764,-2.96022022446995
430.16357581068,-3.26494198050771
427.199396630678,-3.45263145668674
424.255643071778,-3.5567781214486
421.332174384729,-3.6114819270045
418.428850790158,-3.63884147784217
415.545533471888,-3.65013486797174
412.682084570296,-3.65014020077235
409.838367175726,-3.63990530987693
407.014245321944,-3.61794341349637
404.209583979631,-3.57938150720359
401.424249049932,-3.51200880097876
398.658107358044,-3.39439616284583
395.911026646846,-3.2081970670621
393.182875570577,-2.97940214849113
390.473523688556,-2.80319250608302
387.782841458946,-2.75091869342942
385.110700232557,-2.78358425609103
382.4569722467,-2.79168975171963
379.821530619074,-2.62087877942711
377.2042493417,-2.15216947503388
374.605003274899,-1.63050917604077
372.023668141307,-1.50260193336673
369.46012051993,-1.77480751581806
366.914237840249,-2.14423922550834
364.385898376355,-2.02467187819944
361.874981241128,-0.813580275376277
359.381366380463,0.653866994336046
356.904934567523,1.13249374082462
354.445567397043,0.452359629015196
352.003147279668,-1.05126381733883
349.577557436327,-2.47012372620953
347.168681892656,-2.92503256186235
344.776405473446,-2.71905459964314
342.400613797142,-2.4935794691142
340.041193270371,-2.26017461331476
337.698031082509,-1.52737318214313
335.371015200293,0.0818688390070195
333.333333333333,2.06734459691341
333.060034362459,2.34873788906048
330.764978074424,4.45602989037208
328.485736603004,5.07723627557958
326.222200971167,3.24445376847321
323.97426295282,0.25985697597891
321.741815067637,-1.8323752081868
319.524750575921,-2.50884552530878
317.322963473498,-1.9699502131608
315.136348486648,-0.586161280928233
312.964801067075,0.827969396887728
310.808217386907,1.46776723909038
308.666494333727,1.28161904917345
306.539529505653,0.625462620064572
304.42722120643,0.0364372988594157
302.329468440578,0.250766517169997
300.246170908555,1.72999520488061
298.177229001967,3.79848186796638
296.122543798804,4.55961928051632
294.082017058706,3.54349468350232
292.055551218275,2.32099065303509
290.043049386399,1.54380336276644
288.04441533963,0.688004789228605
286.059553517574,-0.00527219059675144
284.08836901833,0.654659979239018
282.130767593947,2.76518536786343
280.18665564592,4.16324518833791
278.255940220713,3.21448778734841
276.338529005317,0.752567971836744
274.434330322837,-1.57266134971574
272.543253128103,-2.39342906769012
270.665207003324,-0.571521797784878
268.800102153761,4.09708447821946
266.947849403432,9.81822893420098
264.398832986803,13.4304614992686
263.281546564802,12.0580920686084
261.467321180109,6.42350882449607
259.665597293487,-0.177764810224384
257.87628875938,-3.41440967508724
256.099310025846,-2.67801536745217
254.334576130465,-0.137544281997616
252.582002696278,2.68180730167358
250.841505927754,4.99928652031922
250,5.56788516639158
249.113002606779,5.33399966807621
247.396410088681,1.58571043145695
245.691646298279,-2.4985038301268
243.998629725955,-3.04889911557553
242.31727942376,-2.22203441864969
240.647515001542,-1.43578345877234
238.989256623105,-1.01478975838337
237.342425002387,-1.43436273714205
235.706941399673,-2.27395257099591
234.082727617829,-1.56290533528037
232.469705998565,0.110954789499478
230.867799418717,0.782695527874911
229.276931286565,-0.606962705089454
227.697025538168,-2.63520791265223
226.128006633728,-3.02952679704226
224.569799553977,-0.910192779742867
223.022329796594,3.03986738277287
221.485523372636,7.21830451297187
219.959306803008,8.21037494950081
218.443607114943,3.61872359930876
216.938351838519,-1.61040509948448
215.443469003188,-3.16254260240991
213.958887134342,-1.37297921369342
212.484535249888,1.89045714938401
211.02034285686,3.58789792792168
209.566239948043,2.19602440138339
208.122156998634,-0.233910312161281
206.688024962908,-2.1595617104581
205.263775270925,-2.67658295940979
203.849339825246,-2.14706581492369
202.44465099768,-2.00919919790065
201.04964162605,-2.75619558255387
200,-3.27756560664518
199.664245010979,-3.37687830734087
198.288394912707,-3.4166410789311
196.922025547917,-3.16982115914386
195.565071586595,-3.19468489260647
194.217468148903,-3.37388540526667
192.879150802078,-3.41552305767511
191.550055557353,-3.45590952814573
190.230118866895,-3.38961895070438
188.919277620767,-3.41445726253535
187.617469143912,-3.59503876702261
186.324631193156,-3.3866170091213
185.04070195423,-3.15560556664367
183.765620038817,-2.57695174417436
182.499324481615,-1.97082087537351
181.241754737424,-2.17085502187355
179.992850678248,-2.0763989062127
178.752552590424,-2.15847788833635
177.520801171764,-2.95085871271091
176.297537528721,-2.76144441654959
175.082703173572,-1.65018447696742
173.876240021625,0.273514805251456
172.678090388436,1.34537743134088
171.488196987054,-0.464504690396903
170.306502925284,-2.28229904589922
169.132951702965,-3.08236945343152
167.967487209265,-2.48832017053483
166.810053720006,-1.22144168857231
166.666666666667,-1.08248300239519
165.660595894991,0.0250717157811566
164.519058775366,2.09623536523616
163.385387780986,4.12823992755613
162.259528707809,0.934762191522698
161.141427725302,-2.9833635820146
160.03103137387,-0.2988313297006
158.928286562298,5.08839817908642
157.833140565212,8.12295711640052
156.745541020559,3.01236379175164
155.665435927106,-3.05429769096032
154.592773641948,-1.48168492359808
153.527502878042,3.24034187386515
152.469572701757,4.41328051369256
151.418932530435,0.585286485144327
150.375532129974,-3.07278094299893
149.339321612425,-1.53185748605069
148.310251433611,-0.490755884590935
147.28827239075,-1.55267127118766
146.273335620113,-3.03807044048896
145.265392594678,-1.79052981434681
144.264395121816,-1.51264400550057
143.270295340983,-1.72235070067888
142.857142857143,-1.89935006370619
142.283045721435,-1.87276742918554
141.302599059953,-1.00262719568077
140.328908478587,-2.22943322566358
139.361927422414,-1.55908201965697
138.401609657313,2.67502879788306
137.447909267754,5.95078148417871
136.500780654601,1.50230947064369
135.560178532937,-3.29366501833804
134.626057929891,-0.690888237751589
133.698374182495,4.18363228241403
132.777082935543,1.53940397481408
131.862140139475,-2.37523596475686
130.953502048267,-3.5276660852452
130.051125217341,-3.42384371333362
129.154966501488,-3.04327993545
128.264983052806,-2.80798224554708
127.381132318648,-3.32838009334464
126.50337203959,-3.10571326316194
125.631660247412,-1.91865590579938
125,-1.40088542417346
124.765955263087,-1.65148467984177
123.906215694792,-3.43498573496053
123.052400435926,-3.30061651470815
122.204468663149,-1.96938735676012
121.362379834424,-1.83662318999121
120.526093687084,-2.98560847721508
119.695570235904,-3.52389793920905
118.87076977119,-3.1494150895008
118.051652856881,-2.76073029795937
117.23818032866,-2.80035300793021
116.430313292088,-3.34638238582159
115.628013120738,-3.65817122805505
114.831241454351,-3.09954144454137
114.039960197003,-2.64080817212986
113.254131515281,-3.01212885521867
112.473717836475,-3.66085734758085
111.698681846782,-2.63636879108348
111.111111111111,-1.10302767831969
110.928986489522,-0.771894339278371
110.164594963366,-0.899955220952999
109.405470720574,-3.15354153422607
108.651577465254,-3.05565065307816
107.902879151618,-1.2108899404305
107.159339982267,-0.867280464816171
106.420924406472,-2.89777330229914
105.68759711848,-2.09923618713325
104.959323055823,-1.00017603318163
104.23606739764,-3.27884018356435
103.517795563018,-2.70228383544009
102.804473209331,0.815045020303065
102.096066230605,-0.355249040299621
101.392540755882,-2.53728322794678
100.693863147603,-1.0342457094777
100,-0.623666004226247
100,-0.623666004226219
99.310918137498,-1.24782780904304
98.6265846131283,-2.47137387948937
97.946966706954,-2.48995498451172
97.2720319245054,-2.34774393175963
96.6017479952265,-3.60013377836524
95.9360828709315,-2.64959268131012
95.2750047242729,-2.35124121975106
94.61848194722,-3.61147045142347
93.966483149547,-0.0709039337329882
93.3189771573324,-0.213839409368556
92.6759330114688,-3.45820915284805
92.0373199661823,-1.705415870419
91.4031074875623,-0.902883832178627
90.9090909090909,-1.79270239325855
90.7732652521023,-1.7532728799821
90.1477631452492,-2.78363625242961
89.526571259964,-2.84022653840243
88.9096598952916,1.09422048380863
88.2969995549409,-0.404231285826977
87.6885609458743,-3.45787373167608
87.0843149769073,-0.63926298792317
86.4842327573172,-1.70639842486441
85.8882855954625,-2.54640961977854
85.2964449974102,-1.5863154518628
84.7086826655741,-2.73931996130316
84.1249704973612,-1.85090637631962
83.5452805838287,-3.52910805356189
83.3333333333333,-2.71298713809356
82.9695852083491,-1.21112001163625
82.3978568452852,-3.56760027402508
81.8300681586739,2.22928526930129
81.2661920009194,-0.55133403143473
80.706201411495,-0.673022586359944
80.150069615654,9.67451030261312
79.5977700231498,-1.12825004158186
79.0492762269642,-1.34660303383661
78.5045620020451,-0.220863718705952
77.9636013040523,1.57375700658712
77.4263682681127,-3.6416436124124
76.9230769230769,1.56856570137014
76.8928372075831,1.91701214536424
76.3629826128224,-3.21677195390792
75.8367791499719,-1.57771605903509
75.3142016597437,-2.60103050736778
74.7952251562182,-2.65630940974035
74.2798248256491,-2.67916005004953
73.7679760252773,-3.14583466817147
73.2596542821523,-2.60677789050753
72.7548352919623,-3.37998358326395
72.2534949178722,-3.58695751229355
71.7556091893693,-2.63956835645025
71.4285714285714,-1.27719148475655
71.2611543011175,-1.80296140817957
70.7701066118189,-3.0400407722637
70.2824426430835,-0.888832323367533
69.7981390783066,-2.26744665538315
69.3171727615541,-3.34975590761321
68.839520696455,-3.44522848444459
68.3651600451024,-1.31272108779204
67.8940681269611,-2.95615864740408
67.4262224177834,-2.05094086652793
66.9616005485322,-3.06564621842152
66.6666666666667,1.50118393353371
66.5001803043112,1.18086001455463
66.0419396233031,-1.92409884749061
65.5868565957143,-0.259828626283887
65.134909462728,-1.48997034872512
64.6860766154633,-2.66279741389233
64.2403365939419,-2.02492451640493
63.7976680860628,-3.24774233067044
63.3580499265825,-0.400597052326513
62.9214610961034,-2.38162762837392
62.5,-2.18682544010461
62.4878807200689,-2.23841401947758
62.057288067765,-2.98156098300849
61.6296625513294,-2.81903647976001
61.204983724767,-3.52147942921546
60.7832312829723,-2.09160049392237
60.3643850607587,-3.48560869038236
59.9484250318941,-2.99903539112214
59.5353313081437,-3.65538037370002
59.1250841383188,-3.59385915809274
58.8235294117647,-3.11924023336773
58.7176639073326,-1.93298540612086
58.3130511352622,-2.54465085947559
57.9112264764176,-2.78833898786952
57.5121707184161,-2.45780214249283
57.1158647812643,-3.65365868095229
56.7222897164454,-3.04575280437781
56.3314267060136,-2.43527394028056
55.9432570616938,-2.66187920758493
55.5577622239888,-2.27211985454623
55.5555555555556,-2.2476239787402
55.1749237612912,-1.78724055634317
54.7947233690029,-3.18181144706711
54.4171428686589,-3.06456866259482
54.0421642070592,-3.04745683027989
53.6697694554048,-3.27968617102963
53.2999408084409,-3.56683532401827
52.9326605836056,-2.22900174047707
52.6315789473684,-3.07802274725951
52.5679112201842,-3.24970968003877
52.2056752784698,-1.61233602925814
51.8459354389291,-3.36571583003087
51.488674501375,-3.61034125076771
51.1338753841433,-2.78798607455466
50.7815211232767,-2.35512860053363
50.4315948717136,-0.383520323155788
50.0840798984821,-3.3904548177404
50,-3.05979405937127
49.7389595879007,-3.3112589104745
49.3962174387832,-2.70073612731859
49.0558370636505,-2.82849618520238
48.7178021879463,-2.77689261678064
48.3820966492596,-3.22046608170371
48.0487043965513,-0.204393913493656
47.7176094893875,-2.92997494509727
47.6190476190476,-1.91163281585373
47.3887960971765,-2.34200742055033
47.0622484984128,-3.33146610157059
46.7379510799246,1.52039813510031
46.4158883361278,-2.10120314952125
46.0960448682843,-2.28399360679749
45.7784053837662,-2.82321289964922
45.462954695324,-2.59927185576596
45.4545454545455,-2.58745473688607
45.149677720361,-2.50228586122581
44.8385594802119,-1.97206588346638
44.5295850994266,-2.31175567020569
44.222739805059,9.49395557144765
43.9180089259609,-0.518364552934382
43.6153778920801,-1.07702549858534
43.4782608695652,-2.16786730510686
43.314832233764,-2.15651700178254
43.016357581068,-3.60518290703764
42.7199396630678,-1.26688988431685
42.4255643071778,-2.07488814367188
42.1332174384729,-0.49412882579271
41.8428850790158,-0.9983759858445
41.6666666666667,-3.07437737166291
41.5545533471888,-1.32192458140683
41.2682084570295,-3.35744296587124
40.9838367175726,-1.4502767434359
40.7014245321944,-2.64724500328249
40.4209583979631,-3.56233152015885
40.1424249049932,0.681518949695591
40,-3.03367882991752
39.8658107358044,-1.45635172855283
39.5911026646846,-2.85509963589423
39.3182875570577,-2.19922614061106
39.0473523688556,-0.591554421680239
38.7782841458946,-3.04688449384751
38.5110700232557,-3.18371120272236
38.4615384615385,-3.60653232553606
38.24569722467,-1.71645000765563
37.9821530619073,-1.71775955727157
37.72042493417,-3.38207308347999
37.4605003274899,-1.93549518464048
37.2023668141307,-3.16863311415973
37.037037037037,-3.58577705755372
36.946012051993,-3.29637489697894
36.6914237840249,-1.83005291672201
36.4385898376355,-2.73538609683141
36.1874981241128,-2.69517233598158
35.9381366380463,-3.28725016396894
35.7142857142857,-2.83419367713848
35.6904934567523,-3.10350915439822
35.4445567397043,-0.618575438071086
35.2003147279668,-2.03255736404212
34.9577557436328,-3.22484733727957
34.7168681892656,-3.5476124955443
34.4827586206897,-3.4486135011095
34.4776405473446,-3.37331555162789
34.2400613797142,-3.07719475054487
34.0041193270371,-1.08157132484178
33.7698031082509,-3.49942592317891
33.5371015200293,-1.72417374183301
33.3333333333333,-2.00720268214387
33.3060034362459,0.290934639378055
33.0764978074424,-3.10055723270384
32.8485736603004,-2.96870593895461
32.6222200971167,-2.64102872865844
32.397426295282,1.51477388902275
32.258064516129,-3.00624427028405
32.1741815067637,0.128837170851644
31.9524750575921,-3.17659226959283
31.7322963473498,-3.66308457046166
31.5136348486648,-3.22452925149055
31.2964801067075,-2.39644137123595
31.25,-3.43773712385281
31.0808217386906,-3.08370908221569
30.8666494333727,-3.53315837274861
30.6539529505653,-2.99815555930045
30.442722120643,-0.209572933996593
30.3030303030303,-3.65468135832902
30.2329468440578,-2.59105802991511
30.0246170908555,-3.20032322197722
29.8177229001967,-3.23533249226709
29.6122543798804,-3.12595285305739
29.4117647058824,-2.84601435506705
29.4082017058706,-2.77774707474598
29.2055551218275,-3.12544599539977
29.0043049386399,-2.70248768292465
28.804441533963,-1.52958584852716
28.6059553517574,-2.70543773128166
28.5714285714286,-3.56958276811424
28.408836901833,-3.58561947165084
28.2130767593947,-3.15851999829742
28.018665564592,-3.47308866968525
27.8255940220712,-3.11707264747137
27.7777777777778,-3.65318188940325
27.6338529005317,-1.55629998843143
27.4434330322836,-1.04174711974037
27.2543253128103,-1.74285110039078
27.0665207003324,0.523596162475731
27.027027027027,-1.44417108263813
26.8800102153761,1.89818264414352
26.6947849403432,1.26861777768848
26.5108360190854,-3.0015374713782
26.3281546564802,-2.1211361717758
26.3157894736842,-0.979527073202841
26.1467321180109,-1.83937164427486
25.9665597293487,-3.02251115353591
25.787628875938,-0.990696225281293
25.6410256410256,-2.17617842171368
25.6099310025846,-2.68793593688177
25.4334576130465,-2.23591612498687
25.2582002696278,2.12312183808358
25.0841505927754,0.249551393986072
25,7.09236300356209
24.9113002606779,3.9352214248351
24.7396410088681,3.4684912173084
24.5691646298279,-2.41976211466801
24.3998629725955,-1.43523059252756
24.390243902439,-2.01754649419315
24.231727942376,-2.63041470184849
24.0647515001542,-2.31772447534318
23.8989256623105,-3.39688242663872
23.8095238095238,-3.45379117876963
23.7342425002387,-1.43401954398315
23.5706941399673,-1.25631811752843
23.4082727617829,-0.776706065630019
23.2558139534884,-3.17022483035582
23.2469705998565,-3.58594111558274
23.0867799418717,-3.16440360688538
22.9276931286565,-2.48482547451955
22.7697025538168,-1.99623388440623
22.7272727272727,-3.35437489525371
22.6128006633728,-2.23366098508832
22.4569799553977,-1.80903051449813
22.3022329796594,-2.8809418924399
22.2222222222222,-3.36554185296701
22.1485523372636,-0.364418930339762
21.9959306803007,-2.52306609405833
21.8443607114943,-3.14738748147233
21.7391304347826,-3.4920347171792
21.6938351838518,0.308643345178514
21.5443469003188,-2.64752990374965
21.3958887134342,-2.97586361677879
21.2765957446809,-0.618175166798077
21.2484535249888,-1.06019383800871
21.102034285686,-3.30027492807694
20.9566239948043,-2.74401533577325
20.8333333333333,-2.77656740166712
20.8122156998634,-3.33271806918777
20.6688024962908,-3.1243080170701
20.5263775270925,-1.43814987021723
20.4081632653061,-2.38160442726813
20.3849339825246,0.955752770089693
20.244465099768,-1.77791945557625
20.104964162605,-0.276106490831135
20,-2.42332769990322
19.9664245010979,-3.35761259889251
19.8288394912707,-2.92348578084805
19.6922025547917,-3.62694743145972
19.6078431372549,-3.2721487781189
19.5565071586595,-2.69707238815341
19.4217468148903,-3.25177461506915
19.2879150802078,-2.78804305150778
19.2307692307692,-2.10603406098435
19.1550055557353,-2.66303777516769
19.0230118866894,-3.57618874071802
18.8919277620767,-2.65776459359743
18.8679245283019,-1.33768268570092
18.7617469143912,-3.62949019915414
18.6324631193156,-0.724573772235696
18.5185185185185,-3.54789928800623
18.504070195423,-3.08418814635511
18.3765620038817,-0.627592832824358
18.2499324481615,-3.20973466803052
18.1818181818182,-3.53307840743185
18.1241754737424,-2.84010246661445
17.9992850678248,-3.11845585411514
17.8752552590424,-3.27859664663112
17.8571428571429,-2.75168733636714
17.7520801171764,-3.44665754769018
17.6297537528721,-3.37996992206613
17.5438596491228,-0.474091032944652
17.5082703173572,-1.30366084247226
17.3876240021625,-1.94248175883338
17.2678090388436,-2.93102802321298
17.2413793103448,-1.96432546510349
17.1488196987054,-3.21188304686528
17.0306502925284,-0.507469822688203
16.9491525423729,2.81765342462937
16.9132951702965,-2.22506691140905
16.7967487209265,-3.563290856313
16.6810053720006,0.395893747845368
16.6666666666667,-1.66878501415043
16.5660595894991,-3.28826234779596
16.4519058775366,-2.44209019180816
16.3934426229508,-3.0310674236439
16.3385387780986,-3.36746223536592
16.2259528707809,-3.44983994705778
16.1290322580645,-0.701400689024335
16.1141427725302,-0.408085175981436
16.003103137387,-3.53310984540088
15.8928286562298,-3.45383439517893
15.8730158730159,-0.169660383275736
15.7833140565212,-1.70549182823121
15.674554102056,-2.3412372702384
15.625,-1.05846421645056
15.5665435927106,-1.37602109061337
15.4592773641948,-2.54257481265587
15.3846153846154,-0.172680205510527
15.3527502878042,-3.4612422669988
15.2469572701757,-2.49438521804994
15.1515151515152,-0.058795275890712
15.1418932530435,-1.52391914624077
15.0375532129974,-2.34456701410063
14.9339321612425,-0.470226584769601
14.9253731343284,-0.2602479404302
14.831025143361,-2.82326348952155
14.728827239075,-2.0775938545869
14.7058823529412,-2.47777593228791
14.6273335620113,-3.65263652283015
14.5265392594678,-1.36744654973613
14.4927536231884,-3.37437840603784
14.4264395121816,-3.42540173067475
14.3270295340983,-1.26977576824954
14.2857142857143,-0.478634452693352
14.2283045721435,-0.0863844212092983
14.1302599059953,-1.74932623457887
14.0845070422535,-0.828057554029082
14.0328908478587,0.778254627246686
13.9361927422414,-1.59222980841859
13.8888888888889,-2.77370406461973
13.8401609657313,-0.682275511544542
13.7447909267754,-3.26047893062805
13.6986301369863,-3.2136262746945
13.6500780654601,-1.6608536279718
13.5560178532937,-0.781511621099962
13.5135135135135,-0.938263429610951
13.4626057929891,-1.32281981204762
13.3698374182495,-1.30520792300878
13.3333333333333,3.90725190377119
13.2777082935543,-1.50892351847791
13.1862140139475,-1.96061068740748
13.1578947368421,-1.10259447200947
13.0953502048267,1.08762017905857
13.0051125217341,-3.41845838198897
12.987012987013,-1.70976516503479
12.9154966501488,-3.22942058930509
12.8264983052806,1.36436264172422
12.8205128205128,2.33821160036424
12.7381132318648,-2.84717794557475
12.6582278481013,-2.02210181401928
12.650337203959,-0.807334034226368
12.5631660247412,-3.33374941583126
12.5,-1.72345080737399
12.4765955263087,-3.31939607831411
12.3906215694792,-3.55095119323594
12.3456790123457,-2.87451978318627
12.3052400435926,-3.24915281158807
12.2204468663149,-0.606956031531307
12.1951219512195,-1.70127866153301
12.1362379834424,-1.34098042836602
12.0526093687084,-0.333093889148368
12.0481927710843,-0.870262489370258
11.9695570235904,5.72150659018563
11.9047619047619,-3.58050006807884
11.887076977119,-1.91763765021325
11.8051652856881,-2.01444672465531
11.7647058823529,-3.21735408375032
11.723818032866,-2.19800083954093
11.6430313292088,0.666272424547334
11.6279069767442,-3.01711917715975
11.5628013120738,-2.28264585413121
11.4942528735632,-1.45601867966088
11.4831241454351,-0.554283434073521
11.4039960197003,-3.62233549720211
11.3636363636364,-3.62421984606287
11.3254131515281,-3.24224822005994
11.2473717836475,-3.25478494967406
11.2359550561798,-3.48421617373206
11.1698681846782,-3.34248338597457
11.1111111111111,-2.06610147482602
11.0928986489522,-3.39509814646818
11.0164594963366,-2.43134448180738
10.989010989011,-0.18214850874018
10.9405470720574,-2.39957557582822
10.8695652173913,-0.79889297801149
10.8651577465254,-1.10296934803498
10.7902879151618,-2.89770640409365
10.752688172043,-2.77403148850267
10.7159339982267,-2.79379249631448
10.6420924406472,-2.90774063165893
10.6382978723404,-2.56304631473939
10.568759711848,-3.02030415657013
10.5263157894737,-3.37373084191533
10.4959323055823,-2.96483184458684
10.423606739764,-1.74593810375141
10.4166666666667,-2.60917394019973
10.3517795563018,-1.54297336782794
10.3092783505155,-3.10948315095727
10.2804473209331,-2.60375282896107
10.2096066230605,-2.92946337354901
10.2040816326531,-2.83793803534028
10.1392540755882,-0.0657343012023075
10.1010101010101,-3.65384492853793
10.0693863147603,-3.52134332295052
10,-1.85306685687324
10,-1.85306685687309
9.9310918137498,-2.93705359550391
9.9009900990099,0.691771849537436
9.86265846131282,0.216102738652315
9.80392156862745,-3.1411924264443
9.79469667069539,0.359972553007215
9.72720319245054,-2.7507508319003
9.70873786407767,-3.37844282756519
9.66017479952265,-1.86202442249945
9.61538461538461,-3.22091461850432
9.59360828709314,-3.02591828255971
9.52750047242729,-1.83894957997235
9.52380952380952,-2.39728044445108
9.461848194722,-2.09532175264759
9.43396226415094,-3.35354201067845
9.39664831495469,-3.32931800689958
9.34579439252336,-2.76645829899293
9.33189771573324,-3.0641732581533
9.26759330114688,-1.06929367266873
9.25925925925926,-0.552109739829301
9.20373199661822,-2.37910938735579
9.1743119266055,-3.53937231972436
9.14031074875623,-3.53980525685467
9.09090909090909,-0.584901878490181
9.07732652521023,-3.35446636743323
9.01477631452492,-3.01596380244875
9.00900900900901,-3.62132231875877
8.9526571259964,-1.76039537123146
8.92857142857143,-3.21505362823766
8.89096598952916,-2.81777175797999
8.84955752212389,0.792885664884087
8.82969995549409,-1.00019187443562
8.7719298245614,-2.32418490347906
8.76885609458743,-3.20173060985796
8.70843149769072,-3.33312581410855
8.69565217391304,-3.43738912764347
8.64842327573172,0.593105019335771
8.62068965517241,-1.57722184881176
8.58882855954625,-0.9483299085371
8.54700854700855,0.994040497481127
8.52964449974102,-0.45853129138636
8.47457627118644,-2.33156856608319
8.47086826655741,-3.62807352651744
8.41249704973612,-3.43456967101384
8.40336134453781,-1.93942110855498
8.35452805838287,1.55557372937547
8.33333333333333,1.65545573022537
8.29695852083491,-2.89204497822011
8.26446280991736,-2.34979578095989
8.23978568452852,-3.18299334792801
8.19672131147541,-3.54536925787975
8.18300681586739,-3.33936119947627
8.13008130081301,-3.11274116206915
8.12661920009195,-3.16956504377527
8.0706201411495,-2.64650970905374
8.06451612903226,-1.92972942028079
8.01500696156541,-3.64384602471786
8,-3.6342466675119
7.95977700231498,-3.12753080589386
7.93650793650794,-2.57468519790519
7.90492762269642,-3.19966326060482
7.8740157480315,0.431475054088414
7.85045620020451,-3.34620660735377
7.8125,-3.55656102677441
7.79636013040523,-3.11246941116398
7.75193798449612,-3.06374682730135
7.74263682681127,-3.1437238767486
7.69230769230769,-3.58499712608632
7.68928372075831,-3.0925924666859
7.63629826128224,-2.79694758874161
7.63358778625954,-2.769432993639
7.58367791499719,-3.26698639292818
7.57575757575758,-3.05028190222266
7.53142016597437,-3.02994509643009
7.5187969924812,-2.58211832801158
7.47952251562182,-2.11369658817643
7.46268656716418,-3.54355101950291
7.42798248256492,-3.26168530405287
7.40740740740741,-2.74683243644265
7.37679760252773,-3.16776046464725
7.35294117647059,1.42525174451491
7.32596542821523,-3.56030294173901
7.2992700729927,-3.47667486976827
7.27548352919623,-3.21877776717939
7.2463768115942,-2.70078305074595
7.22534949178722,-1.99831088504264
7.19424460431655,0.727076663673661
7.17556091893693,-1.71791828903305
7.14285714285714,-2.78739610289709
7.12611543011175,-2.54615171904232
7.09219858156028,-2.47970162384577
7.07701066118189,-2.53716380826593
7.04225352112676,-0.562745966140095
7.02824426430835,-2.4643154553912
6.99300699300699,0.355806119515184
6.97981390783066,-2.7001278019071
6.94444444444444,-1.7717354973836
6.93171727615541,-3.52081147301946
6.89655172413793,-3.06742086633251
6.8839520696455,-2.906745891677
6.84931506849315,-2.30923240527555
6.83651600451024,-1.41701265782712
6.80272108843537,-3.07110630477915
6.78940681269611,-1.73732339635488
6.75675675675676,-0.275854035803301
6.74262224177834,-3.09974856812597
6.71140939597315,-2.65786328861345
6.69616005485322,-2.92857148535476
6.66666666666667,-2.95647654373128
6.65001803043112,-2.36556310290895
6.62251655629139,-2.69173493730805
6.6041939623303,-3.65251331324823
6.57894736842105,-3.13265878762599
6.55868565957143,-0.597033306870411
6.5359477124183,-1.98138119150895
6.5134909462728,-2.87195865846068
6.49350649350649,-1.10088899905456
6.46860766154633,-1.40926274249785
6.45161290322581,-1.53102122342913
6.42403365939419,-3.57531877101506
6.41025641025641,-2.7441114241805
6.37976680860628,-2.91090358170122
6.36942675159236,-2.9310362558245
6.33580499265825,-0.130646551943566
6.32911392405063,-2.07500245814215
6.29214610961034,-3.43329676829306
6.28930817610063,-2.59237003649069
6.25,-3.38994530166279
6.24878807200689,-3.29550044286794
6.2111801242236,-1.41320075627278
6.2057288067765,-2.14870490164868
6.17283950617284,-2.3743607084997
6.16296625513294,-3.40252017211103
6.13496932515337,-3.20324551357627
6.1204983724767,-1.70839677546599
6.09756097560976,-3.58450162560537
6.07832312829723,-1.93015167200734
6.06060606060606,-3.45250347429704
6.03643850607587,-3.09523775227516
6.02409638554217,-2.20715937085587
5.99484250318941,-2.56047233413441
5.98802395209581,-2.92379707101277
5.95353313081437,-2.96811024332653
5.95238095238095,-3.16337083008393
5.91715976331361,-2.80840877856984
5.91250841383188,-3.12627088401593
5.88235294117647,-3.3105723082116
5.87176639073326,-3.26293393055472
5.84795321637427,-2.51046838280153
5.83130511352622,-1.73754125840274
5.81395348837209,-3.49233274543833
5.79112264764176,-3.4470661550889
5.78034682080925,-3.55113491930539
5.75121707184161,-3.45816566107969
5.74712643678161,-1.22198292596333
5.71428571428571,-3.08587808373745
5.71158647812643,-2.7541582361856
5.68181818181818,-2.38685553010243
5.67222897164454,-2.91908320761847
5.64971751412429,0.874599443172163
5.63314267060136,-2.77099592257407
5.61797752808989,-2.19816425298675
5.59432570616938,-3.1537281803573
5.58659217877095,-1.95126145289314
5.55577622239888,0.147808612030151
5.55555555555556,-0.3197596535508
5.52486187845304,-2.81929760665981
5.51749237612913,-3.41200937102165
5.49450549450549,-2.83529387435855
5.47947233690029,-2.18005283743581
5.46448087431694,-3.64815845896119
5.44171428686589,-2.45057909318048
5.43478260869565,-3.36597395863928
5.40540540540541,-3.2101459225348
5.40421642070592,-2.9626167616545
5.37634408602151,-3.65514540010089
5.36697694554048,-2.33561272884342
5.3475935828877,-2.8111431000767
5.32999408084409,-2.96521323566518
5.31914893617021,-3.59643814986394
5.29326605836056,-3.46564533094554
5.29100529100529,-3.24372516574364
5.26315789473684,-3.53718210788987
5.25679112201842,-3.03507298797661
5.23560209424084,-1.97801509107903
5.22056752784698,-2.18713137590465
5.20833333333333,-2.15648537729411
5.18459354389291,-3.44206113886359
5.18134715025907,-3.54097635613867
5.15463917525773,-1.90424641594482
5.14886745013749,-1.32988252007193
5.12820512820513,-1.91234710608368
5.11338753841433,-3.2206650754034
5.10204081632653,-3.00740347848209
5.07815211232767,-3.30144954077333
5.0761421319797,-0.85145815667904
5.05050505050505,-3.34187967455663
5.04315948717136,-3.54175298195234
5.0251256281407,-3.27323737064791
5.00840798984821,-3.54854585100726
5,-3.3292867833321
4.97512437810945,-3.53012441577847
4.97389595879006,-2.67637585933842
4.95049504950495,-3.4732568329871
4.93962174387832,-3.21145072163359
4.92610837438424,-2.84718450737294
4.90558370636505,-2.85592194056293
4.90196078431372,-3.13163280889774
4.8780487804878,-0.408366696237475
4.87178021879463,-3.50250187464494
4.85436893203883,-0.460259215445272
4.83820966492596,-1.26789741159997
4.83091787439613,-3.42784762316607
4.80769230769231,-3.60366399498299
4.80487043965513,-2.64618536923235
4.78468899521531,-2.28492837460758
4.77176094893875,-3.38788896684413
4.76190476190476,-3.4259150348178
4.739336492891,-3.3577386003278
4.73887960971765,-3.26519762150475
4.71698113207547,-3.64078029071085
4.70622484984128,-3.61833927525528
4.69483568075117,-3.65717272002443
4.67379510799246,-3.49885491652479
4.67289719626168,-1.90248181191189
4.65116279069767,-2.6900617163174
4.64158883361278,-3.08825259313026
4.62962962962963,-2.41962730396669
4.60960448682843,-2.58562424354521
4.60829493087558,-1.42444886539725
4.58715596330275,-1.51241529945791
4.57784053837662,-2.40366909956493
4.5662100456621,-3.08960837406378
4.5462954695324,-3.22684271776829
4.54545454545455,-2.98285067185561
4.52488687782805,-2.19002293013132
4.5149677720361,-0.235966197646387
4.5045045045045,-0.0886619538173177
4.48430493273543,-0.888892587231321
4.48385594802119,-1.13744069022759
4.46428571428571,-1.87681232640157
4.45295850994265,-1.97229542581813
4.44444444444444,-2.81475403796635
4.42477876106195,-3.30570160950934
4.4222739805059,-3.65323235979825
4.40528634361233,-3.21728346799223
4.39180089259609,-3.3717885745459
4.3859649122807,-2.56124527280626
4.36681222707424,-3.63955623834048
4.361537789208,-3.3477424936615
4.34782608695652,-2.92736021720493
4.3314832233764,-1.17264165642767
4.32900432900433,-3.59806707334591
4.31034482758621,-2.78957110968993
4.30163575810679,-0.877094111986717
4.29184549356223,-3.09856686095632
4.27350427350427,-3.02002112017744
4.27199396630678,-3.44484259047125
4.25531914893617,-1.16099215547411
4.24255643071778,-3.48682919234043
4.23728813559322,-3.56108811525
4.21940928270042,-3.03368092001711
4.21332174384729,-3.61481808362496
4.20168067226891,-1.16681325073538
4.18428850790158,-2.36216462466593
4.18410041841004,-1.96165523504664
4.16666666666667,-1.22723177619822
4.15545533471888,-3.00783135594146
4.149377593361,-1.80537350106475
4.13223140495868,-2.97033024098364
4.12682084570295,-2.8346412716633
4.11522633744856,-3.5081076010265
4.09838367175726,-3.59674007822785
4.0983606557377,-3.58855303593252
4.08163265306122,-3.51534181287927
4.07014245321944,-3.64454657261906
4.0650406504065,-3.6154962715437
4.04858299595142,-3.20939764772627
4.04209583979631,-3.11656323583785
4.03225806451613,-3.65300954029758
4.01606425702811,-3.00437021265109
4.01424249049932,-3.3566019624548
4,-2.49947664779865
3.98658107358044,-2.75774454965265
3.98406374501992,-3.2568994634373
3.96825396825397,-3.02847542935025
3.95911026646846,-1.7966949384773
3.95256916996047,-2.16762663978518
3.93700787401575,-3.42903382521193
3.93182875570577,-3.17306690320076
3.92156862745098,-3.06204858400435
3.90625,-0.913829006094327
3.90473523688556,-2.64738064099465
3.89105058365759,-3.26319856729911
3.87782841458946,-2.49742926241036
3.87596899224806,0.851458312641957
3.86100386100386,-3.06830364769619
3.85110700232557,-3.65944734410898
3.84615384615385,-3.4843246335363
3.83141762452107,-2.25623456866146
3.824569722467,-2.99969548863948
3.81679389312977,-2.27982967838649
3.80228136882129,-3.47121948512067
3.79821530619074,-2.0738850735393
3.78787878787879,-3.49640484564069
3.77358490566038,-3.63184669336523
3.772042493417,-2.32108497739194
3.7593984962406,-3.23615612111824
3.74605003274899,-2.64588751615473
3.74531835205992,-1.7033892135178
3.73134328358209,-2.90550113985945
3.72023668141307,-2.55482048725708
3.71747211895911,-3.33377445531571
3.7037037037037,-1.63026218483581
3.6946012051993,-3.33038510397982
3.690036900369,-3.66021992383777
3.67647058823529,-3.5559764068419
3.66914237840249,-3.0950107432901
3.66300366300366,-3.61030726893567
3.64963503649635,-3.63180340768319
3.64385898376355,1.51874411382169
3.63636363636364,-2.10437838913371
3.6231884057971,-2.98078573924921
3.61874981241128,-3.60726608870139
3.6101083032491,-2.00975535843757
3.59712230215827,-2.73604071211202
3.59381366380463,-3.44463263223242
3.584229390681,-1.52185949951272
3.57142857142857,-1.83608025393236
3.56904934567523,-2.34617775047921
3.55871886120996,-3.27920891492998
3.54609929078014,-2.97826159807304
3.54445567397043,-3.03392986986109
3.53356890459364,-3.55033429141427
3.52112676056338,-1.22388629269632
3.52003147279668,-3.21778225237248
3.50877192982456,-2.96822029092599
3.4965034965035,-3.45286341171448
3.49577557436328,-3.59985373983893
3.48432055749129,-2.22463007926317
3.47222222222222,-3.49857138221317
3.47168681892656,-2.64176510486798
3.46020761245675,-3.27925455304536
3.44827586206897,-3.53683870376964
3.44776405473446,-2.71335620012173
3.43642611683849,-3.35321822507053
3.42465753424658,-3.32729990015222
3.42400613797142,-3.22908643492958
3.41296928327645,-1.52480762036277
3.40136054421769,-1.25121418682347
3.40041193270371,-2.86663938894916
3.38983050847458,-2.29639979010657
3.37837837837838,1.93753733203612
3.37698031082509,-3.09974397528442
3.36700336700337,-2.24211749247642
3.35570469798658,-3.52845700917357
3.35371015200293,-3.62422108694438
3.34448160535117,-0.415893839140419
3.33333333333333,-1.30240042400392
3.33060034362459,-1.57427210316858
3.32225913621262,-2.32699183216571
3.3112582781457,-1.86806869374449
3.30764978074424,-3.1853747856252
3.3003300330033,-1.68824609656498
3.28947368421053,-3.52210332342876
3.28485736603004,-2.81769949288808
3.27868852459016,-3.28063322534497
3.26797385620915,-3.37550321799567
3.26222200971167,-3.47312493154937
3.25732899022801,-2.48645018797115
3.24675324675325,-2.43354173195759
3.2397426295282,-1.69556224098643
3.23624595469256,-3.06311002777435
3.2258064516129,-3.28381576342111
3.21741815067637,-1.76857412651737
3.21543408360129,0.854435223827996
3.20512820512821,-1.1110320109518
3.19524750575921,-3.23504723796803
3.19488817891374,-2.55292506001414
3.18471337579618,-1.91370012369584
3.17460317460317,-2.94829473745271
3.17322963473498,-3.20157451365052
3.16455696202532,-2.82435811902568
3.15457413249211,-3.15805880938661
3.15136348486648,-3.29569881541799
3.14465408805031,-2.19453992460277
3.13479623824451,1.23818108903406
3.12964801067075,-0.860775550184267
3.125,-3.61802403723645
3.11526479750779,-3.18109655088285
3.10808217386906,-1.35274136112467
3.1055900621118,-3.37866872384101
3.09597523219814,-2.39567765624643
3.08666494333727,-2.95109986105687
3.08641975308642,-2.69918681696246
3.07692307692308,-3.47743922511521
3.06748466257669,-3.62033858305154
3.06539529505653,-2.93784398882802
3.05810397553517,-3.51312955653851
3.04878048780488,-1.56049348047217
3.0442722120643,-3.5657377154575
3.03951367781155,-3.4529520728101
3.03030303030303,-2.43265346734089
3.02329468440578,-1.95661679542043
3.02114803625378,-1.69061243415548
3.01204819277108,-3.58996577835311
3.003003003003,-3.65190681048669
3.00246170908555,-3.17741912223844
2.9940119760479,-3.2823773851173
2.98507462686567,-3.38472425578022
2.98177229001967,-2.4865732513674
2.97619047619048,-2.68465559825945
2.9673590504451,-2.90062940137407
2.96122543798803,-3.44437613586121
2.9585798816568,-3.49539546693871
2.94985250737463,-3.56212328879503
2.94117647058824,-2.10253943675111
2.94082017058706,-3.41087625268521
2.93255131964809,-2.97572205292779
2.92397660818713,-3.47746862795396
2.92055551218275,-3.17240467654501
2.91545189504373,-2.46272923565631
2.90697674418605,-3.24091826841377
2.90043049386399,-3.31112251403941
2.89855072463768,-2.99878737336511
2.89017341040462,-2.77153340590057
2.88184438040346,-3.43126287934056
2.8804441533963,-3.51486916478275
2.8735632183908,-3.50847650777818
2.86532951289398,-3.41804104327503
2.86059553517574,-2.01184310080496
2.85714285714286,-3.31228290486585
2.84900284900285,-3.50396418342352
2.84090909090909,-2.96716453149242
2.8408836901833,-3.04525642336277
2.8328611898017,-3.63802196964921
2.82485875706215,-2.69104789367081
2.82130767593947,-2.79684650719401
2.8169014084507,-1.32264504650901
2.80898876404494,-2.04184745840054
2.8018665564592,-2.0493594022585
2.80112044817927,-1.50222515590751
2.79329608938547,-2.4286925257788
2.78551532033426,-2.80263574454475
2.78255940220712,-3.19320405412951
2.77777777777778,-2.3007528343373
2.77008310249307,-3.12661669793097
2.76338529005317,-2.71301069587706
2.76243093922652,-1.88207145208549
2.75482093663912,-1.70794415944745
2.74725274725275,-3.56289941578104
2.74434330322836,-3.6280126095035
2.73972602739726,-3.56488770827256
2.73224043715847,-2.99016295409011
2.72543253128103,-3.59403459269351
2.72479564032698,-2.93602206136914
2.71739130434783,-1.53309774972378
2.710027100271,-3.54419770107456
2.70665207003324,-3.51429375685869
2.7027027027027,-3.47255474759815
2.69541778975741,-3.28223098480869
2.68817204301075,-1.50408784241123
2.68800102153761,-1.77899813220476
2.68096514745308,-0.950991139966173
2.67379679144385,-1.19423084150464
2.66947849403432,-3.46200299871885
2.66666666666667,0.884538842814171
2.65957446808511,-2.01448840871448
2.6525198938992,-3.00213692974928
2.65108360190854,-3.39146780019085
2.64550264550265,-1.95657428577514
2.63852242744063,-1.60635097534078
2.63281546564802,-3.27195364942137
2.63157894736842,-1.43531860342052
2.6246719160105,-2.03325001784726
2.61780104712042,-3.10229740951679
2.61467321180109,-1.82014638868726
2.61096605744125,-3.6562003508797
2.60416666666667,-3.45769275125449
2.5974025974026,-2.40604530973358
2.59665597293487,-3.37034124390389
2.59067357512953,-3.43573181827115
2.58397932816537,-2.24252605772328
2.5787628875938,-3.16964668322033
2.57731958762887,-3.0687230551661
2.5706940874036,-2.71929519807811
2.56410256410256,-1.39008895709501
2.56099310025846,-3.10627462146955
2.55754475703325,-0.939916955730534
2.55102040816327,-1.61361747486451
2.54452926208651,-1.81284494337073
2.54334576130465,-3.24652871247322
2.53807106598985,-3.61352552122637
2.53164556962025,-2.18642979484873
2.52582002696278,-3.42153505795606
2.52525252525253,-3.25689923216653
2.51889168765743,-3.59667818691123
2.51256281407035,-2.95609071570648
2.50841505927754,-2.26353400135273
2.5062656641604,-3.42059935167502
2.5,-3.23196130151878
2.49376558603491,-3.35916438368794
2.49113002606779,-3.35777344126724
2.48756218905473,-2.87726502883769
2.48138957816377,-3.64916554931828
2.47524752475248,-2.0622647860937
2.47396410088681,-3.08481091137336
2.46913580246914,-3.39525117601847
2.46305418719212,-3.35552579706215
2.45700245700246,-0.31261026852449
2.45691646298279,0.0698229459119277
2.45098039215686,-3.38264044093277
2.44498777506112,-3.24263016959413
2.43998629725955,-2.5218377615687
2.4390243902439,-3.01501942004578
2.4330900243309,-2.8725860113082
2.42718446601942,-3.64206246729601
2.4231727942376,-3.02012297917649
2.42130750605327,-3.58114632549684
2.41545893719807,-3.19850146294275
2.40963855421687,-3.41099347175959
2.40647515001542,-3.00933149131928
2.40384615384615,-2.32340490576065
2.39808153477218,-2.7520832569743
2.39234449760766,-2.44320702278274
2.38989256623105,-2.82665095973273
2.38663484486874,-1.87385494022133
2.38095238095238,-3.37905476961573
2.37529691211401,-3.6532849848641
2.37342425002387,-3.57342426816519
2.3696682464455,-3.4657970556819
2.36406619385343,-1.66934260037759
2.35849056603774,-2.9086227786252
2.35706941399673,-3.22066224158267
2.35294117647059,-3.13825316109058
2.34741784037559,-3.31875059134294
2.34192037470726,-2.78282977971959
2.34082727617829,-3.6492146355206
2.33644859813084,-2.37666388317883
2.33100233100233,-2.39852483666307
2.32558139534884,-3.51487104682426
2.32469705998565,-3.64686670910423
2.32018561484919,-1.579628920801
2.31481481481481,-3.11247511591342
2.3094688221709,-3.19983140374419
2.30867799418717,-3.02172313424476
2.30414746543779,-3.12687804315179
2.29885057471264,-2.69011225547514
2.29357798165138,-0.206650306712059
2.29276931286565,-2.16760833723016
2.2883295194508,-3.43942099843319
2.28310502283105,-3.65199180117146
2.27790432801822,-1.42415747260996
2.27697025538168,-2.6404426753544
2.27272727272727,-3.04356021869402
2.26757369614512,-3.33151782982953
2.26244343891403,-2.34482328276693
2.26128006633728,-3.06617487722549
2.25733634311512,-3.6349587829235
2.25225225225225,-2.87044338787255
2.24719101123596,-3.11553344195046
2.24569799553977,-3.2567011090404
2.24215246636771,-3.61865240090516
2.23713646532438,-3.29125359275563
2.23214285714286,-2.09390201922197
2.23022329796594,-3.2425904581584
2.2271714922049,-3.53828465736431
2.22222222222222,-2.76063837038661
2.21729490022173,-0.285453067999138
2.21485523372636,-3.61222143123176
2.21238938053097,-3.52193222656281
2.2075055187638,-3.07855309573075
2.20264317180617,-2.1181409170549
2.19959306803007,-2.07954801852186
2.1978021978022,-3.48965525346797
2.19298245614035,-3.20620991980628
2.18818380743982,-3.47117910692212
2.18443607114943,-1.25779572388596
2.18340611353712,-2.62340137931629
2.17864923747277,-3.41957665492928
2.17391304347826,-3.22472551747735
2.16938351838518,-3.37955373263993
2.16919739696312,-3.53130827027551
2.16450216450216,-3.43059811770045
2.15982721382289,-1.1972328137793
2.1551724137931,-3.27300767527911
2.15443469003188,-3.00846696508189
2.1505376344086,-3.22376196273761
2.14592274678112,-3.30515893504359
2.14132762312634,-3.25061839906727
2.13958887134342,-3.40632572368046
2.13675213675214,-1.28657837492885
2.13219616204691,-3.24205457897814
2.12765957446809,-2.37468572298554
2.12484535249888,-3.40223970897464
2.12314225053079,-2.14227120285498
2.11864406779661,-3.41133594655737
2.11416490486258,-3.55809257393151
2.1102034285686,-2.46259771913456
2.10970464135021,-3.43193196439263
2.10526315789474,-3.17721014871601
2.10084033613445,-3.29895721972987
2.09643605870021,-3.42978456378649
2.09566239948043,-3.42442313669344
2.09205020920502,-3.28092138260545
2.08768267223382,-2.19217990199457
2.08333333333333,-1.0917180550107
2.08122156998634,-3.24096926408923
2.07900207900208,-3.31937601798217
2.0746887966805,-3.1083018563071
2.0703933747412,-3.31418710034158
2.06688024962908,-3.63300129227444
2.06611570247934,-3.25650513798767
2.06185567010309,-3.1670712789125
2.05761316872428,-2.59855116359337
2.05338809034908,-3.42712887692285
2.05263775270925,-2.0840287243647
2.04918032786885,-3.52176103538091
2.04498977505112,-2.80056772635053
2.04081632653061,-3.61342882748682
2.03849339825246,-3.59530173377545
2.03665987780041,-3.61848245933278
2.03252032520325,-2.63865594296235
2.02839756592292,-3.35813403653487
2.0244465099768,-3.23071310214278
2.02429149797571,-2.81582100885454
2.02020202020202,-2.995670676388
2.01612903225806,-3.49495101877356
2.01207243460765,-1.72709463184024
2.0104964162605,-2.39574423353845
2.00803212851406,-2.91551578462615
2.00400801603206,-3.64062695048902
2,-3.60794288378748
1.99664245010979,-3.62838763219086
1.99600798403194,-3.33124510525526
1.99203187250996,-3.61522959815367
1.98807157057654,-3.34720400964597
1.98412698412698,-3.60431821893648
1.98288394912707,-3.39538128352278
1.98019801980198,-3.21116139262822
1.97628458498024,-2.38034387519233
1.9723865877712,-3.13262667956455
1.96922025547917,-2.96453903310602
1.96850393700787,-3.07395194381673
1.96463654223969,-3.4058327587909
1.96078431372549,-3.3736126878103
1.95694716242661,-3.26638889042833
1.95565071586595,-2.71508390227064
1.953125,-3.2254180298578
1.94931773879142,-2.588031264076
1.94552529182879,-3.40004747460587
1.94217468148903,-3.23154347822675
1.94174757281553,-2.94201568009542
1.93798449612403,-3.37131836684999
1.93423597678917,-3.32625758510074
1.93050193050193,-3.43940008090938
1.92879150802078,-3.05775321340685
1.92678227360308,-3.30087198932064
1.92307692307692,-2.43508770966941
1.91938579654511,-2.20118633902895
1.91570881226054,-3.26454429974283
1.91550055557353,-3.57741844963506
1.91204588910134,-2.9693119213823
1.90839694656489,-2.2348937757962
1.9047619047619,-3.55124340387563
1.90230118866894,-3.62660854273663
1.90114068441065,-3.56367087928468
1.89753320683112,-3.39521902799877
1.89393939393939,-3.50311691698085
1.89035916824197,-2.72227436907918
1.88919277620767,-3.21105309537766
1.88679245283019,-2.67657970930885
1.88323917137476,-3.20078197047747
1.8796992481203,-0.0993125278130647
1.87617469143912,-2.96880425289292
1.87617260787992,-2.97283591566797
1.87265917602996,-3.40807518428754
1.86915887850467,-3.31407693699581
1.86567164179104,-3.50659519762841
1.86324631193156,-3.40842514236531
1.86219739292365,-3.18071918678849
1.85873605947955,-3.45874348121866
1.85528756957328,-3.40432758467052
1.85185185185185,-3.52432175864812
1.8504070195423,-3.21590440418192
1.84842883548983,-2.16478467724549
1.8450184501845,-2.40850018259901
1.84162062615101,-3.42836720922242
1.83823529411765,-2.76733264373369
1.83765620038817,-3.63950047799936
1.8348623853211,-3.30396957640969
1.83150183150183,-3.50590836101353
1.82815356489945,-2.32292316671861
1.82499324481615,-3.03178675566788
1.82481751824817,-3.37618736502487
1.82149362477231,-1.91137204898073
1.81818181818182,-2.44735304754819
1.81488203266788,-3.61438200272938
1.81241754737424,-1.83799149029557
1.81159420289855,-2.669097532994
1.80831826401447,-3.5590002681947
1.80505415162455,-3.57847207227256
1.8018018018018,-2.68502255375516
1.79992850678248,-2.06507698726811
1.79856115107914,-3.20910092827553
1.79533213644524,-3.5924124308098
1.7921146953405,-3.55701621273233
1.78890876565295,-3.16617462493907
1.78752552590424,-3.21001338998628
1.78571428571429,-3.64476889723054
1.7825311942959,-2.50724035401482
1.77935943060498,-3.28803934216638
1.77619893428064,-3.24514601066327
1.77520801171763,-2.73788170115581
1.77304964539007,-0.333470835213499
1.76991150442478,-3.406379650006
1.76678445229682,-2.51722563285459
1.7636684303351,-2.14399838415492
1.76297537528721,-3.58866510773175
1.76056338028169,-2.6926487486556
1.75746924428822,-3.6066170561972
1.75438596491228,-3.55965524305982
1.75131348511384,-2.5037720494099
1.75082703173572,-2.12797908692296
1.74825174825175,-3.03721440258935
1.74520069808028,-2.85947458149324
1.74216027874564,-2.47414749192496
1.73913043478261,-3.64091300237502
1.73876240021625,-3.59382022064194
1.73611111111111,-2.61302535124211
1.73310225303293,-1.82673116314758
1.73010380622837,-3.44260947666545
1.72711571675302,-2.95672580691056
1.72678090388436,-2.95425463164839
1.72413793103448,-2.46002205839381
1.72117039586919,-3.44693241818613
1.71821305841924,-2.02497744429833
1.71526586620926,-1.37959606447582
1.71488196987054,-3.34510822168523
1.71232876712329,-2.85637411397966
1.70940170940171,-1.4842716348498
1.70648464163823,-3.65052267163609
1.70357751277683,-3.62514700800689
1.70306502925284,-3.5905351604898
1.70068027210884,-3.28573917648903
1.69779286926995,-3.00115609564089
1.69491525423729,-2.95022365639233
1.69204737732657,-3.59789441555544
1.69132951702965,-3.49415325923597
1.68918918918919,-3.13216996706485
1.68634064080944,-2.55553525423452
1.68350168350168,-3.00903281291284
1.68067226890756,-1.51754595410643
1.67967487209265,-3.53784891928116
1.67785234899329,-2.40287023222912
1.6750418760469,-3.15873317591733
1.67224080267559,-3.30015207311883
1.669449081803,-2.70675111138992
1.66810053720006,-3.39973996950344
1.66666666666667,-3.51043570481131
1.66389351081531,-3.56823480062028
1.66112956810631,-2.40644934084237
1.65837479270315,-3.6338965506777
1.65660595894991,-3.40942858118707
1.65562913907285,-2.06237594107527
1.65289256198347,-2.6328468557857
1.65016501650165,-3.62296353980328
1.64744645799012,-3.19401211716531
1.64519058775366,-2.8818825209429
1.64473684210526,-1.4268541760053
1.64203612479475,-3.19084261113179
1.63934426229508,-3.09641134645541
1.6366612111293,0.00260686997497306
1.63398692810458,-2.56105232292081
1.63385387780986,-3.5838058460272
1.63132137030995,-2.95989800382041
1.62866449511401,-2.90280784226241
1.6260162601626,-3.21578517780587
1.62337662337662,-3.40384096371438
1.62259528707809,-3.35648893849706
1.62074554294976,-3.58113056388127
1.61812297734628,-3.6582500202508
1.61550888529887,-3.41070486833216
1.61290322580645,-1.769378310486
1.61141427725302,-3.44944271102771
1.61030595813205,-2.30377251830465
1.60771704180064,-3.26021721619504
1.60513643659711,-1.29476963240678
1.6025641025641,-1.92831717832216
1.6003103137387,-2.28578581041087
1.6,-0.905372388175247
1.59744408945687,-1.50063182271536
1.59489633173844,0.752408496126283
1.59235668789809,-0.83852262367203
1.58982511923688,-3.03099316564323
1.58928286562298,-1.76953118242083
1.58730158730159,-2.73126067036987
1.58478605388273,-3.04274833183386
1.58227848101266,-1.20121958045227
1.57977883096367,-3.36184806353476
1.57833140565212,-3.60343821646371
1.57728706624606,-1.66009506588504
1.5748031496063,-3.28627446668754
1.57232704402516,-3.43355460003427
1.56985871271586,-2.39498902609592
1.5674554102056,-2.40842693688246
1.56739811912226,-1.9522151019437
1.56494522691706,-1.70830461841679
1.5625,-1.8507451175049
1.5600624024961,-3.52673509518321
1.55763239875389,-3.34117715012196
1.55665435927106,-3.33658300970363
1.5552099533437,-1.25480927277725
1.5527950310559,-1.62638446706766
1.55038759689922,-1.34917410663952
1.54798761609907,-0.0566666909472628
1.54592773641948,-2.97677118809578
1.54559505409583,-3.3029770666259
1.54320987654321,-3.08068980234664
1.54083204930663,-2.96303622415025
1.53846153846154,-3.47768968222619
1.53609831029186,-1.73459262544797
1.53527502878042,-0.7989166530789
1.53374233128834,-3.42238039711593
1.53139356814701,-3.63269880141608
1.52905198776758,-3.55415712713643
1.52671755725191,-2.69159347265169
1.52469572701757,-3.56926662651208
1.52439024390244,-2.79954531343217
1.5220700152207,-3.54940242251952
1.51975683890577,-2.58814227700027
1.51745068285281,-2.11943475295548
1.51515151515152,-1.94476951726899
1.51418932530435,-3.55706377460343
1.51285930408472,-3.39259479801803
1.51057401812689,-2.72341165490787
1.50829562594268,-1.51777647458912
1.50602409638554,-3.47632307965618
1.50375939849624,-3.28311450411472
1.50375532129974,-3.31806106469592
1.5015015015015,-3.32439204926346
1.49925037481259,-3.06472188029012
1.49700598802395,-3.27853764321822
1.49476831091181,-2.45310500336587
1.49339321612425,-1.64625515544305
1.49253731343284,-3.61949622558226
1.4903129657228,-3.06419982171404
1.48809523809524,-1.47729808555693
1.48588410104012,-3.55940006152
1.48367952522255,-3.4212704998083
1.4831025143361,-3.35979545553946
1.48148148148148,-3.16135863829872
1.4792899408284,-3.2052632455951
1.47710487444609,-3.27726810335572
1.47492625368732,-3.21775938868337
1.4728827239075,-3.25026609726127
1.47275405007364,-3.63681014994809
1.47058823529412,-3.6497379363346
1.46842878120411,1.13135576923422
1.46627565982405,-2.22367555619435
1.46412884333821,-1.72364766541333
1.46273335620113,-2.37174285025095
1.46198830409357,-1.27825429172257
1.45985401459854,-3.09256020286592
1.45772594752187,-3.55487357334259
1.45560407569141,-2.00235893640653
1.45348837209302,-0.51072059611037
1.45265392594678,-3.19387947529132
1.45137880986938,-0.265568179296092
1.44927536231884,-3.22804612199574
1.44717800289436,-1.68100876887767
1.44508670520231,-1.35031961773169
1.44300144300144,-2.74492348710107
1.44264395121816,-3.26594919590893
1.44092219020173,-3.25205676436034
1.43884892086331,-1.31762447059485
1.4367816091954,-3.46143161963466
1.43472022955524,-2.28607325654404
1.43270295340983,-3.24594723214444
1.43266475644699,-3.16925506984996
1.43061516452074,-1.59070970585689
1.42857142857143,3.51203790125517
1.4265335235378,0.193736417977836
1.42450142450142,-2.19367163295611
1.42283045721435,-1.06306463308634
1.42247510668563,-2.29399351662088
1.42045454545455,-0.716246155464897
1.41843971631206,-3.10593224107042
1.41643059490085,0.0532781101489563
1.41442715700141,0.268554900309529
1.41302599059953,-0.646095707291191
1.41242937853107,-2.41739003263633
1.41043723554302,-3.06077177063214
1.40845070422535,-3.43298390085716
1.40646976090014,-3.23533882273663
1.40449438202247,-2.81119065122068
1.40328908478587,-1.42251594043868
1.40252454417952,-3.63069205800299
1.40056022408964,-3.45042487210933
1.3986013986014,-3.21982380861165
1.39664804469274,-1.96174620113221
1.39470013947001,-2.23116958452338
1.39361927422414,-0.0257433573040187
1.39275766016713,-2.98541372101154
1.39082058414465,-1.63245466021631
1.38888888888889,-2.40122218269881
1.3869625520111,-2.78727245264558
1.38504155124654,-2.44263804618275
1.38401609657313,-1.37977394144918
1.38312586445367,-1.82339512440627
1.38121546961326,-2.55172194007313
1.37931034482759,-2.76039756586369
1.37741046831956,-3.63472383093166
1.37551581843191,-3.41635081451475
1.37447909267754,-2.05277774815688
1.37362637362637,-3.59300684409295
1.37174211248285,-3.40479245236092
1.36986301369863,-2.3240978157389
1.36798905608755,-3.62886220667918
1.36612021857923,-3.04414850914737
1.36500780654601,-2.68847927091097
1.36425648021828,-2.33151639317613
1.36239782016349,-2.71545017334138
1.36054421768707,-3.02030959601738
1.35869565217391,-3.48230573735956
1.35685210312076,-3.38497781345147
1.35560178532937,-2.68893256141662
1.3550135501355,-2.41776850928231
1.3531799729364,-3.25553199539983
1.35135135135135,-3.21309416146537
1.34952766531714,-3.41292740260566
1.34770889487871,-1.37464283783158
1.34626057929891,-2.25800483123357
1.34589502018843,-2.86441650913779
1.34408602150538,-1.23873534962932
1.34228187919463,-3.23692907864988
1.34048257372654,-3.39890277108374
1.33868808567604,-3.1812202746578
1.33698374182495,-2.93851571598052
1.33689839572193,-3.48174771944805
1.33511348464619,-3.24693150726015
1.33333333333333,-2.26820209286442
1.33155792276964,-2.3998848437255
1.32978723404255,-3.31080730012682
1.32802124833997,-3.24025658100696
1.32777082935543,-3.39578367389198
1.3262599469496,-3.57601055530319
1.32450331125828,-2.17009519445007
1.32275132275132,-2.4782158223348
1.32100396301189,-3.33364969368763
1.31926121372032,-2.92623097010347
1.31862140139475,-3.53890244868766
1.31752305665349,-2.77505360599478
1.31578947368421,-2.40591572602649
1.31406044678055,-0.253177961979939
1.31233595800525,0.74330476201833
1.31061598951507,-1.32862835178501
1.30953502048267,-3.0006417021073
1.30890052356021,-2.9000344687894
1.30718954248366,-1.13750411109263
1.30548302872063,-1.70255902534914
1.30378096479791,-3.49438018914573
1.30208333333333,-1.92860869158563
1.30051125217341,-2.2557181714108
1.30039011703511,-2.89748596686614
1.2987012987013,-3.4299734813069
1.2970168612192,-3.57373087254139
1.29533678756477,-2.79653521481715
1.29366106080207,-2.47026252800965
1.29198966408269,-3.41260127857769
1.29154966501488,-2.20618172239876
1.29032258064516,-3.2574521192672
1.28865979381443,-3.27472592852156
1.28700128700129,-2.27734340806112
1.2853470437018,1.65407832457793
1.28369704749679,-2.3731504769198
1.28264983052806,-3.55648704697408
1.28205128205128,-2.26962238634639
1.28040973111396,1.08417184609043
1.27877237851662,-2.10411804878675
1.27713920817369,-2.03333250985177
1.27551020408163,-1.96025215534062
1.27388535031847,-1.56434276491781
1.27381132318648,-2.18971751376075
1.27226463104326,-2.83315118116827
1.27064803049555,-3.61194632173202
1.26903553299492,-3.48877792406601
1.26742712294043,-3.09589965757579
1.26582278481013,-2.50832159205641
1.2650337203959,-3.56931796783389
1.26422250316056,-1.22963381542975
1.26262626262626,-3.38883360787623
1.26103404791929,-3.40999259716939
1.25944584382872,-1.81130195788991
1.25786163522013,-1.29764089910925
1.25631660247412,-2.692816660383
1.25628140703518,-2.25132094332671
1.25470514429109,-1.2515400273525
1.2531328320802,-3.10721427445683
1.25156445556946,-2.72683978062669
1.25,-3.27595303027889
1.24843945068664,-2.83841641524163
1.24765955263087,-3.06175948401563
1.24688279301746,-3.52595200296794
1.2453300124533,-2.64528871248525
1.24378109452736,-2.61175637737109
1.24223602484472,-3.26780130560855
1.24069478908189,-2.6758994838823
1.23915737298637,-3.16590020665468
1.23906215694792,-3.09490240580338
1.23762376237624,-2.16591589534853
1.23609394313968,-2.96542280723069
1.23456790123457,-3.1244658963768
1.23304562268804,-1.44857366985861
1.23152709359606,-3.45552804192927
1.23052400435926,-2.48048102447369
1.230012300123,-2.0610225340195
1.22850122850123,-3.63214148579182
1.22699386503067,-3.327693992703
1.22549019607843,-2.42435188665469
1.22399020807834,-3.23256997070898
1.22249388753056,-2.53521349851719
1.22204468663149,-3.4047976869803
1.22100122100122,-2.27777009532026
1.21951219512195,-2.38163210543145
1.21802679658952,-2.46512413424382
1.21654501216545,-1.28973415403059
1.21506682867558,0.313865314258881
1.21362379834424,-2.40397790808647
1.21359223300971,-3.25003281277263
1.21212121212121,-2.75553373180467
1.21065375302663,-0.61520981762457
1.20918984280532,-2.93069197982087
1.20772946859903,-3.23522643754113
1.20627261761158,-2.85019484308595
1.20526093687084,-3.6052858708236
1.20481927710843,-3.53814591419707
1.20336943441637,-3.05257374576037
1.20192307692308,-2.88309311666556
1.20048019207683,-3.28658996553228
1.19904076738609,-1.07127461694192
1.19760479041916,-3.61849230156188
1.19695570235904,-2.92817649875537
1.19617224880383,-3.51374169144322
1.194743130227,-2.54685285941671
1.19331742243437,-2.8777762696835
1.19189511323004,-0.531498101512606
1.19047619047619,-3.08901119613743
1.18906064209275,-2.50490212051643
1.1887076977119,-3.42553346611897
1.18764845605701,-0.8672641666035
1.18623962040332,-2.96821189289191
1.18483412322275,-2.75464853035482
1.18343195266272,-1.42597006262572
1.18203309692671,-0.965661726951974
1.18063754427391,-1.40364777815251
1.18051652856881,-3.39897156146226
1.17924528301887,-1.64030186374115
1.17785630153121,-2.89333464530822
1.17647058823529,-2.99078223915167
1.17508813160987,-2.71704741102028
1.17370892018779,-1.40280273570543
1.1723818032866,-2.44708968261831
1.17233294255569,-1.42495104952961
1.17096018735363,-2.82886777458229
1.16959064327485,-3.45969288431003
1.16822429906542,-2.33007040888428
1.16686114352392,1.65245282390557
1.16550116550117,-1.88361983400507
1.16430313292088,-3.29931086827745
1.16414435389988,-2.73175049569529
1.16279069767442,-0.601199302811589
1.16144018583043,-1.99469608878199
1.16009280742459,-3.26304679130045
1.15874855156431,-3.12597069469102
1.15740740740741,-0.742456081644614
1.15628013120738,-3.54819628374129
1.15606936416185,-2.45265892353812
1.15473441108545,-3.22405266537022
1.15340253748558,-2.31321807651487
1.15207373271889,-3.32492395870774
1.15074798619102,-1.92321648358138
1.14942528735632,-3.44604914576343
1.14831241454351,-3.03505133168725
1.14810562571757,-3.48125604528509
1.14678899082569,-2.32703362422888
1.1454753722795,-3.26505077916466
1.1441647597254,-2.92800811154005
1.14285714285714,-3.58915002869473
1.14155251141553,-1.77092273432786
1.14039960197003,-1.65219472548226
1.14025085518814,-3.22544964928401
1.13895216400911,-3.38952841733841
1.13765642775882,-2.16188843862416
1.13636363636364,-1.05983103421674
1.13507377979569,-3.15995541450767
1.13378684807256,-0.703794514767547
1.13254131515281,4.31539909799357
1.13250283125708,2.86187972778622
1.13122171945701,-3.05115482634563
1.12994350282486,-3.43511137327441
1.12866817155756,-2.53768883767001
1.12739571589628,-0.899871967419908
1.12612612612613,-2.50595726009056
1.12485939257593,-3.15406422005058
1.12473717836475,-2.79630070900474
1.12359550561798,-2.20833663497747
1.12233445566779,-3.41428463585462
1.12107623318386,-1.69407671469052
1.11982082866741,-3.59436261116626
1.11856823266219,-3.22460747338279
1.11731843575419,-0.958258401988
1.11698681846782,-3.41097286398702
1.11607142857143,-3.55294657299212
1.11482720178372,-3.45751657714556
1.11358574610245,-2.50837672723609
1.11234705228031,-0.164472622523571
1.11111111111111,-1.52384295416375
1.10987791342952,-2.67112151635383
1.10928986489522,-2.85023937620913
1.10864745011086,-1.83056093638303
1.10741971207087,-3.65640346063391
1.10619469026549,-2.78676148949308
1.10497237569061,-3.01611762068169
1.1037527593819,-3.62030951866675
1.10253583241455,-2.82181348675281
1.10164594963366,-3.3237339977576
1.10132158590308,-2.94179477286088
1.1001100110011,0.500777902915407
1.0989010989011,-3.16557335702053
1.09769484083425,-2.98739310611453
1.09649122807018,-3.58481718223858
1.09529025191676,-2.57736754798234
1.09409190371991,-3.37567663002461
1.09405470720574,-3.35075299508675
1.09289617486339,-3.05228756817065
1.09170305676856,-3.36995311580453
1.09051254089422,-2.57765416200884
1.08932461873638,-1.03275652427665
1.08813928182807,-3.11184147416968
1.08695652173913,-1.11678979908389
1.08651577465254,-1.05818826019238
1.085776330076,-0.783536516896429
1.08459869848156,-3.40107570753521
1.08342361863489,-2.51926733456572
1.08225108225108,-2.04251461521208
1.08108108108108,-0.618312015040128
1.07991360691145,-1.03169884688055
1.07902879151618,-1.09006432782173
1.07874865156419,-2.70599448330766
1.07758620689655,-1.75679688505691
1.07642626480086,-2.36007641551138
1.0752688172043,-2.75436654531419
1.07411385606874,-2.98325281925345
1.07296137339056,-2.40068677960688
1.07181136120043,-1.41362607331511
1.07159339982267,-1.997407115248
1.07066381156317,-2.75863904160711
1.06951871657754,-0.208159809716316
1.06837606837607,-0.74383668150791
1.06723585912487,-1.25994536368706
1.06609808102345,-0.563279917888688
1.06496272630458,-3.41655749145293
1.06420924406472,-2.54882730894335
1.06382978723404,-2.65313609611318
1.06269925611052,-0.547725089920941
1.06157112526539,-3.14726933272147
1.06044538706257,-1.38972159312304
1.0593220338983,-1.17423143604652
1.05820105820106,-2.38960421614463
1.05708245243129,-3.02893357818841
1.0568759711848,-3.51221565329889
1.05596620908131,-3.44375913439732
1.05485232067511,-2.92307071344423
1.05374077976818,-3.05552119693096
1.05263157894737,-2.56784980694557
1.0515247108307,-2.99433144827951
1.05042016806723,-2.65432129453587
1.04959323055823,-3.25217700163231
1.04931794333683,-1.68676927960343
1.0482180293501,-2.4013749428236
1.04712041884817,-2.85355221215242
1.04602510460251,-3.00419810461762
1.04493207941484,-3.0213410984282
1.04384133611691,-3.53823737896677
1.04275286757039,-2.73205018120465
1.0423606739764,-1.51925366509694
1.04166666666667,2.41256250509808
1.04058272632674,-0.769566260988038
1.03950103950104,0.161301517963371
1.03842159916926,1.27765981119992
1.03734439834025,-2.44052597792513
1.03626943005181,-3.61112442577824
1.0351966873706,-2.33818354183735
1.03517795563018,-1.84066157310407
1.03412616339193,-3.5928179574369
1.03305785123967,-2.1384321010931
1.03199174406605,-3.1667301793458
1.03092783505155,-3.26593377860798
1.02986611740474,-3.52756610589814
1.02880658436214,-3.09872674284007
1.02804473209331,0.137587220773999
1.02774922918808,-3.42328340283948
1.02669404517454,-3.59507064402028
1.02564102564103,-3.47590639251062
1.02459016393443,-3.22129848164301
1.02354145342886,-2.9946276323857
1.02249488752556,-3.64695748556847
1.02145045965271,-1.70542075628687
1.02096066230605,-3.37605778632625
1.02040816326531,-3.05535210981047
1.01936799184506,-3.30072948733852
1.0183299389002,-2.31734080332056
1.01729399796541,-3.4121647503273
1.01626016260163,-2.98619578672894
1.01522842639594,-2.80505719191951
1.01419878296146,-3.30878525948041
1.01392540755882,-3.30952413775422
1.01317122593718,-0.79708396197564
1.01214574898785,-3.15982371143563
1.01112234580384,-1.989737222935
1.01010101010101,-1.30126625928282
1.00908173562059,-2.06530856970199
1.00806451612903,-0.226212550885445
1.00704934541793,-2.03795796967024
1.00693863147603,-3.42727783796245
1.00603621730382,-3.04833816252978
1.00502512562814,-3.15237422594675
1.00401606425703,1.61115614754921
1.00300902708124,-0.321630935823417
1.00200400801603,0.442478697476067
1.001001001001,4.13082450220911
1,-1.83867155082195
