"bfp_output.P","bfp_output.logBF"
1000,-0.389553671368598
993.109181374979,-0.2759681820127
986.265846131283,-0.216421073011484
979.46966706954,-0.20771354350155
972.720319245055,-0.243581184204042
966.017479952265,-0.317567913814893
959.360828709315,-0.425621278328815
952.75004724273,-0.56738409271865
946.184819472201,-0.7458087203624
939.66483149547,-0.965244748758191
933.189771573324,-1.22848040218902
926.759330114689,-1.53354783556902
920.373199661823,-1.87145086178112
914.031074875623,-2.2259801366677
907.732652521023,-2.57603531535976
901.477631452492,-2.89957641384269
895.26571259964,-3.17741316407715
889.096598952916,-3.39529777204167
882.969995549409,-3.54397053254776
876.885609458743,-3.61798665270133
870.843149769073,-3.61470662733712
864.842327573172,-3.53474093275362
858.882855954625,-3.38445803173404
852.964449974103,-3.17960837799624
847.086826655741,-2.94692219861143
841.249704973612,-2.71991981079143
835.452805838287,-2.52907292028005
829.695852083491,-2.39244041112077
823.978568452852,-2.31326012676153
818.300681586739,-2.28461954317042
812.661920009195,-2.2963830152869
807.06201411495,-2.34028999545337
801.500696156541,-2.41196417266088
795.977700231499,-2.50984893050043
790.492762269642,-2.63111753610986
785.045620020451,-2.76624567412172
779.636013040523,-2.89801916601827
774.263682681127,-3.00935767686961
768.928372075831,-3.09275396338442
763.629826128224,-3.15101286441303
758.367791499719,-3.19120269048004
753.142016597437,-3.21921016455435
747.952251562182,-3.23716085297381
742.798248256492,-3.24220162631483
737.679760252773,-3.22556992254958
732.596542821523,-3.17395458614673
727.548352919623,-3.07993084527639
722.534949178721,-2.9630241448511
717.556091893692,-2.87119863464387
712.611543011175,-2.84040091494803
707.701066118189,-2.8700906273453
702.824426430835,-2.94262204242026
697.981390783066,-3.04286638004508
693.17172761554,-3.16085464969948
688.39520696455,-3.28645546744537
683.651600451024,-3.4028665896554
678.940681269611,-3.48330268277497
674.262224177835,-3.49686408995033
669.616005485322,-3.42474576071363
665.001803043112,-3.27328834070509
660.419396233031,-3.0689000195034
655.868565957143,-2.84199803111444
651.349094627281,-2.61745360602223
646.860766154633,-2.41543459246769
642.40336593942,-2.25526477690117
637.976680860628,-2.15544858707527
633.580499265825,-2.1286887142029
629.214610961035,-2.17668505649
624.878807200689,-2.29038362533781
620.57288067765,-2.45512205295968
616.296625513294,-2.65479594829166
612.04983724767,-2.87147915312952
607.832312829723,-3.08283501805577
603.643850607587,-3.26189731042721
599.484250318941,-3.38024254824732
595.353313081437,-3.41090532744929
591.250841383188,-3.32864015365775
587.176639073326,-3.11197592566038
583.130511352622,-2.75674137997181
579.112264764176,-2.30398386309677
575.121707184161,-1.85555982031671
571.158647812643,-1.53142540540044
567.222897164454,-1.39175369147331
563.314267060136,-1.41686135022563
559.432570616938,-1.55469158298926
555.577622239888,-1.76546793798543
551.749237612913,-2.03092963301448
547.947233690029,-2.33938056435557
544.171428686589,-2.66677545900127
540.421642070592,-2.97042987910104
536.697694554048,-3.19545151799734
532.999408084409,-3.28230370232707
529.326605836056,-3.17800419564638
525.679112201842,-2.86630148902416
522.056752784698,-2.40536847570724
518.459354389291,-1.91769038304038
514.886745013749,-1.51692428103631
511.338753841433,-1.25130134797747
507.815211232767,-1.11476203066713
504.315948717136,-1.08767597367106
500.840798984821,-1.16253173636069
500,-1.19651231799163
497.389595879006,-1.3431554824629
493.962174387832,-1.63007814673439
490.558370636505,-2.01301714047436
487.178021879463,-2.46958124291329
483.820966492595,-2.95234836567554
480.487043965513,-3.36980259644822
477.176094893875,-3.60360533835368
473.887960971765,-3.58489035876176
470.622484984128,-3.34930411253783
467.379510799247,-2.99431951053368
464.158883361278,-2.60808856378319
460.960448682844,-2.24728858842515
457.784053837662,-1.94787675801332
454.62954695324,-1.73213427137763
451.49677720361,-1.60916113077782
448.385594802119,-1.58422380801708
445.295850994266,-1.67208694842558
442.22739805059,-1.89155487062261
439.180089259609,-2.23197946871768
436.153778920801,-2.62472021463644
433.14832233764,-2.97475947169702
430.16357581068,-3.22753455522242
427.199396630678,-3.38742004958255
424.255643071778,-3.48587305774417
421.332174384729,-3.55047464388498
418.428850790158,-3.59569292934499
415.545533471888,-3.62703422037797
412.682084570296,-3.6460653513849
409.838367175726,-3.65174610336423
407.014245321944,-3.64071069490172
404.209583979631,-3.60817641168706
401.424249049932,-3.54337012189888
398.658107358044,-3.42220415028616
395.911026646846,-3.21585235425327
393.182875570577,-2.93688101236098
390.473523688556,-2.68339083143622
387.782841458946,-2.551331348461
385.110700232557,-2.51842683137907
382.4569722467,-2.47099344857242
379.821530619074,-2.24258805014984
377.2042493417,-1.71533839058533
374.605003274899,-1.17047798165297
372.023668141307,-1.08795731382336
369.46012051993,-1.47121566812877
366.914237840249,-2.01234910078717
364.385898376355,-2.07231146647497
361.874981241128,-0.84934495842388
359.381366380463,0.927045215325127
356.904934567523,1.77218172370728
354.445567397043,1.29234492576054
352.003147279668,-0.276450573212666
349.577557436327,-1.9824769094797
347.168681892656,-2.74418862246712
344.776405473446,-2.73859672033857
342.400613797142,-2.64166310607738
340.041193270371,-2.53166071281494
337.698031082509,-1.93628800789476
335.371015200293,-0.448596596287312
333.333333333333,1.48327143455051
333.060034362459,1.76348550784916
330.764978074424,3.9398510859508
328.485736603004,4.78866941880786
326.222200971167,3.23048043886194
323.97426295282,0.374123948677739
321.741815067637,-1.73048439134093
319.524750575921,-2.4672800778621
317.322963473498,-1.98057045382846
315.136348486648,-0.605825759138621
312.964801067075,0.855226846030878
310.808217386907,1.56637033092661
308.666494333727,1.43487282149669
306.539529505653,0.790209325541032
304.42722120643,0.145326702989071
302.329468440578,0.228709832880573
300.246170908555,1.52051131759221
298.177229001967,3.40539116959512
296.122543798804,4.07584756739464
294.082017058706,3.04121347468017
292.055551218275,1.81012939577342
290.043049386399,1.08681549277198
288.04441533963,0.387410514258268
286.059553517574,-0.12458526106523
284.08836901833,0.663677250600007
282.130767593947,2.85195515769228
280.18665564592,4.31020911320819
278.255940220713,3.38538481403292
276.338529005317,0.880429579854412
274.434330322837,-1.53596861013925
272.543253128103,-2.48493876725659
270.665207003324,-0.85762166647181
268.800102153761,3.51384750335585
266.947849403432,8.85576102260679
264.398832986803,12.1318572120502
263.281546564802,10.826505632638
261.467321180109,5.57757454253524
259.665597293487,-0.557394114721613
257.87628875938,-3.46543511468429
256.099310025846,-2.54413785640152
254.334576130465,0.10034013877338
252.582002696278,2.96893864489342
250.841505927754,5.28155512472602
250,5.82469645215092
249.113002606779,5.53448433347815
247.396410088681,1.59095865500267
245.691646298279,-2.62838570951667
243.998629725955,-3.18150248247251
242.31727942376,-2.27594091837953
240.647515001542,-1.37467131000836
238.989256623105,-0.887301964711507
237.342425002387,-1.31554612399172
235.706941399673,-2.26962490900489
234.082727617829,-1.70915071859845
232.469705998565,-0.0895749425112724
230.867799418717,0.649916123706238
229.276931286565,-0.632599039664295
227.697025538168,-2.66684946713847
226.128006633728,-3.16069392028562
224.569799553977,-1.1566010194257
223.022329796594,2.69372612166571
221.485523372636,6.88163453433818
219.959306803008,8.20049997179312
218.443607114943,3.89023816763514
216.938351838519,-1.44102755705652
215.443469003188,-3.24307103535069
213.958887134342,-1.74312314223202
212.484535249888,1.22815859204737
211.02034285686,2.91404258889189
209.566239948043,1.8149888600084
208.122156998634,-0.372738378093753
206.688024962908,-2.18952194612695
205.263775270925,-2.70648280293774
203.849339825246,-2.23837816627154
202.44465099768,-2.13462061461883
201.04964162605,-2.84324375667752
200,-3.33138400679642
199.664245010979,-3.42534441378099
198.288394912707,-3.4751070452237
196.922025547917,-3.24871457967385
195.565071586595,-3.25325763092031
194.217468148903,-3.36570136289169
192.879150802078,-3.34754582490147
191.550055557353,-3.40147648091858
190.230118866895,-3.35534639541082
188.919277620767,-3.39761499440884
187.617469143912,-3.54025603883498
186.324631193156,-3.17260411618524
185.04070195423,-2.98510293443517
183.765620038817,-2.64591714624786
182.499324481615,-2.13646753605245
181.241754737424,-2.29367126362727
179.992850678248,-2.10806359726545
178.752552590424,-2.05752845631282
177.520801171764,-2.92986687474608
176.297537528721,-3.01706305851421
175.082703173572,-2.09017518299295
173.876240021625,-0.199361702435577
172.678090388436,1.02713625967723
171.488196987054,-0.543443957698382
170.306502925284,-2.2370390716067
169.132951702965,-3.05864301362864
167.967487209265,-2.5985626255631
166.810053720006,-1.29076697023775
166.666666666667,-1.12515250002447
165.660595894991,0.25571541176645
164.519058775366,2.59664770573348
163.385387780986,4.57630979551287
162.259528707809,1.1646599110291
161.141427725302,-3.1608921968175
160.03103137387,-0.513592299435611
158.928286562298,5.44594637629438
157.833140565212,8.92786800572098
156.745541020559,3.61734232422693
155.665435927106,-2.97579033474956
154.592773641948,-1.63282984684197
153.527502878042,2.99913032291157
152.469572701757,4.09046334469206
151.418932530435,0.262424379846085
150.375532129974,-3.15438991472287
149.339321612425,-1.33451014239575
148.310251433611,-0.206502565912198
147.28827239075,-1.37353185277889
146.273335620113,-3.13062676711759
145.265392594678,-2.04114066884189
144.264395121816,-1.62525044612426
143.270295340983,-1.5993939110328
142.857142857143,-1.70918192698037
142.283045721435,-1.66549587099594
141.302599059953,-0.866378454864114
140.328908478587,-2.2283313500264
139.361927422414,-1.62287478311317
138.401609657313,2.72388818729631
137.447909267754,6.14417819353661
136.500780654601,1.69028796745561
135.560178532937,-3.19373302198089
134.626057929891,-0.664685785707301
133.698374182495,4.2292241589165
132.777082935543,1.53358404080847
131.862140139475,-2.31461930343546
130.953502048267,-3.46805608604064
130.051125217341,-3.4224981106645
129.154966501488,-3.02044124389563
128.264983052806,-2.70294042849174
127.381132318648,-3.2334377990232
126.50337203959,-3.02513927321318
125.631660247412,-1.74860665661422
125,-1.13742307389152
124.765955263087,-1.39967292286276
123.906215694792,-3.39403134076606
123.052400435926,-3.36249999306689
122.204468663149,-2.05349288529957
121.362379834424,-1.84375904968358
120.526093687084,-2.87744877192751
119.695570235904,-3.41996580698854
118.87076977119,-3.1863653873646
118.051652856881,-2.91544355625443
117.23818032866,-2.86827774698035
116.430313292088,-3.4155296706687
115.628013120738,-3.64631940465379
114.831241454351,-3.00866379183388
114.039960197003,-2.57323431564789
113.254131515281,-2.84669894270108
112.473717836475,-3.62598879328429
111.698681846782,-2.7701837542322
111.111111111111,-1.27449755453427
110.928986489522,-0.887992927635433
110.164594963366,-0.834539871465505
109.405470720574,-3.10296679301059
108.651577465254,-3.06373876547827
107.902879151618,-1.37084673675381
107.159339982267,-1.06608625340872
106.420924406472,-2.82404004286273
105.68759711848,-1.89919967212939
104.959323055823,-0.938979170538981
104.23606739764,-3.23418998723782
103.517795563018,-2.6534023631968
102.804473209331,1.14193378307237
102.096066230605,-0.268387054787619
101.392540755882,-2.6469684459948
100.693863147603,-0.977876965826662
100,-0.708015275400252
100,-0.708015275400281
99.310918137498,-1.4089556582257
98.6265846131283,-2.34817084874676
97.946966706954,-2.46027150144682
97.2720319245054,-2.38853610243101
96.6017479952265,-3.5874200281686
95.9360828709315,-2.69508576550613
95.2750047242729,-2.32372100960485
94.61848194722,-3.59416614137261
93.966483149547,0.0621784634551732
93.3189771573324,-0.0956529647908821
92.6759330114688,-3.47442462413077
92.0373199661823,-1.49882957479702
91.4031074875623,-0.75509842930587
90.9090909090909,-1.86786404548088
90.7732652521023,-1.82206798659085
90.1477631452492,-2.71897527484297
89.526571259964,-2.86256958560521
88.9096598952916,1.15324121849806
88.2969995549409,-0.395517170208602
87.6885609458743,-3.42741026811616
87.0843149769073,-0.436529550483537
86.4842327573172,-1.48999709563712
85.8882855954625,-2.65885739914323
85.2964449974102,-1.84665370869622
84.7086826655741,-2.79992056557385
84.1249704973612,-2.10104760983999
83.5452805838287,-3.51637725744289
83.3333333333333,-2.73414192096531
82.9695852083491,-1.40791135348611
82.3978568452852,-3.44011687990244
81.8300681586739,2.55677355671553
81.2661920009194,-0.60136919843067
80.706201411495,-0.542557447750691
80.150069615654,9.50061631932595
79.5977700231498,-1.4528146297027
79.0492762269642,-1.04524506166534
78.5045620020451,-0.146155870992838
77.9636013040523,1.12955190244076
77.4263682681127,-3.62110017206443
76.9230769230769,1.79745762298966
76.8928372075831,2.13369507625074
76.3629826128224,-3.25215792964935
75.8367791499719,-1.44987300683898
75.3142016597437,-2.7284542210955
74.7952251562182,-2.39185855315655
74.2798248256491,-2.59106978735683
73.7679760252773,-3.03403504912724
73.2596542821523,-2.31517806701215
72.7548352919623,-3.35325177648836
72.2534949178722,-3.57405087709919
71.7556091893693,-2.46066308415815
71.4285714285714,-1.1616048376626
71.2611543011175,-1.82847866244903
70.7701066118189,-3.09621128732463
70.2824426430835,-1.06066858897862
69.7981390783066,-2.41254988107682
69.3171727615541,-3.2936338825694
68.839520696455,-3.50686594192704
68.3651600451024,-1.28903694483155
67.8940681269611,-2.76126419368658
67.4262224177834,-2.12041883393187
66.9616005485322,-2.99253260840411
66.6666666666667,1.25415680354125
66.5001803043112,0.985992361346878
66.0419396233031,-1.72062260449216
65.5868565957143,-0.558426536214323
65.134909462728,-1.5464585929141
64.6860766154633,-2.45228218263868
64.2403365939419,-2.03505220906895
63.7976680860628,-3.15539870658399
63.3580499265825,-0.301730533901444
62.9214610961034,-2.3527773066035
62.5,-2.3296689914557
62.4878807200689,-2.38744586358636
62.057288067765,-2.91208341841921
61.6296625513294,-2.79018472676521
61.204983724767,-3.41941648405672
60.7832312829723,-1.82485923177127
60.3643850607587,-3.48217376865476
59.9484250318941,-2.86289022878737
59.5353313081437,-3.6428805983197
59.1250841383188,-3.64224527528351
58.8235294117647,-2.87318703769462
58.7176639073326,-1.66042616606769
58.3130511352622,-2.63298857307448
57.9112264764176,-2.63788196240717
57.5121707184161,-2.1948520962721
57.1158647812643,-3.64348838776423
56.7222897164454,-2.97139801153106
56.3314267060136,-2.75953560205938
55.9432570616938,-2.75605563801598
55.5577622239888,-2.49904798980149
55.5555555555556,-2.47629209917356
55.1749237612912,-1.8702316897063
54.7947233690029,-3.0743954849636
54.4171428686589,-3.00547331106385
54.0421642070592,-3.11229446721019
53.6697694554048,-3.2565560918163
53.2999408084409,-3.6240190181049
52.9326605836056,-2.1101457743819
52.6315789473684,-2.9679065078778
52.5679112201842,-3.17824794068725
52.2056752784698,-1.21686340321944
51.8459354389291,-3.34471987857746
51.488674501375,-3.58673691950166
51.1338753841433,-2.91263144576591
50.7815211232767,-2.35478106651343
50.4315948717136,-0.611721854882016
50.0840798984821,-3.32271949167643
50,-2.92746427057942
49.7389595879007,-3.25132396667378
49.3962174387832,-2.52405682201232
49.0558370636505,-2.67518904635498
48.7178021879463,-3.06340054916985
48.3820966492596,-3.20255860772708
48.0487043965513,-0.0782331910900025
47.7176094893875,-3.00470787025277
47.6190476190476,-1.92379297701829
47.3887960971765,-2.20118606521596
47.0622484984128,-3.41404466058868
46.7379510799246,1.74204279051658
46.4158883361278,-2.17899434134621
46.0960448682843,-2.04431672016922
45.7784053837662,-2.81526928024179
45.462954695324,-2.75795597082363
45.4545454545455,-2.74509774599296
45.149677720361,-2.49482190583422
44.8385594802119,-1.94563153613405
44.5295850994266,-2.39961395956585
44.222739805059,9.45691350455106
43.9180089259609,-0.253005248402824
43.6153778920801,-0.860485648306716
43.4782608695652,-1.99018767811581
43.314832233764,-2.1338995272121
43.016357581068,-3.59520592102366
42.7199396630678,-1.25694053694628
42.4255643071778,-1.9546066883159
42.1332174384729,-0.573178469265694
41.8428850790158,-0.62108333267896
41.6666666666667,-3.12747995106896
41.5545533471888,-1.49407062208736
41.2682084570295,-3.30083264724488
40.9838367175726,-1.39210671210692
40.7014245321944,-2.74058711002616
40.4209583979631,-3.49867940027716
40.1424249049932,0.508685451361136
40,-3.15766823654642
39.8658107358044,-1.32288533772022
39.5911026646846,-2.97266185957126
39.3182875570577,-2.33753624262378
39.0473523688556,-0.82230845675728
38.7782841458946,-3.03253122533801
38.5110700232557,-3.22335772905789
38.4615384615385,-3.57119156013998
38.24569722467,-1.62432436584954
37.9821530619073,-1.688405347183
37.72042493417,-3.41104632638452
37.4605003274899,-1.96028359014489
37.2023668141307,-3.18808819506803
37.037037037037,-3.58947813813254
36.946012051993,-3.15008364088804
36.6914237840249,-1.84141872766393
36.4385898376355,-2.7249374676066
36.1874981241128,-2.63519723856548
35.9381366380463,-3.25879214346538
35.7142857142857,-2.51739629865066
35.6904934567523,-2.81415443060491
35.4445567397043,-0.546355204123027
35.2003147279668,-2.04145034253188
34.9577557436328,-3.18274623920804
34.7168681892656,-3.56670205378806
34.4827586206897,-3.52454235200234
34.4776405473446,-3.46366809522389
34.2400613797142,-3.11046468641951
34.0041193270371,-1.15874242106521
33.7698031082509,-3.49069798652503
33.5371015200293,-1.38377968354247
33.3333333333333,-2.11262876256459
33.3060034362459,-0.0523391641075461
33.0764978074424,-3.04618478194883
32.8485736603004,-3.22937026579008
32.6222200971167,-2.66336928954537
32.397426295282,0.965313315670149
32.258064516129,-2.84177358469848
32.1741815067637,0.0887304146829608
31.9524750575921,-3.11397447101414
31.7322963473498,-3.64865939468568
31.5136348486648,-3.27813187192067
31.2964801067075,-2.7657735372323
31.25,-3.45532432837244
31.0808217386906,-3.01394104957732
30.8666494333727,-3.46534375043587
30.6539529505653,-3.14773250377838
30.442722120643,-0.820251357143984
30.3030303030303,-3.6615253844052
30.2329468440578,-2.68273655089079
30.0246170908555,-3.27873613849901
29.8177229001967,-3.121666950185
29.6122543798804,-3.14471410674589
29.4117647058824,-2.96940229245366
29.4082017058706,-2.90752593034336
29.2055551218275,-3.1746775913878
29.0043049386399,-2.8986065465187
28.804441533963,-2.06365280509443
28.6059553517574,-2.94330819707651
28.5714285714286,-3.62424621194789
28.408836901833,-3.59894862231728
28.2130767593947,-3.12796160671275
28.018665564592,-3.52915272032269
27.8255940220712,-2.9734499488601
27.7777777777778,-3.65062380457918
27.6338529005317,-1.49014875967792
27.4434330322836,-1.08528910360469
27.2543253128103,-1.54829876699109
27.0665207003324,0.630930425992394
27.027027027027,-1.30683492340047
26.8800102153761,1.67067934285395
26.6947849403432,1.31422481940787
26.5108360190854,-3.06021164968454
26.3281546564802,-1.95637481806933
26.3157894736842,-0.648483254108139
26.1467321180109,-1.78467471496399
25.9665597293487,-3.05470091858596
25.787628875938,-0.946928017742702
25.6410256410256,-2.14391556336043
25.6099310025846,-2.58015875984669
25.4334576130465,-2.3933218272587
25.2582002696278,1.52329849526122
25.0841505927754,0.194889685678381
25,7.04791753155876
24.9113002606779,4.28509246435157
24.7396410088681,3.21244944793613
24.5691646298279,-2.58965501659155
24.3998629725955,-1.54252318585564
24.390243902439,-2.11222433166663
24.231727942376,-2.49415316265314
24.0647515001542,-2.0275485729815
23.8989256623105,-3.40962763002285
23.8095238095238,-3.42815396955815
23.7342425002387,-1.67321438028282
23.5706941399673,-1.69259236877412
23.4082727617829,-0.700893782069538
23.2558139534884,-3.08815529672661
23.2469705998565,-3.53851969967236
23.0867799418717,-3.1230813137332
22.9276931286565,-2.30493707301361
22.7697025538168,-2.24138024145942
22.7272727272727,-3.3671223957965
22.6128006633728,-2.31986678993526
22.4569799553977,-1.43289317799154
22.3022329796594,-2.94578152657568
22.2222222222222,-3.40815583122939
22.1485523372636,-0.522261402482125
21.9959306803007,-2.36370619622387
21.8443607114943,-3.15412844975217
21.7391304347826,-3.41623423669629
21.6938351838518,0.464880450195825
21.5443469003188,-2.74948740065197
21.3958887134342,-3.16125447877281
21.2765957446809,-0.152691352142038
21.2484535249888,-0.649549036451059
21.102034285686,-3.2551647307505
20.9566239948043,-2.77517108677953
20.8333333333333,-2.7218944801382
20.8122156998634,-3.33601700216571
20.6688024962908,-3.26406822810518
20.5263775270925,-1.57828148057343
20.4081632653061,-2.41740182887649
20.3849339825246,0.602593985478468
20.244465099768,-1.80742883231731
20.104964162605,0.088172207797176
20,-2.24040282646647
19.9664245010979,-3.29223748919203
19.8288394912707,-2.91478852513849
19.6922025547917,-3.61630426875375
19.6078431372549,-3.36543292184471
19.5565071586595,-2.60631732636771
19.4217468148903,-3.13262340948871
19.2879150802078,-2.96447835905799
19.2307692307692,-2.28367256055209
19.1550055557353,-2.66434685168748
19.0230118866894,-3.58753918634259
18.8919277620767,-2.58165771757707
18.8679245283019,-1.09111400023586
18.7617469143912,-3.59716885736038
18.6324631193156,-1.01894320539425
18.5185185185185,-3.55766292683775
18.504070195423,-3.01496363809248
18.3765620038817,-0.957254023422261
18.2499324481615,-3.23346594713591
18.1818181818182,-3.56423282731593
18.1241754737424,-2.76154887049104
17.9992850678248,-3.18612736820402
17.8752552590424,-3.24092141627546
17.8571428571429,-2.68706572049741
17.7520801171764,-3.35602265069876
17.6297537528721,-3.37039466425922
17.5438596491228,-0.0226239861417339
17.5082703173572,-1.61282166785754
17.3876240021625,-1.98619499254162
17.2678090388436,-2.93500667927203
17.2413793103448,-2.28797450332614
17.1488196987054,-3.24502931924335
17.0306502925284,-0.387781407802446
16.9491525423729,2.4815602452476
16.9132951702965,-2.39882645195807
16.7967487209265,-3.57718533043576
16.6810053720006,0.322501327177936
16.6666666666667,-1.78890969507485
16.5660595894991,-3.22780627552346
16.4519058775366,-2.66590212181266
16.3934426229508,-3.09571629478894
16.3385387780986,-3.44985955658124
16.2259528707809,-3.56436536680165
16.1290322580645,-1.06602833753414
16.1141427725302,-0.414540692737499
16.003103137387,-3.52659014164216
15.8928286562298,-3.50666674767144
15.8730158730159,-0.160402691046907
15.7833140565212,-1.87697022946356
15.674554102056,-2.24537869029582
15.625,-1.19413471837511
15.5665435927106,-1.29506790876398
15.4592773641948,-2.79305331439907
15.3846153846154,-0.319161312164492
15.3527502878042,-3.42311139490324
15.2469572701757,-2.36077739407851
15.1515151515152,0.372665163522972
15.1418932530435,-1.15579813187535
15.0375532129974,-2.40254486188071
14.9339321612425,-0.377856175797983
14.9253731343284,-0.180403390962208
14.831025143361,-2.95935715210156
14.728827239075,-2.16031492854655
14.7058823529412,-2.41272555109004
14.6273335620113,-3.66204687394416
14.5265392594678,-1.6094956088777
14.4927536231884,-3.36446018286123
14.4264395121816,-3.51250843794044
14.3270295340983,-1.19921082994234
14.2857142857143,-0.592381961674032
14.2283045721435,-0.335540773863566
14.1302599059953,-1.68368886311505
14.0845070422535,-0.794276167553998
14.0328908478587,0.76013877901146
13.9361927422414,-1.49913148992324
13.8888888888889,-2.8932786354532
13.8401609657313,-0.928318658901797
13.7447909267754,-3.34139578552579
13.6986301369863,-3.33668315369492
13.6500780654601,-1.71353861301084
13.5560178532937,-0.994466315047315
13.5135135135135,-1.02583728073885
13.4626057929891,-1.48674350643331
13.3698374182495,-1.67141743707362
13.3333333333333,3.91707366660829
13.2777082935543,-1.77029524415165
13.1862140139475,-2.09760359115789
13.1578947368421,-1.14894054222732
13.0953502048267,1.5429564578969
13.0051125217341,-3.33253502410865
12.987012987013,-2.11919912813756
12.9154966501488,-3.37291620057295
12.8264983052806,1.09437736453562
12.8205128205128,1.85949466509409
12.7381132318648,-2.68233367654265
12.6582278481013,-2.34442379165743
12.650337203959,-1.13741823280399
12.5631660247412,-3.25036569703975
12.5,-2.02147593808173
12.4765955263087,-2.98738239295913
12.3906215694792,-3.44169622745407
12.3456790123457,-2.87504962879616
12.3052400435926,-3.23162856611058
12.2204468663149,-0.505327404297542
12.1951219512195,-1.48218668170052
12.1362379834424,-0.991446436192784
12.0526093687084,-0.850296806488056
12.0481927710843,-1.21659930108704
11.9695570235904,5.60183064955082
11.9047619047619,-3.57014354721569
11.887076977119,-1.89329194689547
11.8051652856881,-2.01843480987666
11.7647058823529,-3.22497755388947
11.723818032866,-2.18551853276277
11.6430313292088,0.859842717633815
11.6279069767442,-2.99948570293587
11.5628013120738,-2.47144238654426
11.4942528735632,-1.02032497008851
11.4831241454351,-0.437824893643618
11.4039960197003,-3.65044458359149
11.3636363636364,-3.65132776515771
11.3254131515281,-3.29406048150981
11.2473717836475,-3.21781275094069
11.2359550561798,-3.41261237049506
11.1698681846782,-3.25286499646857
11.1111111111111,-1.84681230054856
11.0928986489522,-3.39116400216407
11.0164594963366,-2.34563752738212
10.989010989011,-0.308255452852971
10.9405470720574,-2.28313229239684
10.8695652173913,-0.914264216784839
10.8651577465254,-1.32859692864339
10.7902879151618,-2.90159289321879
10.752688172043,-2.91046284390394
10.7159339982267,-2.71573074340121
10.6420924406472,-2.81924900243838
10.6382978723404,-2.5113278529384
10.568759711848,-3.14746059359403
10.5263157894737,-3.41675462980099
10.4959323055823,-3.0005201408537
10.423606739764,-1.78449880367377
10.4166666666667,-2.47133423727054
10.3517795563018,-1.55511343731707
10.3092783505155,-3.10074360924743
10.2804473209331,-2.48242769500559
10.2096066230605,-2.72438375707044
10.2040816326531,-2.75332181432132
10.1392540755882,-0.0928942047966741
10.1010101010101,-3.65309028579862
10.0693863147603,-3.52413824584387
10,-1.96398201973313
10,-1.96398201973293
9.9310918137498,-2.89524924728415
9.9009900990099,0.832721464844856
9.86265846131282,0.430927608791383
9.80392156862745,-3.26130003001704
9.79469667069539,0.846109208423248
9.72720319245054,-2.99300417965578
9.70873786407767,-3.43200866355239
9.66017479952265,-1.70475765823583
9.61538461538461,-3.12788803664931
9.59360828709314,-2.99334499851308
9.52750047242729,-1.88902348531281
9.52380952380952,-2.43920928716791
9.461848194722,-1.99741078032251
9.43396226415094,-3.38379861873876
9.39664831495469,-3.37287984581955
9.34579439252336,-2.73350195119202
9.33189771573324,-3.03245957280377
9.26759330114688,-1.53266301347083
9.25925925925926,-0.4701840099173
9.20373199661822,-2.584156669948
9.1743119266055,-3.52458493702148
9.14031074875623,-3.53737999811393
9.09090909090909,-0.595719791988283
9.07732652521023,-3.12768024108187
9.01477631452492,-3.16496156209829
9.00900900900901,-3.6476957753302
8.9526571259964,-1.69738059160933
8.92857142857143,-3.19035053562397
8.89096598952916,-2.7409268585575
8.84955752212389,0.881643125802346
8.82969995549409,-1.34302312685652
8.7719298245614,-2.51350742558078
8.76885609458743,-3.37223741019143
8.70843149769072,-3.35482404737358
8.69565217391304,-3.50668957274798
8.64842327573172,0.736769881850411
8.62068965517241,-1.54418884567208
8.58882855954625,-1.07065074913423
8.54700854700855,1.01922532543465
8.52964449974102,-0.235491928711904
8.47457627118644,-2.30777252142779
8.47086826655741,-3.63130496663818
8.41249704973612,-3.46701684810246
8.40336134453781,-1.96539207387435
8.35452805838287,1.87304699229604
8.33333333333333,1.67808164763195
8.29695852083491,-3.02381352124008
8.26446280991736,-2.46170162165204
8.23978568452852,-3.33731532697926
8.19672131147541,-3.45349965215832
8.18300681586739,-3.4092646279458
8.13008130081301,-3.10867436131194
8.12661920009195,-2.99501966949618
8.0706201411495,-2.66275683147243
8.06451612903226,-1.81694999458447
8.01500696156541,-3.62095329217375
8,-3.62661862553521
7.95977700231498,-2.99692863572558
7.93650793650794,-2.47804112612253
7.90492762269642,-3.18408417460638
7.8740157480315,0.870161517818606
7.85045620020451,-3.31594320110635
7.8125,-3.61791212956085
7.79636013040523,-3.2457123027725
7.75193798449612,-2.97998703177181
7.74263682681127,-3.08168298352426
7.69230769230769,-3.58143954257438
7.68928372075831,-3.09156800646592
7.63629826128224,-2.69720706224755
7.63358778625954,-2.6379669738534
7.58367791499719,-3.23776285297692
7.57575757575758,-3.18956778070183
7.53142016597437,-2.94184115882781
7.5187969924812,-2.6005603028221
7.47952251562182,-2.31834098659275
7.46268656716418,-3.53149828533248
7.42798248256492,-3.15315539195755
7.40740740740741,-2.76229383384675
7.37679760252773,-3.14254928110033
7.35294117647059,1.61778480963391
7.32596542821523,-3.51739562776468
7.2992700729927,-3.44348927440852
7.27548352919623,-3.17988692614933
7.2463768115942,-2.86027935291896
7.22534949178722,-1.90256997776906
7.19424460431655,0.169535795243566
7.17556091893693,-1.96861455594547
7.14285714285714,-2.9481228321551
7.12611543011175,-2.59184873863141
7.09219858156028,-2.63940397564898
7.07701066118189,-2.49581970316042
7.04225352112676,-0.535048833169166
7.02824426430835,-2.30039766575514
6.99300699300699,0.666647391632201
6.97981390783066,-2.72132528636426
6.94444444444444,-1.61177734795511
6.93171727615541,-3.55798842170479
6.89655172413793,-2.9561936172516
6.8839520696455,-3.03842239824389
6.84931506849315,-2.20167263775157
6.83651600451024,-1.17227416333032
6.80272108843537,-2.92860493480934
6.78940681269611,-1.74353706809971
6.75675675675676,-0.481372974718634
6.74262224177834,-3.17312967214185
6.71140939597315,-2.57389451874276
6.69616005485322,-2.96779405848589
6.66666666666667,-2.85768902377272
6.65001803043112,-2.11285488317325
6.62251655629139,-2.74213556301181
6.6041939623303,-3.64295214774266
6.57894736842105,-2.92728776554848
6.55868565957143,-0.593114183690953
6.5359477124183,-2.24137468418344
6.5134909462728,-2.8389687027754
6.49350649350649,-1.35644845555195
6.46860766154633,-1.13683139997523
6.45161290322581,-1.49160402988017
6.42403365939419,-3.49477337839461
6.41025641025641,-2.8024192920328
6.37976680860628,-2.89131322579497
6.36942675159236,-2.76571818223631
6.33580499265825,-0.0539188735049079
6.32911392405063,-2.3053555852157
6.29214610961034,-3.47770516691638
6.28930817610063,-2.70682225391443
6.25,-3.31570557665104
6.24878807200689,-3.19296510002006
6.2111801242236,-1.37132881062099
6.2057288067765,-2.21552619553834
6.17283950617284,-2.32553733981872
6.16296625513294,-3.40961213615393
6.13496932515337,-3.18363208443362
6.1204983724767,-1.74399157036258
6.09756097560976,-3.58678542687418
6.07832312829723,-1.82301671728807
6.06060606060606,-3.46062143882007
6.03643850607587,-3.2106202901099
6.02409638554217,-2.28493256072901
5.99484250318941,-2.50888837548389
5.98802395209581,-3.04060875051634
5.95353313081437,-3.06183583504885
5.95238095238095,-3.26289470718192
5.91715976331361,-2.75838841731847
5.91250841383188,-3.2062865381096
5.88235294117647,-3.15364643242848
5.87176639073326,-3.21941427775114
5.84795321637427,-2.41699968445404
5.83130511352622,-1.87506757944252
5.81395348837209,-3.5225807256502
5.79112264764176,-3.43899806876963
5.78034682080925,-3.55782720089037
5.75121707184161,-3.55080138948311
5.74712643678161,-1.22944418388802
5.71428571428571,-3.09772671770532
5.71158647812643,-2.81796066784456
5.68181818181818,-2.42134810849681
5.67222897164454,-3.06746449436074
5.64971751412429,0.36989089437093
5.63314267060136,-2.73410145408369
5.61797752808989,-2.30067610782011
5.59432570616938,-3.21887625593505
5.58659217877095,-1.95801418672444
5.55577622239888,0.291301046179929
5.55555555555556,-0.209756754852928
5.52486187845304,-2.72892987080247
5.51749237612913,-3.40000310748401
5.49450549450549,-3.0444422512058
5.47947233690029,-2.21243703056988
5.46448087431694,-3.57650646167122
5.44171428686589,-2.52253869658311
5.43478260869565,-3.38267353475747
5.40540540540541,-3.23937157264113
5.40421642070592,-3.11750399331977
5.37634408602151,-3.66082676378233
5.36697694554048,-2.33556780468116
5.3475935828877,-2.72339700004089
5.32999408084409,-3.02944409535619
5.31914893617021,-3.60008322955063
5.29326605836056,-3.55943340077631
5.29100529100529,-3.16323916066237
5.26315789473684,-3.50520842611869
5.25679112201842,-3.11989596766331
5.23560209424084,-2.10393596782974
5.22056752784698,-2.04406553535385
5.20833333333333,-2.04710659345788
5.18459354389291,-3.47932796150475
5.18134715025907,-3.59811997416672
5.15463917525773,-1.96821324721263
5.14886745013749,-1.60900699431944
5.12820512820513,-1.97828376579003
5.11338753841433,-3.27369516106044
5.10204081632653,-3.13525092071721
5.07815211232767,-3.3483780870808
5.0761421319797,-0.974828927609035
5.05050505050505,-3.26382601090212
5.04315948717136,-3.54503596451424
5.0251256281407,-3.22718188893217
5.00840798984821,-3.48286156169051
5,-3.38633151363605
4.97512437810945,-3.54068614582483
4.97389595879006,-2.754237885361
4.95049504950495,-3.47474636448622
4.93962174387832,-3.13502397150979
4.92610837438424,-2.78465760227685
4.90558370636505,-2.87465979825937
4.90196078431372,-3.04434750256022
4.8780487804878,-0.288007360765344
4.87178021879463,-3.46484786187811
4.85436893203883,0.034668480778369
4.83820966492596,-1.39557501097407
4.83091787439613,-3.38177893105181
4.80769230769231,-3.6031282572634
4.80487043965513,-2.85148538681708
4.78468899521531,-2.51295109769058
4.77176094893875,-3.33193530261628
4.76190476190476,-3.32658163537119
4.739336492891,-3.22148261754541
4.73887960971765,-3.13452071361432
4.71698113207547,-3.63940485874987
4.70622484984128,-3.5827905201081
4.69483568075117,-3.65524547827068
4.67379510799246,-3.48263407271905
4.67289719626168,-1.84848496753464
4.65116279069767,-2.65360058875769
4.64158883361278,-3.2064321500688
4.62962962962963,-2.60486798905877
4.60960448682843,-2.66562468740475
4.60829493087558,-1.47471112815198
4.58715596330275,-1.30524743061126
4.57784053837662,-2.31713429488515
4.5662100456621,-3.30831537706596
4.5462954695324,-3.32743588599284
4.54545454545455,-3.06093603540368
4.52488687782805,-2.10426728021208
4.5149677720361,-0.056945665030649
4.5045045045045,0.168291079041485
4.48430493273543,-0.865509113575523
4.48385594802119,-0.999433177169275
4.46428571428571,-1.66062976357174
4.45295850994265,-1.78354983670418
4.44444444444444,-2.84031328747626
4.42477876106195,-3.2045212589612
4.4222739805059,-3.63830769427995
4.40528634361233,-3.26081194068079
4.39180089259609,-3.45956882890503
4.3859649122807,-2.65025186164244
4.36681222707424,-3.64830363217181
4.361537789208,-3.26289485667642
4.34782608695652,-3.03262926097603
4.3314832233764,-1.44044436907761
4.32900432900433,-3.62018119311609
4.31034482758621,-2.96352858906125
4.30163575810679,-1.14336142313617
4.29184549356223,-3.20918970859769
4.27350427350427,-3.15214018067304
4.27199396630678,-3.24772331528383
4.25531914893617,-1.29234074305112
4.24255643071778,-3.52434610862941
4.23728813559322,-3.55107867753032
4.21940928270042,-2.97909218548291
4.21332174384729,-3.63356686693678
4.20168067226891,-1.43518445692306
4.18428850790158,-2.55142985318291
4.18410041841004,-2.15074864002146
4.16666666666667,-1.27200362670934
4.15545533471888,-2.95449019485549
4.149377593361,-1.60184889404605
4.13223140495868,-3.07509910653574
4.12682084570295,-2.7314194123074
4.11522633744856,-3.50575559773425
4.09838367175726,-3.61802273665092
4.0983606557377,-3.61049274820739
4.08163265306122,-3.51276429736786
4.07014245321944,-3.58541975216472
4.0650406504065,-3.63698967934668
4.04858299595142,-3.22787420605395
4.04209583979631,-3.21482033957194
4.03225806451613,-3.65686756766349
4.01606425702811,-2.97392242492709
4.01424249049932,-3.3045502342312
4,-2.48903929839887
3.98658107358044,-2.87509347168996
3.98406374501992,-3.35406254806464
3.96825396825397,-3.06241543782131
3.95911026646846,-1.5924659052
3.95256916996047,-2.29478273462702
3.93700787401575,-3.32162024261062
3.93182875570577,-3.1425866538034
3.92156862745098,-3.03583308467817
3.90625,-1.07329663278984
3.90473523688556,-2.5942792944712
3.89105058365759,-3.33406309411937
3.87782841458946,-2.23096538390898
3.87596899224806,0.451378699291202
3.86100386100386,-3.04467031658573
3.85110700232557,-3.64738937920206
3.84615384615385,-3.51876862104403
3.83141762452107,-2.02956468516701
3.824569722467,-3.03272843510158
3.81679389312977,-2.14332816839679
3.80228136882129,-3.39656658411188
3.79821530619074,-2.22095889149714
3.78787878787879,-3.39455593117877
3.77358490566038,-3.6180733326404
3.772042493417,-2.31966060303101
3.7593984962406,-3.24974172735683
3.74605003274899,-2.65822880755244
3.74531835205992,-1.70482642594085
3.73134328358209,-2.71379458873606
3.72023668141307,-2.56566054358488
3.71747211895911,-3.3335162431441
3.7037037037037,-1.76820304778014
3.6946012051993,-3.35315371284259
3.690036900369,-3.66086718114458
3.67647058823529,-3.59994163275762
3.66914237840249,-3.16845007934888
3.66300366300366,-3.56421058492451
3.64963503649635,-3.62201001054062
3.64385898376355,1.36800591881501
3.63636363636364,-2.01808252185908
3.6231884057971,-3.06560747482559
3.61874981241128,-3.55509192008069
3.6101083032491,-1.9188739933394
3.59712230215827,-2.6961538215511
3.59381366380463,-3.35167714945349
3.584229390681,-1.58628201029607
3.57142857142857,-1.78532385707559
3.56904934567523,-2.07132864049144
3.55871886120996,-3.23899260592999
3.54609929078014,-3.06474083266375
3.54445567397043,-3.04517131347476
3.53356890459364,-3.44618887902011
3.52112676056338,-0.67093686282568
3.52003147279668,-3.22499821917476
3.50877192982456,-2.93088207650343
3.4965034965035,-3.4778545179824
3.49577557436328,-3.58552647295202
3.48432055749129,-1.9482147943046
3.47222222222222,-3.52032673115017
3.47168681892656,-2.62633730479395
3.46020761245675,-3.1972989758815
3.44827586206897,-3.50928361217883
3.44776405473446,-2.50407513877097
3.43642611683849,-3.37864477789496
3.42465753424658,-3.24628188310579
3.42400613797142,-3.02407102459427
3.41296928327645,-1.64355303458323
3.40136054421769,-1.78083452355811
3.40041193270371,-2.97605508177669
3.38983050847458,-2.41809148801179
3.37837837837838,2.22290400973408
3.37698031082509,-3.17440338310173
3.36700336700337,-2.22446023237778
3.35570469798658,-3.48548665694527
3.35371015200293,-3.56038818615066
3.34448160535117,-0.358640233018586
3.33333333333333,-1.39938822391111
3.33060034362459,-1.67509846216727
3.32225913621262,-2.30677353622117
3.3112582781457,-1.6878818652796
3.30764978074424,-3.11369879286046
3.3003300330033,-1.68989452157474
3.28947368421053,-3.49360571425445
3.28485736603004,-2.85714274124553
3.27868852459016,-3.19343707566024
3.26797385620915,-3.47875545471175
3.26222200971167,-3.39953262849981
3.25732899022801,-2.48682784232109
3.24675324675325,-2.59669183100111
3.2397426295282,-1.83189482711291
3.23624595469256,-3.2628737103008
3.2258064516129,-3.20456328190253
3.21741815067637,-1.88149255045702
3.21543408360129,0.74084910293907
3.20512820512821,-1.03888714099495
3.19524750575921,-3.33794204526601
3.19488817891374,-2.82271341347383
3.18471337579618,-1.96631431378553
3.17460317460317,-2.97378489998199
3.17322963473498,-3.18858806101097
3.16455696202532,-2.86115635840737
3.15457413249211,-3.11586134435329
3.15136348486648,-3.27167692385243
3.14465408805031,-2.04891899342423
3.13479623824451,1.03783560941854
3.12964801067075,-0.858652310276862
3.125,-3.63417856747806
3.11526479750779,-3.24909522023129
3.10808217386906,-1.56720416335697
3.1055900621118,-3.27420814827938
3.09597523219814,-2.50016205782507
3.08666494333727,-2.72876308405743
3.08641975308642,-2.52454608240735
3.07692307692308,-3.47886004005685
3.06748466257669,-3.64833976580258
3.06539529505653,-2.8434417485506
3.05810397553517,-3.57406652256081
3.04878048780488,-1.68651563084729
3.0442722120643,-3.57675314286559
3.03951367781155,-3.39821030956362
3.03030303030303,-2.52111640481406
3.02329468440578,-1.69106108761057
3.02114803625378,-1.48279824319691
3.01204819277108,-3.63117639547458
3.003003003003,-3.60781666374278
3.00246170908555,-3.26976925655667
2.9940119760479,-3.3257690176534
2.98507462686567,-3.40946398510023
2.98177229001967,-2.61412298597029
2.97619047619048,-2.5522395019354
2.9673590504451,-2.9670647233343
2.96122543798803,-3.41236291645056
2.9585798816568,-3.52183986320439
2.94985250737463,-3.49615830575761
2.94117647058824,-1.88532436399491
2.94082017058706,-3.33722038821893
2.93255131964809,-3.11871426846646
2.92397660818713,-3.48094615768242
2.92055551218275,-3.11923739913437
2.91545189504373,-2.24823068100006
2.90697674418605,-3.24510492041501
2.90043049386399,-3.32070276586655
2.89855072463768,-2.83711522949992
2.89017341040462,-2.71637210064604
2.88184438040346,-3.39720312418531
2.8804441533963,-3.3605054469484
2.8735632183908,-3.50628057310648
2.86532951289398,-3.40035936045769
2.86059553517574,-2.04965730960962
2.85714285714286,-3.38139092192891
2.84900284900285,-3.5251578356176
2.84090909090909,-2.84462814362022
2.8408836901833,-2.93263022086488
2.8328611898017,-3.65270402914792
2.82485875706215,-2.55438870162389
2.82130767593947,-2.60993541108511
2.8169014084507,-1.3216200717952
2.80898876404494,-2.16436883212584
2.8018665564592,-2.22140167855873
2.80112044817927,-1.4240362691218
2.79329608938547,-2.21166932417396
2.78551532033426,-2.67265205212463
2.78255940220712,-3.12322079820104
2.77777777777778,-2.26067970341652
2.77008310249307,-3.06588478624631
2.76338529005317,-2.68337757718804
2.76243093922652,-1.91262798550941
2.75482093663912,-1.6348622593576
2.74725274725275,-3.46347691816355
2.74434330322836,-3.63600155648025
2.73972602739726,-3.55334613971622
2.73224043715847,-2.8368398855985
2.72543253128103,-3.48008148299395
2.72479564032698,-2.8435020682301
2.71739130434783,-1.8494578186898
2.710027100271,-3.54574005184453
2.70665207003324,-3.44502485457469
2.7027027027027,-3.54513044150452
2.69541778975741,-3.32986044574663
2.68817204301075,-1.39411577075968
2.68800102153761,-1.6622198149639
2.68096514745308,-0.809462335224235
2.67379679144385,-1.34196528924387
2.66947849403432,-3.4668342747007
2.66666666666667,1.15969200334779
2.65957446808511,-2.15629674026804
2.6525198938992,-3.14746311839549
2.65108360190854,-3.32822313491139
2.64550264550265,-1.72644363045422
2.63852242744063,-1.21312231104592
2.63281546564802,-3.10325205947062
2.63157894736842,-1.53829884203354
2.6246719160105,-1.90064769658151
2.61780104712042,-3.22293122558436
2.61467321180109,-1.84666847835369
2.61096605744125,-3.65591103658424
2.60416666666667,-3.44173826544569
2.5974025974026,-2.68007794759354
2.59665597293487,-3.23405078109873
2.59067357512953,-3.41408476273251
2.58397932816537,-2.48740475492742
2.5787628875938,-3.2105743971724
2.57731958762887,-3.08275949377973
2.5706940874036,-2.76418344639306
2.56410256410256,-1.33087531867393
2.56099310025846,-3.1600916104342
2.55754475703325,-1.23260162883825
2.55102040816327,-1.32393366162592
2.54452926208651,-1.94660373214488
2.54334576130465,-3.30180536648397
2.53807106598985,-3.64632730029409
2.53164556962025,-2.44425790264422
2.52582002696278,-3.43208478512299
2.52525252525253,-3.1849991961388
2.51889168765743,-3.60230554340866
2.51256281407035,-2.92938270581576
2.50841505927754,-2.19119767597423
2.5062656641604,-3.41621039298685
2.5,-3.1711059529362
2.49376558603491,-3.20991650260479
2.49113002606779,-3.25816335892729
2.48756218905473,-2.86569175136627
2.48138957816377,-3.66032112621876
2.47524752475248,-2.14859555693833
2.47396410088681,-2.83075118061809
2.46913580246914,-3.4198217513596
2.46305418719212,-3.40236538396048
2.45700245700246,0.0220043048359075
2.45691646298279,0.489895516756481
2.45098039215686,-3.30554008496072
2.44498777506112,-3.17993813435863
2.43998629725955,-2.73196630196316
2.4390243902439,-3.0444278147264
2.4330900243309,-2.8384661714811
2.42718446601942,-3.62995069363309
2.4231727942376,-3.03358733886931
2.42130750605327,-3.61718983798697
2.41545893719807,-2.98957500037092
2.40963855421687,-3.39893303006415
2.40647515001542,-2.93343680031627
2.40384615384615,-2.13862630681983
2.39808153477218,-2.80709502998369
2.39234449760766,-2.53937280381005
2.38989256623105,-2.6936104949063
2.38663484486874,-1.58478570217685
2.38095238095238,-3.39672827667142
2.37529691211401,-3.630857270204
2.37342425002387,-3.52553699925157
2.3696682464455,-3.47190161355119
2.36406619385343,-1.75128179462107
2.35849056603774,-2.81754424999614
2.35706941399673,-3.15432034755942
2.35294117647059,-3.06065039951938
2.34741784037559,-3.45850924132445
2.34192037470726,-2.74144785182558
2.34082727617829,-3.6455112888061
2.33644859813084,-2.1992103989905
2.33100233100233,-2.35073057368207
2.32558139534884,-3.47561571803113
2.32469705998565,-3.60642750616513
2.32018561484919,-1.75568650055215
2.31481481481481,-3.24550298003465
2.3094688221709,-3.21762382267142
2.30867799418717,-2.95352169846866
2.30414746543779,-3.13202355207899
2.29885057471264,-2.51222207659533
2.29357798165138,-0.204151000906431
2.29276931286565,-1.87783515927758
2.2883295194508,-3.38710892058917
2.28310502283105,-3.62692836743683
2.27790432801822,-1.19960715812716
2.27697025538168,-2.50038137547697
2.27272727272727,-3.08453178116992
2.26757369614512,-3.39942284065757
2.26244343891403,-2.16457328412822
2.26128006633728,-2.99816499867522
2.25733634311512,-3.63245075635772
2.25225225225225,-2.62360467760034
2.24719101123596,-3.10813983760628
2.24569799553977,-3.17450257792576
2.24215246636771,-3.64995535138233
2.23713646532438,-3.21005411638061
2.23214285714286,-2.21665224240182
2.23022329796594,-3.1105382206709
2.2271714922049,-3.50440710188392
2.22222222222222,-2.94311125571745
2.21729490022173,-0.279909706565586
2.21485523372636,-3.54966968374891
2.21238938053097,-3.46907330503209
2.2075055187638,-2.96320575988498
2.20264317180617,-2.00148148322101
2.19959306803007,-2.07460288331724
2.1978021978022,-3.53086402156047
2.19298245614035,-3.29287477639765
2.18818380743982,-3.53837091567449
2.18443607114943,-1.406901483319
2.18340611353712,-2.60865270601875
2.17864923747277,-3.31256057884836
2.17391304347826,-3.14072710074158
2.16938351838518,-3.39025681846412
2.16919739696312,-3.52415384667851
2.16450216450216,-3.35544671578956
2.15982721382289,-1.33274350147208
2.1551724137931,-3.34002342772704
2.15443469003188,-2.86476220363384
2.1505376344086,-3.37387773954832
2.14592274678112,-3.34231709159088
2.14132762312634,-3.15307778005255
2.13958887134342,-3.42512842226223
2.13675213675214,-1.12699376588999
2.13219616204691,-3.35457018465633
2.12765957446809,-2.14336912781836
2.12484535249888,-3.44040395145863
2.12314225053079,-2.14829850141806
2.11864406779661,-3.30794731671092
2.11416490486258,-3.51914807548224
2.1102034285686,-2.58982262222112
2.10970464135021,-3.3539244077488
2.10526315789474,-3.19090927384736
2.10084033613445,-3.38710094098154
2.09643605870021,-3.25244849964671
2.09566239948043,-3.46933878779928
2.09205020920502,-3.27115226525968
2.08768267223382,-2.10891503717077
2.08333333333333,-1.28696628262174
2.08122156998634,-3.01407792307897
2.07900207900208,-3.36016455154656
2.0746887966805,-3.03534352490775
2.0703933747412,-3.36834323580096
2.06688024962908,-3.56360634596352
2.06611570247934,-3.16021190728075
2.06185567010309,-3.00486777550982
2.05761316872428,-2.42934225143123
2.05338809034908,-3.40671699858675
2.05263775270925,-2.16615338109882
2.04918032786885,-3.54019983215523
2.04498977505112,-2.92505921005117
2.04081632653061,-3.62286896367756
2.03849339825246,-3.56752772784305
2.03665987780041,-3.60154912599232
2.03252032520325,-2.86584254154341
2.02839756592292,-3.26001255802351
2.0244465099768,-3.33742968648057
2.02429149797571,-2.94954166403526
2.02020202020202,-2.89391135941777
2.01612903225806,-3.46486889465863
2.01207243460765,-1.76825320580256
2.0104964162605,-2.33080169388726
2.00803212851406,-2.86808977912504
2.00400801603206,-3.62144091896202
2,-3.61248964415368
1.99664245010979,-3.62390545716222
1.99600798403194,-3.43045211367048
1.99203187250996,-3.62131542390115
1.98807157057654,-3.43614380450542
1.98412698412698,-3.60842240997293
1.98288394912707,-3.44709257693902
1.98019801980198,-3.0951836338239
1.97628458498024,-2.47257046750498
1.9723865877712,-3.03047141494444
1.96922025547917,-2.99220435350788
1.96850393700787,-3.19556918533491
1.96463654223969,-3.44057310505424
1.96078431372549,-3.39949128706724
1.95694716242661,-3.32553969661644
1.95565071586595,-2.66329832696099
1.953125,-3.30840744924343
1.94931773879142,-2.61245579673813
1.94552529182879,-3.27050475872987
1.94217468148903,-3.20817980959726
1.94174757281553,-2.84915038601836
1.93798449612403,-3.40184722465683
1.93423597678917,-3.34084943741739
1.93050193050193,-3.40727427257668
1.92879150802078,-3.11718507378741
1.92678227360308,-3.27491019368416
1.92307692307692,-2.27228272342453
1.91938579654511,-2.12118673542796
1.91570881226054,-3.22436754555205
1.91550055557353,-3.56454415701206
1.91204588910134,-2.93808422561882
1.90839694656489,-2.35693864342049
1.9047619047619,-3.57771568752311
1.90230118866894,-3.59163347033579
1.90114068441065,-3.55067649251576
1.89753320683112,-3.4593441841633
1.89393939393939,-3.46522418706196
1.89035916824197,-2.6749644716118
1.88919277620767,-3.30740253399666
1.88679245283019,-2.52545376971725
1.88323917137476,-3.3470264555266
1.8796992481203,0.0982506809658803
1.87617469143912,-2.76971964739699
1.87617260787992,-2.77573870615087
1.87265917602996,-3.3964127677077
1.86915887850467,-3.42488684507186
1.86567164179104,-3.53376320328079
1.86324631193156,-3.45004155941249
1.86219739292365,-3.26433280835387
1.85873605947955,-3.46015608507973
1.85528756957328,-3.2896480428479
1.85185185185185,-3.39502727225296
1.8504070195423,-3.37486319955307
1.84842883548983,-2.0183053658658
1.8450184501845,-2.34543839775243
1.84162062615101,-3.50249678648675
1.83823529411765,-2.73030907334656
1.83765620038817,-3.64126923738176
1.8348623853211,-3.38598536465049
1.83150183150183,-3.56569491620398
1.82815356489945,-2.07944165199363
1.82499324481615,-2.92049766877433
1.82481751824817,-3.3049361034008
1.82149362477231,-1.81838680439672
1.81818181818182,-2.7002204667212
1.81488203266788,-3.61913649146428
1.81241754737424,-1.79195185093182
1.81159420289855,-2.76890187456989
1.80831826401447,-3.58318619921742
1.80505415162455,-3.54230509667344
1.8018018018018,-2.65298662287348
1.79992850678248,-1.88564602299037
1.79856115107914,-3.09123877551023
1.79533213644524,-3.59232458736589
1.7921146953405,-3.50717070398674
1.78890876565295,-3.24086888540067
1.78752552590424,-3.05905464341465
1.78571428571429,-3.5962096690831
1.7825311942959,-2.36360270703754
1.77935943060498,-3.33461961576345
1.77619893428064,-3.3860543159267
1.77520801171763,-2.76646809517156
1.77304964539007,-0.31772367660751
1.76991150442478,-3.46726398282844
1.76678445229682,-2.63358535642287
1.7636684303351,-1.9437159266681
1.76297537528721,-3.53779439227331
1.76056338028169,-2.86852298991557
1.75746924428822,-3.56896514876352
1.75438596491228,-3.55409289230591
1.75131348511384,-2.53505298887144
1.75082703173572,-2.47172278041544
1.74825174825175,-2.93262794203151
1.74520069808028,-2.89447128935493
1.74216027874564,-2.59884752222073
1.73913043478261,-3.60939995565111
1.73876240021625,-3.63863348909625
1.73611111111111,-2.3858299903464
1.73310225303293,-1.94947996401838
1.73010380622837,-3.40447230075888
1.72711571675302,-3.01633958798801
1.72678090388436,-3.06230156666937
1.72413793103448,-2.48138363506022
1.72117039586919,-3.38525148178915
1.71821305841924,-2.28705638432258
1.71526586620926,-1.4103543264021
1.71488196987054,-3.29249007203976
1.71232876712329,-2.78569241613165
1.70940170940171,-1.48602397418694
1.70648464163823,-3.63900868720695
1.70357751277683,-3.6273675121062
1.70306502925284,-3.574616661359
1.70068027210884,-3.16909056897749
1.69779286926995,-2.88916714866768
1.69491525423729,-2.88021307822465
1.69204737732657,-3.59901073160175
1.69132951702965,-3.492558900226
1.68918918918919,-3.05943992911797
1.68634064080944,-2.62203245550942
1.68350168350168,-3.07464432215239
1.68067226890756,-1.23003884154688
1.67967487209265,-3.5724327554583
1.67785234899329,-2.44379439863242
1.6750418760469,-3.11056661285438
1.67224080267559,-3.37642710750607
1.669449081803,-2.54956701294308
1.66810053720006,-3.29189713391555
1.66666666666667,-3.4916319742155
1.66389351081531,-3.60123438278084
1.66112956810631,-2.16179933448107
1.65837479270315,-3.63544737133823
1.65660595894991,-3.48848107620595
1.65562913907285,-1.85456992675592
1.65289256198347,-2.7894715940461
1.65016501650165,-3.60603964601578
1.64744645799012,-3.05326160921988
1.64519058775366,-2.94947219287816
1.64473684210526,-1.35327227137578
1.64203612479475,-3.29518598022174
1.63934426229508,-3.00605162759298
1.6366612111293,-0.0581361406296805
1.63398692810458,-2.7188147177526
1.63385387780986,-3.50902675474294
1.63132137030995,-3.09405130640068
1.62866449511401,-2.66726119159783
1.6260162601626,-3.27042337867705
1.62337662337662,-3.42740519513212
1.62259528707809,-3.40871398349351
1.62074554294976,-3.55365187320161
1.61812297734628,-3.65319396462233
1.61550888529887,-3.41518529524326
1.61290322580645,-2.0267573646757
1.61141427725302,-3.31407686467649
1.61030595813205,-2.24225119922734
1.60771704180064,-3.21217968536963
1.60513643659711,-1.44686076023869
1.6025641025641,-2.01651428722921
1.6003103137387,-2.44100014631878
1.6,-0.329772523986985
1.59744408945687,-1.7878309263278
1.59489633173844,0.821744675238212
1.59235668789809,-0.54166167760756
1.58982511923688,-3.09614277077203
1.58928286562298,-1.88163230614175
1.58730158730159,-2.64833219855783
1.58478605388273,-3.0434089178055
1.58227848101266,-1.32451297548884
1.57977883096367,-3.45804406776507
1.57833140565212,-3.63041052599784
1.57728706624606,-1.19391108640242
1.5748031496063,-3.21461838466923
1.57232704402516,-3.37961897102839
1.56985871271586,-2.16724246955165
1.5674554102056,-2.40950273075277
1.56739811912226,-1.93805476104124
1.56494522691706,-1.73996642641357
1.5625,-2.06402698446034
1.5600624024961,-3.53231151059525
1.55763239875389,-3.39320579259408
1.55665435927106,-3.23650291328327
1.5552099533437,-1.20521442691726
1.5527950310559,-1.63193364141521
1.55038759689922,-1.38161299061015
1.54798761609907,0.0360955444986546
1.54592773641948,-3.07251713389892
1.54559505409583,-3.24185536843727
1.54320987654321,-2.915491125813
1.54083204930663,-3.07535763514381
1.53846153846154,-3.49854258345648
1.53609831029186,-1.60595108790418
1.53527502878042,-0.959425083508033
1.53374233128834,-3.38931142784146
1.53139356814701,-3.59734249551105
1.52905198776758,-3.56746409382044
1.52671755725191,-2.40841133592768
1.52469572701757,-3.60918142329497
1.52439024390244,-2.71163526142355
1.5220700152207,-3.5260255124589
1.51975683890577,-2.62459758601947
1.51745068285281,-2.3376217448753
1.51515151515152,-1.67073932905076
1.51418932530435,-3.58785769630027
1.51285930408472,-3.35241717838222
1.51057401812689,-2.7154702283755
1.50829562594268,-1.5915660143285
1.50602409638554,-3.49951142236143
1.50375939849624,-3.23465266103725
1.50375532129974,-3.2741831740674
1.5015015015015,-3.37480013634164
1.49925037481259,-2.90855589947598
1.49700598802395,-3.32015574709261
1.49476831091181,-2.54484054922299
1.49339321612425,-1.36333819419861
1.49253731343284,-3.61642249622049
1.4903129657228,-3.05575115398154
1.48809523809524,-1.38088155339387
1.48588410104012,-3.53199863974815
1.48367952522255,-3.27825235142283
1.4831025143361,-3.35172148226716
1.48148148148148,-3.12264649599207
1.4792899408284,-3.19400249982014
1.47710487444609,-3.34044359117008
1.47492625368732,-3.19495010036639
1.4728827239075,-3.2873739086598
1.47275405007364,-3.61272829896977
1.47058823529412,-3.63110097668949
1.46842878120411,0.872875041546696
1.46627565982405,-2.3263022890098
1.46412884333821,-1.63398353922092
1.46273335620113,-2.22066688813147
1.46198830409357,-1.12532516391645
1.45985401459854,-3.07519647568518
1.45772594752187,-3.61747995537309
1.45560407569141,-2.23025855425625
1.45348837209302,-0.325353674489189
1.45265392594678,-3.23078579745272
1.45137880986938,-0.308981417001642
1.44927536231884,-3.18915074232005
1.44717800289436,-1.88237984745681
1.44508670520231,-1.63324295031891
1.44300144300144,-2.55101184216836
1.44264395121816,-3.25349275550051
1.44092219020173,-3.36655062955249
1.43884892086331,-1.16840445698234
1.4367816091954,-3.4736231546649
1.43472022955524,-2.46280995703021
1.43270295340983,-3.24663496739502
1.43266475644699,-3.19307250195568
1.43061516452074,-1.58484074131511
1.42857142857143,3.2357929399423
1.4265335235378,-0.130289598764004
1.42450142450142,-1.95714783562853
1.42283045721435,-1.08474629521951
1.42247510668563,-2.31290524207703
1.42045454545455,-0.437595892696815
1.41843971631206,-3.20702746690658
1.41643059490085,-0.212498756492049
1.41442715700141,0.232844475875585
1.41302599059953,-0.512607380674647
1.41242937853107,-2.39640863106076
1.41043723554302,-3.11368639182227
1.40845070422535,-3.4622030386081
1.40646976090014,-3.18468196681494
1.40449438202247,-2.81321891096904
1.40328908478587,-1.20487018823998
1.40252454417952,-3.60084749532306
1.40056022408964,-3.51252511283352
1.3986013986014,-3.29050912708147
1.39664804469274,-1.64113520815085
1.39470013947001,-2.04945270455736
1.39361927422414,-0.161275344381333
1.39275766016713,-3.09661197653848
1.39082058414465,-1.70275840299224
1.38888888888889,-2.50801046004566
1.3869625520111,-2.79702659574415
1.38504155124654,-2.38772480864734
1.38401609657313,-1.14983703005053
1.38312586445367,-1.42810290623363
1.38121546961326,-2.64152005966069
1.37931034482759,-2.80473864996572
1.37741046831956,-3.6335201500829
1.37551581843191,-3.40979919668687
1.37447909267754,-2.21662660665852
1.37362637362637,-3.61181763764837
1.37174211248285,-3.25978688199087
1.36986301369863,-2.44510957442013
1.36798905608755,-3.63241427772571
1.36612021857923,-3.00446158225305
1.36500780654601,-2.5226898651227
1.36425648021828,-2.36242380431453
1.36239782016349,-2.87038365699284
1.36054421768707,-2.82366530265223
1.35869565217391,-3.50096300433664
1.35685210312076,-3.4315315391445
1.35560178532937,-2.82244048789944
1.3550135501355,-2.27142662701267
1.3531799729364,-3.22337903615688
1.35135135135135,-3.29336616378527
1.34952766531714,-3.44632995072522
1.34770889487871,-1.33996214126288
1.34626057929891,-2.43774246193966
1.34589502018843,-2.97424837754944
1.34408602150538,-1.41810056650508
1.34228187919463,-3.25695513132315
1.34048257372654,-3.45525817522126
1.33868808567604,-3.22969154823572
1.33698374182495,-3.01381220428608
1.33689839572193,-3.46571140152498
1.33511348464619,-3.32524637840317
1.33333333333333,-2.25916451609201
1.33155792276964,-2.41343381590677
1.32978723404255,-3.28195470442609
1.32802124833997,-3.21565657199853
1.32777082935543,-3.42155284232914
1.3262599469496,-3.55589666028409
1.32450331125828,-2.08861679613336
1.32275132275132,-2.63324248299689
1.32100396301189,-3.23767133491442
1.31926121372032,-3.01326478108067
1.31862140139475,-3.559593402885
1.31752305665349,-2.72722219146
1.31578947368421,-2.52893509651356
1.31406044678055,-0.527384551917531
1.31233595800525,0.541158846643602
1.31061598951507,-1.30399757558304
1.30953502048267,-2.78714379458632
1.30890052356021,-2.88457165801843
1.30718954248366,-1.27509589259587
1.30548302872063,-1.66704184339126
1.30378096479791,-3.53693785606033
1.30208333333333,-2.25530432406618
1.30051125217341,-2.33113853826542
1.30039011703511,-2.98292669393261
1.2987012987013,-3.50823313294203
1.2970168612192,-3.60464852363504
1.29533678756477,-2.84049137044054
1.29366106080207,-2.56829922252804
1.29198966408269,-3.51184730665424
1.29154966501488,-2.40478144415691
1.29032258064516,-3.31437847909019
1.28865979381443,-3.29116001662403
1.28700128700129,-2.4000750100658
1.2853470437018,2.48503739356623
1.28369704749679,-2.34993915955119
1.28264983052806,-3.48809816792776
1.28205128205128,-2.38938965181991
1.28040973111396,0.439582324371703
1.27877237851662,-2.07426014936739
1.27713920817369,-2.20672909984561
1.27551020408163,-2.07450952245442
1.27388535031847,-1.17023339131135
1.27381132318648,-1.89848633007467
1.27226463104326,-2.88169471201125
1.27064803049555,-3.52542516246644
1.26903553299492,-3.4864635925396
1.26742712294043,-3.11833632776564
1.26582278481013,-2.33791463465276
1.2650337203959,-3.56002326206147
1.26422250316056,-1.36569206156239
1.26262626262626,-3.32913972040525
1.26103404791929,-3.32329548337067
1.25944584382872,-1.54588238286139
1.25786163522013,-1.5001678539747
1.25631660247412,-2.65461391529807
1.25628140703518,-2.24033980050963
1.25470514429109,-0.747186211941464
1.2531328320802,-3.12980232008514
1.25156445556946,-2.94009022745363
1.25,-3.36314818572593
1.24843945068664,-2.79447559643101
1.24765955263087,-3.04031096771483
1.24688279301746,-3.53133448630471
1.2453300124533,-2.65130204373134
1.24378109452736,-2.59777211579152
1.24223602484472,-3.28747034054838
1.24069478908189,-2.77607146913889
1.23915737298637,-3.25977852742308
1.23906215694792,-3.09978717528675
1.23762376237624,-2.04504806187735
1.23609394313968,-3.06537891606684
1.23456790123457,-3.23118581561918
1.23304562268804,-1.51995518802367
1.23152709359606,-3.39771045162503
1.23052400435926,-2.55577590907033
1.230012300123,-1.7596112991723
1.22850122850123,-3.63438390384418
1.22699386503067,-3.28239987036109
1.22549019607843,-2.44480663128901
1.22399020807834,-3.36904441998048
1.22249388753056,-2.75171606375086
1.22204468663149,-3.4064772284528
1.22100122100122,-2.26480851300188
1.21951219512195,-2.28821991829111
1.21802679658952,-2.53863351733845
1.21654501216545,-1.20241765164719
1.21506682867558,0.25373551697739
1.21362379834424,-2.6135356951891
1.21359223300971,-3.34780171068224
1.21212121212121,-2.74143741168181
1.21065375302663,-0.688379104410028
1.20918984280532,-2.72229145411311
1.20772946859903,-3.28466627167831
1.20627261761158,-2.94697621403405
1.20526093687084,-3.59223727849494
1.20481927710843,-3.58745809983848
1.20336943441637,-3.00256516448062
1.20192307692308,-2.83804714659207
1.20048019207683,-3.2823660820526
1.19904076738609,-1.07074684985228
1.19760479041916,-3.6147716671215
1.19695570235904,-2.92927363430978
1.19617224880383,-3.59354469909844
1.194743130227,-2.64214369249667
1.19331742243437,-2.91294892781117
1.19189511323004,-0.581275974852256
1.19047619047619,-3.05868274601932
1.18906064209275,-2.50239743117335
1.1887076977119,-3.35796665228458
1.18764845605701,-1.26016442388625
1.18623962040332,-2.65480795248679
1.18483412322275,-2.84008873760306
1.18343195266272,-1.4714946001299
1.18203309692671,-0.990642180549524
1.18063754427391,-1.56565258261586
1.18051652856881,-3.31355241357864
1.17924528301887,-1.22101162056087
1.17785630153121,-2.93320977717523
1.17647058823529,-2.98178555599274
1.17508813160987,-2.92297528270528
1.17370892018779,-1.494134327128
1.1723818032866,-2.1742243793624
1.17233294255569,-0.987809049966823
1.17096018735363,-2.83048246666565
1.16959064327485,-3.37468149246881
1.16822429906542,-2.24173853514996
1.16686114352392,1.91374734875275
1.16550116550117,-1.77052738016497
1.16430313292088,-3.19810469944759
1.16414435389988,-2.69513244263554
1.16279069767442,-0.770378107150985
1.16144018583043,-2.23294607851956
1.16009280742459,-3.31835775473764
1.15874855156431,-3.03011138554386
1.15740740740741,-0.633758744189161
1.15628013120738,-3.51895424023472
1.15606936416185,-2.39210566998984
1.15473441108545,-3.25418172808245
1.15340253748558,-2.25193777985659
1.15207373271889,-3.39039769144788
1.15074798619102,-2.05894298388089
1.14942528735632,-3.41135245166047
1.14831241454351,-3.127632374891
1.14810562571757,-3.46641601606477
1.14678899082569,-2.36000335734037
1.1454753722795,-3.21798479832592
1.1441647597254,-2.68384755003891
1.14285714285714,-3.62943107821657
1.14155251141553,-1.75789873450661
1.14039960197003,-1.3630693153605
1.14025085518814,-3.18208824814657
1.13895216400911,-3.30686753994301
1.13765642775882,-2.29207807115393
1.13636363636364,-1.3478797502979
1.13507377979569,-3.24919189958059
1.13378684807256,-0.633887898639482
1.13254131515281,4.57576527415437
1.13250283125708,3.30475045816899
1.13122171945701,-3.05811884400616
1.12994350282486,-3.49931950897332
1.12866817155756,-2.63512867939455
1.12739571589628,-1.01556193075298
1.12612612612613,-2.50203535202145
1.12485939257593,-3.16381505204564
1.12473717836475,-3.10277333727951
1.12359550561798,-2.0489704667908
1.12233445566779,-3.48622962341151
1.12107623318386,-1.67199850902609
1.11982082866741,-3.55943404013659
1.11856823266219,-3.36992833520734
1.11731843575419,-1.04677751460216
1.11698681846782,-3.49682399356545
1.11607142857143,-3.52894277024985
1.11482720178372,-3.50181551606921
1.11358574610245,-2.75696938183834
1.11234705228031,-0.352943001923289
1.11111111111111,-1.76595789267285
1.10987791342952,-2.71841788544183
1.10928986489522,-2.7661963359438
1.10864745011086,-1.53744375385152
1.10741971207087,-3.64887690086347
1.10619469026549,-2.61261734511391
1.10497237569061,-2.96037070722992
1.1037527593819,-3.57961838970241
1.10253583241455,-2.89629207917558
1.10164594963366,-3.36001449104763
1.10132158590308,-2.96219878544651
1.1001100110011,0.263369655470048
1.0989010989011,-3.2591065300211
1.09769484083425,-2.81773059073698
1.09649122807018,-3.59926870133428
1.09529025191676,-2.29468627535435
1.09409190371991,-3.33952614296187
1.09405470720574,-3.35333003574059
1.09289617486339,-3.03227050392455
1.09170305676856,-3.34710396643838
1.09051254089422,-2.7961409262039
1.08932461873638,-0.854113333321702
1.08813928182807,-3.14443614081288
1.08695652173913,-1.32187690588791
1.08651577465254,-0.753239110298874
1.085776330076,-0.985423318900483
1.08459869848156,-3.47118892223606
1.08342361863489,-2.84184802162069
1.08225108225108,-2.19601744512731
1.08108108108108,-0.5952051580558
1.07991360691145,-0.889824519688356
1.07902879151618,-1.12527531901768
1.07874865156419,-2.76139644160302
1.07758620689655,-1.83702739967149
1.07642626480086,-2.46432182376459
1.0752688172043,-2.83226020503433
1.07411385606874,-2.82460858300028
1.07296137339056,-2.30228704299337
1.07181136120043,-1.44029118832732
1.07159339982267,-2.34406680843615
1.07066381156317,-2.72018270274269
1.06951871657754,-0.213849830628997
1.06837606837607,-1.13715880484743
1.06723585912487,-1.34014952586328
1.06609808102345,-0.721532249561913
1.06496272630458,-3.389731289029
1.06420924406472,-2.37467846468798
1.06382978723404,-2.66634123095538
1.06269925611052,-0.573235268110476
1.06157112526539,-3.29933836553617
1.06044538706257,-1.1174583721396
1.0593220338983,-1.00384820788524
1.05820105820106,-2.31836251275261
1.05708245243129,-3.09257070634244
1.0568759711848,-3.49902173574467
1.05596620908131,-3.40262384683838
1.05485232067511,-3.0003699262124
1.05374077976818,-3.20110651394442
1.05263157894737,-2.62164596075346
1.0515247108307,-3.00019788016395
1.05042016806723,-2.5967769895969
1.04959323055823,-3.10563020332621
1.04931794333683,-1.4522001533521
1.0482180293501,-2.60149632533703
1.04712041884817,-2.96741544822829
1.04602510460251,-3.15795121156942
1.04493207941484,-3.01573005169218
1.04384133611691,-3.49630321739091
1.04275286757039,-2.91391473953835
1.0423606739764,-1.70410502794469
1.04166666666667,2.45898126430668
1.04058272632674,-0.718386098009726
1.03950103950104,0.0733690019568387
1.03842159916926,1.35760494192919
1.03734439834025,-2.54386021935671
1.03626943005181,-3.63568424019116
1.0351966873706,-2.19720498610503
1.03517795563018,-1.66239557246451
1.03412616339193,-3.5698989762066
1.03305785123967,-2.52701066271099
1.03199174406605,-3.29506047231764
1.03092783505155,-3.31678791679736
1.02986611740474,-3.54723252255816
1.02880658436214,-2.79042216431416
1.02804473209331,-0.114205985370584
1.02774922918808,-3.44294462183954
1.02669404517454,-3.6200051475608
1.02564102564103,-3.26187961180299
1.02459016393443,-3.21350898467837
1.02354145342886,-3.01086430531101
1.02249488752556,-3.60898100267122
1.02145045965271,-1.84975284548646
1.02096066230605,-3.46708576752804
1.02040816326531,-2.88139959840835
1.01936799184506,-3.24600366013298
1.0183299389002,-2.4938743831161
1.01729399796541,-3.4543255395791
1.01626016260163,-3.15329371509149
1.01522842639594,-2.94234092581056
1.01419878296146,-3.30184233930315
1.01392540755882,-3.22251742869686
1.01317122593718,-0.529695486939668
1.01214574898785,-3.08004925447427
1.01112234580384,-1.96552043817062
1.01010101010101,-1.3476116308865
1.00908173562059,-2.26590096059003
1.00806451612903,-0.0855117314456306
1.00704934541793,-1.82091626607775
1.00693863147603,-3.52827669217241
1.00603621730382,-3.05409152046151
1.00502512562814,-3.13847163382466
1.00401606425703,1.94856543682697
1.00300902708124,-0.900724125526419
1.00200400801603,-0.0537502587342642
1.001001001001,3.57929568851829
1,-1.81035165498748
