"data...1.","bfp_output.res"
12220.1056599999,35.6806673137203
12235.9666670002,28.1120074270448
12237.9032180002,28.9818426516846
12238.908171,54.6315378172402
12243.0026850002,23.4925313214212
12307.8585649999,8.2639613000009
12334.8146870001,4.25634826117762
12536.1309139999,-65.9395023654419
12537.0906480001,-66.4367918741657
12538.048924,-66.9157748844026
12573.0651850002,-3.54681802395264
12574.0020829998,-9.69887071918107
12575.0051270002,14.1567708722366
12601.0029279999,123.782519246129
12602.0445829998,71.2556135498166
12651.8701849999,47.8899431742828
12711.7517590001,-48.0520058158165
12712.8089470002,-15.3656228406347
12925.044514,-45.6565012048332
13071.8259140002,-27.4671299850555
13303.018044,96.2527155521033
13338.8544100001,-74.3492339129019
13340.104572,-35.6163867330504
13368.8945829999,-30.6187326363193
13747.010278,-49.5871673232426
15111.0354980002,-3.78560091294218
15440.1281369999,-19.153328204008
15523.043414,-55.971128756643
15994.8675230001,-47.3473930505827
16165.1266089999,20.2099040184498
16585.1541550001,29.4605162166747
16588.0586689999,62.1741616981861
16639.9026270001,-67.8000941818246
16909.1497450001,8.84863087271152
17291.1480089999,31.1479137178619
17294.147072,8.56381539878062
17652.1447220002,37.091671208457
17765.862338,-0.0248227889027675
18029.1550810002,-1.60832568926041
