"bfp_output.P","bfp_output.logBF"
1000,-2.61973199821439
993.109181374979,-2.49808016586131
986.265846131283,-2.4031838476625
979.46966706954,-2.3481999884538
972.720319245055,-2.34080311752508
966.017479952265,-2.3819678680383
959.360828709315,-2.46665634041455
952.75004724273,-2.58563891941453
946.184819472201,-2.72747716612643
939.66483149547,-2.88008912822819
933.189771573324,-3.03186498047314
926.759330114689,-3.1725901118428
920.373199661823,-3.29438169924678
914.031074875623,-3.39256215371382
907.732652521023,-3.46611990351247
901.477631452492,-3.51739996194645
895.26571259964,-3.55098015544133
889.096598952916,-3.57208082722259
882.969995549409,-3.58501174139543
876.885609458743,-3.59202140669519
870.843149769073,-3.59269919221084
864.842327573172,-3.58403323505164
858.882855954625,-3.56133393311377
852.964449974103,-3.52023842190128
847.086826655741,-3.45939580037689
841.249704973612,-3.38239148876549
835.452805838287,-3.29724565839687
829.695852083491,-3.21355624942368
823.978568452852,-3.13942154470929
818.300681586739,-3.08015914403181
812.661920009195,-3.03902743566799
807.06201411495,-3.01890171480216
801.500696156541,-3.02369024870556
795.977700231499,-3.05822123530545
790.492762269642,-3.1251664561279
785.045620020451,-3.21927750870581
779.636013040523,-3.32450633831656
774.263682681127,-3.42076683039503
768.928372075831,-3.49535322559528
763.629826128224,-3.54682738711052
758.367791499719,-3.58047146995112
753.142016597437,-3.60282408937693
747.952251562182,-3.61904318406062
742.798248256492,-3.6323791338233
737.679760252773,-3.64430673592913
732.596542821523,-3.65458986049471
727.548352919623,-3.66152313868441
722.534949178721,-3.66354674321293
717.556091893692,-3.66178406699332
712.611543011175,-3.65950025305683
707.701066118189,-3.658837117574
702.824426430835,-3.65981026694699
697.981390783066,-3.66140470223747
693.17172761554,-3.66251347278422
688.39520696455,-3.66233132375673
683.651600451024,-3.66049657479156
678.940681269611,-3.65698942488283
674.262224177835,-3.65153146411135
669.616005485322,-3.64257746628523
665.001803043112,-3.62685187000128
660.419396233031,-3.60026316647271
655.868565957143,-3.55968874686549
651.349094627281,-3.50477968351982
646.860766154633,-3.43951835348225
642.40336593942,-3.37289205897725
637.976680860628,-3.31700597565686
633.580499265825,-3.28162968502762
629.214610961035,-3.26767561933878
624.878807200689,-3.26479863102959
620.57288067765,-3.2557270829137
616.296625513294,-3.22501516755186
612.04983724767,-3.16799929038175
607.832312829723,-3.09576325051493
603.643850607587,-3.03232813925124
599.484250318941,-3.00412790631271
595.353313081437,-3.02801355881443
591.250841383188,-3.10415568802555
587.176639073326,-3.21385509289986
583.130511352622,-3.32014989551082
579.112264764176,-3.3760687391976
575.121707184161,-3.34857184002045
571.158647812643,-3.2453796143066
567.222897164454,-3.11162006390178
563.314267060136,-2.99706856812126
559.432570616938,-2.93105304829957
555.577622239888,-2.91839687012041
551.749237612913,-2.94372840141737
547.947233690029,-2.97817582740042
544.171428686589,-2.992295038122
540.421642070592,-2.97170412269515
536.697694554048,-2.92323329523189
532.999408084409,-2.86902764117111
529.326605836056,-2.83569991637161
525.679112201842,-2.84059239061899
522.056752784698,-2.87739949479346
518.459354389291,-2.91571720867527
514.886745013749,-2.920974490847
511.338753841433,-2.87476804995095
507.815211232767,-2.78179651174109
504.315948717136,-2.67040057010244
500.840798984821,-2.58697742422124
500,-2.5761706668962
497.389595879006,-2.57271405955934
493.962174387832,-2.6349284007333
490.558370636505,-2.7496201318056
487.178021879463,-2.89105311866488
483.820966492595,-3.04965895640175
480.487043965513,-3.22340726680711
477.176094893875,-3.39305026511111
473.887960971765,-3.50801044547121
470.622484984128,-3.50444560595109
467.379510799247,-3.33269288568836
464.158883361278,-2.97110243178603
460.960448682844,-2.44528855074459
457.784053837662,-1.85469903183444
454.62954695324,-1.35205540868453
451.49677720361,-1.05151324446087
448.385594802119,-0.962979260308212
445.295850994266,-1.02668628465583
442.22739805059,-1.18247639215751
439.180089259609,-1.40060903379178
436.153778920801,-1.66809797399069
433.14832233764,-1.96207824061626
430.16357581068,-2.246265657075
427.199396630678,-2.48958094657693
424.255643071778,-2.6810988363082
421.332174384729,-2.8303933937877
418.428850790158,-2.95665181458208
415.545533471888,-3.07705305794509
412.682084570296,-3.20407939717672
409.838367175726,-3.34808021829728
407.014245321944,-3.50404731699235
404.209583979631,-3.61852260952785
401.424249049932,-3.58560756452537
398.658107358044,-3.26204118783276
395.911026646846,-2.50207117790954
393.182875570577,-1.36134009332373
390.473523688556,-0.352190749076878
387.782841458946,-0.0230610799281221
385.110700232557,-0.282393771931917
382.4569722467,-0.57657445085358
379.821530619074,-0.137018653243824
377.2042493417,1.86366508779789
374.605003274899,4.94068625788519
371.108016766958,6.98271217460514
369.46012051993,6.68676172816247
366.914237840249,5.26485654106169
364.385898376355,3.58428937809801
361.874981241128,3.11329395111217
359.381366380463,4.05180869229294
356.904934567523,4.70586328895216
354.445567397043,3.79581152578597
352.003147279668,1.09468820473991
349.577557436327,-1.99162637453694
347.168681892656,-3.51825562693666
344.776405473446,-3.42850690962048
342.400613797142,-2.73288230391618
340.041193270371,-2.05126218438879
337.698031082509,-1.48733586780259
335.371015200293,-0.941949270857275
333.333333333333,-0.468995937693715
333.060034362459,-0.411108417969568
330.764978074424,-0.0677467165595074
328.485736603004,-0.177494816740345
326.222200971167,-0.820081200638309
323.97426295282,-1.51898695558786
321.741815067637,-1.70777487373341
319.524750575921,-1.34532788574019
317.322963473498,-0.743152551113307
315.136348486648,-0.416648353901262
312.964801067075,-0.766603160725633
310.808217386907,-1.57322479926436
308.666494333727,-2.36152720013483
306.539529505653,-2.87344475530478
304.42722120643,-2.99600690758286
302.329468440578,-2.69359912929338
300.246170908555,-2.08234139164518
298.177229001967,-1.52433056018047
296.122543798804,-1.44231283755995
294.082017058706,-1.85442251318345
292.055551218275,-2.45990696546717
290.043049386399,-3.0304458951618
288.04441533963,-3.45081370891917
286.059553517574,-3.60756773149977
284.08836901833,-3.4067336701329
282.130767593947,-3.00164954503945
280.18665564592,-2.75046378034115
278.255940220713,-2.77965944947637
276.338529005317,-2.97402041882064
274.434330322837,-3.20281277687551
272.543253128103,-3.41120627196927
270.665207003324,-3.56937314577989
268.800102153761,-3.64587084270293
266.947849403432,-3.66086858071669
265.108360190854,-3.66286882029668
263.281546564802,-3.65912602120919
261.467321180109,-3.60402716518545
259.665597293487,-3.41348955779871
257.87628875938,-3.07752868221008
256.099310025846,-2.74332412347745
254.334576130465,-2.5486184133715
252.582002696278,-2.58940737018126
250.841505927754,-2.64642077939437
250,-2.60876344917362
249.113002606779,-2.54601878915023
247.396410088681,-2.58800226867281
245.691646298279,-2.98142454839221
243.998629725955,-3.07129593505779
242.31727942376,-2.58944320941869
240.647515001542,-2.05138277991865
238.989256623105,-2.11306066544291
237.342425002387,-2.35309477229579
235.706941399673,-2.47484858387041
234.082727617829,-2.50385226929556
232.469705998565,-2.50186997407693
230.867799418717,-2.67059410957709
229.276931286565,-3.18935447194157
227.697025538168,-3.56613961303089
226.128006633728,-3.23393623910753
224.569799553977,-2.27269185540579
223.022329796594,-1.07574118078748
221.485523372636,0.450796223612504
219.959306803008,2.00516711669942
218.443607114943,1.87401242455723
216.938351838519,-0.396622820444047
215.443469003188,-2.59533044161317
213.958887134342,-3.39620072159597
212.484535249888,-2.900863775876
211.02034285686,-1.81600166447212
209.566239948043,-1.21022834611476
208.122156998634,-1.16116010150484
206.688024962908,-1.38806002652982
205.263775270925,-1.69774419950208
203.849339825246,-1.75473673989897
202.44465099768,-1.68996482262112
201.04964162605,-1.9116710941805
200,-2.3645296966021
199.664245010979,-2.5573641986043
198.288394912707,-3.34745407032404
196.922025547917,-3.42644656409699
195.565071586595,-2.78845007614494
194.217468148903,-1.90239679285254
192.879150802078,-1.69858145715922
191.550055557353,-2.5561042685013
190.230118866895,-2.61306756862181
188.919277620767,-2.15580749871684
187.617469143912,-2.71518666310397
186.324631193156,-2.90704858193838
185.04070195423,-2.71531719277165
183.765620038817,-1.35757599989186
182.499324481615,2.27135687845423
181.241754737424,3.29749289278393
179.992850678248,0.383875154131535
178.752552590424,-2.57282321177653
177.520801171764,-3.363678043494
176.297537528721,-1.71021825538862
175.082703173572,0.0511313390761261
173.876240021625,0.600907075179738
172.678090388436,-0.89535968966852
171.488196987054,-2.78619287487835
170.306502925284,-3.38781827389378
169.132951702965,-2.94561095337122
167.967487209265,-1.99367552305859
166.810053720006,-1.26927782719759
166.666666666667,-1.19320191387278
165.660595894991,-0.613377849121558
164.519058775366,-0.253505086969862
163.385387780986,-0.80281508787517
162.259528707809,-1.97846440616406
161.141427725302,-2.91751078485846
160.03103137387,-2.66843043596743
158.928286562298,-1.76394825021814
157.833140565212,-1.67060260948549
156.745541020559,-1.94831453959226
155.665435927106,-2.72593387588197
154.592773641948,-3.45462487394992
153.527502878042,-3.64633538068726
152.469572701757,-3.63718255260435
151.418932530435,-3.61289850743229
150.375532129974,-3.61195276359647
149.339321612425,-3.63645872044016
148.310251433611,-3.66246635117782
147.28827239075,-3.64156069395441
146.273335620113,-3.51980352354353
145.265392594678,-2.99372619567755
144.264395121816,-1.83092073969415
143.270295340983,-1.40333961758922
142.857142857143,-1.51219155738833
142.283045721435,-1.80888801238937
141.302599059953,-2.72582021933293
140.328908478587,-3.65945847619208
139.361927422414,-1.91790251146703
138.401609657313,0.762293016814671
137.447909267754,4.07365686460013
136.500780654601,2.95189494475837
135.560178532937,-2.44057056759255
134.626057929891,-2.83127352876987
133.698374182495,0.790620204860791
132.777082935543,3.92271798173276
131.862140139475,-0.0693297518352365
130.953502048267,-1.60655991865475
130.051125217341,-3.04475048112611
129.154966501488,-3.3424895468983
128.264983052806,-3.04661209978222
127.381132318648,-2.18466523752373
126.50337203959,-1.61352703240037
125.631660247412,-1.52316408968418
125,-0.173830679488144
124.765955263087,0.353792156880776
123.906215694792,-0.951591813588503
123.052400435926,-3.0021765476729
122.204468663149,-3.18549898947462
121.362379834424,0.309423986863369
120.526093687084,1.42642396390703
119.695570235904,-1.02543676977661
118.87076977119,-2.18099092880088
118.051652856881,-2.09720705417255
117.23818032866,-2.81462111779306
116.430313292088,-3.46365676920167
115.628013120738,-2.93417239003078
114.831241454351,-1.5211258516063
114.039960197003,-0.344696011041189
113.254131515281,-1.7060552589747
112.473717836475,-2.90321231485914
111.698681846782,-2.01628239550832
111.111111111111,-1.46349974646109
110.928986489522,-1.33556695815521
110.164594963366,-1.91978602069788
109.405470720574,-2.82511572173014
108.651577465254,-3.25463167807537
107.902879151618,-3.55385928008901
107.159339982267,-2.94951381539742
106.420924406472,-1.76665909616274
105.68759711848,0.630205452503152
104.959323055823,-0.950715622387245
104.23606739764,-3.21388214272887
103.517795563018,-0.543967115269122
102.804473209331,4.33292391831133
102.096066230605,1.35990857724953
101.392540755882,-3.1089248386704
100.693863147603,-2.78178590102849
100,-1.32553709870423
100,-1.32553709870414
99.310918137498,-1.03580268648032
98.6265846131283,-1.55973347988732
97.946966706954,-1.6912769683298
97.2720319245054,-1.97033264227609
96.6017479952265,-2.70115444784404
95.9360828709315,-3.60565999898618
95.2750047242729,-2.64420688140138
94.61848194722,-1.48560769184284
93.966483149547,-1.22985650517564
93.3189771573324,-1.85169645764393
92.6759330114688,-3.34902447349965
92.0373199661823,-3.51861398939418
91.4031074875623,-2.29626678585764
90.9090909090909,-0.861986713514891
90.7732652521023,-0.451882131855665
90.1477631452492,-1.13163495188926
89.526571259964,-3.52945955939414
88.9096598952916,-0.00730763273862589
88.2969995549409,-0.635717525710713
87.6885609458743,-3.48161952516606
87.0843149769073,0.169775958511157
86.4842327573172,0.0228822662892485
85.8882855954625,-3.59066967807545
85.2964449974102,-2.18394993925677
84.7086826655741,-3.1518795150895
84.1249704973612,-3.59964220194523
83.5452805838287,-3.51195709397588
83.3333333333333,-3.4856994941518
82.9695852083491,-3.47942352790765
82.3978568452852,-2.06712603358504
81.8300681586739,-0.751355260591661
81.2661920009194,-3.22932385238014
80.706201411495,-1.3079003724777
80.150069615654,2.79923174225018
79.5977700231498,-2.1569130141852
79.0492762269642,-3.23063523829348
78.5045620020451,-1.04531179534932
77.9636013040523,-0.585086108794438
77.4263682681127,-2.25765135919469
76.9230769230769,-3.38751108261475
76.8928372075831,-3.28210044437533
76.3629826128224,-2.53133784533692
75.8367791499719,-3.6304421735689
75.3142016597437,-2.76709851612359
74.7952251562182,-2.1679218705501
74.2798248256491,-1.73622073758754
73.7679760252773,-2.86708412204039
73.2596542821523,-2.48034143880171
72.7548352919623,-3.29100628304665
72.2534949178722,-3.49780236597435
71.7556091893693,-1.76046918265861
71.4285714285714,1.6295851732041
71.2611543011175,0.123233216321144
70.7701066118189,-3.54907351030722
70.2824426430835,3.43247126867955
69.7981390783066,-1.30863375976001
69.3171727615541,-3.54218473080207
68.839520696455,-2.71525909558941
68.3651600451024,-1.01025028997095
67.8940681269611,-2.13931405890689
67.4262224177834,-3.66209090529845
66.9616005485322,-2.48955312557613
66.6666666666667,-2.58764962287257
66.5001803043112,-2.33040014301143
66.0419396233031,-0.398005273320062
65.5868565957143,-3.22237570658772
65.134909462728,-3.35028275667669
64.6860766154633,-2.47872675002661
64.2403365939419,-1.64594689496483
63.7976680860628,-3.51601497562528
63.3580499265825,-1.7013319985112
62.9214610961034,-3.02397582746856
62.5,-0.685046502405082
62.4878807200689,-0.577440226809567
62.057288067765,-2.272475819077
61.6296625513294,-3.31942183121749
61.204983724767,-3.29395274774493
60.7832312829723,-2.77072115485249
60.3643850607587,-2.36157635795369
59.9484250318941,-3.41138035656071
59.5353313081437,-2.63765767188756
59.1250841383188,-1.54949054379331
58.8235294117647,-1.92368138559955
58.7176639073326,-2.10004785539887
58.3130511352622,-3.42110994469548
57.9112264764176,-1.78431273226489
57.5121707184161,-2.08014972231923
57.1158647812643,-3.63543659570704
56.7222897164454,-3.38493854111372
56.3314267060136,-3.04939140475043
55.9432570616938,-3.15517621640289
55.5577622239888,-3.6315158845439
55.5555555555556,-3.63291107357052
55.1749237612912,-3.42235920435824
54.7947233690029,-3.36052057533508
54.4171428686589,-3.13189759695292
54.0421642070592,-3.40762041604999
53.6697694554048,-2.97088433200845
53.2999408084409,-0.757244897912368
52.9326605836056,-2.53910697709274
52.6315789473684,-3.18269422530492
52.5679112201842,-2.76949100557293
52.2056752784698,-2.02091622497577
51.8459354389291,-2.57879123374952
51.488674501375,-3.43048461921738
51.1338753841433,0.0532079419590348
50.7815211232767,-1.91023891595007
50.4315948717136,-2.12799342018819
50.0840798984821,-3.22187371930563
50,-3.11014034079188
49.7389595879007,-3.42954634422015
49.3962174387832,-2.98168526845718
49.0558370636505,-2.72525426530624
48.7178021879463,-2.34825344130304
48.3820966492596,-3.65311115723223
48.0487043965513,-3.1855542837461
47.7176094893875,-2.14570899379022
47.6190476190476,-1.79674262215878
47.3887960971765,-2.04968379011846
47.0622484984128,-3.58469643932211
46.7379510799246,4.49989424425762
46.4158883361278,-3.29251646526212
46.0960448682843,-2.06687979263166
45.7784053837662,-3.42360681343565
45.462954695324,-3.6044219035942
45.4545454545455,-3.60554113574114
45.149677720361,-1.177742039128
44.8385594802119,-1.85447072780674
44.5295850994266,-3.33009093700953
44.222739805059,-1.86438697759531
43.9180089259609,-2.14976892648876
43.6153778920801,-3.44411567313601
43.4782608695652,-3.6466569544017
43.314832233764,-2.99817656544057
43.016357581068,-2.34730484023207
42.7199396630678,-3.46678460259302
42.4255643071778,-3.41608496117906
42.1332174384729,-3.21367793472067
41.8428850790158,-0.309639184047238
41.6666666666667,-3.51849724310785
41.5545533471888,-1.39660083153943
41.2682084570295,-2.89910018046636
40.9838367175726,-0.0268870248131163
40.7014245321944,-3.56466896668878
40.4209583979631,-3.52637571134259
40.1424249049932,-1.29773595818163
40,-3.52345436378438
39.8658107358044,-2.3402414675274
39.5911026646846,-3.61055933659785
39.3182875570577,-3.49335556420494
39.0473523688556,-1.73739685586231
38.7782841458946,-1.48675062216266
38.5110700232557,-2.26994383178971
38.4615384615385,-2.71393564372256
38.24569722467,-3.21286439647359
37.9821530619073,-0.504659420413229
37.72042493417,-3.5374412750538
37.4605003274899,0.397362166406301
37.2023668141307,-1.15284875494798
37.037037037037,-2.8606656323184
36.946012051993,-3.58652371456712
36.6914237840249,-3.63471428033172
36.4385898376355,-3.15307031322127
36.1874981241128,-1.34263742648936
35.9381366380463,-1.83362154392013
35.7142857142857,-2.47360021194889
35.6904934567523,-2.36607188395639
35.4445567397043,-2.96358210768697
35.2003147279668,-2.00989491635915
34.9577557436328,-2.92314049558184
34.7168681892656,-3.56316285265974
34.4827586206897,-3.4760140190762
34.4776405473446,-3.44437306781664
34.2400613797142,-3.57675134268019
34.0041193270371,-1.14065345214702
33.7698031082509,-2.67961406798859
33.5371015200293,-1.00071886155184
33.3333333333333,-3.56601892876254
33.3060034362459,-3.087481545426
33.0764978074424,-2.05198485293506
32.8485736603004,-3.63311566057414
32.6222200971167,-2.87709594712562
32.397426295282,-1.95298809373223
32.258064516129,-2.67223767127517
32.1741815067637,-0.165000698036674
31.9524750575921,-0.0362265416226064
31.7322963473498,-2.98331939130916
31.5136348486648,-3.18492200509472
31.2964801067075,-3.36958682785238
31.25,-2.47777535386303
31.0808217386906,-2.05442522187088
30.8666494333727,-2.97449941094835
30.6539529505653,-2.17653640875484
30.442722120643,0.922325903233078
30.3030303030303,-2.67451882280734
30.2329468440578,0.0327277133329078
30.0246170908555,-3.62055306986057
29.8177229001967,-2.47319889681709
29.6122543798804,-3.28865565403511
29.4117647058824,-2.4300635416143
29.4082017058706,-2.37774347245003
29.2055551218275,-1.21226589296584
29.0043049386399,-3.36765453868945
28.804441533963,-3.06912346771481
28.6059553517574,-3.06194746998072
28.5714285714286,-3.30716101558907
28.408836901833,-3.6204434668521
28.2130767593947,-3.15964959200373
28.018665564592,-3.44128924630523
27.8255940220712,-2.67442488544146
27.7777777777778,-3.35754191192326
27.6338529005317,-2.14694827087758
27.4434330322836,-3.423620593996
27.2543253128103,-2.26986218929623
27.0665207003324,-1.61541795638594
27.027027027027,0.81991767352189
26.8800102153761,-2.67378250960307
26.6947849403432,-2.83074578763502
26.5108360190854,-2.48991521527359
26.3281546564802,-3.26940936171244
26.3157894736842,-3.02608684385664
26.1467321180109,-3.00583364970587
25.9665597293487,-2.18873607972942
25.787628875938,1.01875481477977
25.6410256410256,-2.13511194866619
25.6099310025846,-0.609514651034782
25.4334576130465,-1.88009213885818
25.2582002696278,0.0981667895858793
25.0841505927754,-0.690646202120131
25,1.35388747063165
24.9113002606779,-2.51649177064963
24.7396410088681,-3.60121672332103
24.5691646298279,-3.24731774604718
24.3998629725955,-3.17931656016357
24.390243902439,-3.51123640085707
24.231727942376,-2.46174224610801
24.0647515001542,-0.531137881056746
23.8989256623105,-2.5878567863232
23.8095238095238,-3.55770144044028
23.7342425002387,-0.494108337277633
23.5706941399673,-3.11562286388316
23.4082727617829,-1.24362450866071
23.2558139534884,-1.91305685749371
23.2469705998565,-2.24445571900928
23.0867799418717,-2.48605132255714
22.9276931286565,-0.175651435699858
22.7697025538168,-1.27578731867554
22.7272727272727,-0.282719185620986
22.6128006633728,-2.8155685024955
22.4569799553977,-0.533279467142402
22.3022329796594,-1.59173730159012
22.2222222222222,-2.7089582278427
22.1485523372636,-0.342061362420575
21.9959306803007,-2.43547948738741
21.8443607114943,-2.92418273436526
21.7391304347826,-2.97572997768143
21.6938351838518,-3.39274108827662
21.5443469003188,-2.56889272504649
21.3958887134342,-1.08900953068491
21.2765957446809,-1.99067362352489
21.2484535249888,-3.36785395129619
21.102034285686,-2.92274481725938
20.9566239948043,-3.15250387622982
20.8333333333333,-2.94020421287153
20.8122156998634,-1.63017165586872
20.6688024962908,-3.27990303924484
20.5263775270925,-2.39895379558034
20.4081632653061,-2.92397115668988
20.3849339825246,-2.66931531470514
20.244465099768,-0.46439363106695
20.104964162605,-0.824251286383695
20,-3.30892046137798
19.9664245010979,-2.67069851432187
19.8288394912707,-3.28618404662283
19.6922025547917,-1.40255303431946
19.6078431372549,-3.33496605515325
19.5565071586595,-0.939747210018576
19.4217468148903,-0.356709982181949
19.2879150802078,-3.32183134560982
19.2307692307692,-2.9309653259675
19.1550055557353,-2.26146739873387
19.0230118866894,-2.6182822550475
18.8919277620767,-1.04934713509611
18.8679245283019,-2.02696881939213
18.7617469143912,-3.22738791200036
18.6324631193156,-3.44581827614102
18.5185185185185,-2.82570543774711
18.504070195423,-3.19701760479604
18.3765620038817,-3.28789855517358
18.2499324481615,-3.11232493503563
18.1818181818182,-3.1372544220933
18.1241754737424,-1.17769554248023
17.9992850678248,-3.52948520836851
17.8752552590424,-3.2503381877491
17.8571428571429,-2.12607678973786
17.7520801171764,-3.16286002928562
17.6297537528721,-2.68581036198169
17.5438596491228,-2.0387564614377
17.5082703173572,-3.37145789939545
17.3876240021625,-3.28279523596769
17.2678090388436,-3.48038711575607
17.2413793103448,-2.191384589999
17.1488196987054,-3.19698530500743
17.0306502925284,-1.8122063276749
16.9491525423729,-2.35472446199072
16.9132951702965,-3.16327016586485
16.7967487209265,-3.39483645902144
16.6810053720006,-2.43922568597254
16.6666666666667,-2.70217163086955
16.5660595894991,-2.25943030949075
16.4519058775366,-3.12386731751571
16.3934426229508,-3.46678787605354
16.3385387780986,-3.40420677691746
16.2259528707809,-3.39968633566088
16.1290322580645,-3.48081375064786
16.1141427725302,-1.67467395648246
16.003103137387,-3.47080358078825
15.8928286562298,-2.9199954014367
15.8730158730159,-2.03426627029075
15.7833140565212,-3.27384883025969
15.674554102056,-3.04256928579418
15.625,-0.978032377484065
15.5665435927106,-1.69415526268572
15.4592773641948,-3.21678958741092
15.3846153846154,-2.88182124364907
15.3527502878042,-2.13985393225404
15.2469572701757,-2.74154501827216
15.1515151515152,1.56184880492136
15.1418932530435,-1.54689599570566
15.0375532129974,-1.14594963261326
14.9339321612425,0.272692404038954
14.9253731343284,-0.16638658794461
14.831025143361,-2.66703303100256
14.728827239075,-2.71314736890541
14.7058823529412,-3.31813472537707
14.6273335620113,-3.04379016395772
14.5265392594678,-2.25826779265948
14.4927536231884,-3.66324307882582
14.4264395121816,-2.62408978664491
14.3270295340983,-1.96809258740883
14.2857142857143,-0.233340287393825
14.2283045721435,-1.82838718536312
14.1302599059953,-3.14010948893768
14.0845070422535,-0.553417217471472
14.0328908478587,1.39924407257728
13.9361927422414,-3.38216915167966
13.8888888888889,-1.98751220387835
13.8401609657313,-2.53583024702474
13.7447909267754,-0.894472138470159
13.6986301369863,-0.935390193642045
13.6500780654601,-3.6569715358927
13.5560178532937,-1.10679954177122
13.5135135135135,-2.6721496151501
13.4626057929891,-3.19140863279456
13.3698374182495,-3.33588388447195
13.3333333333333,-1.56754438975103
13.2777082935543,-3.2726057839295
13.1862140139475,-3.38586592157268
13.1578947368421,-2.72022570811181
13.0953502048267,-1.36427009855965
13.0051125217341,-3.00959780211998
12.987012987013,-3.59472374801121
12.9154966501488,-3.03429786150267
12.8264983052806,-2.10637976523717
12.8205128205128,-2.57690028907011
12.7381132318648,-2.79732350866918
12.6582278481013,-3.53204138188864
12.650337203959,-2.646688206966
12.5631660247412,-2.75291462550932
12.5,-2.63156826451644
12.4765955263087,-2.8887942242013
12.3906215694792,-2.86278669907254
12.3456790123457,-3.52825123502223
12.3052400435926,-3.48597423564292
12.2204468663149,-1.82385039922202
12.1951219512195,-2.68064044573829
12.1362379834424,-1.93524003503121
12.0526093687084,-3.08221664050468
12.0481927710843,-3.19567218049651
11.9695570235904,0.412218363258281
11.9047619047619,-2.44133799574318
11.887076977119,-2.07715625526877
11.8051652856881,-2.50003758672751
11.7647058823529,-2.20546208378472
11.723818032866,0.575251389369403
11.6430313292088,-1.29692146937553
11.6279069767442,-3.49051309409516
11.5628013120738,-3.13764568378955
11.4942528735632,-0.992579220899084
11.4831241454351,-1.07209531153809
11.4039960197003,-3.51680548694487
11.3636363636364,-2.83251681013992
11.3254131515281,-3.41793982565387
11.2473717836475,-2.61033258667733
11.2359550561798,-2.90388279422508
11.1698681846782,-2.21453479226734
11.1111111111111,-2.35817415753938
11.0928986489522,-3.3270728507572
11.0164594963366,-2.33277280134093
10.989010989011,-3.35060166196619
10.9405470720574,-2.72419729615562
10.8695652173913,-3.11356121086252
10.8651577465254,-3.21313501088916
10.7902879151618,-2.6327772030754
10.752688172043,-1.31067922166023
10.7159339982267,-0.444007010293869
10.6420924406472,-1.21520518310386
10.6382978723404,-0.699189881543258
10.568759711848,-3.60709208694903
10.5263157894737,-3.42629807264724
10.4959323055823,-2.07933393244367
10.423606739764,-1.91295476925726
10.4166666666667,0.624524239979043
10.3517795563018,-3.22176916827
10.3092783505155,-3.03636379780418
10.2804473209331,-2.95100605003098
10.2096066230605,-2.17261087348605
10.2040816326531,-2.29777810290663
10.1392540755882,-2.52685959754019
10.1010101010101,-2.86048829470713
10.0693863147603,-1.85608852215192
10,-2.55843234689312
10,-2.55843234689295
9.9310918137498,-2.6504153156837
9.9009900990099,-1.74510154994668
9.86265846131282,-3.01384892991394
9.80392156862745,-1.47234616247514
9.79469667069539,4.20792913238983
9.72720319245054,-3.248411519626
9.70873786407767,-2.38047847518113
9.66017479952265,0.782719327944439
9.61538461538461,-2.56674210600006
9.59360828709314,-3.12280123790419
9.52750047242729,-3.21431320004417
9.52380952380952,-2.92937340010182
9.461848194722,-2.31681535624248
9.43396226415094,-3.54483823956634
9.39664831495469,-2.34576020866323
9.34579439252336,-3.58968107643302
9.33189771573324,-2.6700034917567
9.26759330114688,-3.13722143238904
9.25925925925926,-2.94738011517976
9.20373199661822,-3.27249539170587
9.1743119266055,-2.39355109803561
9.14031074875623,-3.5334019385168
9.09090909090909,-1.54822351973847
9.07732652521023,-3.15890134785696
9.01477631452492,-3.41633804575899
9.00900900900901,-2.58959005532453
8.9526571259964,-2.7765885711175
8.92857142857143,-3.3572348369271
8.89096598952916,-2.99354437751439
8.84955752212389,0.899593253867597
8.82969995549409,-3.35418189748035
8.7719298245614,-3.41638874591014
8.76885609458743,-3.57326945759977
8.70843149769072,-2.46467981818513
8.69565217391304,-3.51448595501612
8.64842327573172,-0.627072533258608
8.62068965517241,-1.93657642907608
8.58882855954625,-1.14265290738389
8.54700854700855,-3.14806179395797
8.52964449974102,-1.36940673260112
8.47457627118644,-2.61781730865247
8.47086826655741,-3.5158021230123
8.41249704973612,-3.06571525450591
8.40336134453781,-2.65882976439353
8.35452805838287,-2.04365088204276
8.33333333333333,-1.52351909513025
8.29695852083491,-2.65964447213006
8.26446280991736,-2.1168387323318
8.23978568452852,-3.65634394186956
8.19672131147541,-2.68537492526216
8.18300681586739,-3.57528663617471
8.13008130081301,-2.52194444505927
8.12661920009195,-1.60530630840146
8.0706201411495,-0.852464837985148
8.06451612903226,-2.45232096268303
8.01500696156541,-3.41022227040566
8,-2.30780382432327
7.95977700231498,-3.51365426818968
7.93650793650794,-2.58727091686221
7.90492762269642,-2.81699762042329
7.8740157480315,-2.06203978823587
7.85045620020451,-2.45990319754564
7.8125,-3.58234093101823
7.79636013040523,-2.80321653855462
7.75193798449612,-2.71587845715915
7.74263682681127,-2.78267725725406
7.69230769230769,-2.71835959620945
7.68928372075831,-3.30625934403853
7.63629826128224,-1.66415880298431
7.63358778625954,-1.73044008362948
7.58367791499719,-1.88918835982629
7.57575757575758,-3.44704547815239
7.53142016597437,-3.43410844853126
7.5187969924812,-2.48445450219942
7.47952251562182,-2.71889693897738
7.46268656716418,-2.67474813138746
7.42798248256492,-2.68555075975372
7.40740740740741,-2.30509752416385
7.37679760252773,-2.948700674107
7.35294117647059,-1.51346242716722
7.32596542821523,-3.5632819560336
7.2992700729927,-3.58769697046726
7.27548352919623,-1.70861172603757
7.2463768115942,-3.33349956864474
7.22534949178722,-1.91732692222184
7.19424460431655,-3.31558128205152
7.17556091893693,-2.61493269608026
7.14285714285714,-2.73297556597206
7.12611543011175,-2.08716395569736
7.09219858156028,-3.02411127679691
7.07701066118189,-2.5464194619184
7.04225352112676,-2.1568907796731
7.02824426430835,-2.6088949415034
6.99300699300699,-1.10340308313668
6.97981390783066,-3.59048430690892
6.94444444444444,-0.552989524548972
6.93171727615541,-1.76341237567989
6.89655172413793,-3.36505862024178
6.8839520696455,-2.70679314123931
6.84931506849315,-3.21411106113633
6.83651600451024,-1.46095620512976
6.80272108843537,-1.11284805925343
6.78940681269611,-2.17495758973656
6.75675675675676,-2.03574148571051
6.74262224177834,-3.44817619334575
6.71140939597315,-2.42768585901357
6.69616005485322,-3.28701026328452
6.66666666666667,-2.72591921523739
6.65001803043112,-2.23189541215926
6.62251655629139,-3.311885045657
6.6041939623303,-3.17315335936903
6.57894736842105,-1.92685435909389
6.55868565957143,-0.0984197847636308
6.5359477124183,-3.15631837427763
6.5134909462728,-3.25796124798527
6.49350649350649,-1.79077134384895
6.46860766154633,-2.3030406620531
6.45161290322581,-3.28865702097557
6.42403365939419,-3.64479377452336
6.41025641025641,-3.61414315622003
6.37976680860628,-2.99950407379545
6.36942675159236,-0.122135440008701
6.33580499265825,-2.39830447386798
6.32911392405063,-2.36705669430519
6.29214610961034,-2.96807622220386
6.28930817610063,-2.08450390542368
6.25,-3.61023343671566
6.24878807200689,-3.6576655931377
6.2111801242236,0.521145134208628
6.2057288067765,-1.20857911421451
6.17283950617284,-1.67119772412256
6.16296625513294,-3.28564482097318
6.13496932515337,-3.21301787563471
6.1204983724767,-3.08220992500211
6.09756097560976,-3.22512877296163
6.07832312829723,-0.414192773714102
6.06060606060606,-3.44181037773158
6.03643850607587,-3.01988006639872
6.02409638554217,-1.30759267293875
5.99484250318941,-2.84738764486617
5.98802395209581,-3.05856684203816
5.95353313081437,-3.00456195573856
5.95238095238095,-2.73907039077919
5.91715976331361,-1.74051198211277
5.91250841383188,-2.51345049571379
5.88235294117647,-2.86214307003335
5.87176639073326,-2.4050856895826
5.84795321637427,-3.03500515361354
5.83130511352622,-2.05931303186376
5.81395348837209,-3.64756361403785
5.79112264764176,-1.44532408698536
5.78034682080925,-3.20562523672823
5.75121707184161,-2.27528041305912
5.74712643678161,1.51060688191992
5.71428571428571,-3.15762832655649
5.71158647812643,-2.56428024301901
5.68181818181818,-3.279771232729
5.67222897164454,-1.69918207297381
5.64971751412429,-2.69267778557694
5.63314267060136,-3.03755724595966
5.61797752808989,-3.61579481835939
5.59432570616938,-3.27006387785071
5.58659217877095,-3.39009676605296
5.55577622239888,-1.86192255328371
5.55555555555556,-1.78066860088345
5.52486187845304,-3.07239643081145
5.51749237612913,-3.56689638278162
5.49450549450549,-3.58165975279969
5.47947233690029,-3.37199333536345
5.46448087431694,-1.31871873912872
5.44171428686589,-2.79401224034286
5.43478260869565,-3.09185528837817
5.40540540540541,-3.60063207118655
5.40421642070592,-3.63749350094089
5.37634408602151,-2.78682429664003
5.36697694554048,1.14868832792645
5.3475935828877,-3.48324029642164
5.32999408084409,-3.61447989766615
5.31914893617021,-2.79240723273484
5.29326605836056,-3.46762577138464
5.29100529100529,-2.02474655060176
5.26315789473684,-3.56992839482823
5.25679112201842,-3.4420925946046
5.23560209424084,-3.29144173481053
5.22056752784698,-3.22973300714106
5.20833333333333,-2.44874428246062
5.18459354389291,-3.64789160614118
5.18134715025907,-3.48976982610769
5.15463917525773,-2.93800066238763
5.14886745013749,-3.18128505853705
5.12820512820513,-3.01044197841558
5.11338753841433,-3.5018132435094
5.10204081632653,-3.05229633123927
5.07815211232767,-2.28153210126068
5.0761421319797,0.0624735099008165
5.05050505050505,-3.56843118157611
5.04315948717136,-3.16469344443386
5.0251256281407,-2.94165879929279
5.00840798984821,-2.38253259803882
5,-3.37880944633427
4.97512437810945,-3.01198131956574
4.97389595879006,-1.01565955750244
4.95049504950495,-3.37619519039795
4.93962174387832,-3.01940173940262
4.92610837438424,-1.31486353781436
4.90558370636505,-2.48336777783684
4.90196078431372,-2.02339678481151
4.8780487804878,-3.30571635171797
4.87178021879463,-3.32843281663501
4.85436893203883,0.299443254067275
4.83820966492596,-0.27375242948555
4.83091787439613,-3.09347010239024
4.80769230769231,-3.49038877981492
4.80487043965513,-2.6637048698647
4.78468899521531,-2.46343447888124
4.77176094893875,-1.87893961239628
4.76190476190476,-3.3292755027365
4.739336492891,-3.4914032459164
4.73887960971765,-3.54675120336627
4.71698113207547,-3.14294267773097
4.70622484984128,-2.81944425914697
4.69483568075117,-3.02575003849334
4.67379510799246,-1.58496005686124
4.67289719626168,-1.7509838619175
4.65116279069767,-1.95234308416003
4.64158883361278,-3.63033543231087
4.62962962962963,-3.46492030052125
4.60960448682843,-3.64374013565746
4.60829493087558,-2.61610235096863
4.58715596330275,-0.329028953921447
4.57784053837662,-2.87539780915834
4.5662100456621,-3.20111553960261
4.5462954695324,-3.35591681753648
4.54545454545455,-2.87426703921021
4.52488687782805,-3.41705410409885
4.5149677720361,-2.84107813905298
4.5045045045045,1.69089119823004
4.48430493273543,-1.9196747066146
4.48385594802119,-2.3644868608401
4.46428571428571,-2.25816468465753
4.45295850994265,-2.55671789167986
4.44444444444444,-1.94816826751512
4.42477876106195,-3.2005917640066
4.4222739805059,-3.28746193330793
4.40528634361233,-3.03423549308631
4.39180089259609,-3.60533309798306
4.3859649122807,-3.44511719142191
4.36681222707424,-3.44056641024526
4.361537789208,-3.44291217770164
4.34782608695652,-3.34299186963734
4.3314832233764,0.706766379355192
4.32900432900433,-2.87384170692745
4.31034482758621,-2.87093289070766
4.30163575810679,-2.53379089864422
4.29184549356223,-2.91595630090246
4.27350427350427,-2.87027957255402
4.27199396630678,-3.11704136681218
4.25531914893617,-1.5326645162023
4.24255643071778,-1.30896620125621
4.23728813559322,-3.27081951923433
4.21940928270042,-3.43307496917297
4.21332174384729,-3.35264281253209
4.20168067226891,-1.15331596222198
4.18428850790158,-1.35155769693879
4.18410041841004,-1.13795468210408
4.16666666666667,-3.35999923667849
4.15545533471888,-3.07788435666763
4.149377593361,-3.238039429653
4.13223140495868,-3.1151110546583
4.12682084570295,-2.54996060102833
4.11522633744856,-2.51894041196821
4.09838367175726,-3.41754395786561
4.0983606557377,-3.41651035350973
4.08163265306122,-2.63197256720222
4.07014245321944,-3.38529740048672
4.0650406504065,-3.48293666195287
4.04858299595142,-3.48095115844149
4.04209583979631,-3.6137987116577
4.03225806451613,-2.26286131081614
4.01606425702811,-2.7297899931372
4.01424249049932,-2.85988032959254
4,-2.79413835215298
3.98658107358044,-3.08694001189634
3.98406374501992,-2.27164290914167
3.96825396825397,-2.61793006697821
3.95911026646846,-3.35767445445155
3.95256916996047,-3.47543294110731
3.93700787401575,-2.50768909244642
3.93182875570577,-3.18744208713921
3.92156862745098,-2.00074272690399
3.90625,-2.83642405501272
3.90473523688556,-2.51655107337747
3.89105058365759,-3.46085498199822
3.87782841458946,-2.08198616129901
3.87596899224806,-2.90911762606684
3.86100386100386,-3.37680432573712
3.85110700232557,-3.51340101324568
3.84615384615385,-2.96463001887774
3.83141762452107,-2.48467321902047
3.824569722467,-3.00695281628621
3.81679389312977,0.173331526465479
3.80228136882129,-2.65641924457197
3.79821530619074,-2.0463634334133
3.78787878787879,-3.58032949630181
3.77358490566038,-2.51365114465564
3.772042493417,1.77558937401837
3.7593984962406,-3.40662427293081
3.74605003274899,-1.37209444046213
3.74531835205992,-2.09821781966663
3.73134328358209,-3.2984265497818
3.72023668141307,-0.0223947240410025
3.71747211895911,-2.62503408906395
3.7037037037037,-2.98295528564382
3.6946012051993,-2.64123141977735
3.690036900369,-2.16236481763785
3.67647058823529,-3.21664754052987
3.66914237840249,-3.64246278985466
3.66300366300366,-1.35786926134291
3.64963503649635,-3.50781484192133
3.64385898376355,-0.788992034608081
3.63636363636364,-2.46209899403139
3.6231884057971,-3.33160563056033
3.61874981241128,-2.88643756907119
3.6101083032491,-2.28012431872143
3.59712230215827,-2.62036555102223
3.59381366380463,-3.41718757709348
3.584229390681,-1.87556700063486
3.57142857142857,-2.26041223841961
3.56904934567523,-1.9889982811225
3.55871886120996,-2.50204937618009
3.54609929078014,-2.87228195450607
3.54445567397043,-0.696302432627003
3.53356890459364,-3.06478219926985
3.52112676056338,-0.881861405039113
3.52003147279668,-3.20546072246735
3.50877192982456,-3.66269757643625
3.4965034965035,-2.85717277151131
3.49577557436328,-3.65308410666337
3.48432055749129,-3.08882689867276
3.47222222222222,-3.4193037810888
3.47168681892656,-2.86534603192241
3.46020761245675,-3.55076519901997
3.44827586206897,-3.24678435855445
3.44776405473446,-2.95914843411627
3.43642611683849,-3.10409414363881
3.42465753424658,-3.00518314919638
3.42400613797142,-1.36678149957789
3.41296928327645,-3.44224750183623
3.40136054421769,-3.49652500663889
3.40041193270371,-2.01319647858908
3.38983050847458,-2.86433511394282
3.37837837837838,-0.460863047338857
3.37698031082509,-2.55281938242255
3.36700336700337,-2.80815844637417
3.35570469798658,-2.17432217866387
3.35371015200293,-2.68425430138849
3.34448160535117,0.63841637718203
3.33333333333333,-2.83713451788141
3.33060034362459,-3.2117239944276
3.32225913621262,-2.76294534430964
3.3112582781457,-1.09612287274096
3.30764978074424,-3.54251281563266
3.3003300330033,-3.23822498804936
3.28947368421053,-3.21289743146506
3.28485736603004,-2.76490653520959
3.27868852459016,-3.27971388145449
3.26797385620915,-3.37612708839778
3.26222200971167,-3.4044032821133
3.25732899022801,-2.09240518342691
3.24675324675325,-3.63699269199243
3.2397426295282,-3.65451298734491
3.23624595469256,-3.36396939930382
3.2258064516129,-2.13215982903504
3.21741815067637,-3.19739128006953
3.21543408360129,-3.00129091456942
3.20512820512821,-0.617709584801513
3.19524750575921,-1.87593007497012
3.19488817891374,-2.08244989219191
3.18471337579618,-2.22627173216143
3.17460317460317,-3.64387402453475
3.17322963473498,-2.49530197861442
3.16455696202532,-1.8574133063678
3.15457413249211,-1.68255017844556
3.15136348486648,-3.00108658244802
3.14465408805031,-2.4327994893653
3.13479623824451,-0.645693166060293
3.12964801067075,-1.58291934036803
3.125,-3.63646110049477
3.11526479750779,-3.61810077768662
3.10808217386906,-3.53861149663849
3.1055900621118,-3.10452268167104
3.09597523219814,-2.35698421410607
3.08666494333727,-2.99870995873062
3.08641975308642,-3.23223117652862
3.07692307692308,-2.67056703959234
3.06748466257669,-1.56341109986469
3.06539529505653,-3.49530338321842
3.05810397553517,-3.12501851606892
3.04878048780488,-3.49881949443589
3.0442722120643,-3.64627058654129
3.03951367781155,-3.13013236794579
3.03030303030303,-3.1375643329808
3.02329468440578,-3.16850030030168
3.02114803625378,-2.3129408530364
3.01204819277108,-2.53779971013473
3.003003003003,-3.09782010052036
3.00246170908555,-2.49622327370478
2.9940119760479,-3.26341581986496
2.98507462686567,-3.26750506539029
2.98177229001967,-3.31152357209917
2.97619047619048,-1.78436894966897
2.9673590504451,-3.56843898337045
2.96122543798803,-2.53150479258242
2.9585798816568,-3.65011299150528
2.94985250737463,-2.77665099355225
2.94117647058824,-1.18709739171193
2.94082017058706,-1.87840515170229
2.93255131964809,-3.4238023461008
2.92397660818713,-3.10634958709981
2.92055551218275,-2.86719436438879
2.91545189504373,2.16507979501948
2.90697674418605,-3.37171324052739
2.90043049386399,-3.42791742370722
2.89855072463768,-3.20600184447583
2.89017341040462,-3.06261251630077
2.88184438040346,-3.57227102441744
2.8804441533963,-3.33408046073766
2.8735632183908,-2.4403880140792
2.86532951289398,-2.52120673016325
2.86059553517574,-2.94122368047844
2.85714285714286,-3.32666685704178
2.84900284900285,-3.2584586757117
2.84090909090909,-2.87504803113982
2.8408836901833,-2.93721517427293
2.8328611898017,-3.52849946589906
2.82485875706215,-3.43877996656947
2.82130767593947,-3.06716756588197
2.8169014084507,0.178253101780418
2.80898876404494,-3.45344230816375
2.8018665564592,-2.75358481624049
2.80112044817927,-2.70181490692128
2.79329608938547,-1.03525363142894
2.78551532033426,-3.61151884352081
2.78255940220712,-3.45812349752147
2.77777777777778,-2.76177379603022
2.77008310249307,-2.89448356068281
2.76338529005317,-3.49275730551742
2.76243093922652,-2.66746925774076
2.75482093663912,-1.62619793153088
2.74725274725275,-3.52922241761207
2.74434330322836,-3.32958712939729
2.73972602739726,-3.24089402740592
2.73224043715847,-1.37691470460161
2.72543253128103,-2.90394645806169
2.72479564032698,-1.08825508085978
2.71739130434783,-3.42175396435313
2.710027100271,-2.82778025412578
2.70665207003324,-3.56117798159117
2.7027027027027,-3.12576910450867
2.69541778975741,-3.0345406598653
2.68817204301075,-0.60691307169311
2.68800102153761,0.201509224687887
2.68096514745308,-2.70874088856227
2.67379679144385,-2.59318897819152
2.66947849403432,-2.66153786434897
2.66666666666667,1.88874325081487
2.65957446808511,-2.60299570108905
2.6525198938992,-3.12635085325693
2.65108360190854,-2.4225410049717
2.64550264550265,-2.787071986675
2.63852242744063,-2.25640703416685
2.63281546564802,-1.18178764443517
2.63157894736842,-0.820828302634236
2.6246719160105,-3.47696275951567
2.61780104712042,-3.56877792328286
2.61467321180109,-2.95240167004057
2.61096605744125,-3.45976395964827
2.60416666666667,-1.9596364546192
2.5974025974026,-3.44439875254416
2.59665597293487,-2.5855487162771
2.59067357512953,-3.30596130353323
2.58397932816537,-3.4234813971647
2.5787628875938,-3.6341962165976
2.57731958762887,-3.28194462965201
2.5706940874036,-3.43825262547791
2.56410256410256,-1.4801790486522
2.56099310025846,-3.5596197002982
2.55754475703325,-2.57909166454551
2.55102040816327,-0.281081494302479
2.54452926208651,-3.01942197380067
2.54334576130465,-2.8990827848538
2.53807106598985,-2.75925660913695
2.53164556962025,-2.9858043415236
2.52582002696278,-3.34253757404765
2.52525252525253,-3.62187548654471
2.51889168765743,-3.21467175042472
2.51256281407035,-3.5372374014736
2.50841505927754,-1.09389749555761
2.5062656641604,-3.20015537740503
2.5,-2.97851904818504
2.49376558603491,-2.57349118608921
2.49113002606779,0.236571451800633
2.48756218905473,-2.5557382998915
2.48138957816377,-2.36931247074146
2.47524752475248,-3.00922080467434
2.47396410088681,-3.04012328659708
2.46913580246914,-3.32712197269218
2.46305418719212,-3.58850994980069
2.45700245700246,-1.43765657778102
2.45691646298279,-1.10135545111801
2.45098039215686,-3.49955375911018
2.44498777506112,-3.60246062500841
2.43998629725955,-3.52656080421955
2.4390243902439,-3.2722756286068
2.4330900243309,-2.47596104559501
2.42718446601942,-2.984037482678
2.4231727942376,-3.35142879115814
2.42130750605327,-3.61410339076958
2.41545893719807,-2.10572304356104
2.40963855421687,-3.28203804526863
2.40647515001542,0.54232861054074
2.40384615384615,-1.75070707050646
2.39808153477218,-3.04481541127042
2.39234449760766,-2.87575667416653
2.38989256623105,-3.0942594216189
2.38663484486874,-2.6586212502941
2.38095238095238,-1.3190947132861
2.37529691211401,-3.34780780677429
2.37342425002387,-3.47640373934676
2.3696682464455,-3.34818076467327
2.36406619385343,-3.15710985090807
2.35849056603774,-2.41581398180223
2.35706941399673,-3.52172241463135
2.35294117647059,-3.44012369858823
2.34741784037559,-3.40505616881749
2.34192037470726,-2.80843370001251
2.34082727617829,-2.92180668602144
2.33644859813084,0.169971087408716
2.33100233100233,-0.756652784567772
2.32558139534884,-3.44659355501833
2.32469705998565,-3.2782107845111
2.32018561484919,-2.3000031976684
2.31481481481481,-3.28780412007206
2.3094688221709,-2.55958772349161
2.30867799418717,-1.77044696784697
2.30414746543779,-2.88440910405167
2.29885057471264,-2.14313502578708
2.29357798165138,-2.03616106705864
2.29276931286565,-3.04204272475045
2.2883295194508,-1.94719095143501
2.28310502283105,-2.80405501253481
2.27790432801822,-3.02391851408121
2.27697025538168,-2.85102851339074
2.27272727272727,-3.63262892347303
2.26757369614512,-3.33576154288546
2.26244343891403,-3.30887335767288
2.26128006633728,-2.58575179080001
2.25733634311512,-2.42362815757015
2.25225225225225,-2.84732450272086
2.24719101123596,-3.03795491315726
2.24569799553977,-3.44007203568328
2.24215246636771,-3.09744983293858
2.23713646532438,-2.77885104986641
2.23214285714286,-3.24313711419866
2.23022329796594,-3.52551715921281
2.2271714922049,-1.33874200503693
2.22222222222222,-3.23975521067406
2.21729490022173,-2.34764507249791
2.21485523372636,-2.32097938636603
2.21238938053097,-2.7854705190163
2.2075055187638,-3.03510900844985
2.20264317180617,-2.16948946203068
2.19959306803007,-2.64986207122787
2.1978021978022,-2.74735216279656
2.19298245614035,-2.51117160436315
2.18818380743982,-3.65205542992968
2.18443607114943,-0.89128635177472
2.18340611353712,-2.7854946438817
2.17864923747277,-2.62403713272739
2.17391304347826,-1.48543109288299
2.16938351838518,-3.55662625304277
2.16919739696312,-3.55779459788063
2.16450216450216,-3.00083894536958
2.15982721382289,-2.92187670551813
2.1551724137931,-3.48613017479839
2.15443469003188,-2.33505689375319
2.1505376344086,-2.81870218333442
2.14592274678112,-3.53530283874444
2.14132762312634,-3.25678336887737
2.13958887134342,-2.97643621937523
2.13675213675214,-0.456977590807194
2.13219616204691,-3.47497862230945
2.12765957446809,-2.67417026096534
2.12484535249888,-3.46699836576674
2.12314225053079,-2.40183832196019
2.11864406779661,-3.39447136111904
2.11416490486258,-2.46498735191208
2.1102034285686,-3.32105159546272
2.10970464135021,-3.30715540359828
2.10526315789474,-3.34351470162293
2.10084033613445,-3.00472982337574
2.09643605870021,-1.29604454751988
2.09566239948043,-2.11144443440973
2.09205020920502,-3.49293228079498
2.08768267223382,-1.21795596633502
2.08333333333333,-3.25014020861461
2.08122156998634,-1.61527039815338
2.07900207900208,-3.02131797867379
2.0746887966805,-3.60429431068625
2.0703933747412,-3.52133874680053
2.06688024962908,-2.8294976014631
2.06611570247934,-2.56762568199819
2.06185567010309,-1.5948994053097
2.05761316872428,-3.46695804103562
2.05338809034908,-2.282413800755
2.05263775270925,-2.73003150308331
2.04918032786885,-2.5932923836924
2.04498977505112,-3.17599912804705
2.04081632653061,-3.46568196322583
2.03849339825246,-3.53772580626893
2.03665987780041,-3.62843997470231
2.03252032520325,-1.93343061439368
2.02839756592292,-3.43745883175195
2.0244465099768,-1.30831864215026
2.02429149797571,-1.08976024700764
2.02020202020202,-2.51805611243933
2.01612903225806,-3.09818291751786
2.01207243460765,-3.36712497232083
2.0104964162605,-2.44044552461853
2.00803212851406,-2.00685214464194
2.00400801603206,-3.20975656785852
2,-3.50958973094456
1.99664245010979,-3.2782343326685
1.99600798403194,-2.95512340510602
1.99203187250996,-2.9483124348565
1.98807157057654,-3.63562639234662
1.98412698412698,-2.57380314365853
1.98288394912707,-3.34307505056669
1.98019801980198,-3.42075934484107
1.97628458498024,-3.2685667814283
1.9723865877712,-2.59147759839395
1.96922025547917,-3.314973004045
1.96850393700787,-2.80981490573604
1.96463654223969,-2.81746763901775
1.96078431372549,-3.48226374817871
1.95694716242661,-3.23750720979587
1.95565071586595,-2.81479176025216
1.953125,-3.19091934697856
1.94931773879142,-1.98138702387437
1.94552529182879,-3.48798265807785
1.94217468148903,-2.63968416735964
1.94174757281553,-0.954791167418487
1.93798449612403,-3.61136096358554
1.93423597678917,-3.34632000235099
1.93050193050193,-3.1180435519502
1.92879150802078,-3.41689858993358
1.92678227360308,-3.33042955459579
1.92307692307692,-3.04758151956424
1.91938579654511,-1.07207425422909
1.91570881226054,-3.37325118908729
1.91550055557353,-3.65629702569144
1.91204588910134,-2.59624801573956
1.90839694656489,-1.37124615824511
1.9047619047619,-3.64480077770578
1.90230118866894,-3.05232348126661
1.90114068441065,-3.412479087221
1.89753320683112,-2.44457808416653
1.89393939393939,-3.64242957232609
1.89035916824197,-3.04204793042795
1.88919277620767,-3.65573069073063
1.88679245283019,-1.72621289737306
1.88323917137476,-3.47623166385948
1.8796992481203,0.632357809172523
1.87617469143912,-2.35746980753761
1.87617260787992,-2.36248277213955
1.87265917602996,-3.41831189506301
1.86915887850467,-3.65801150451191
1.86567164179104,-3.63421540620508
1.86324631193156,-3.13903362388602
1.86219739292365,-2.4531311359854
1.85873605947955,-2.33497408807871
1.85528756957328,-2.8150630616774
1.85185185185185,-2.67008148109586
1.8504070195423,-3.33178647542691
1.84842883548983,-1.76843482342896
1.8450184501845,-2.79185836323374
1.84162062615101,-3.60564486097284
1.83823529411765,-1.56381898240466
1.83765620038817,-3.38552867712293
1.8348623853211,-3.0647731497681
1.83150183150183,-3.63656457862738
1.82815356489945,-1.97866738830522
1.82499324481615,-2.68480977709889
1.82481751824817,-3.09688358276788
1.82149362477231,-2.03200668313157
1.81818181818182,-3.27679019256699
1.81488203266788,-2.85801539542673
1.81241754737424,-3.11439988299305
1.81159420289855,-3.64570018302431
1.80831826401447,-2.90617369819948
1.80505415162455,-3.37340852783033
1.8018018018018,-2.83929862978259
1.79992850678248,-0.84906080537517
1.79856115107914,-3.04921486642605
1.79533213644524,-2.90052182258885
1.7921146953405,-2.67133150659354
1.78890876565295,-3.53918294238253
1.78752552590424,-2.26819975434143
1.78571428571429,-3.47331307269207
1.7825311942959,-3.2804674250617
1.77935943060498,-3.09347759435563
1.77619893428064,-3.27614868973201
1.77520801171763,-3.3291384921268
1.77304964539007,-2.85125210746129
1.76991150442478,-3.45391076452834
1.76678445229682,-2.95168319581573
1.7636684303351,-1.95690677972113
1.76297537528721,-3.65420286573821
1.76056338028169,-3.35210375037245
1.75746924428822,-2.10053714774424
1.75438596491228,-3.15340465652049
1.75131348511384,-2.16431978723854
1.75082703173572,-3.34448094243619
1.74825174825175,-0.332681649468081
1.74520069808028,-2.43950734748743
1.74216027874564,-2.79597819334249
1.73913043478261,-3.48650342408298
1.73876240021625,-3.22386019906578
1.73611111111111,-1.38677512377357
1.73310225303293,-3.2856259329947
1.73010380622837,-1.31060862653116
1.72711571675302,-2.92022041836013
1.72678090388436,-3.53758384532669
1.72413793103448,-2.18960321301925
1.72117039586919,-3.37810183755361
1.71821305841924,-2.84822830542809
1.71526586620926,-3.56562613943801
1.71488196987054,-2.64225603784571
1.71232876712329,-3.0544749999605
1.70940170940171,-1.32686293722657
1.70648464163823,-3.46877874242561
1.70357751277683,-3.45923966068114
1.70306502925284,-3.10059028272233
1.70068027210884,-3.46312305974474
1.69779286926995,-0.621197071578261
1.69491525423729,-2.6538890482392
1.69204737732657,-3.56564121667945
1.69132951702965,-2.73899004004995
1.68918918918919,-3.47336479464745
1.68634064080944,-2.99894869917885
1.68350168350168,-3.37490231015679
1.68067226890756,-0.556511620543215
1.67967487209265,-3.00194023477537
1.67785234899329,-1.9148900433979
1.6750418760469,-0.556754576838425
1.67224080267559,-2.04944336438022
1.669449081803,-2.11236842920796
1.66810053720006,-1.95041542808427
1.66666666666667,-2.9301724466773
1.66389351081531,-3.0412049885107
1.66112956810631,-1.05691160513914
1.65837479270315,-2.97557217715554
1.65660595894991,-3.48793632037747
1.65562913907285,-2.56727331746158
1.65289256198347,-3.31613441000546
1.65016501650165,-3.02524352849887
1.64744645799012,-2.63423536963925
1.64519058775366,-3.06552196749173
1.64473684210526,-0.701936118839494
1.64203612479475,-3.43878859157631
1.63934426229508,-2.55532397916734
1.6366612111293,-3.10822237458133
1.63398692810458,-3.48204916846087
1.63385387780986,-1.80622500422741
1.63132137030995,-3.51203695440169
1.62866449511401,-2.69627537825714
1.6260162601626,-3.50643335826124
1.62337662337662,-3.1870148579057
1.62259528707809,-3.5953174556826
1.62074554294976,-3.49911777589089
1.61812297734628,-3.03956899608174
1.61550888529887,-3.40658578998157
1.61290322580645,-2.14558411003749
1.61141427725302,-0.697593863290233
1.61030595813205,-2.95749702683785
1.60771704180064,-3.56955000910919
1.60513643659711,-2.04687623516888
1.6025641025641,-2.66149111062752
1.6003103137387,-2.94496590284786
1.6,2.3520881093247
1.59744408945687,-2.22346378772066
1.59489633173844,-1.20414319376043
1.59235668789809,-0.603463004498717
1.58982511923688,-3.52874547660268
1.58928286562298,-2.42854069840139
1.58730158730159,-2.61930666483819
1.58478605388273,-2.57492473187271
1.58227848101266,-3.11988627321777
1.57977883096367,-2.83620944187195
1.57833140565212,-2.21235085823691
1.57728706624606,-0.19547765596
1.5748031496063,-2.171976793858
1.57232704402516,-3.09256859751498
1.56985871271586,-1.37679542255425
1.5674554102056,-3.4908555526069
1.56739811912226,-3.20941227436237
1.56494522691706,-2.4962393145508
1.5625,-3.03097558374169
1.5600624024961,-3.6527832002932
1.55763239875389,-3.06304681267438
1.55665435927106,-2.69809095561707
1.5552099533437,-2.38962766017068
1.5527950310559,-3.07276615904315
1.55038759689922,-2.77133510569076
1.54798761609907,-2.10317126729445
1.54592773641948,-2.8908943629569
1.54559505409583,-2.90750714560628
1.54320987654321,-3.14706753311936
1.54083204930663,-3.29380014956898
1.53846153846154,-2.39601191273548
1.53609831029186,-2.14758546416435
1.53527502878042,-1.28374306789352
1.53374233128834,-2.62482275561335
1.53139356814701,-3.52498398943232
1.52905198776758,-2.66082163566282
1.52671755725191,-2.4747163596959
1.52469572701757,-2.55960126749757
1.52439024390244,-3.31322928738971
1.5220700152207,-1.85252718217158
1.51975683890577,-2.21400568334802
1.51745068285281,-2.50649891277281
1.51515151515152,-0.841235530352928
1.51418932530435,-2.86103426036903
1.51285930408472,-1.3759470137093
1.51057401812689,-3.26522548229179
1.50829562594268,-2.37847878987371
1.50602409638554,-2.59252230463546
1.50375939849624,-3.11095129150332
1.50375532129974,-3.13492354509647
1.5015015015015,-2.51279643801429
1.49925037481259,-1.35506160085127
1.49700598802395,-3.52636530195179
1.49476831091181,-3.22328404904432
1.49339321612425,-1.31084901921325
1.49253731343284,-3.15349659255944
1.4903129657228,-3.55978197538529
1.48809523809524,-3.54379249083878
1.48588410104012,-2.46488870574928
1.48367952522255,-2.32420534827186
1.4831025143361,-2.67201905516502
1.48148148148148,-3.39257327228612
1.4792899408284,-3.3439608856667
1.47710487444609,-1.94979573123883
1.47492625368732,-3.14784773381588
1.4728827239075,-3.09188293684879
1.47275405007364,-3.32609608821609
1.47058823529412,-3.5669519527929
1.46842878120411,-1.39632766070168
1.46627565982405,-1.33625661649595
1.46412884333821,-0.226006988580433
1.46273335620113,-2.08487176263766
1.46198830409357,2.09364304039757
1.45985401459854,-2.98566502372371
1.45772594752187,-2.86583843409148
1.45560407569141,-1.8835797521131
1.45348837209302,0.670867031645703
1.45265392594678,-2.94693283345169
1.45137880986938,-2.43646705360212
1.44927536231884,-0.0218785481740538
1.44717800289436,-3.53429210296975
1.44508670520231,-3.64341989694658
1.44300144300144,-1.84168983631421
1.44264395121816,-1.19663689132598
1.44092219020173,-3.59222194810389
1.43884892086331,-2.0046825718765
1.4367816091954,-3.3152291556389
1.43472022955524,-3.54221796942756
1.43270295340983,-3.15980552844202
1.43266475644699,-3.20539704342597
1.43061516452074,-2.50145403176857
1.42857142857143,-0.276494323840448
1.4265335235378,0.706152932310933
1.42450142450142,-1.26300790502357
1.42283045721435,-0.834073581702181
1.42247510668563,-3.62979801139179
1.42045454545455,-0.739779812422664
1.41843971631206,-1.53895426748458
1.41643059490085,-2.99682110736024
1.41442715700141,-1.15838324104395
1.41302599059953,-1.37974582496347
1.41242937853107,-2.06986703038946
1.41043723554302,-3.27076777276452
1.40845070422535,-3.04004314376358
1.40646976090014,-3.42706456564722
1.40449438202247,-2.9686048594943
1.40328908478587,-1.94357483611735
1.40252454417952,-3.32929617073539
1.40056022408964,-3.14100572399512
1.3986013986014,-3.32684375391501
1.39664804469274,-1.85350838707442
1.39470013947001,-2.99516843494488
1.39361927422414,-1.65773614900796
1.39275766016713,-3.28302826626527
1.39082058414465,-1.27878935427854
1.38888888888889,-3.46780389439767
1.3869625520111,-2.86356650982058
1.38504155124654,-3.39392116528914
1.38401609657313,-1.27619546363736
1.38312586445367,-1.90932872082201
1.38121546961326,-3.21206711131195
1.37931034482759,-3.1589129088001
1.37741046831956,-3.6568346151666
1.37551581843191,-1.67455427789828
1.37447909267754,-3.0779902132747
1.37362637362637,-3.0713360648689
1.37174211248285,-3.1899507722036
1.36986301369863,-2.15987990654001
1.36798905608755,-3.49052749179738
1.36612021857923,-3.55885053410007
1.36500780654601,0.123996768372298
1.36425648021828,-3.03666544441985
1.36239782016349,-3.41149217563814
1.36054421768707,-1.23727970674487
1.35869565217391,-3.59495058741576
1.35685210312076,-3.21874130603838
1.35560178532937,0.994665132641946
1.3550135501355,1.42785383723753
1.3531799729364,-3.42839648121987
1.35135135135135,-3.02509519954973
1.34952766531714,-2.97056698875373
1.34770889487871,-2.41945136956114
1.34626057929891,-3.01783606267424
1.34589502018843,-2.7385031113602
1.34408602150538,-1.85201519639822
1.34228187919463,-0.953027526299176
1.34048257372654,-3.55743336948192
1.33868808567604,-2.35011657290736
1.33698374182495,-2.75515527029698
1.33689839572193,-3.20830537412969
1.33511348464619,-2.96215266405194
1.33333333333333,-3.31533315521535
1.33155792276964,-2.630332410597
1.32978723404255,-3.52065231728657
1.32802124833997,-2.74174279332397
1.32777082935543,-2.38966070004322
1.3262599469496,-2.30734725787046
1.32450331125828,-1.77195374385966
1.32275132275132,-3.404614266254
1.32100396301189,-2.93821569847999
1.31926121372032,-3.20383763293394
1.31862140139475,-2.93709982572356
1.31752305665349,-3.48913917274721
1.31578947368421,-3.40050307280905
1.31406044678055,-0.459398918868554
1.31233595800525,0.225977529292881
1.31061598951507,-2.80926885558479
1.30953502048267,-1.15744835121587
1.30890052356021,0.897406625589089
1.30718954248366,-0.345448252789661
1.30548302872063,-2.71819452793009
1.30378096479791,-1.75401115177685
1.30208333333333,-2.47961387800829
1.30051125217341,-1.387295747901
1.30039011703511,-3.25796061606341
1.2987012987013,-2.42313527132562
1.2970168612192,-2.41645106410594
1.29533678756477,-3.53129258801992
1.29366106080207,-2.73281248263494
1.29198966408269,-3.07637819847569
1.29154966501488,-2.80115101135284
1.29032258064516,-3.40233687398721
1.28865979381443,-2.08981220892617
1.28700128700129,-2.79652767317342
1.2853470437018,2.75482322087821
1.28369704749679,-2.96927953001936
1.28264983052806,-3.54225811300817
1.28205128205128,-2.39956078003653
1.28040973111396,-3.51982075537988
1.27877237851662,-2.23724900858211
1.27713920817369,-2.6298788532835
1.27551020408163,-3.23434198914846
1.27388535031847,-0.682185395206413
1.27381132318648,-1.59522837071675
1.27226463104326,-2.77433424536342
1.27064803049555,-1.86673309385283
1.26903553299492,-3.12977718598664
1.26742712294043,-3.5965232930374
1.26582278481013,-3.18487654346678
1.2650337203959,-3.38924565044023
1.26422250316056,-0.194216254913822
1.26262626262626,-3.17821179907294
1.26103404791929,-2.10221596469672
1.25944584382872,-1.84402820557816
1.25786163522013,-3.23063866009262
1.25631660247412,-1.65902744048845
1.25628140703518,-1.11541847508674
1.25470514429109,0.206315916853687
1.2531328320802,-3.13535269959648
1.25156445556946,-2.47460143876772
1.25,-3.07373493774117
1.24843945068664,-3.29479978097292
1.24765955263087,-1.12935397084469
1.24688279301746,-3.3292526348208
1.2453300124533,0.023819595892367
1.24378109452736,-1.78747991171532
1.24223602484472,-3.59837860395846
1.24069478908189,-3.03273198239627
1.23915737298637,-3.43867971450372
1.23906215694792,-3.4725394462837
1.23762376237624,-2.06270629334521
1.23609394313968,-3.6505689737814
1.23456790123457,-3.56830600429508
1.23304562268804,-2.3978612597409
1.23152709359606,-2.43279299865058
1.23052400435926,-3.15048154796038
1.230012300123,-3.48031813900887
1.22850122850123,-2.67847595373
1.22699386503067,-3.35158654142669
1.22549019607843,-2.75218492825898
1.22399020807834,-3.66239275378244
1.22249388753056,-3.43937314647475
1.22204468663149,-3.17337850271142
1.22100122100122,-2.75949326053724
1.21951219512195,-2.31497375237258
1.21802679658952,-3.36518165338382
1.21654501216545,-2.92900995053797
1.21506682867558,-2.73407817958455
1.21362379834424,-3.64776770113069
1.21359223300971,-3.58469872140362
1.21212121212121,-2.02132395894857
1.21065375302663,-0.72990916124716
1.20918984280532,-3.00583625732061
1.20772946859903,-3.17599618991941
1.20627261761158,-2.21857923769506
1.20526093687084,-2.61186845213599
1.20481927710843,-2.99961207422093
1.20336943441637,0.024155966657891
1.20192307692308,-2.87356360496188
1.20048019207683,-2.23424044680386
1.19904076738609,-2.4620159129018
1.19760479041916,-3.44264369668168
1.19695570235904,-0.711513375017328
1.19617224880383,-3.55761075218175
1.194743130227,-2.20458763425885
1.19331742243437,-2.30554426309269
1.19189511323004,-1.01645797311447
1.19047619047619,-2.67602268845404
1.18906064209275,-2.01020663958188
1.1887076977119,-1.33913086225793
1.18764845605701,-1.80073152531311
1.18623962040332,-1.1796836196854
1.18483412322275,-3.64162821339208
1.18343195266272,-2.37863617561357
1.18203309692671,-1.80629568712761
1.18063754427391,-3.4801105341606
1.18051652856881,-3.38273354330796
1.17924528301887,1.09147925682173
1.17785630153121,-3.50099622765039
1.17647058823529,-2.53904179845427
1.17508813160987,-3.6067197459498
1.17370892018779,-1.40803003964772
1.1723818032866,-1.97089164082335
1.17233294255569,-1.31130115094525
1.17096018735363,-2.73822198163547
1.16959064327485,-2.34910566018844
1.16822429906542,-0.392278373722756
1.16686114352392,0.471737107895724
1.16550116550117,-3.04216293633906
1.16430313292088,-2.89906004154111
1.16414435389988,-1.17157964598011
1.16279069767442,-1.66563476103327
1.16144018583043,-3.38071188651524
1.16009280742459,-3.43756684366688
1.15874855156431,-3.13815343928676
1.15740740740741,-2.12305116914085
1.15628013120738,-1.5659743429402
1.15606936416185,-0.982004278131067
1.15473441108545,-3.56695260304648
1.15340253748558,-1.25236380293965
1.15207373271889,-3.42154956927096
1.15074798619102,-2.72856036620483
1.14942528735632,-3.40323994219635
1.14831241454351,-2.61608171608692
1.14810562571757,-2.83200005374568
1.14678899082569,-1.74328438698084
1.1454753722795,-2.92278784776762
1.1441647597254,-2.77793654720279
1.14285714285714,-3.00554305303551
1.14155251141553,-3.13192771917157
1.14039960197003,-1.94709636075855
1.14025085518814,-1.93317906821279
1.13895216400911,-3.44043602345847
1.13765642775882,-2.60914753715961
1.13636363636364,-1.96418851663445
1.13507377979569,-3.54395553241828
1.13378684807256,-2.44640589688317
1.13254131515281,-1.82853198308622
1.13250283125708,-2.04222830638893
1.13122171945701,-2.20792961695595
1.12994350282486,-3.62942457569936
1.12866817155756,-3.61678218321115
1.12739571589628,-2.02992035781348
1.12612612612613,-3.0423911533815
1.12485939257593,-3.04775786652469
1.12473717836475,-3.57570826385323
1.12359550561798,0.13211686995128
1.12233445566779,-3.01473098565811
1.12107623318386,-3.01715071899563
1.11982082866741,-3.46047209352524
1.11856823266219,-3.52122832568012
1.11731843575419,-1.91196288131421
1.11698681846782,-3.53095778605047
1.11607142857143,-3.00328319824593
1.11482720178372,-3.03853748466262
1.11358574610245,-3.35954971362262
1.11234705228031,-2.92565721720303
1.11111111111111,-3.06122966289491
1.10987791342952,-2.55824710145789
1.10928986489522,-1.66585580917366
1.10864745011086,-1.64251465194017
1.10741971207087,-3.31173103436272
1.10619469026549,-1.14820861095434
1.10497237569061,-3.0771858213272
1.1037527593819,-0.683618309284109
1.10253583241455,1.69956853169935
1.10164594963366,-2.84199379010051
1.10132158590308,-3.54053015464772
1.1001100110011,-2.80144280203525
1.0989010989011,-3.61765367887962
1.09769484083425,-2.8025612950458
1.09649122807018,-3.5388719744465
1.09529025191676,-0.210967809026452
1.09409190371991,-3.19501793821741
1.09405470720574,-3.3442887721781
1.09289617486339,-2.01828212329216
1.09170305676856,-0.375566887592593
1.09051254089422,-3.3711051695502
1.08932461873638,-2.40930584908649
1.08813928182807,-2.78497653414005
1.08695652173913,-0.612514228096766
1.08651577465254,-1.32388887609452
1.085776330076,-3.43781098704606
1.08459869848156,-3.40196651251459
1.08342361863489,-3.62113037333041
1.08225108225108,-2.51869790250096
1.08108108108108,-2.93059877637706
1.07991360691145,-2.7427515984303
1.07902879151618,-3.56725742569922
1.07874865156419,-3.14952386278086
1.07758620689655,-2.15086969186266
1.07642626480086,-2.46296746008773
1.0752688172043,-1.17510989438373
1.07411385606874,-3.64809044167508
1.07296137339056,-3.2860049202675
1.07181136120043,1.14283669578409
1.07159339982267,-3.3183613391008
1.07066381156317,-0.515798319665332
1.06951871657754,-3.05643721773977
1.06837606837607,0.445976271821299
1.06723585912487,-1.43275671371365
1.06609808102345,-3.42263086143238
1.06496272630458,-2.88023424433664
1.06420924406472,-2.48540440958363
1.06382978723404,-2.77601950028712
1.06269925611052,-1.72592141361217
1.06157112526539,-3.15085554298347
1.06044538706257,-1.16249565070948
1.0593220338983,-1.56279029952837
1.05820105820106,-3.2669284499279
1.05708245243129,-3.54770951262783
1.0568759711848,-3.5561957937797
1.05596620908131,-2.81305966608268
1.05485232067511,-2.64994278889754
1.05374077976818,-2.68548963112162
1.05263157894737,-3.158516607349
1.0515247108307,-3.40417306018567
1.05042016806723,-3.01540729457737
1.04959323055823,-3.40371632368963
1.04931794333683,-0.61190179160955
1.0482180293501,-3.2986265733226
1.04712041884817,-2.85980730653555
1.04602510460251,-0.81440702674261
1.04493207941484,-3.39388383090953
1.04384133611691,-3.64111118707369
1.04275286757039,-2.80161925405822
1.0423606739764,-2.96661538470361
1.04166666666667,1.88043710110891
1.04058272632674,-1.85186076610888
1.03950103950104,-3.2740099304663
1.03842159916926,-1.41326335227491
1.03734439834025,-2.72417932678708
1.03626943005181,-2.34879104575652
1.0351966873706,-3.44194374179572
1.03517795563018,-2.94053833667216
1.03412616339193,-3.08939312979437
1.03305785123967,-2.592819466704
1.03199174406605,-3.20418802840932
1.03092783505155,-3.36095468150732
1.02986611740474,-3.41010744985966
1.02880658436214,-2.96313826129015
1.02804473209331,-3.48059545691411
1.02774922918808,-1.88702685053696
1.02669404517454,-2.96065665789929
1.02564102564103,-3.18123765725634
1.02459016393443,-3.30884152657303
1.02354145342886,-2.63302015489283
1.02249488752556,-3.01812549484201
1.02145045965271,-2.67755041957416
1.02096066230605,-3.19200208423338
1.02040816326531,-3.45939679877368
1.01936799184506,-3.58298627071427
1.0183299389002,-3.49691651901319
1.01729399796541,-3.4969312699343
1.01626016260163,-2.54522332209587
1.01522842639594,-1.8632809334825
1.01419878296146,-3.14135283441494
1.01392540755882,-3.63369058496435
1.01317122593718,-3.35608229078882
1.01214574898785,-3.10007584655137
1.01112234580384,-2.33165189909733
1.01010101010101,-2.45505437858828
1.00908173562059,-2.2863500749588
1.00806451612903,-2.01501202299992
1.00704934541793,0.651783736125101
1.00693863147603,-3.31572755561931
1.00603621730382,-0.887892459897368
1.00502512562814,-3.54256171431156
1.00401606425703,-2.61717046741726
1.00300902708124,0.768916142060864
1.00200400801603,-2.89656769019485
1.001001001001,-3.02827383081482
1,1.92297153158588
