"bfp_output.P","bfp_output.logBF"
1000,0.636529420344876
993.109181374979,0.962399065249305
986.265846131283,1.15059216903451
979.46966706954,1.20484273541478
972.720319245055,1.14967517751923
966.017479952265,1.02064559679805
959.360828709315,0.852575980306047
952.75004724273,0.670683145711469
946.184819472201,0.486548310024337
939.66483149547,0.298440606605358
933.189771573324,0.0947966071741364
926.759330114689,-0.140163451032957
920.373199661823,-0.419803620006756
914.031074875623,-0.749208933288382
907.732652521023,-1.12225906600348
901.477631452492,-1.52284881322025
895.26571259964,-1.92936829695359
889.096598952916,-2.31995659897926
882.969995549409,-2.67621156538082
876.885609458743,-2.98451945572698
870.843149769073,-3.23562285777411
864.842327573172,-3.4237164930923
858.882855954625,-3.54627603473453
852.964449974103,-3.60512028590888
847.086826655741,-3.60791031767205
841.249704973612,-3.5680989600621
835.452805838287,-3.50193228953297
829.695852083491,-3.42377861955874
823.978568452852,-3.34287462085352
818.300681586739,-3.26322645312528
812.661920009195,-3.18596160191758
807.06201411495,-3.1126576664282
801.500696156541,-3.04874571626741
795.977700231499,-3.00601991886203
790.492762269642,-3.00145445362316
785.045620020451,-3.04835548974223
779.636013040523,-3.14281190411183
774.263682681127,-3.26073647514952
768.928372075831,-3.3728236712936
763.629826128224,-3.4606254026447
758.367791499719,-3.51931726629659
753.142016597437,-3.5519998353407
747.952251562182,-3.56417626050524
742.798248256492,-3.56100480630179
737.679760252773,-3.54648943590633
732.596542821523,-3.52349860294332
727.548352919623,-3.49401690456618
722.534949178721,-3.4594320461379
717.556091893692,-3.42085143522668
712.611543011175,-3.37943518342872
707.701066118189,-3.33671368457619
702.824426430835,-3.29499977040605
697.981390783066,-3.25800340112552
693.17172761554,-3.23154835945324
688.39520696455,-3.2238778310987
683.651600451024,-3.24427593999287
678.940681269611,-3.298374454055
674.262224177835,-3.38107885411646
669.616005485322,-3.47404339212211
665.001803043112,-3.55420291963066
660.419396233031,-3.60667772769231
655.868565957143,-3.62946115573784
651.349094627281,-3.62916827538144
646.860766154633,-3.61523470628536
642.40336593942,-3.5964512730098
637.976680860628,-3.57938621070248
633.580499265825,-3.56765103346693
629.214610961035,-3.56190609763147
624.878807200689,-3.56072508661689
620.57288067765,-3.56178832307752
616.296625513294,-3.56264024230195
612.04983724767,-3.56089269064331
607.832312829723,-3.55435411819972
603.643850607587,-3.54140304935189
599.484250318941,-3.52128939686225
595.353313081437,-3.49383308761044
591.250841383188,-3.45852446530405
587.176639073326,-3.41372410991924
583.130511352622,-3.35707905772604
579.112264764176,-3.28829814452059
575.121707184161,-3.21345149798649
571.158647812643,-3.14605078098738
567.222897164454,-3.10208508836443
563.314267060136,-3.09448547835693
559.432570616938,-3.13125475918063
555.577622239888,-3.21313281169774
551.749237612913,-3.32736223016355
547.947233690029,-3.44357373667635
544.171428686589,-3.52302382796664
540.421642070592,-3.53926037802735
536.697694554048,-3.49145495217688
532.999408084409,-3.40143322422115
529.326605836056,-3.30282063035851
525.679112201842,-3.22676718345231
522.056752784698,-3.18332509418424
518.459354389291,-3.15157400039585
514.886745013749,-3.09387856878039
511.338753841433,-2.98080659881019
507.815211232767,-2.80716461353715
504.315948717136,-2.60074117768572
500.840798984821,-2.4217864330745
500,-2.39030299560566
497.389595879006,-2.33425313288934
493.962174387832,-2.35926029545781
490.558370636505,-2.46639029010494
487.178021879463,-2.61057346235985
483.820966492595,-2.76352565793102
480.487043965513,-2.91765868859936
477.176094893875,-3.07422622496103
473.887960971765,-3.23044994294791
470.622484984128,-3.3766802031938
467.379510799247,-3.50104556069949
464.158883361278,-3.59032924716252
460.960448682844,-3.62812309139887
457.784053837662,-3.60011530011404
454.62954695324,-3.50660462289856
451.49677720361,-3.36630308360152
448.385594802119,-3.20351369058165
445.295850994266,-3.03489496795911
442.22739805059,-2.86858029085375
439.180089259609,-2.71028481177829
436.153778920801,-2.56794249027807
433.14832233764,-2.45424515589557
430.16357581068,-2.39035581418458
427.199396630678,-2.40515113966053
424.255643071778,-2.52065472602062
421.332174384729,-2.73325938673268
418.428850790158,-3.01252127859594
415.545533471888,-3.31251822223389
412.682084570296,-3.56549599125109
409.838367175726,-3.66120341681231
407.014245321944,-3.50374381281047
404.209583979631,-3.16005765394906
401.424249049932,-2.80382848365495
398.658107358044,-2.51859045035608
395.911026646846,-2.29093309410744
393.182875570577,-2.08289162863188
390.473523688556,-1.85904563290937
387.782841458946,-1.57589103057453
385.110700232557,-1.1651332562469
382.4569722467,-0.534049687372014
379.821530619074,0.352516236613885
377.2042493417,1.1503169155311
374.605003274899,1.12336768852181
372.023668141307,0.331231978485666
369.46012051993,-0.615636567007821
366.914237840249,-1.50342194583426
364.385898376355,-2.09483032172237
361.874981241128,-1.68537937190136
359.381366380463,-0.263999463753616
356.904934567523,1.15869620815177
354.445567397043,1.81301463316944
352.003147279668,1.12985344141122
349.577557436327,-0.590328005850277
347.168681892656,-1.79929242859513
344.776405473446,-1.89563129997087
342.400613797142,-1.59281769349091
340.041193270371,-1.59051086442978
337.698031082509,-1.91124622137014
335.371015200293,-2.00178500145067
333.333333333333,-1.55991208790372
333.060034362459,-1.46455467964072
330.764978074424,-0.509614686855694
328.485736603004,0.105012887359455
326.222200971167,-0.418217459957314
323.97426295282,-1.71264890669125
321.741815067637,-2.59672059737108
319.524750575921,-2.55255920047629
317.322963473498,-1.53752165660647
315.136348486648,0.255196700570981
312.964801067075,1.94708749595056
310.808217386907,2.38139129939994
308.666494333727,1.35809090858259
306.539529505653,-0.437152904814137
304.42722120643,-2.07971665914895
302.329468440578,-2.82581688629711
300.246170908555,-2.30667343138317
298.177229001967,-0.666423254236444
296.122543798804,1.19867376875137
294.082017058706,2.3020232638974
292.055551218275,2.45937793778926
290.043049386399,1.70977066672554
288.04441533963,0.105896383480418
286.059553517574,-1.6096632689741
284.08836901833,-2.13253883075997
282.130767593947,-0.806948672283919
280.18665564592,1.28577025820669
278.255940220713,2.52175980259058
276.338529005317,2.20907331848857
274.434330322837,0.563214383742054
272.543253128103,-1.55879282926424
270.665207003324,-2.91793895511695
268.800102153761,-2.66659693697865
266.947849403432,-1.0784782552722
265.108360190854,0.839443246543245
263.281546564802,1.97473821967192
261.467321180109,1.42663511220825
259.665597293487,-0.821830043621627
257.87628875938,-2.92475173005281
256.099310025846,-3.52319058672019
254.334576130465,-3.1570544473182
252.582002696278,-2.2239755723085
250.841505927754,-1.02907096948145
250,-0.587417782455229
249.113002606779,-0.367633276947326
247.396410088681,-1.06875314349586
245.691646298279,-2.43792444231313
243.998629725955,-2.82585991813017
242.31727942376,-2.81701198342391
240.647515001542,-3.10076185895765
238.989256623105,-3.45023984538865
237.342425002387,-3.55509592489163
235.706941399673,-3.22354000725052
234.082727617829,-2.82156385643487
232.469705998565,-2.95109956397762
230.867799418717,-3.34974520590996
229.276931286565,-3.64632216887493
227.697025538168,-3.15506992295662
226.128006633728,-1.28944487438694
224.569799553977,0.939504474220986
223.022329796594,1.70760915603303
221.485523372636,1.14014825120409
219.959306803008,-0.579191581193025
218.443607114943,-2.88723549497522
216.938351838519,-3.5422367149181
215.443469003188,-2.19805969839096
213.958887134342,-0.703678388887208
212.484535249888,0.0200438447006563
211.02034285686,-0.495941173440069
209.566239948043,-1.87637489490926
208.122156998634,-2.93995410162112
206.688024962908,-3.31727184697366
205.263775270925,-3.23606200900538
203.849339825246,-3.19221937027278
202.44465099768,-3.44857955523217
201.04964162605,-3.63706180631059
200,-3.6380933303411
199.664245010979,-3.62404617900607
198.288394912707,-3.50315477708521
196.922025547917,-3.40424793316124
195.565071586595,-3.45427853807375
194.217468148903,-3.37195640242806
192.879150802078,-3.33462159583466
191.550055557353,-3.53570007721803
190.230118866895,-3.66128030706262
188.919277620767,-3.52340883086121
187.617469143912,-2.69595001329132
186.324631193156,-1.85137930426272
185.04070195423,-2.41375168400172
183.765620038817,-3.08502446965032
182.499324481615,-3.46210783370243
181.241754737424,-3.49386334776629
179.992850678248,-2.94516698895607
178.752552590424,-2.35423314844821
177.520801171764,-2.60013094891483
176.297537528721,-3.41487519356918
175.082703173572,-3.62849748796371
173.876240021625,-2.84078208842039
172.678090388436,-1.73717338434276
171.488196987054,-2.05416792121486
170.306502925284,-3.10222066133589
169.132951702965,-3.55811677505938
167.967487209265,-2.69495976735886
166.810053720006,-1.059429278882
166.666666666667,-0.941762525235343
165.660595894991,-0.935978558847675
164.519058775366,-1.63035854903297
163.385387780986,-1.25960222482409
162.259528707809,-0.417912777788682
161.141427725302,-2.01648380813794
160.03103137387,-3.40361186091927
158.928286562298,-2.63828599806403
157.833140565212,-0.80557817152238
156.745541020559,-0.099862251615245
155.665435927106,-2.28094488400567
154.592773641948,-3.51812587881291
153.527502878042,-2.62689191538429
152.469572701757,-1.89878471536879
151.418932530435,-2.78038874879156
150.375532129974,-3.41699919574544
149.339321612425,-2.5689814592112
148.310251433611,-2.60890719040595
147.28827239075,-3.41130536217168
146.273335620113,-3.45771488833945
145.265392594678,-2.86496938573931
144.264395121816,-2.96622675152967
143.270295340983,-2.49689649111717
142.857142857143,-1.8416388026484
142.283045721435,-0.534525554810595
141.302599059953,0.171024888632293
140.328908478587,-2.52962068229832
139.361927422414,-1.59327887434356
138.401609657313,3.34041983370144
137.53370369527,6.36528766852145
136.500780654601,0.249113002284806
135.560178532937,-3.37440776215801
134.626057929891,0.691873569835782
133.698374182495,5.50877219066031
132.777082935543,1.01853446501436
131.862140139475,-2.17699229092629
130.953502048267,-2.47063242055894
130.051125217341,-3.41216575106095
129.154966501488,-3.48150441447386
128.264983052806,-2.18224824739762
127.381132318648,-1.64424603399375
126.50337203959,-1.79879842762584
125.631660247412,-2.54580720357147
125,-2.8795576225914
124.765955263087,-3.10431141526872
123.906215694792,-3.55938746370428
123.052400435926,-3.19692258523771
122.204468663149,-3.22707650270935
121.362379834424,-3.22380925603637
120.526093687084,-2.74463987845176
119.695570235904,-2.84373505973273
118.87076977119,-3.62159657363038
118.051652856881,-3.42694366870686
117.23818032866,-3.50930268701169
116.430313292088,-3.40614407750455
115.628013120738,-2.76428989167145
114.831241454351,-2.81120591015412
114.039960197003,-2.8688325686612
113.254131515281,-2.52615715101008
112.473717836475,-3.35370923172432
111.698681846782,-3.43087693256505
111.111111111111,-2.79664830687541
110.928986489522,-2.73003170662299
110.164594963366,-3.25709540455731
109.405470720574,-3.59161952033072
108.651577465254,-3.30032923664929
107.902879151618,-1.57066869202257
107.159339982267,-1.11032972321088
106.420924406472,-2.7278718284429
105.68759711848,-2.70566545252863
104.959323055823,0.25692798611009
104.23606739764,0.50821711709357
103.517795563018,-2.49184025653299
102.804473209331,-3.34107210270649
102.096066230605,-0.465307333554317
101.392540755882,0.870960852230231
100.693863147603,-2.15524355647268
100,-1.60721634223479
100,-1.60721634223473
99.310918137498,-1.84573055917569
98.6265846131283,-2.95996643124381
97.946966706954,-1.99719194127801
97.2720319245054,-2.40547582654367
96.6017479952265,-3.10372625461859
95.9360828709315,-3.51216157720385
95.2750047242729,-3.57589392285369
94.61848194722,-3.51285182655492
93.966483149547,-3.05785186995514
93.3189771573324,-2.5726471747552
92.6759330114688,-3.6564808730035
92.0373199661823,-2.00181704354294
91.4031074875623,-1.63686487411671
90.9090909090909,-3.39497404552496
90.7732652521023,-3.37463203386552
90.1477631452492,-2.89749722711302
89.526571259964,-3.34990024833062
88.9096598952916,-0.881680162002037
88.2969995549409,-0.662504046808333
87.6885609458743,-2.63413890149884
87.0843149769073,-0.929182181160807
86.4842327573172,-1.51737594757933
85.8882855954625,-3.52895091760221
85.2964449974102,-1.86931070192115
84.7086826655741,-3.21305579688233
84.1249704973612,-2.68404395758959
83.5452805838287,-3.08631938576088
83.3333333333333,-3.43963109791083
82.9695852083491,-2.25111956044845
82.3978568452852,-0.121202825182858
81.8300681586739,-2.64063352447506
81.2661920009194,-1.60097002959527
80.706201411495,-2.23046386537858
80.150069615654,-3.65955434633862
79.5977700231498,-3.66029416850564
79.0492762269642,-3.46251599800304
78.5045620020451,-3.65648300165385
77.9636013040523,-3.18963452563637
77.4263682681127,-3.15898340289813
76.9230769230769,-1.67682290742617
76.8928372075831,-1.56670788100605
76.3629826128224,-3.33626994737058
75.8367791499719,-3.35561576025897
75.3142016597437,-3.03708019245989
74.7952251562182,-2.91482064909944
74.2798248256491,-2.48103496308432
73.7679760252773,-3.49294446023931
73.2596542821523,-0.930619252175243
72.7548352919623,-2.81075027822838
72.2534949178722,-3.31007422113533
71.7556091893693,-3.29854901597293
71.4285714285714,0.172192189736553
71.2611543011175,1.0409576629986
70.7701066118189,-0.415449320680135
70.2824426430835,-1.71888851388332
69.7981390783066,-1.99156747936002
69.3171727615541,-3.45458702426891
68.839520696455,-3.23929581879791
68.3651600451024,-3.30107216068337
67.8940681269611,-2.66086163480899
67.4262224177834,-2.83502719492865
66.9616005485322,-2.16118962158675
66.6666666666667,-0.748000930593444
66.5001803043112,-1.16167859070982
66.0419396233031,-1.23960023157353
65.5868565957143,-3.61059332314506
65.134909462728,0.25094886525513
64.6860766154633,-2.88671190994692
64.2403365939419,-2.26006345577469
63.7976680860628,-2.59093286111421
63.3580499265825,0.81229706358214
62.9214610961034,-3.59283093105811
62.5,-1.86828410168989
62.4878807200689,-1.8836080687307
62.057288067765,-3.25377770645504
61.6296625513294,-3.52720428333161
61.204983724767,-2.4993691999483
60.7832312829723,-3.55171249149675
60.3643850607587,-3.28450691027511
59.9484250318941,-3.44555710555742
59.5353313081437,-3.31473465714525
59.1250841383188,-2.14966594315093
58.8235294117647,-3.55844357961
58.7176639073326,-3.41487569186175
58.3130511352622,-3.54928822143593
57.9112264764176,-3.26467049404409
57.5121707184161,-3.58698684594655
57.1158647812643,-2.12226652905421
56.7222897164454,-3.01265507044051
56.3314267060136,-1.33600355250148
55.9432570616938,-1.39874614754874
55.5577622239888,-2.298698432166
55.5555555555556,-2.29890503025619
55.1749237612912,-1.16913213789619
54.7947233690029,-2.15528810735578
54.4171428686589,-1.90640631597465
54.0421642070592,-2.32017414325041
53.6697694554048,-3.65349178821749
53.2999408084409,-3.32297447957778
52.9326605836056,-2.32569073582995
52.6315789473684,-2.1913832400498
52.5679112201842,-2.39873956188488
52.2056752784698,-1.97366510447447
51.8459354389291,-3.57920054391875
51.488674501375,-3.52656188553201
51.1338753841433,-2.65553029840346
50.7815211232767,-2.2108367051622
50.4315948717136,1.26180298801844
50.0840798984821,-2.84390127785503
50,-1.33890673338307
49.7389595879007,-2.94386137067748
49.3962174387832,-0.637488002391261
49.0558370636505,-1.50175495295825
48.7178021879463,-1.49956690244964
48.3820966492596,-3.44214948765927
48.0487043965513,0.929176711247966
47.7176094893875,-3.5857819086453
47.6190476190476,-2.66875691113422
47.3887960971765,-1.83500601220062
47.0622484984128,-3.60369292490305
46.7379510799246,-3.52310490716634
46.4158883361278,-1.62842729944101
46.0960448682843,-1.83312992975903
45.7784053837662,-2.87899909582115
45.462954695324,-3.37297948403157
45.4545454545455,-3.438576180726
45.149677720361,-0.536371189203247
44.8385594802119,-3.40163831174952
44.5295850994266,-3.08070612064567
44.222739805059,5.52824797522688
43.9180089259609,-1.27257002146778
43.6153778920801,-1.82079391910177
43.4782608695652,-1.19562352614546
43.314832233764,-3.4965774487709
43.016357581068,-3.57617027117844
42.7199396630678,-3.32452099307282
42.4255643071778,-2.10443150332893
42.1332174384729,-2.8845000581597
41.8428850790158,1.00171852746594
41.6666666666667,-2.41375527317963
41.5545533471888,-0.817454620577403
41.2682084570295,-2.10200296900272
40.9838367175726,-2.92823216540885
40.7014245321944,-1.45620082336766
40.4209583979631,-3.61300339985369
40.1424249049932,-3.04238588383087
40,-3.53869249623242
39.8658107358044,-3.39058340910803
39.5911026646846,-3.6004362441388
39.3182875570577,-2.69787659998745
39.0473523688556,-2.97303545741841
38.7782841458946,-3.51790492187224
38.5110700232557,-2.03442639098368
38.4615384615385,-1.02221819630175
38.24569722467,-3.16216744690082
37.9821530619073,-0.227611490614531
37.72042493417,-3.26702144258983
37.4605003274899,2.56553699934263
37.2023668141307,-2.18613505266041
37.037037037037,-2.43688281732572
36.946012051993,-3.22292868089103
36.6914237840249,-3.11505128136887
36.4385898376355,-2.83829212305413
36.1874981241128,-3.32853306490953
35.9381366380463,-3.10789375173364
35.7142857142857,-3.07532342201473
35.6904934567523,-2.90089033913379
35.4445567397043,-2.60373592157076
35.2003147279668,-3.34952937737826
34.9577557436328,-3.49453205762181
34.7168681892656,-3.15486509475759
34.4827586206897,-3.28441693417811
34.4776405473446,-3.27540524597422
34.2400613797142,-0.874380139675547
34.0041193270371,-0.828599513609684
33.7698031082509,-1.21148213376032
33.5371015200293,-1.63302445595918
33.3333333333333,-0.926257846490397
33.3060034362459,0.0312826626285885
33.0764978074424,0.0538953872072527
32.8485736603004,-1.82065389492304
32.6222200971167,-1.45309610873026
32.397426295282,-0.0704052563665796
32.258064516129,-3.06201295190452
32.1741815067637,-1.18350142686001
31.9524750575921,-3.38248218313005
31.7322963473498,-2.94612409311905
31.5136348486648,-3.5336307943558
31.2964801067075,-3.50427637445857
31.25,-3.43534138259097
31.0808217386906,-3.39059924870328
30.8666494333727,-3.07296126420324
30.6539529505653,-3.11178810442596
30.442722120643,-0.746908551668223
30.3030303030303,-1.92255787971292
30.2329468440578,-0.845657108543842
30.0246170908555,-3.07304877050721
29.8177229001967,-1.51786665026115
29.6122543798804,-3.52713494151866
29.4117647058824,-3.50736417193958
29.4082017058706,-3.48911771630339
29.2055551218275,-3.20143042024325
29.0043049386399,-0.50575109654262
28.804441533963,-2.10026628409632
28.6059553517574,-2.31551809654975
28.5714285714286,-3.64682744604068
28.408836901833,-3.58213480384152
28.2130767593947,-3.11526548939919
28.018665564592,-3.25114371411486
27.8255940220712,-2.33166574033209
27.7777777777778,-3.09410114401869
27.6338529005317,-3.32038278041302
27.4434330322836,-2.10821548291151
27.2543253128103,-2.41152508131382
27.0665207003324,-0.440592275993605
27.027027027027,-1.65626920930863
26.8800102153761,-2.68290295621169
26.6947849403432,-0.762864651685685
26.5108360190854,-1.13645578481602
26.3281546564802,-3.27607030605666
26.3157894736842,-2.96949760915727
26.1467321180109,-3.59215571717955
25.9665597293487,-2.68183219831597
25.787628875938,-2.9466888190491
25.6410256410256,-2.80498724893537
25.6099310025846,-2.89317831113426
25.4334576130465,-2.8205569901505
25.2582002696278,-2.72194158989724
25.0841505927754,0.56407728181289
25,-0.75064843364775
24.9113002606779,-1.79257549133605
24.7396410088681,-2.70959267943668
24.5691646298279,-3.01026852157345
24.3998629725955,-1.87874683939823
24.390243902439,-2.52004080089371
24.231727942376,-3.06088807105636
24.0647515001542,-2.02295837671071
23.8989256623105,-3.45939673542135
23.8095238095238,-2.66289330039556
23.7342425002387,-3.51126624475419
23.5706941399673,-3.63773491190461
23.4082727617829,-2.17918531153348
23.2558139534884,-3.58730725780704
23.2469705998565,-3.61244696910942
23.0867799418717,-3.3567022775034
22.9276931286565,-3.4147544262944
22.7697025538168,-1.4745302000506
22.7272727272727,-2.62494380120269
22.6128006633728,-2.36449565635503
22.4569799553977,-2.44748673643825
22.3022329796594,-2.3005379809348
22.2222222222222,-3.11588892935368
22.1485523372636,-0.337988977550036
21.9959306803007,-1.16803682074636
21.8443607114943,-1.70730037126075
21.7391304347826,-2.74939023027319
21.6938351838518,-3.01604402878568
21.5443469003188,-3.21974291360219
21.3958887134342,-2.35000945398981
21.2765957446809,-0.435830513956243
21.2484535249888,-2.50168118357224
21.102034285686,-3.61169405360907
20.9566239948043,-2.46640115781018
20.8333333333333,2.45455505367317
20.8122156998634,-2.81547289898701
20.6688024962908,-2.30119737733049
20.5263775270925,-3.16458450397253
20.4081632653061,-2.45959851975864
20.3849339825246,-2.04831257901837
20.244465099768,-3.09508211366993
20.104964162605,-0.538227555260486
20,-3.14988888737353
19.9664245010979,-2.64102183034749
19.8288394912707,-3.08870466255056
19.6922025547917,-2.73523045950646
19.6078431372549,-3.39569016836749
19.5565071586595,-2.93505896462402
19.4217468148903,-3.39180609427317
19.2879150802078,-1.66983727850613
19.2307692307692,-0.700577238642079
19.1550055557353,0.0369470858271557
19.0230118866894,-3.65571038307901
18.8919277620767,-3.57174047719182
18.8679245283019,-2.57227014696782
18.7617469143912,-3.11778889208257
18.6324631193156,-1.17905298052512
18.5185185185185,-3.48615962931366
18.504070195423,-2.95874575582512
18.3765620038817,-1.03692554201389
18.2499324481615,-3.59131053099572
18.1818181818182,-1.96954580089907
18.1241754737424,-3.00274818571743
17.9992850678248,-3.37005815492351
17.8752552590424,-3.62429811035436
17.8571428571429,-1.9743701351805
17.7520801171764,-3.5808282907066
17.6297537528721,1.42432799704738
17.5438596491228,-1.86429723853139
17.5082703173572,-2.76175695385426
17.3876240021625,-3.30378834755221
17.2678090388436,-3.24228579327412
17.2413793103448,-2.93271941516839
17.1488196987054,-3.3528591600339
17.0306502925284,-2.88074773331693
16.9491525423729,-2.51256008333537
16.9132951702965,-3.51530327200238
16.7967487209265,-3.5376586282919
16.6810053720006,-0.677622594939929
16.6666666666667,-3.34550330523906
16.5660595894991,-2.25060792849431
16.4519058775366,-3.00007784703969
16.3934426229508,-1.98399186643963
16.3385387780986,-3.12681163401414
16.2259528707809,-1.46661848082688
16.1290322580645,-0.876034584113351
16.1141427725302,-1.92464330165198
16.003103137387,-3.03121565204098
15.8928286562298,-1.38852855587516
15.8730158730159,-1.45088547789994
15.7833140565212,-2.99020425964512
15.674554102056,-2.32959792407
15.625,-2.37658919470571
15.5665435927106,-2.47557311580469
15.4592773641948,-2.96448948132955
15.3846153846154,-0.238830189628895
15.3527502878042,-3.16301668811739
15.2469572701757,-3.48519924207546
15.1515151515152,-2.9729590226991
15.1418932530435,-2.9523872536554
15.0375532129974,-3.31516240590987
14.9339321612425,-1.92344610131188
14.9253731343284,-1.80364741990179
14.831025143361,-1.76639003762134
14.728827239075,-3.53451533155156
14.7058823529412,-3.41551054510635
14.6273335620113,-1.30562064260139
14.5265392594678,-3.15207513029459
14.4927536231884,-1.1322227831656
14.4264395121816,-2.80700018095011
14.3270295340983,-1.70083219333058
14.2857142857143,-3.13085137577958
14.2283045721435,-2.86665530030369
14.1302599059953,-1.10251785899659
14.0845070422535,-1.11649838969664
14.0328908478587,0.397485908988405
13.9361927422414,-2.37141169776849
13.8888888888889,-3.23379143461694
13.8401609657313,-1.807421334576
13.7447909267754,-3.07769368783981
13.6986301369863,-3.65212644153992
13.6500780654601,-0.525858580881912
13.5560178532937,-2.6217373222111
13.5135135135135,-3.01888227326834
13.4626057929891,-3.45067484371357
13.3698374182495,-2.83254574387619
13.3333333333333,1.02885032568058
13.2777082935543,-1.19557583348147
13.1862140139475,-2.62567657208926
13.1578947368421,-2.21245661871971
13.0953502048267,-2.8556398020214
13.0051125217341,-2.64787197196828
12.987012987013,-3.53919978959099
12.9154966501488,-3.44817798837486
12.8264983052806,-1.72471358591413
12.8205128205128,-0.119502606335952
12.7381132318648,-2.74221711869618
12.6582278481013,-2.94534245677964
12.650337203959,-1.03453010721067
12.5631660247412,-3.09768519746778
12.5,-1.68968134094625
12.4765955263087,-2.53875780409735
12.3906215694792,-2.34581357683005
12.3456790123457,-3.32681674328553
12.3052400435926,-3.63188542961428
12.2204468663149,1.27773018323
12.1951219512195,0.659235785079052
12.1362379834424,-2.31832869966989
12.0526093687084,-3.07248209386732
12.0481927710843,-3.47045415739366
11.9695570235904,1.01117339444138
11.9047619047619,-2.70811546430194
11.887076977119,-1.02890124661932
11.8051652856881,-2.96726881213631
11.7647058823529,-3.30066210463637
11.723818032866,-2.11316243265379
11.6430313292088,-0.276970322768771
11.6279069767442,-3.44755652871411
11.5628013120738,-3.11030640987654
11.4942528735632,-3.04502878561704
11.4831241454351,-2.7551434589851
11.4039960197003,-3.41847739680638
11.3636363636364,-2.2514254698235
11.3254131515281,-2.49905517930578
11.2473717836475,-2.5393552877481
11.2359550561798,-3.56838026132341
11.1698681846782,-3.34993840363962
11.1111111111111,-0.388231463784858
11.0928986489522,-2.98888001570993
11.0164594963366,-2.44118946196162
10.989010989011,-1.85299916353561
10.9405470720574,-2.81554490369423
10.8695652173913,-1.00438014984807
10.8651577465254,-0.20728163973457
10.7902879151618,-2.91360719895554
10.752688172043,-3.28488097326489
10.7159339982267,-3.08966782096392
10.6420924406472,1.04085280957618
10.6382978723404,0.852707469976413
10.568759711848,-1.92907704717966
10.5263157894737,-3.59909323501712
10.4959323055823,-3.08132662445099
10.423606739764,-3.15771086046625
10.4166666666667,-3.55327992098146
10.3517795563018,-2.38947170535463
10.3092783505155,-3.48572182861757
10.2804473209331,-3.21930122817433
10.2096066230605,-3.00886888664977
10.2040816326531,-3.56182717185792
10.1392540755882,0.288095592479995
10.1010101010101,-2.47896749638216
10.0693863147603,-3.00037638512644
10,-3.24939090530365
10,-3.24939090530385
9.9310918137498,-2.61937525098862
9.9009900990099,-1.30074846713772
9.86265846131282,-0.372806274882389
9.80392156862745,-3.57385100882554
9.79469667069539,-0.575451611187627
9.72720319245054,-3.54680074672553
9.70873786407767,-3.54201110450939
9.66017479952265,-3.05987278787792
9.61538461538461,-2.17230422351009
9.59360828709314,-1.80038998423988
9.52750047242729,-2.4894671327131
9.52380952380952,-2.68636591570613
9.461848194722,-3.11431401060487
9.43396226415094,-2.25071256234697
9.39664831495469,-2.80925770337093
9.34579439252336,-2.7777011352969
9.33189771573324,-1.95541202002625
9.26759330114688,-1.85668254248081
9.25925925925926,-2.10666696737477
9.20373199661822,-3.61958656246942
9.1743119266055,-3.36295309947907
9.14031074875623,-3.58882514846628
9.09090909090909,-3.25278073789327
9.07732652521023,-2.87573226994634
9.01477631452492,-2.96914079733973
9.00900900900901,-2.96055419664112
8.9526571259964,-1.17269350641252
8.92857142857143,-1.91238006658353
8.89096598952916,-2.61453756094955
8.84955752212389,0.307555705373706
8.82969995549409,-3.29830240014381
8.7719298245614,-2.98794174835775
8.76885609458743,-3.033616825668
8.70843149769072,-3.5211081567992
8.69565217391304,-3.02416546842438
8.64842327573172,2.49598861630036
8.62068965517241,0.290166727426898
8.58882855954625,-2.91635097459776
8.54700854700855,-1.14963172771466
8.52964449974102,-2.58013104314004
8.47457627118644,-1.5884427871593
8.47086826655741,-1.69069170378732
8.41249704973612,-3.41930095599248
8.40336134453781,-2.29165064320697
8.35452805838287,-2.02947392791391
8.33333333333333,-1.83856055309475
8.29695852083491,-3.40340954896923
8.26446280991736,-1.06429508290439
8.23978568452852,-2.82507032485206
8.19672131147541,-3.51187024761715
8.18300681586739,-2.68874310566677
8.13008130081301,-2.65972909349621
8.12661920009195,-2.80631892023022
8.0706201411495,-0.913990370978875
8.06451612903226,-3.07388840155191
8.01500696156541,-3.27200705146485
8,-3.24349860332129
7.95977700231498,-3.57409426930199
7.93650793650794,-1.74225545030982
7.90492762269642,-1.28132645854772
7.8740157480315,-2.96537835637555
7.85045620020451,-3.41847099671584
7.8125,-3.57406821799328
7.79636013040523,-2.20904164171436
7.75193798449612,-3.61364055419115
7.74263682681127,-3.36694537164818
7.69230769230769,-3.43705492657788
7.68928372075831,-3.6594192414483
7.63629826128224,-2.83552802604855
7.63358778625954,-2.74959940906883
7.58367791499719,-3.65226164965771
7.57575757575758,-3.56758695293716
7.53142016597437,-1.49560558361731
7.5187969924812,-2.27027106935422
7.47952251562182,-3.3963446940376
7.46268656716418,-2.13479866119591
7.42798248256492,-2.44586223956783
7.40740740740741,-1.60993860295515
7.37679760252773,-3.47913980583091
7.35294117647059,-0.815389735562472
7.32596542821523,-3.36629219809007
7.2992700729927,-2.23602807639348
7.27548352919623,-2.90546672269191
7.2463768115942,-2.99800237984258
7.22534949178722,-3.62853799297668
7.19424460431655,-0.377712474297605
7.17556091893693,-3.27992058218019
7.14285714285714,-3.66008493385562
7.12611543011175,-2.71446012383499
7.09219858156028,-2.16002536709702
7.07701066118189,-3.17887272208643
7.04225352112676,-0.786613488069615
7.02824426430835,-3.20070494199582
6.99300699300699,0.609079478100132
6.97981390783066,-3.36477891664377
6.94444444444444,-1.45344059912919
6.93171727615541,-3.64280701645059
6.89655172413793,-1.94293691532273
6.8839520696455,-3.29329575066744
6.84931506849315,-1.81411088693629
6.83651600451024,-1.35389783314938
6.80272108843537,-3.452597606563
6.78940681269611,-2.21847995227385
6.75675675675676,-3.43696422752567
6.74262224177834,-2.3086640264339
6.71140939597315,-2.90222914391047
6.69616005485322,-2.92581929193211
6.66666666666667,-3.38328976878573
6.65001803043112,-3.23822655502802
6.62251655629139,-3.531620282486
6.6041939623303,-2.78488133240516
6.57894736842105,-3.53053166188856
6.55868565957143,-1.37549829093966
6.5359477124183,-3.21374652091599
6.5134909462728,-3.3021866418238
6.49350649350649,-1.23384051768779
6.46860766154633,-2.44921658197266
6.45161290322581,-3.1551841876669
6.42403365939419,-3.16605642102176
6.41025641025641,-2.30886918342632
6.37976680860628,-1.71210522402169
6.36942675159236,-3.0795426487035
6.33580499265825,-2.12192831434326
6.32911392405063,-2.17870475075817
6.29214610961034,-3.11177275550566
6.28930817610063,-3.58616027697733
6.25,-3.10496135859976
6.24878807200689,-3.227672889059
6.2111801242236,-1.45458872068142
6.2057288067765,-3.34269063538742
6.17283950617284,-2.97486571570063
6.16296625513294,-2.15193584025315
6.13496932515337,-1.77849053451437
6.1204983724767,1.41668544561633
6.09756097560976,-2.9060925818383
6.07832312829723,-1.38870314721928
6.06060606060606,-2.30827442241268
6.03643850607587,-3.469903668393
6.02409638554217,-3.22030053264656
5.99484250318941,-2.78260323732261
5.98802395209581,-0.943440696186694
5.95353313081437,-2.28230000152954
5.95238095238095,-2.20633194747274
5.91715976331361,-2.4839095379181
5.91250841383188,-2.38943846836484
5.88235294117647,-3.24175064206612
5.87176639073326,-3.54467801048177
5.84795321637427,-1.50083491328963
5.83130511352622,-1.00367731056464
5.81395348837209,-3.62640884857437
5.79112264764176,-3.63709615015709
5.78034682080925,-3.48671112314311
5.75121707184161,-3.4555734008906
5.74712643678161,-0.351314533972565
5.71428571428571,-3.25704203054591
5.71158647812643,-0.25730766025158
5.68181818181818,-3.23309306098242
5.67222897164454,-3.35808279592772
5.64971751412429,-1.92752309709619
5.63314267060136,-1.0457980619433
5.61797752808989,-2.93405262319235
5.59432570616938,-2.8734847344901
5.58659217877095,-2.24417997819723
5.55577622239888,-1.37576046134121
5.55555555555556,-1.62863792172403
5.52486187845304,-2.13346774000221
5.51749237612913,-2.94306388219506
5.49450549450549,-3.24918720739596
5.47947233690029,-2.18546944233504
5.46448087431694,-2.8723748126345
5.44171428686589,-1.89174254072217
5.43478260869565,-3.27593803653552
5.40540540540541,-2.9827526822939
5.40421642070592,-3.0067151725144
5.37634408602151,-3.12725457007646
5.36697694554048,-2.3794564590364
5.3475935828877,-1.94746827462925
5.32999408084409,-3.01506731578602
5.31914893617021,-3.22007373305935
5.29326605836056,-3.22103192084914
5.29100529100529,-2.54891015676803
5.26315789473684,-3.44932867465574
5.25679112201842,-0.159437491267009
5.23560209424084,-3.32178168653793
5.22056752784698,-0.062754015727772
5.20833333333333,-1.97095904157309
5.18459354389291,-3.02208764678685
5.18134715025907,-3.23579438408289
5.15463917525773,-2.18946162289283
5.14886745013749,-2.54508921064642
5.12820512820513,-3.59133884768384
5.11338753841433,-3.14080613407527
5.10204081632653,-3.25824885107421
5.07815211232767,-3.33134393276698
5.0761421319797,-0.514175727435069
5.05050505050505,-3.64453704541175
5.04315948717136,-0.522521049550146
5.0251256281407,-2.01416237859952
5.00840798984821,-3.59780217092033
5,-3.09497699915799
4.97512437810945,-3.34658150125407
4.97389595879006,-2.34695949972011
4.95049504950495,-3.60570018875209
4.93962174387832,-3.55735395197119
4.92610837438424,-1.91510183647814
4.90558370636505,-3.33332714251103
4.90196078431372,-2.55121947552005
4.8780487804878,-2.21657335870925
4.87178021879463,-2.62634627585715
4.85436893203883,-2.28866652028294
4.83820966492596,-3.06189211160112
4.83091787439613,-3.63073445338584
4.80769230769231,-3.47258905819241
4.80487043965513,-2.96357831761464
4.78468899521531,-0.481121684109932
4.77176094893875,-3.37468860639641
4.76190476190476,-1.60995135333199
4.739336492891,-3.15307530333753
4.73887960971765,-3.01941948287064
4.71698113207547,-3.44663356019599
4.70622484984128,-3.38019464074967
4.69483568075117,-2.76755068654979
4.67379510799246,-3.65399763706342
4.67289719626168,-3.15711432936122
4.65116279069767,-3.49113519559371
4.64158883361278,-2.51382380474548
4.62962962962963,-0.833329246688957
4.60960448682843,-2.53012166921583
4.60829493087558,-3.17924421245457
4.58715596330275,0.111062797430255
4.57784053837662,-2.73940825517995
4.5662100456621,-3.56511102969228
4.5462954695324,-3.54408096918506
4.54545454545455,-3.25724679923304
4.52488687782805,-3.16955855554162
4.5149677720361,-2.70077143478043
4.5045045045045,-0.301636053730173
4.48430493273543,-3.52531409840911
4.48385594802119,-3.22704839327774
4.46428571428571,-2.74465138375073
4.45295850994265,-0.401738121944457
4.44444444444444,-3.59363773569778
4.42477876106195,-3.55870221042899
4.4222739805059,-3.05429111864693
4.40528634361233,-3.64090098718271
4.39180089259609,-2.1616591358033
4.3859649122807,-2.89639372627156
4.36681222707424,-3.3063001080866
4.361537789208,-3.4986039013399
4.34782608695652,-2.8583251982079
4.3314832233764,-3.15374543928912
4.32900432900433,-3.53840038960488
4.31034482758621,-0.459873499755882
4.30163575810679,-1.80711052020969
4.29184549356223,-2.82657436022968
4.27350427350427,-3.56352755281788
4.27199396630678,-3.37015120260024
4.25531914893617,2.19550444651906
4.24255643071778,-3.56391377527423
4.23728813559322,-3.64240885143659
4.21940928270042,-3.23949395115555
4.21332174384729,-3.59855785999171
4.20168067226891,-1.61181693679851
4.18428850790158,-0.0061835945639741
4.18410041841004,0.764937145109902
4.16666666666667,-3.18741774366064
4.15545533471888,-3.35099617379894
4.149377593361,-1.92836414522075
4.13223140495868,-2.05738363324498
4.12682084570295,-2.78761639411114
4.11522633744856,-2.60334507437862
4.09838367175726,-3.36948755379232
4.0983606557377,-3.38686591353517
4.08163265306122,-3.03498677895255
4.07014245321944,-3.49014854181457
4.0650406504065,-3.59231905031627
4.04858299595142,-3.3877992286195
4.04209583979631,-3.27829840681387
4.03225806451613,-3.63026763080138
4.01606425702811,-2.85135694538173
4.01424249049932,-2.88688002650282
4,-2.69705906901718
3.98658107358044,-3.18072105528408
3.98406374501992,-2.99995359198497
3.96825396825397,-1.9931017292876
3.95911026646846,-1.87240575039693
3.95256916996047,-2.76296972815244
3.93700787401575,-2.67115105621026
3.93182875570577,-1.39504079051879
3.92156862745098,-3.1415347285165
3.90625,-2.35531012261439
3.90473523688556,-2.70746335737449
3.89105058365759,-2.68389886320902
3.87782841458946,-2.76481235371311
3.87596899224806,-1.88919867160176
3.86100386100386,-2.96043592993585
3.85110700232557,-2.57617497341912
3.84615384615385,-3.20117802387254
3.83141762452107,-1.71968612684411
3.824569722467,-3.62066215696224
3.81679389312977,-0.924334108568085
3.80228136882129,-3.44279245022947
3.79821530619074,-3.57039479803334
3.78787878787879,-2.74725341093379
3.77358490566038,-2.53346760734432
3.772042493417,-2.59283028171277
3.7593984962406,-3.49462551732624
3.74605003274899,-3.16514043524908
3.74531835205992,-3.01364966671685
3.73134328358209,-3.35968110134707
3.72023668141307,-1.96152649476333
3.71747211895911,-3.13043119274975
3.7037037037037,-1.35794246217012
3.6946012051993,-3.59536492509188
3.690036900369,-3.5193482686143
3.67647058823529,-3.14620525770764
3.66914237840249,-2.67013787000287
3.66300366300366,-2.07070964428307
3.64963503649635,-1.42800152250659
3.64385898376355,-0.703273400648082
3.63636363636364,-3.16822386826091
3.6231884057971,-3.45612152734021
3.61874981241128,-2.15071122103886
3.6101083032491,-1.70033134193367
3.59712230215827,-3.05498079197171
3.59381366380463,-3.43840117081343
3.584229390681,-2.57054301367729
3.57142857142857,-2.72644196069809
3.56904934567523,-0.79410768538447
3.55871886120996,-3.500130291524
3.54609929078014,-2.26599446079764
3.54445567397043,-2.82099075779056
3.53356890459364,-3.63241889719655
3.52112676056338,-2.1158996483491
3.52003147279668,-2.97416293203976
3.50877192982456,-1.95494605447179
3.4965034965035,-2.60207418135969
3.49577557436328,-2.0537671436822
3.48432055749129,-2.49042194759344
3.47222222222222,-3.40494898601447
3.47168681892656,-3.05708733537822
3.46020761245675,-1.99379293895167
3.44827586206897,-3.62423018798294
3.44776405473446,-3.25191127882102
3.43642611683849,-2.9865359507299
3.42465753424658,-3.60285111609685
3.42400613797142,-2.57121932987415
3.41296928327645,-3.02026200071138
3.40136054421769,-1.56440087312184
3.40041193270371,-3.6036966545676
3.38983050847458,-3.19185925319446
3.37837837837838,2.62664525245983
3.37698031082509,-2.67356048509846
3.36700336700337,-2.99909908027838
3.35570469798658,-2.82892724251267
3.35371015200293,-3.34502927152199
3.34448160535117,-1.08899311059637
3.33333333333333,-1.20335901519702
3.33060034362459,-1.64765102789856
3.32225913621262,-3.47542602412094
3.3112582781457,-1.37230924724529
3.30764978074424,-3.17316559362917
3.3003300330033,0.229527900251914
3.28947368421053,-3.41860747174884
3.28485736603004,-1.68455622685054
3.27868852459016,-3.28608207207615
3.26797385620915,-3.61423595399905
3.26222200971167,-3.35998335270359
3.25732899022801,-1.37982495673524
3.24675324675325,-3.61293151731531
3.2397426295282,-2.75443453603107
3.23624595469256,-3.62252395740741
3.2258064516129,-3.62875051397166
3.21741815067637,-2.88700121643539
3.21543408360129,-0.487142693019062
3.20512820512821,-2.7021745412962
3.19524750575921,-3.20598572008513
3.19488817891374,-2.94368747692492
3.18471337579618,-0.774604858113558
3.17460317460317,-3.49323179738387
3.17322963473498,-2.54810062876957
3.16455696202532,-1.33524199403667
3.15457413249211,-2.01019196243204
3.15136348486648,-2.08106261540119
3.14465408805031,-3.2041953754004
3.13479623824451,-2.69333563711477
3.12964801067075,0.83240066519581
3.125,-2.60755273205053
3.11526479750779,-3.20758991281407
3.10808217386906,-3.39204663987781
3.1055900621118,-3.32613742078858
3.09597523219814,-2.3753901364805
3.08666494333727,-2.47742922248055
3.08641975308642,-1.92514689823188
3.07692307692308,-2.46812832895695
3.06748466257669,-3.16379371038969
3.06539529505653,-3.31408737140908
3.05810397553517,-1.68664018567342
3.04878048780488,-2.63013041551876
3.0442722120643,-3.26398073820395
3.03951367781155,-3.35147985927064
3.03030303030303,-2.10180602737351
3.02329468440578,-1.3439921219158
3.02114803625378,-1.53790795676671
3.01204819277108,-3.53497707543182
3.003003003003,-2.89418760468596
3.00246170908555,-2.25497424158099
2.9940119760479,-3.44071021181012
2.98507462686567,-2.41475622259405
2.98177229001967,-3.08830166296049
2.97619047619048,-2.50077784089181
2.9673590504451,-2.39104731163992
2.96122543798803,-0.240043148617484
2.9585798816568,-3.44112327451144
2.94985250737463,-3.57590463961214
2.94117647058824,-0.594643691265314
2.94082017058706,-1.67650040892998
2.93255131964809,-3.40846411800411
2.92397660818713,-3.62423037867624
2.92055551218275,-3.55157416201633
2.91545189504373,-3.29324174498118
2.90697674418605,-2.92877345325446
2.90043049386399,-3.32718430792617
2.89855072463768,-3.47072047141504
2.89017341040462,-1.54892320339762
2.88184438040346,-3.19455595004429
2.8804441533963,-3.60735619467742
2.8735632183908,-3.5742715833672
2.86532951289398,0.383337558920734
2.86059553517574,-2.69315421469967
2.85714285714286,-1.48486233439204
2.84900284900285,-3.21759010218137
2.84090909090909,-2.88948196467025
2.8408836901833,-2.92617189056609
2.8328611898017,-3.19190126451813
2.82485875706215,-2.14420558237741
2.82130767593947,-1.15578083321999
2.8169014084507,-3.12302451064498
2.80898876404494,-3.28299802502378
2.8018665564592,-2.12244412760416
2.80112044817927,-0.884431717972926
2.79329608938547,-3.14533111015727
2.78551532033426,-3.24323042987738
2.78255940220712,-3.6453402577262
2.77777777777778,-2.8732418541242
2.77008310249307,-3.03541837365672
2.76338529005317,-2.55664843463212
2.76243093922652,-3.56583999442405
2.75482093663912,-0.890514063073549
2.74725274725275,-2.93265539917
2.74434330322836,-3.54630640056238
2.73972602739726,-3.5666610668582
2.73224043715847,-2.63174085881367
2.72543253128103,-3.49688011263923
2.72479564032698,-1.29265049845285
2.71739130434783,-2.41793848256894
2.710027100271,-3.41103718666512
2.70665207003324,-3.60421579772629
2.7027027027027,-3.49199927922386
2.69541778975741,-1.63877859712259
2.68817204301075,-0.702557342655875
2.68800102153761,-0.696777115145191
2.68096514745308,-0.671742472359692
2.67379679144385,-3.31737147452089
2.66947849403432,-3.07997283417925
2.66666666666667,-0.293110350432452
2.65957446808511,-3.44478413392427
2.6525198938992,-3.30001455955421
2.65108360190854,-3.00067257516748
2.64550264550265,-1.97647791115055
2.63852242744063,-1.41886329220723
2.63281546564802,-1.4550454188212
2.63157894736842,-1.78197025533553
2.6246719160105,-3.52487084809907
2.61780104712042,-3.58380576109617
2.61467321180109,-1.35966423854544
2.61096605744125,-3.41129256129504
2.60416666666667,-3.3048379935855
2.5974025974026,-2.43375132255026
2.59665597293487,-3.17512040745198
2.59067357512953,-2.86810757204715
2.58397932816537,-3.23535669383794
2.5787628875938,-3.26610156211437
2.57731958762887,-3.55882495005526
2.5706940874036,-2.96427719012403
2.56410256410256,-1.72365647824749
2.56099310025846,-3.61729249648449
2.55754475703325,-2.6463220419685
2.55102040816327,-0.67043446559155
2.54452926208651,-3.57055449139649
2.54334576130465,-3.14232978080836
2.53807106598985,-3.05237896556256
2.53164556962025,-3.65583673077107
2.52582002696278,-3.1987227841043
2.52525252525253,-2.69294359815133
2.51889168765743,-3.47612887651605
2.51256281407035,-1.61255688847502
2.50841505927754,-3.15182170485927
2.5062656641604,-3.65776382408019
2.5,-2.05218334355716
2.49376558603491,-2.21012471711783
2.49113002606779,-1.36342363053735
2.48756218905473,-1.79865616590889
2.48138957816377,-3.06495449861945
2.47524752475248,-1.6978561811549
2.47396410088681,-2.33308904021221
2.46913580246914,-3.394215971982
2.46305418719212,-3.50733882333055
2.45700245700246,-1.00669405221656
2.45691646298279,-0.562138706865237
2.45098039215686,-3.38110516694335
2.44498777506112,-3.06158681709642
2.43998629725955,-3.61275218426432
2.4390243902439,-2.51753232094846
2.4330900243309,-3.65437476301637
2.42718446601942,-3.63559509922687
2.4231727942376,-2.2624172395762
2.42130750605327,-3.28553625376368
2.41545893719807,-2.29591548546865
2.40963855421687,-2.63551354784188
2.40647515001542,-1.78923712003582
2.40384615384615,-2.45430073351151
2.39808153477218,-3.53994491705746
2.39234449760766,-1.99428531280084
2.38989256623105,-2.10046759994547
2.38663484486874,-1.51639136010597
2.38095238095238,-2.90564024944235
2.37529691211401,-2.7628320988597
2.37342425002387,-3.17781390461839
2.3696682464455,-1.52018093694887
2.36406619385343,-3.63950612796513
2.35849056603774,-3.42254722648486
2.35706941399673,-2.67542074356107
2.35294117647059,-1.48339156408941
2.34741784037559,-3.51781067397736
2.34192037470726,-2.01395834815691
2.34082727617829,-2.84747961840086
2.33644859813084,-2.50008650301082
2.33100233100233,-3.05942832122413
2.32558139534884,-3.25828038542248
2.32469705998565,-3.1206787174991
2.32018561484919,-2.5094575595324
2.31481481481481,-3.57790745043179
2.3094688221709,-1.52243931343336
2.30867799418717,-2.88290893871082
2.30414746543779,-2.98404754482543
2.29885057471264,-2.80420529732667
2.29357798165138,-1.57865060238988
2.29276931286565,-2.93519054807229
2.2883295194508,-3.62928210487639
2.28310502283105,-3.32926197207332
2.27790432801822,-2.22851957992362
2.27697025538168,-2.43766914428574
2.27272727272727,-3.19449287449383
2.26757369614512,-2.6952538707335
2.26244343891403,-2.13278963864839
2.26128006633728,-3.44152994061481
2.25733634311512,-3.13158521557214
2.25225225225225,-0.740900602934611
2.24719101123596,-2.38762232269884
2.24569799553977,-2.89612438060125
2.24215246636771,-3.30467155988408
2.23713646532438,-1.02275433697927
2.23214285714286,-3.50465280154919
2.23022329796594,-3.42220005696667
2.2271714922049,-3.43201466263126
2.22222222222222,-3.52634562182792
2.21729490022173,-1.75908458600049
2.21485523372636,-3.49041479347069
2.21238938053097,-3.50689409901589
2.2075055187638,-3.34039623331584
2.20264317180617,-1.96743703467224
2.19959306803007,-0.904326078205353
2.1978021978022,-2.99103684882099
2.19298245614035,-3.48299907563138
2.18818380743982,-3.66339541099365
2.18443607114943,-2.67614621915812
2.18340611353712,-3.04042515214935
2.17864923747277,-2.71904693250651
2.17391304347826,-3.53928403628593
2.16938351838518,-3.19622320981041
2.16919739696312,-3.50980775762995
2.16450216450216,-3.25684551404465
2.15982721382289,-2.87477243956435
2.1551724137931,-2.38110799333846
2.15443469003188,-2.57330555601488
2.1505376344086,-3.37098401854778
2.14592274678112,-3.07122255939883
2.14132762312634,-3.00110529548878
2.13958887134342,-3.30914784833824
2.13675213675214,3.30610253903437
2.13219616204691,-2.99701811714716
2.12765957446809,-3.41961040774593
2.12484535249888,-0.311741691929522
2.12314225053079,-0.352441614091997
2.11864406779661,-3.40829103227604
2.11416490486258,-2.96658623191
2.1102034285686,-3.13596227755796
2.10970464135021,-3.61148642147064
2.10526315789474,-2.66593748932597
2.10084033613445,-3.60784801602075
2.09643605870021,-1.95926406557397
2.09566239948043,-3.15970765904823
2.09205020920502,-3.54785130589989
2.08768267223382,-3.45893324754531
2.08333333333333,-2.05260157283443
2.08122156998634,-3.48750527947571
2.07900207900208,-3.46889929033569
2.0746887966805,-2.45015426568211
2.0703933747412,-3.3213671825044
2.06688024962908,-2.95160606934889
2.06611570247934,-2.57947627323035
2.06185567010309,-3.20174739928633
2.05761316872428,-2.84652803566798
2.05338809034908,-3.25425779598406
2.05263775270925,-2.5684749924636
2.04918032786885,-3.48213376278768
2.04498977505112,-2.60803136039091
2.04081632653061,-2.58102016327957
2.03849339825246,-2.8546931352587
2.03665987780041,-2.82507208701774
2.03252032520325,-3.57944576700241
2.02839756592292,-2.89843735106511
2.0244465099768,-3.06108502222976
2.02429149797571,-2.25979287203937
2.02020202020202,-1.99778903087774
2.01612903225806,-3.29613987135819
2.01207243460765,1.94886293277451
2.0104964162605,-1.23479147766018
2.00803212851406,-2.06564730189374
2.00400801603206,-3.01303225580555
2,-3.56615208244885
1.99664245010979,0.0325447097467206
1.99600798403194,-3.36711110407095
1.99203187250996,-3.38985404135711
1.98807157057654,-2.38779113454383
1.98412698412698,-3.64864445718616
1.98288394912707,-3.18171680304134
1.98019801980198,-3.09529657157524
1.97628458498024,-2.54851689174726
1.9723865877712,-3.16121067023145
1.96922025547917,-2.44488349475996
1.96850393700787,-3.66322643031607
1.96463654223969,-2.67098168940684
1.96078431372549,-3.47014930231067
1.95694716242661,-3.03984520524581
1.95565071586595,-3.28572976903647
1.953125,-3.15683772785483
1.94931773879142,-3.33595581023793
1.94552529182879,-2.70710516907082
1.94217468148903,-2.33255431194048
1.94174757281553,-2.71998383614528
1.93798449612403,-3.37359466441286
1.93423597678917,-2.5547646621337
1.93050193050193,-2.28570794445404
1.92879150802078,-2.78206740028004
1.92678227360308,-1.9584495658138
1.92307692307692,-0.707396435696789
1.91938579654511,-3.07779018049389
1.91570881226054,-3.31245062781904
1.91550055557353,-3.33479372330414
1.91204588910134,-2.4860199348332
1.90839694656489,-2.96859852551013
1.9047619047619,-3.4844291434489
1.90230118866894,-3.55960477870966
1.90114068441065,-3.50656479139307
1.89753320683112,-3.48716873434467
1.89393939393939,-3.45649451500953
1.89035916824197,-0.912249996418789
1.88919277620767,-0.955977078829572
1.88679245283019,-3.27091272800238
1.88323917137476,-3.26360697329529
1.8796992481203,1.27147456911174
1.87617469143912,-2.8102072751033
1.87617260787992,-2.79502676830402
1.87265917602996,-2.86844716732109
1.86915887850467,-3.16131443292506
1.86567164179104,-2.23509344919175
1.86324631193156,-3.62582145700399
1.86219739292365,-3.43840957417019
1.85873605947955,-3.24414583352965
1.85528756957328,-2.1775489245342
1.85185185185185,-2.82597472061483
1.8504070195423,-3.3924992978563
1.84842883548983,-3.64937530033562
1.8450184501845,-1.32897956595574
1.84162062615101,-2.86779711591761
1.83823529411765,-2.36051569782971
1.83765620038817,-3.53179242078739
1.8348623853211,-2.60923940507764
1.83150183150183,-3.65550282952786
1.82815356489945,-1.65259884372987
1.82499324481615,-3.52350247389183
1.82481751824817,-3.14507348326849
1.82149362477231,-0.851111852326834
1.81818181818182,-3.51848991317969
1.81488203266788,-3.25536891919314
1.81241754737424,-2.2369076359357
1.81159420289855,-3.39730303281543
1.80831826401447,-2.52747806872001
1.80505415162455,-3.43397753293827
1.8018018018018,-1.18353761683484
1.79992850678248,1.05855798520311
1.79856115107914,-2.75086236459036
1.79533213644524,-3.65088040639049
1.7921146953405,-2.49023947698823
1.78890876565295,-2.73784956079511
1.78752552590424,-1.29921827650248
1.78571428571429,-2.88083488366267
1.7825311942959,-2.00190054848953
1.77935943060498,-1.83543215625995
1.77619893428064,-3.19059183495532
1.77520801171763,-1.76213786581219
1.77304964539007,-2.95987601552523
1.76991150442478,-3.57834970091913
1.76678445229682,0.129021758059641
1.7636684303351,-2.05226043091092
1.76297537528721,-2.44488219549249
1.76056338028169,-3.30950253778631
1.75746924428822,-3.23195047786707
1.75438596491228,-3.19914665856033
1.75131348511384,-3.55166134240003
1.75082703173572,-2.92630709729071
1.74825174825175,-1.87892727394087
1.74520069808028,-1.84128014373179
1.74216027874564,-3.40246509067655
1.73913043478261,-3.03502612578439
1.73876240021625,-3.41838514638142
1.73611111111111,-3.2169386159757
1.73310225303293,-3.51418192957974
1.73010380622837,-2.06957934367226
1.72711571675302,-3.6621713587918
1.72678090388436,-0.678268512375904
1.72413793103448,-2.18312181393083
1.72117039586919,-3.33857513050556
1.71821305841924,-1.52980788937789
1.71526586620926,-3.2666935175476
1.71488196987054,-3.40569798840347
1.71232876712329,-1.84140654018723
1.70940170940171,-0.456486671174711
1.70648464163823,-3.23290819778513
1.70357751277683,-3.56988607975542
1.70306502925284,-1.72901587130691
1.70068027210884,-2.75541654141811
1.69779286926995,-3.44810303512737
1.69491525423729,-1.69925282070265
1.69204737732657,-3.38825413801116
1.69132951702965,-3.14547111415099
1.68918918918919,-2.9538229283364
1.68634064080944,-3.25079192117787
1.68350168350168,-3.61058785115245
1.68067226890756,0.701756170010801
1.67967487209265,-3.59430821471711
1.67785234899329,-2.0690641708566
1.6750418760469,-2.36288480883185
1.67224080267559,-3.65190912217154
1.669449081803,-2.11930497713505
1.66810053720006,-1.91781316778202
1.66666666666667,-3.08062010273222
1.66389351081531,-3.65379359796922
1.66112956810631,-3.04069887140006
1.65837479270315,-3.61359718412505
1.65660595894991,-2.58544530801187
1.65562913907285,-0.613196424718448
1.65289256198347,-3.40293775324404
1.65016501650165,-3.39306358510329
1.64744645799012,-2.37208003894763
1.64519058775366,-1.92824176710676
1.64473684210526,-0.466338800833493
1.64203612479475,-2.57618636615113
1.63934426229508,-2.64911605681852
1.6366612111293,-2.50629645649793
1.63398692810458,-2.22263018892714
1.63385387780986,-1.52278281616814
1.63132137030995,-2.68563783260576
1.62866449511401,-2.74362909869528
1.6260162601626,-1.69213576078807
1.62337662337662,-2.76428076098311
1.62259528707809,-3.33022397526964
1.62074554294976,-3.36361867424939
1.61812297734628,-3.53453213705576
1.61550888529887,-3.65081562421839
1.61290322580645,-3.32300064473965
1.61141427725302,-3.27160171327663
1.61030595813205,-2.76058378844736
1.60771704180064,-3.59032955164967
1.60513643659711,-2.81363254629631
1.6025641025641,-3.40995901841428
1.6003103137387,-3.36314060136111
1.6,-1.37494342534607
1.59744408945687,-1.55563003224462
1.59489633173844,0.895691307927696
1.59235668789809,-0.981026512161359
1.58982511923688,-3.03920933818862
1.58928286562298,-3.08173853621086
1.58730158730159,-2.51930973158637
1.58478605388273,-2.38849597998397
1.58227848101266,-3.12651472320315
1.57977883096367,-2.52895933172457
1.57833140565212,-2.90375805634873
1.57728706624606,-1.40366813114557
1.5748031496063,-3.47916921667597
1.57232704402516,-1.87756522868816
1.56985871271586,-0.236967423045665
1.5674554102056,-3.52020126404325
1.56739811912226,-2.90372138747135
1.56494522691706,-3.11835156273024
1.5625,-1.92540013541459
1.5600624024961,-2.93902577236706
1.55763239875389,-3.30087168032143
1.55665435927106,-2.38528637650956
1.5552099533437,-1.59682383961983
1.5527950310559,-3.10973432969937
1.55038759689922,-2.68758157869324
1.54798761609907,-1.96449415457674
1.54592773641948,-3.58268198143621
1.54559505409583,-3.39600867304433
1.54320987654321,-2.83157613034471
1.54083204930663,-3.37143164092422
1.53846153846154,-1.16010513757787
1.53609831029186,-2.68008113111675
1.53527502878042,-0.281647277355868
1.53374233128834,-3.62591266246441
1.53139356814701,-2.76887048809366
1.52905198776758,-3.31849786484316
1.52671755725191,-2.78192103873139
1.52469572701757,-3.48512596505624
1.52439024390244,-1.7902485969228
1.5220700152207,-3.35878751888243
1.51975683890577,-3.60996858382752
1.51745068285281,-0.13778445684009
1.51515151515152,-1.18111847157904
1.51418932530435,-3.36794174261864
1.51285930408472,-3.41467442766979
1.51057401812689,-3.51173201001789
1.50829562594268,-2.03949572683454
1.50602409638554,-3.18131514500011
1.50375939849624,-1.23731392186125
1.50375532129974,-1.26562654221332
1.5015015015015,-2.11625284211693
1.49925037481259,-2.9095923595804
1.49700598802395,-3.60999362131904
1.49476831091181,-2.57795827420618
1.49339321612425,-1.13299716439088
1.49253731343284,-3.24098061583716
1.4903129657228,-3.13601212496728
1.48809523809524,-1.68911071544074
1.48588410104012,-1.87945811324674
1.48367952522255,-3.61763352384251
1.4831025143361,-2.40845221560157
1.48148148148148,-2.45114621137311
1.4792899408284,-3.28474555451508
1.47710487444609,-1.37978560858538
1.47492625368732,-3.41144787896375
1.4728827239075,-2.51149156997213
1.47275405007364,-2.76141641445899
1.47058823529412,-2.65457048467875
1.46842878120411,-2.63291474370591
1.46627565982405,-3.36211616357111
1.46412884333821,-1.35837598527241
1.46273335620113,-1.7485695971895
1.46198830409357,-3.28969095232876
1.45985401459854,-3.43973930255761
1.45772594752187,-3.25237842981634
1.45560407569141,-3.2524581054282
1.45348837209302,-0.890635566060364
1.45265392594678,-3.56576466323279
1.45137880986938,-1.34884114596603
1.44927536231884,-2.12147595389312
1.44717800289436,-3.36009899303245
1.44508670520231,-2.8438934719425
1.44300144300144,-2.46806722591263
1.44264395121816,-1.85348280879272
1.44092219020173,-3.61431043891975
1.43884892086331,-2.1323820826103
1.4367816091954,-2.93192342060085
1.43472022955524,-1.41319165548843
1.43270295340983,-2.72152009199469
1.43266475644699,-2.98666198850482
1.43061516452074,-3.22374205948845
1.42857142857143,1.64715290765786
1.4265335235378,-0.725661882549001
1.42450142450142,-0.082320179626076
1.42283045721435,-3.25161884655408
1.42247510668563,-3.63853805480506
1.42045454545455,2.08761531948322
1.41843971631206,-3.39058016538122
1.41643059490085,-0.922527458954941
1.41442715700141,-2.03644176636991
1.41302599059953,-2.92926479285709
1.41242937853107,-3.12667308089332
1.41043723554302,-3.33108452456964
1.40845070422535,-3.21815258478007
1.40646976090014,-3.29033985144145
1.40449438202247,-3.11487549031583
1.40328908478587,-1.62919550107282
1.40252454417952,-3.24276104621166
1.40056022408964,-3.14250540078767
1.3986013986014,-3.50664699695276
1.39664804469274,-3.46415801693974
1.39470013947001,-1.49680314834508
1.39361927422414,-2.62647085486982
1.39275766016713,-3.16248855458398
1.39082058414465,-3.28939910716609
1.38888888888889,-2.84032168082167
1.3869625520111,-2.83158631348023
1.38504155124654,-3.25710872427423
1.38401609657313,-1.74796969754054
1.38312586445367,3.29516572301946
1.38121546961326,-1.41155979615796
1.37931034482759,-3.05214068606609
1.37741046831956,-1.05680734243539
1.37551581843191,-1.83192257638459
1.37447909267754,-1.87257185407683
1.37362637362637,-2.70354858155796
1.37174211248285,-2.4489295283149
1.36986301369863,-0.784739672558099
1.36798905608755,-2.53293540595437
1.36612021857923,-3.32945718169723
1.36500780654601,-1.41623539865069
1.36425648021828,-2.28190770856197
1.36239782016349,-3.12194422114073
1.36054421768707,-1.30435845070157
1.35869565217391,-3.49963253645528
1.35685210312076,-3.3059774411739
1.35560178532937,-2.72079301343943
1.3550135501355,-2.54671763424822
1.3531799729364,-3.57723646024148
1.35135135135135,-3.59538185077649
1.34952766531714,-3.59937364981944
1.34770889487871,-2.84047532975061
1.34626057929891,-3.39881947060239
1.34589502018843,-2.41419359249097
1.34408602150538,-3.08831434407629
1.34228187919463,-2.2872632033207
1.34048257372654,-3.59127227924334
1.33868808567604,-3.3557127320778
1.33698374182495,-1.69261544615436
1.33689839572193,-1.54715970491226
1.33511348464619,-2.38607096221399
1.33333333333333,-3.36874008970086
1.33155792276964,-2.46356594429492
1.32978723404255,-1.67758046276081
1.32802124833997,-1.56212405456587
1.32777082935543,-3.1173307959791
1.3262599469496,-2.80775003641797
1.32450331125828,-2.48654976643023
1.32275132275132,-1.52833232269388
1.32100396301189,-2.51118135251165
1.31926121372032,-3.21139592290178
1.31862140139475,-3.23827537580031
1.31752305665349,-3.00291088916738
1.31578947368421,-2.67879039897356
1.31406044678055,0.158402366117191
1.31233595800525,-2.59317023585443
1.31061598951507,-2.59808521136032
1.30953502048267,-2.92026048936053
1.30890052356021,-2.04839282699457
1.30718954248366,-0.6608901819455
1.30548302872063,-3.3150146930953
1.30378096479791,-3.08206950614639
1.30208333333333,-0.932587588158451
1.30051125217341,-3.14942976646641
1.30039011703511,-3.5002692729595
1.2987012987013,-2.8641416416181
1.2970168612192,-3.65431067122018
1.29533678756477,-2.28523087934759
1.29366106080207,-3.57662926563618
1.29198966408269,-3.04789884257108
1.29154966501488,-2.80759528555098
1.29032258064516,-3.32150579984754
1.28865979381443,-2.70078789391111
1.28700128700129,-3.34424370311929
1.2853470437018,4.97696529737361
1.28369704749679,-3.66355346090161
1.28264983052806,-2.66872646568775
1.28205128205128,-3.31139038025561
1.28040973111396,-1.85545947530717
1.27877237851662,-2.84530024197668
1.27713920817369,-3.0246772806448
1.27551020408163,-2.07439293182334
1.27388535031847,0.465342102374128
1.27381132318648,0.543982756161872
1.27226463104326,-3.53540097457651
1.27064803049555,-2.70680778693143
1.26903553299492,-3.44845139111517
1.26742712294043,-3.59981692359683
1.26582278481013,-2.38753172128609
1.2650337203959,-2.67000251722349
1.26422250316056,0.360066270566581
1.26262626262626,-3.18440432368809
1.26103404791929,-3.32062319155822
1.25944584382872,-1.51218812345256
1.25786163522013,-1.01779286397426
1.25631660247412,-2.98658458327132
1.25628140703518,-3.00367904864911
1.25470514429109,-0.65996662460581
1.2531328320802,-2.49557131268225
1.25156445556946,-3.11241093051945
1.25,-3.63041108510607
1.24843945068664,-1.83523409197702
1.24765955263087,-1.471768486485
1.24688279301746,-3.56791492320469
1.2453300124533,-2.66561715567765
1.24378109452736,-2.04745328526372
1.24223602484472,-2.72191715977102
1.24069478908189,-2.99440941495247
1.23915737298637,-2.3599698195088
1.23906215694792,-3.21543450749841
1.23762376237624,-2.2878372085447
1.23609394313968,-3.51516335557802
1.23456790123457,-3.61026050936133
1.23304562268804,-3.56393295328398
1.23152709359606,-3.59272661341863
1.23052400435926,-2.81555072685823
1.230012300123,-1.44274794764767
1.22850122850123,-3.13753739592463
1.22699386503067,-3.55127508886904
1.22549019607843,-3.0704522254755
1.22399020807834,-2.55059233568404
1.22249388753056,-3.16598926178458
1.22204468663149,-3.64192685245394
1.22100122100122,-1.83560903791972
1.21951219512195,-2.45973510071122
1.21802679658952,-0.710605428459426
1.21654501216545,-2.58930605462119
1.21506682867558,-0.548671863984832
1.21362379834424,-2.99791669913462
1.21359223300971,-2.49717317851694
1.21212121212121,-2.82488506058588
1.21065375302663,-2.52636113733108
1.20918984280532,-2.54717554557849
1.20772946859903,-2.72568702029381
1.20627261761158,-3.00030691130517
1.20526093687084,-3.54957919923138
1.20481927710843,-2.96610069676806
1.20336943441637,-2.95487214558052
1.20192307692308,-2.14592789493612
1.20048019207683,-1.70660016780404
1.19904076738609,-2.61320224657306
1.19760479041916,-3.55743754253806
1.19695570235904,-2.38570452339051
1.19617224880383,-3.46234102538083
1.194743130227,-3.30506816914909
1.19331742243437,-3.2658556467522
1.19189511323004,-1.18794838520152
1.19047619047619,-1.99449909751426
1.18906064209275,-3.62368101451726
1.1887076977119,-2.58643953707634
1.18764845605701,-0.308043011833472
1.18623962040332,-2.25933730909953
1.18483412322275,-3.22295732645857
1.18343195266272,-1.885967722377
1.18203309692671,0.423410513935626
1.18063754427391,-2.54940861405491
1.18051652856881,-3.48467037137346
1.17924528301887,-3.13813521374321
1.17785630153121,-2.39490550232166
1.17647058823529,-3.04000651547498
1.17508813160987,-3.3421253151037
1.17370892018779,-3.5486806441619
1.1723818032866,-2.83078161547935
1.17233294255569,-2.50474088502387
1.17096018735363,-2.36260697999308
1.16959064327485,-2.06781560545552
1.16822429906542,-3.00653909848661
1.16686114352392,-1.33876675529741
1.16550116550117,-3.25575100218479
1.16430313292088,-3.62639330649075
1.16414435389988,-0.735450617215046
1.16279069767442,-3.00618719685063
1.16144018583043,-2.66814208286238
1.16009280742459,-3.23696940770277
1.15874855156431,-2.4071607133214
1.15740740740741,-2.61100408416057
1.15628013120738,-3.00564680186546
1.15606936416185,-1.02500782213492
1.15473441108545,-2.41423338570736
1.15340253748558,-3.26746368472454
1.15207373271889,-3.20372207469476
1.15074798619102,-3.4765807041678
1.14942528735632,-1.85985981334876
1.14831241454351,-3.63060597595911
1.14810562571757,-3.4073587091549
1.14678899082569,-0.943254989834752
1.1454753722795,-2.97085637812473
1.1441647597254,-1.78246714826859
1.14285714285714,-3.66059131443218
1.14155251141553,-1.73679993140287
1.14039960197003,-2.38654559664054
1.14025085518814,-2.16626315479636
1.13895216400911,-3.60768745142804
1.13765642775882,-3.53225356321745
1.13636363636364,-3.42910510518403
1.13507377979569,-3.4849551143899
1.13378684807256,-2.55229425777029
1.13254131515281,0.476181949759554
1.13250283125708,-0.483772987345001
1.13122171945701,-0.593913922254397
1.12994350282486,-3.11923268683166
1.12866817155756,-3.51800463399986
1.12739571589628,-1.4549407282637
1.12612612612613,-2.31975549514133
1.12485939257593,-3.04064078158633
1.12473717836475,-3.51570344851309
1.12359550561798,-3.24398177910707
1.12233445566779,-2.79898255916599
1.12107623318386,0.114794814567337
1.11982082866741,-3.65755285065144
1.11856823266219,-2.79880001950225
1.11731843575419,-0.449725383492402
1.11698681846782,-1.92243890131688
1.11607142857143,-2.50681041052946
1.11482720178372,-3.65481780072325
1.11358574610245,-3.28584049981437
1.11234705228031,-1.75257713790624
1.11111111111111,-2.38276370480376
1.10987791342952,-3.05005867448817
1.10928986489522,-1.11738542330404
1.10864745011086,-1.93293719411234
1.10741971207087,-3.57485572591649
1.10619469026549,-3.65639156464514
1.10497237569061,-3.18097136809807
1.1037527593819,0.209470712180395
1.10253583241455,-3.04049363919172
1.10164594963366,-3.26527758168352
1.10132158590308,-1.97603542370065
1.1001100110011,-1.93440250168636
1.0989010989011,-2.14830315699633
1.09769484083425,-3.21671240638441
1.09649122807018,-2.63155438370775
1.09529025191676,-1.9447409909517
1.09409190371991,-2.16988384694168
1.09405470720574,-2.06718231137919
1.09289617486339,-3.53561358982862
1.09170305676856,-2.7722210251069
1.09051254089422,-3.40475620585466
1.08932461873638,-1.70123424932334
1.08813928182807,-3.45545319641335
1.08695652173913,-2.11668420443929
1.08651577465254,-2.18304219611262
1.085776330076,-0.351128178469973
1.08459869848156,-3.53588536687225
1.08342361863489,-3.52957925510786
1.08225108225108,-1.47653561981711
1.08108108108108,-0.845737698838927
1.07991360691145,-2.99766264788458
1.07902879151618,-0.463073052186654
1.07874865156419,-3.58408141882323
1.07758620689655,-3.35291662345356
1.07642626480086,-2.90012272067799
1.0752688172043,-2.85286074785035
1.07411385606874,-0.842823724606784
1.07296137339056,-2.83624738336304
1.07181136120043,-2.44263519943622
1.07159339982267,-3.47494936228262
1.07066381156317,-3.25061889086991
1.06951871657754,-0.198686403353331
1.06837606837607,-2.50331898775657
1.06723585912487,-1.83333065375264
1.06609808102345,1.66740623074508
1.06496272630458,-3.17515631351001
1.06420924406472,-1.7125999976639
1.06382978723404,-2.51921182414214
1.06269925611052,-2.96973153703656
1.06157112526539,-2.916905504967
1.06044538706257,-3.1455451771318
1.0593220338983,-2.60730292979745
1.05820105820106,-1.81578668666718
1.05708245243129,-2.23640596289367
1.0568759711848,-3.05224268762607
1.05596620908131,-3.47295467219082
1.05485232067511,-2.22138553488908
1.05374077976818,-2.37647188454447
1.05263157894737,-3.44486040230002
1.0515247108307,-2.26052362832383
1.05042016806723,-0.0408301238721647
1.04959323055823,-3.64964694476113
1.04931794333683,-1.16120487285776
1.0482180293501,-3.11805389920307
1.04712041884817,-2.69297569009246
1.04602510460251,-2.58847307504764
1.04493207941484,-3.07613032521815
1.04384133611691,-3.1976416353301
1.04275286757039,0.120569616029958
1.0423606739764,-2.28029163995755
1.04166666666667,-0.326631458571295
1.04058272632674,-2.15668366316269
1.03950103950104,-2.3691745951324
1.03842159916926,-0.936861185782997
1.03734439834025,-3.41151257959425
1.03626943005181,-2.9555984685942
1.0351966873706,-3.21565295691569
1.03517795563018,-3.02935939541812
1.03412616339193,-3.1572552737205
1.03305785123967,-2.26964975359497
1.03199174406605,-2.93616070353844
1.03092783505155,-2.12512054837309
1.02986611740474,-3.66273951926744
1.02880658436214,-3.40391524745409
1.02804473209331,-1.03107516434677
1.02774922918808,-3.1521549645066
1.02669404517454,-2.77309113237068
1.02564102564103,-2.69583869566521
1.02459016393443,-2.21250917959186
1.02354145342886,-3.16087782837057
1.02249488752556,-3.60135834393231
1.02145045965271,-3.26256332119949
1.02096066230605,-3.33716287852441
1.02040816326531,-2.5631686856213
1.01936799184506,-1.24683709484283
1.0183299389002,-1.31822210986989
1.01729399796541,-3.23312764454316
1.01626016260163,-2.8574110681772
1.01522842639594,-1.8532142735586
1.01419878296146,-3.35612007908561
1.01392540755882,-3.03743432080303
1.01317122593718,0.723620073417597
1.01214574898785,-3.27721371239424
1.01112234580384,-1.89783699346456
1.01010101010101,-3.45089620091194
1.00908173562059,-2.34406207998954
1.00806451612903,-2.6277308622583
1.00704934541793,-2.36688346054914
1.00693863147603,-2.53307625068011
1.00603621730382,-3.50538591023355
1.00502512562814,-3.33305398407411
1.00401606425703,-2.6168116327138
1.00300902708124,-3.3884912630459
1.00200400801603,-2.59409191416445
1.001001001001,-1.83777782508472
1,-1.63745294890962
