"bfp_output.P","bfp_output.logBF"
1000,-2.63529298522406
993.109181374979,-2.53109829140773
986.265846131283,-2.45101630573979
979.46966706954,-2.40701474582574
972.720319245055,-2.40632018543986
966.017479952265,-2.45027488014933
959.360828709315,-2.53484926224508
952.75004724273,-2.6521542946874
946.184819472201,-2.79209870959157
939.66483149547,-2.94369212460189
933.189771573324,-3.09597752452664
926.759330114689,-3.23884848904204
920.373199661823,-3.36396600718988
914.031074875623,-3.46571599643913
907.732652521023,-3.5418559529417
901.477631452492,-3.59344723678943
895.26571259964,-3.62395200416175
889.096598952916,-3.63778236734496
882.969995549409,-3.63880322854872
876.885609458743,-3.62921005311467
870.843149769073,-3.60900626886264
864.842327573172,-3.57622719678336
858.882855954625,-3.52805083217519
852.964449974103,-3.46280618002332
847.086826655741,-3.38221371303645
841.249704973612,-3.29238927612031
835.452805838287,-3.20243686699355
829.695852083491,-3.12137039510052
823.978568452852,-3.05563860512766
818.300681586739,-3.00875266432028
812.661920009195,-2.98265410953182
807.06201411495,-2.97958052321364
801.500696156541,-3.00326872423046
795.977700231499,-3.05828725880583
790.492762269642,-3.1461682908798
785.045620020451,-3.25917782489683
779.636013040523,-3.37824000964094
774.263682681127,-3.48158164924545
768.928372075831,-3.55708072195575
763.629826128224,-3.60518905627354
758.367791499719,-3.63296642064996
753.142016597437,-3.64794671042351
747.952251562182,-3.65546050154178
742.798248256492,-3.6582535350338
737.679760252773,-3.65684149334238
732.596542821523,-3.65019067202551
727.548352919623,-3.6374876890115
722.534949178721,-3.62120331540715
717.556091893692,-3.60739862908481
712.611543011175,-3.60034927100265
707.701066118189,-3.59931290842264
702.824426430835,-3.60111067534718
697.981390783066,-3.60278280347118
693.17172761554,-3.60212537514841
688.39520696455,-3.59735223580268
683.651600451024,-3.58673775989974
678.940681269611,-3.56842225543995
674.262224177835,-3.54035079776649
669.616005485322,-3.500276402533
665.001803043112,-3.44587734237366
660.419396233031,-3.37525821027277
655.868565957143,-3.28818453196446
651.349094627281,-3.18812056796063
646.860766154633,-3.08445306528157
642.40336593942,-2.99306806638726
637.976680860628,-2.9325917594172
633.580499265825,-2.91568905625747
629.214610961035,-2.94030480209899
624.878807200689,-2.98831489822372
620.57288067765,-3.0334685400348
616.296625513294,-3.05350861148296
612.04983724767,-3.04057771575928
607.832312829723,-3.00585770012155
603.643850607587,-2.97525359879968
599.484250318941,-2.9767263462683
595.353313081437,-3.02620569599757
591.250841383188,-3.11904015315987
587.176639073326,-3.22738030551987
583.130511352622,-3.30254568938225
579.112264764176,-3.28940256939283
575.121707184161,-3.15970519837326
571.158647812643,-2.94207248079384
567.222897164454,-2.7080777404558
563.314267060136,-2.52592305118996
559.432570616938,-2.43227211898316
555.577622239888,-2.43230951577801
551.749237612913,-2.50622811518168
547.947233690029,-2.61477104267886
544.171428686589,-2.71308022176008
540.421642070592,-2.77230099389969
536.697694554048,-2.79151952277213
532.999408084409,-2.79191865342876
529.326605836056,-2.8019582018055
525.679112201842,-2.84038619231778
522.056752784698,-2.90193905952783
518.459354389291,-2.95906285739384
514.886745013749,-2.98234326588699
511.338753841433,-2.95850268009458
507.815211232767,-2.89424321331726
504.315948717136,-2.81426340997693
500.840798984821,-2.7554614527681
500,-2.74837476445149
497.389595879006,-2.74917735561099
493.962174387832,-2.80093057948865
490.558370636505,-2.89376072306153
487.178021879463,-3.01040464871597
483.820966492595,-3.14536612593654
480.487043965513,-3.29630738982432
477.176094893875,-3.44404020138806
473.887960971765,-3.54426012065538
470.622484984128,-3.54626004669459
467.379510799247,-3.41546080521892
464.158883361278,-3.14173723426331
460.960448682844,-2.75147793786108
457.784053837662,-2.32467594753667
454.62954695324,-1.97588259475217
451.49677720361,-1.78588162035886
448.385594802119,-1.75793637322702
445.295850994266,-1.84600240230615
442.22739805059,-2.0033491585584
439.180089259609,-2.20213672465722
436.153778920801,-2.42447282608928
433.14832233764,-2.64806985388379
430.16357581068,-2.84644262757011
427.199396630678,-3.0007536561029
424.255643071778,-3.10909073298996
421.332174384729,-3.18575718106622
418.428850790158,-3.2505604175249
415.545533471888,-3.31705685303735
412.682084570296,-3.38970478367302
409.838367175726,-3.46966753458916
407.014245321944,-3.5555052353841
404.209583979631,-3.62021990125522
401.424249049932,-3.58791206389047
398.658107358044,-3.33793820463914
395.911026646846,-2.74599127220842
393.182875570577,-1.85744694165707
390.473523688556,-1.08513963507307
387.782841458946,-0.858777178413031
385.110700232557,-1.09063122966382
382.4569722467,-1.29804182438788
379.821530619074,-0.750222362590629
377.2042493417,1.39026272362752
374.605003274899,4.65624738283184
372.023668141307,6.74213066189403
371.167050249512,6.95413904494108
366.914237840249,5.55661999953715
364.385898376355,4.15477205442462
361.874981241128,3.97984683054792
359.381366380463,5.0915420777702
356.904934567523,5.76412149109062
354.445567397043,4.72828234941524
352.003147279668,1.74819732678698
349.577557436327,-1.67975960524252
347.168681892656,-3.46618275827977
344.776405473446,-3.51215652316172
342.400613797142,-2.85850967100954
340.041193270371,-2.16697757823466
337.698031082509,-1.58712102694987
335.371015200293,-1.06002227932829
333.333333333333,-0.641327944224467
333.060034362459,-0.592879542881444
330.764978074424,-0.334257440847533
328.485736603004,-0.4891932890397
326.222200971167,-1.05676242529266
323.97426295282,-1.55207887338964
321.741815067637,-1.48573659878245
319.524750575921,-0.863015330331147
317.322963473498,-0.0171151899958302
315.136348486648,0.460303071485488
312.964801067075,0.0815033517759689
310.808217386907,-0.88712985465754
308.666494333727,-1.86768072113726
306.539529505653,-2.5508350146781
304.42722120643,-2.79751912257249
302.329468440578,-2.56573725784254
300.246170908555,-2.00449170782847
298.177229001967,-1.52500435791888
296.122543798804,-1.54833478820903
294.082017058706,-2.0369989008859
292.055551218275,-2.66733786139379
290.043049386399,-3.22683664925377
288.04441533963,-3.5932593975704
286.059553517574,-3.6139294725675
284.08836901833,-3.18937131172582
282.130767593947,-2.57518664459003
280.18665564592,-2.2450740259152
278.255940220713,-2.31856724100968
276.338529005317,-2.62709130155177
274.434330322837,-2.99343327853448
272.543253128103,-3.31816244332493
270.665207003324,-3.54496064742492
268.800102153761,-3.64596411966984
266.947849403432,-3.66306105192755
265.108360190854,-3.66293533566586
263.281546564802,-3.65780433756809
261.467321180109,-3.57569773930815
259.665597293487,-3.2864476896663
257.87628875938,-2.8022491405902
256.099310025846,-2.34783119782683
254.334576130465,-2.06746278781717
252.582002696278,-2.10373023740807
250.841505927754,-2.28116560091901
250,-2.32579074279605
249.113002606779,-2.36280338013206
247.396410088681,-2.63022572928299
245.691646298279,-3.16196504031215
243.998629725955,-3.23726039092603
242.31727942376,-2.63497976542855
240.647515001542,-1.86863238648526
238.989256623105,-1.77843017874066
237.342425002387,-1.95695890497465
235.706941399673,-1.99088639616316
234.082727617829,-1.95175809304829
232.469705998565,-1.96941315645385
230.867799418717,-2.2366491410401
229.276931286565,-2.95129060925582
227.697025538168,-3.59031206509659
226.128006633728,-3.49767590364872
224.569799553977,-2.60349972384001
223.022329796594,-1.25463680277012
221.485523372636,0.449148436804355
219.959306803008,2.09431286354594
218.443607114943,2.03664856124177
216.938351838519,-0.21963616158727
215.443469003188,-2.46404677590472
213.958887134342,-3.2724938244536
212.484535249888,-2.77122851344567
211.02034285686,-1.76054774292883
209.566239948043,-1.22510755074385
208.122156998634,-1.13343018218343
206.688024962908,-1.26732534511332
205.263775270925,-1.51494267679275
203.849339825246,-1.55952557661341
202.44465099768,-1.56800862410607
201.04964162605,-1.88510783408669
200,-2.40032071110327
199.664245010979,-2.61385340422647
198.288394912707,-3.46970553482295
196.922025547917,-3.54653475169244
195.565071586595,-3.00647134504539
194.217468148903,-2.38940871531436
192.879150802078,-2.17975454246472
191.550055557353,-2.82022337823745
190.230118866895,-2.86257393677682
188.919277620767,-2.39438475627993
187.617469143912,-2.85011422159898
186.324631193156,-3.01876728916521
185.04070195423,-2.78983217235931
183.765620038817,-1.23916114782868
182.499324481615,2.54499635300487
181.241754737424,3.54892447707274
179.992850678248,0.577039730259249
178.752552590424,-2.4652583226446
177.520801171764,-3.35513080595446
176.297537528721,-1.75153620872826
175.082703173572,-0.0124794806567179
173.876240021625,0.526017032479662
172.678090388436,-1.01367271438088
171.488196987054,-2.88375892627458
170.306502925284,-3.35538026339865
169.132951702965,-2.68550762187747
167.967487209265,-1.38544047807256
166.810053720006,-0.361320631661623
166.666666666667,-0.257534166507337
165.660595894991,0.499054703678884
164.519058775366,0.945969194253469
163.385387780986,0.220194745372301
162.259528707809,-1.45163289993233
161.141427725302,-2.89182097114191
160.03103137387,-2.65341360403768
158.928286562298,-1.35688742988593
157.833140565212,-0.97549955809573
156.745541020559,-1.35079659893834
155.665435927106,-2.4337859187966
154.592773641948,-3.38695989172093
153.527502878042,-3.60788316951219
152.469572701757,-3.59864227341209
151.418932530435,-3.60223846713522
150.375532129974,-3.59465392631987
149.339321612425,-3.61734550627271
148.310251433611,-3.65063159296012
147.28827239075,-3.65981269198458
146.273335620113,-3.60665316250235
145.265392594678,-3.25307862711063
144.264395121816,-2.24194503056161
143.270295340983,-1.66244062819858
142.857142857143,-1.67291951951175
142.283045721435,-1.8569919082593
141.302599059953,-2.66766963287354
140.328908478587,-3.62132751607698
139.361927422414,-2.09958540506623
138.401609657313,0.687860805025555
137.447909267754,3.68188149855762
136.500780654601,2.08280790893797
135.560178532937,-2.72659423358307
134.626057929891,-2.8163951115744
133.698374182495,0.680295962951381
132.777082935543,3.24443317431547
131.862140139475,-0.504870164168504
130.953502048267,-1.83062626807093
130.051125217341,-3.03369079843004
129.154966501488,-3.37330562219055
128.264983052806,-3.29002260626002
127.381132318648,-2.69857527676374
126.50337203959,-2.04666311521641
125.631660247412,-1.54883475103743
125,-0.245457509223352
124.765955263087,0.157193500193832
123.906215694792,-1.45889400842317
123.052400435926,-3.22095429275817
122.204468663149,-2.77647701466555
121.362379834424,1.41560633347932
120.526093687084,2.31438221737064
119.695570235904,-0.87301078386407
118.87076977119,-2.2132095778965
118.051652856881,-2.44536400912947
117.23818032866,-3.17614269393918
116.430313292088,-3.48535143196066
115.628013120738,-2.73671132637512
114.831241454351,-1.46044367938388
114.039960197003,-0.3786390690213
113.254131515281,-1.48724676070143
112.473717836475,-2.78329372883253
111.698681846782,-2.3862693049641
111.111111111111,-2.18467943686194
110.928986489522,-2.08988294239598
110.164594963366,-2.31418786137616
109.405470720574,-2.83737470590337
108.651577465254,-3.31494550646469
107.902879151618,-3.6397836953373
107.159339982267,-2.95311179742047
106.420924406472,-1.72812180096609
105.68759711848,1.19241821473613
104.959323055823,-0.38971327823567
104.23606739764,-3.36605924673249
103.517795563018,-0.864845776620181
102.804473209331,3.87324783196563
102.096066230605,1.00224412168253
101.392540755882,-3.19727207120725
100.693863147603,-2.36881181936139
100,-1.30016958680123
100,-1.30016958680123
99.310918137498,-1.62448007169682
98.6265846131283,-2.0962985437997
97.946966706954,-2.11738081146965
97.2720319245054,-2.42076319423999
96.6017479952265,-3.07086859122553
95.9360828709315,-3.64982552909965
95.2750047242729,-2.78715782940206
94.61848194722,-1.48547445915373
93.966483149547,-0.2929058527403
93.3189771573324,-1.32513611513194
92.6759330114688,-3.34916975171584
92.0373199661823,-3.39199605833566
91.4031074875623,-1.92846371202087
90.9090909090909,-0.235692991085851
90.7732652521023,0.305689124901353
90.1477631452492,-0.563337792252194
89.526571259964,-3.39184706048003
88.9096598952916,0.0567528407627451
88.2969995549409,-0.879185359371898
87.6885609458743,-3.34776715754644
87.0843149769073,0.256687603324868
86.4842327573172,-0.0957898557938774
85.8882855954625,-3.54969434665348
85.2964449974102,-2.72100529904649
84.7086826655741,-3.50959768898887
84.1249704973612,-3.65756366198992
83.5452805838287,-3.57321771009561
83.3333333333333,-3.49511597510006
82.9695852083491,-3.43185060186091
82.3978568452852,-1.99084829722848
81.8300681586739,-0.404115527610922
81.2661920009194,-2.9572034426411
80.706201411495,-1.48152519030652
80.150069615654,2.87913220482328
79.5977700231498,-2.38177867232805
79.0492762269642,-2.85524501855552
78.5045620020451,-0.220788628494812
77.9636013040523,-0.271519323141386
77.4263682681127,-2.37935742917163
76.9230769230769,-3.17143320560755
76.8928372075831,-3.03247803057622
76.3629826128224,-2.62166272242704
75.8367791499719,-3.65848089203076
75.3142016597437,-2.68731017345858
74.7952251562182,-1.9462832954844
74.2798248256491,-1.807112765696
73.7679760252773,-3.02303853743184
73.2596542821523,-2.49023647397514
72.7548352919623,-3.3661647762954
72.2534949178722,-3.34239379551372
71.7556091893693,-1.71377222200244
71.4285714285714,1.18863861142616
71.2611543011175,-0.261456519338689
70.7701066118189,-3.52001168380071
70.2824426430835,2.96388721831106
69.7981390783066,-1.48694055987316
69.3171727615541,-3.48502224857746
68.839520696455,-3.01270135819355
68.3651600451024,-1.52809125283788
67.8940681269611,-2.36222628238861
67.4262224177834,-3.65513289078963
66.9616005485322,-2.17684149246046
66.6666666666667,-2.48321776345979
66.5001803043112,-2.29772472443811
66.0419396233031,-0.712370697548645
65.5868565957143,-3.2830062059552
65.134909462728,-3.31725094559227
64.6860766154633,-2.38582237091036
64.2403365939419,-1.35708235552219
63.7976680860628,-3.41949353393526
63.3580499265825,-2.06341810913228
62.9214610961034,-2.94507815422154
62.5,-1.19332409560193
62.4878807200689,-1.07315468344039
62.057288067765,-1.48782827617473
61.6296625513294,-3.54918363496331
61.204983724767,-3.25906828035918
60.7832312829723,-2.29933495093278
60.3643850607587,-2.51070710504596
59.9484250318941,-3.4490815374272
59.5353313081437,-3.1896523881109
59.1250841383188,-1.97088131375092
58.8235294117647,-2.18457191696445
58.7176639073326,-2.17844680457965
58.3130511352622,-3.51396939125429
57.9112264764176,-1.63003296243537
57.5121707184161,-1.69633475451671
57.1158647812643,-3.62513767317385
56.7222897164454,-3.12317253898784
56.3314267060136,-2.46484509527202
55.9432570616938,-3.18532802140943
55.5577622239888,-3.53935499510329
55.5555555555556,-3.54011578584503
55.1749237612912,-3.55279183172676
54.7947233690029,-3.15181631592174
54.4171428686589,-3.14251418412253
54.0421642070592,-3.53971106641056
53.6697694554048,-3.22972083212376
53.2999408084409,-0.996313338825767
52.9326605836056,-1.98880729370183
52.6315789473684,-3.41504733412897
52.5679112201842,-3.11742565049924
52.2056752784698,-1.68501429480504
51.8459354389291,-2.80389435796006
51.488674501375,-3.36333967449753
51.1338753841433,-0.649605242759445
50.7815211232767,-2.5810713579029
50.4315948717136,-2.37681264332339
50.0840798984821,-3.20150690037856
50,-3.05645701069896
49.7389595879007,-3.28040853233177
49.3962174387832,-3.04669850582543
49.0558370636505,-2.88324703446839
48.7178021879463,-2.03000011754322
48.3820966492596,-3.58369946162794
48.0487043965513,-3.27296693639398
47.7176094893875,-1.75035827360495
47.6190476190476,-1.26221176362453
47.3887960971765,-1.8197455075457
47.0622484984128,-3.55683326389841
46.7379510799246,3.1639743220235
46.4158883361278,-3.25791997404529
46.0960448682843,-2.25217362310586
45.7784053837662,-3.40466186897846
45.462954695324,-3.51378521669359
45.4545454545455,-3.51001712723525
45.149677720361,-1.58799914432403
44.8385594802119,-1.9738505789124
44.5295850994266,-3.43328637699134
44.222739805059,-1.76254489608506
43.9180089259609,-1.90580536732933
43.6153778920801,-3.26750006342145
43.4782608695652,-3.62849157552101
43.314832233764,-2.97985491817605
43.016357581068,-1.65386644740395
42.7199396630678,-3.44185527793872
42.4255643071778,-3.5884732325277
42.1332174384729,-3.18379848868757
41.8428850790158,-0.0765532757566616
41.6666666666667,-3.34189715275276
41.5545533471888,-1.77742950946701
41.2682084570295,-3.14543150501025
40.9838367175726,0.678705951877636
40.7014245321944,-3.60749977943062
40.4209583979631,-3.40392931561338
40.1424249049932,-1.8507469306903
40,-3.37937918676694
39.8658107358044,-2.37167707646405
39.5911026646846,-3.52700246435073
39.3182875570577,-3.44225163952059
39.0473523688556,-1.475158521836
38.7782841458946,-2.06237716324695
38.5110700232557,-2.38165034809252
38.4615384615385,-3.03154210119383
38.24569722467,-3.30678097922707
37.9821530619073,-1.53260825934491
37.72042493417,-3.51856121471011
37.4605003274899,-0.000498780013042044
37.2023668141307,-1.93149990234944
37.037037037037,-2.98384719966598
36.946012051993,-3.60763290144403
36.6914237840249,-3.62011692508663
36.4385898376355,-3.00763574992511
36.1874981241128,-1.43609600614537
35.9381366380463,-1.71588148378144
35.7142857142857,-2.36156549863936
35.6904934567523,-2.28353012642956
35.4445567397043,-3.05836510470449
35.2003147279668,-2.05630024572481
34.9577557436328,-3.15772313008834
34.7168681892656,-3.64624217719988
34.4827586206897,-3.33572478531779
34.4776405473446,-3.30358136904091
34.2400613797142,-3.6233805415339
34.0041193270371,-1.69357385762201
33.7698031082509,-2.6681980519741
33.5371015200293,-0.57447033566164
33.3333333333333,-3.61069940839154
33.3060034362459,-3.33181375726938
33.0764978074424,-1.68194678706278
32.8485736603004,-3.65996853719859
32.6222200971167,-2.6012690058976
32.397426295282,-2.1981671100756
32.258064516129,-2.72450552519232
32.1741815067637,0.453815065285274
31.9524750575921,0.291283982605838
31.7322963473498,-3.22958523515596
31.5136348486648,-3.13248661558238
31.2964801067075,-3.21492676503795
31.25,-2.39919742069072
31.0808217386906,-2.27244278295258
30.8666494333727,-2.76035937844967
30.6539529505653,-2.20280862793664
30.442722120643,0.283755471048171
30.3030303030303,-2.50498050371582
30.2329468440578,0.61513282746957
30.0246170908555,-3.57507688969126
29.8177229001967,-1.59893603825126
29.6122543798804,-3.317136747415
29.4117647058824,-2.77892822354759
29.4082017058706,-2.71947666824901
29.2055551218275,-1.45707373126821
29.0043049386399,-3.48585466723146
28.804441533963,-2.72361746760542
28.6059553517574,-3.07077104771998
28.5714285714286,-3.31341921682864
28.408836901833,-3.52955627888231
28.2130767593947,-3.00613218256491
28.018665564592,-3.43094463752497
27.8255940220712,-2.32660741517936
27.7777777777778,-3.35283030784184
27.6338529005317,-2.18767033449093
27.4434330322836,-3.38778663954092
27.2543253128103,-2.21699126383934
27.0665207003324,-1.41750343606089
27.027027027027,1.15180298324474
26.8800102153761,-2.64639444260625
26.6947849403432,-2.85732130021817
26.5108360190854,-2.40681170644198
26.3281546564802,-3.03338144885593
26.3157894736842,-2.6767834402422
26.1467321180109,-2.89730082187865
25.9665597293487,-2.15026815957132
25.787628875938,0.826512494280583
25.6410256410256,-2.27260680686733
25.6099310025846,-0.929108699834027
25.4334576130465,-1.44803248513231
25.2582002696278,0.131920023095195
25.0841505927754,-0.0911432247545561
25,1.82206793313383
24.9113002606779,-2.14171155434264
24.7396410088681,-3.56764118463071
24.5691646298279,-3.16739122330038
24.3998629725955,-3.01372854902523
24.390243902439,-3.32926025557544
24.231727942376,-2.41461571358907
24.0647515001542,-0.386617720527378
23.8989256623105,-2.85306954336901
23.8095238095238,-3.49660123787408
23.7342425002387,-0.0930138951282045
23.5706941399673,-3.17744357975031
23.4082727617829,-1.16076642402295
23.2558139534884,-2.06321687828783
23.2469705998565,-2.38778594478692
23.0867799418717,-2.49768928649582
22.9276931286565,-0.0819713469254379
22.7697025538168,-1.69611923988618
22.7272727272727,-1.17863070521214
22.6128006633728,-2.90991180907734
22.4569799553977,-0.429910127028061
22.3022329796594,-1.3187188770991
22.2222222222222,-2.69370521044358
22.1485523372636,-0.741771718935193
21.9959306803007,-2.60541278845418
21.8443607114943,-3.2606815013584
21.7391304347826,-2.94260906179697
21.6938351838518,-3.06451152268449
21.5443469003188,-2.65772373706651
21.3958887134342,-1.54584785158051
21.2765957446809,-2.44521892923832
21.2484535249888,-3.47778643036328
21.102034285686,-2.94131399461689
20.9566239948043,-3.29656488998999
20.8333333333333,-3.0092451107747
20.8122156998634,-0.80602651214205
20.6688024962908,-3.29435924700321
20.5263775270925,-2.62091854191963
20.4081632653061,-2.98665797341819
20.3849339825246,-2.69995558460537
20.244465099768,-0.396058418253697
20.104964162605,-1.26894908064132
20,-3.21310391929377
19.9664245010979,-2.6978748315425
19.8288394912707,-3.38985802157945
19.6922025547917,-1.69159175862587
19.6078431372549,-3.3644806981171
19.5565071586595,-1.12399524541142
19.4217468148903,-0.195076535913169
19.2879150802078,-3.29172750364396
19.2307692307692,-3.15576460716936
19.1550055557353,-2.43512662492891
19.0230118866894,-2.55446425436223
18.8919277620767,-0.985397145665853
18.8679245283019,-1.56661132542232
18.7617469143912,-3.10673087654807
18.6324631193156,-3.56260757723966
18.5185185185185,-2.70923487371605
18.504070195423,-2.96469347895042
18.3765620038817,-3.20493905384053
18.2499324481615,-2.90316877079946
18.1818181818182,-3.24234132166087
18.1241754737424,-1.01748766561293
17.9992850678248,-3.59578164275377
17.8752552590424,-3.11248779135063
17.8571428571429,-2.04219180310416
17.7520801171764,-3.21936934495177
17.6297537528721,-2.88581579599484
17.5438596491228,-2.10599228717389
17.5082703173572,-3.21399914131411
17.3876240021625,-3.19682403371736
17.2678090388436,-3.52540360998709
17.2413793103448,-2.52338265494599
17.1488196987054,-3.17636182278001
17.0306502925284,-2.04047818868683
16.9491525423729,-2.26229114752011
16.9132951702965,-3.05460781007933
16.7967487209265,-3.17565343851951
16.6810053720006,-2.87022333041279
16.6666666666667,-3.01546509731905
16.5660595894991,-2.04765065629258
16.4519058775366,-3.31657976573926
16.3934426229508,-3.44985448982269
16.3385387780986,-3.53940573363279
16.2259528707809,-3.37891209582561
16.1290322580645,-3.61175602547605
16.1141427725302,-1.89376062801842
16.003103137387,-3.61254326087184
15.8928286562298,-2.98278039612129
15.8730158730159,-1.81828271304063
15.7833140565212,-3.17290535514941
15.674554102056,-3.03555180221984
15.625,-1.6305948446312
15.5665435927106,-2.05718726197066
15.4592773641948,-3.22353575929629
15.3846153846154,-2.78968404207033
15.3527502878042,-1.52032617108115
15.2469572701757,-2.74933988534512
15.1515151515152,0.850506044986777
15.1418932530435,-1.84428812581997
15.0375532129974,-1.22566701529571
14.9339321612425,1.04389955643415
14.9253731343284,0.356693720019924
14.831025143361,-2.32476529186111
14.728827239075,-2.78470105545922
14.7058823529412,-3.13905108088938
14.6273335620113,-3.16753865762989
14.5265392594678,-2.42885628415668
14.4927536231884,-3.59555192913093
14.4264395121816,-2.69433017565141
14.3270295340983,-1.12585001511352
14.2857142857143,0.187421735590012
14.2283045721435,-1.33082232628778
14.1302599059953,-3.16680302750661
14.0845070422535,-0.602976829661581
14.0328908478587,1.31208207794844
13.9361927422414,-3.06728640287396
13.8888888888889,-1.94396056671972
13.8401609657313,-2.65901178886078
13.7447909267754,-1.23731127654186
13.6986301369863,-0.963199007462587
13.6500780654601,-3.58828539717974
13.5560178532937,-1.30339131102569
13.5135135135135,-2.59256548913562
13.4626057929891,-3.06798945340007
13.3698374182495,-3.15739671435967
13.3333333333333,-0.979459759429242
13.2777082935543,-3.02777817579517
13.1862140139475,-3.42124718929828
13.1578947368421,-2.5830893625647
13.0953502048267,-0.694643558018735
13.0051125217341,-3.0433928013176
12.987012987013,-3.59379360345415
12.9154966501488,-2.82728343228974
12.8264983052806,-2.02115790477724
12.8205128205128,-2.48537280160998
12.7381132318648,-2.44857039274789
12.6582278481013,-3.54755136081929
12.650337203959,-2.98638992190514
12.5631660247412,-2.77483025342029
12.5,-2.91251401548363
12.4765955263087,-2.79145704857013
12.3906215694792,-2.50764879635552
12.3456790123457,-3.59015330588157
12.3052400435926,-3.40136940826975
12.2204468663149,-2.08750103369966
12.1951219512195,-2.4258152298244
12.1362379834424,-2.2461636822865
12.0526093687084,-3.03933071055108
12.0481927710843,-3.29792614646369
11.9695570235904,0.463071151952808
11.9047619047619,-1.97632313509889
11.887076977119,-1.95195888484345
11.8051652856881,-2.30523797117727
11.7647058823529,-2.4863452995152
11.723818032866,0.781831637710515
11.6430313292088,-1.5337073960914
11.6279069767442,-3.35645500983928
11.5628013120738,-2.87362855560299
11.4942528735632,-1.29733831125899
11.4831241454351,-1.38874252989545
11.4039960197003,-3.53546869013779
11.3636363636364,-2.82102299284987
11.3254131515281,-3.55204690331287
11.2473717836475,-2.38787824060757
11.2359550561798,-2.69720387057928
11.1698681846782,-2.60706398570117
11.1111111111111,-2.43071332597126
11.0928986489522,-3.23948844384732
11.0164594963366,-2.10264405055268
10.989010989011,-3.28824527670745
10.9405470720574,-2.65651390603498
10.8695652173913,-2.91686675631196
10.8651577465254,-3.08788789451789
10.7902879151618,-2.68919469051603
10.752688172043,-1.80143215709718
10.7159339982267,-0.0174355870714562
10.6420924406472,-1.08332690680821
10.6382978723404,-0.60061545653745
10.568759711848,-3.56857641312332
10.5263157894737,-3.46842528597328
10.4959323055823,-2.43429241292715
10.423606739764,-1.86628881019741
10.4166666666667,0.854206343761281
10.3517795563018,-3.36392240752677
10.3092783505155,-3.20483121214844
10.2804473209331,-2.50747421519288
10.2096066230605,-2.21486626616412
10.2040816326531,-2.2746197072514
10.1392540755882,-2.31472056320713
10.1010101010101,-2.32913705970621
10.0693863147603,-2.21937532286959
10,-2.62793180715324
10,-2.62793180715301
9.9310918137498,-2.59283229453235
9.9009900990099,-2.12820204618957
9.86265846131282,-3.08480169319106
9.80392156862745,-1.97836579651117
9.79469667069539,3.80944103488186
9.72720319245054,-3.30166479017005
9.70873786407767,-2.48173821904789
9.66017479952265,1.79032819620825
9.61538461538461,-2.65951083683093
9.59360828709314,-3.05468520814672
9.52750047242729,-3.27876787648297
9.52380952380952,-2.9594984473312
9.461848194722,-2.05216425487084
9.43396226415094,-3.49740539131384
9.39664831495469,-2.31499899357974
9.34579439252336,-3.52199158510212
9.33189771573324,-2.67932672850902
9.26759330114688,-3.18752908548545
9.25925925925926,-2.78867401424578
9.20373199661822,-3.36371677562338
9.1743119266055,-2.3797841245486
9.14031074875623,-3.6428547052477
9.09090909090909,-1.20753607375449
9.07732652521023,-3.04803143791242
9.01477631452492,-3.45170318513722
9.00900900900901,-2.5139643332172
8.9526571259964,-2.54718002336598
8.92857142857143,-3.32970811996141
8.89096598952916,-2.75851837140429
8.84955752212389,0.791597092242871
8.82969995549409,-3.1991659207019
8.7719298245614,-3.27691991682597
8.76885609458743,-3.48301623269314
8.70843149769072,-2.24967069721721
8.69565217391304,-3.33774828754336
8.64842327573172,-0.592788395154666
8.62068965517241,-1.66748978301465
8.58882855954625,-1.53529239903313
8.54700854700855,-3.19742221446209
8.52964449974102,-1.56856947030111
8.47457627118644,-2.66071378886432
8.47086826655741,-3.59145433490032
8.41249704973612,-3.19577234663059
8.40336134453781,-3.17920823498694
8.35452805838287,-1.80927404505136
8.33333333333333,-1.56154708076037
8.29695852083491,-2.60955168040725
8.26446280991736,-2.49175808285299
8.23978568452852,-3.64618597800175
8.19672131147541,-2.67342505113613
8.18300681586739,-3.58845842241653
8.13008130081301,-2.82488844072104
8.12661920009195,-1.96347169300152
8.0706201411495,-0.698944938869782
8.06451612903226,-2.33064822152867
8.01500696156541,-3.33269431276367
8,-1.84043063170445
7.95977700231498,-3.45456900871924
7.93650793650794,-2.45880736633937
7.90492762269642,-2.86077811425978
7.8740157480315,-2.09801972963653
7.85045620020451,-1.82413082010556
7.8125,-3.65254910196257
7.79636013040523,-2.9418057768993
7.75193798449612,-2.51646948829979
7.74263682681127,-2.71485520515538
7.69230769230769,-2.81883099703164
7.68928372075831,-3.31694922553084
7.63629826128224,-1.60070191302021
7.63358778625954,-1.65022490789691
7.58367791499719,-1.91795414372909
7.57575757575758,-3.60146496651957
7.53142016597437,-3.10495872153059
7.5187969924812,-2.72096806022084
7.47952251562182,-2.58901764880234
7.46268656716418,-2.15855618367702
7.42798248256492,-2.91629007470807
7.40740740740741,-2.73993626373784
7.37679760252773,-3.03360435889059
7.35294117647059,-1.78448207856227
7.32596542821523,-3.437549744392
7.2992700729927,-3.47980925889074
7.27548352919623,-1.76768758946057
7.2463768115942,-3.48638575359565
7.22534949178722,-2.01036116881742
7.19424460431655,-3.20624696593579
7.17556091893693,-2.79289658296993
7.14285714285714,-3.09872667422713
7.12611543011175,-1.886311071678
7.09219858156028,-2.86341145921322
7.07701066118189,-2.40196937702073
7.04225352112676,-2.04454289988594
7.02824426430835,-2.35308193885352
6.99300699300699,-0.480048782592585
6.97981390783066,-3.44709233813229
6.94444444444444,-0.605815657222943
6.93171727615541,-1.66015216514166
6.89655172413793,-3.32189271517016
6.8839520696455,-2.89383360243225
6.84931506849315,-3.12029942291913
6.83651600451024,-1.16935483100384
6.80272108843537,-0.754520705504187
6.78940681269611,-2.5728209115979
6.75675675675676,-1.84605398255841
6.74262224177834,-3.1285341743587
6.71140939597315,-1.96859248243264
6.69616005485322,-3.12753773635903
6.66666666666667,-2.73518896694214
6.65001803043112,-2.40771130134687
6.62251655629139,-3.12174548887919
6.6041939623303,-3.07106002526599
6.57894736842105,-2.20012349893464
6.55868565957143,-0.379688472353204
6.5359477124183,-3.20066685242305
6.5134909462728,-3.09835542283228
6.49350649350649,-2.34418946318068
6.46860766154633,-2.2367415849783
6.45161290322581,-3.045624855143
6.42403365939419,-3.64558330830779
6.41025641025641,-3.63491373556912
6.37976680860628,-3.05497010301563
6.36942675159236,-0.476852476817991
6.33580499265825,-1.87722395795374
6.32911392405063,-2.04823617274961
6.29214610961034,-2.88624957069025
6.28930817610063,-2.38810773450815
6.25,-3.56235225937059
6.24878807200689,-3.64482708876177
6.2111801242236,0.210318027650307
6.2057288067765,-1.05419989554214
6.17283950617284,-2.46911303514234
6.16296625513294,-3.38026493021602
6.13496932515337,-3.18247338431216
6.1204983724767,-3.00135350592798
6.09756097560976,-3.17165609669577
6.07832312829723,-0.161764277361139
6.06060606060606,-3.4288787411118
6.03643850607587,-2.73512801186008
6.02409638554217,-1.13749914719152
5.99484250318941,-2.69035795812335
5.98802395209581,-2.94627287246781
5.95353313081437,-3.05371247076955
5.95238095238095,-2.82050784842461
5.91715976331361,-1.60641835670047
5.91250841383188,-1.99292789274433
5.88235294117647,-2.75976517688029
5.87176639073326,-1.48623529404811
5.84795321637427,-3.0666009811844
5.83130511352622,-2.32723810671514
5.81395348837209,-3.55051177696542
5.79112264764176,-1.41535845737449
5.78034682080925,-3.0003016987754
5.75121707184161,-2.6972535297417
5.74712643678161,1.1193745846763
5.71428571428571,-3.21254457776085
5.71158647812643,-2.77923054906106
5.68181818181818,-3.33406672572373
5.67222897164454,-1.92307944617401
5.64971751412429,-2.23448599340177
5.63314267060136,-3.10476493596813
5.61797752808989,-3.57226964380451
5.59432570616938,-3.21351889107104
5.58659217877095,-3.58275161669773
5.55577622239888,-1.74700880609647
5.55555555555556,-1.66111803555891
5.52486187845304,-3.32125235759964
5.51749237612913,-3.54810926851304
5.49450549450549,-3.49350063785566
5.47947233690029,-3.25533969959796
5.46448087431694,-1.26338248003945
5.44171428686589,-2.88645386351289
5.43478260869565,-2.87141784152852
5.40540540540541,-3.53123487641717
5.40421642070592,-3.6574514382893
5.37634408602151,-2.85247112841302
5.36697694554048,0.473218414802877
5.3475935828877,-3.32818133456818
5.32999408084409,-3.63125252576522
5.31914893617021,-2.73230507211418
5.29326605836056,-3.38337416596608
5.29100529100529,-2.30680101572137
5.26315789473684,-3.60377335389286
5.25679112201842,-3.56611879636891
5.23560209424084,-3.27608969869665
5.22056752784698,-3.00440766792318
5.20833333333333,-2.286569504892
5.18459354389291,-3.55867837100284
5.18134715025907,-3.49759453734462
5.15463917525773,-2.71115859547917
5.14886745013749,-3.32042280650999
5.12820512820513,-3.07338218759319
5.11338753841433,-3.51022888018597
5.10204081632653,-3.10866142751884
5.07815211232767,-2.68669289073066
5.0761421319797,-0.694797539613726
5.05050505050505,-3.53896896157344
5.04315948717136,-3.14829750558594
5.0251256281407,-3.14622361033441
5.00840798984821,-2.17023053410865
5,-3.38578009844731
4.97512437810945,-2.9660205261719
4.97389595879006,-0.89544158025016
4.95049504950495,-3.25319599261449
4.93962174387832,-2.71333367307336
4.92610837438424,-1.04757927107085
4.90558370636505,-2.53806739120788
4.90196078431372,-1.66393601946761
4.8780487804878,-3.23942143336039
4.87178021879463,-3.02779686152383
4.85436893203883,0.529513731680699
4.83820966492596,-0.26679507584988
4.83091787439613,-2.78709389114654
4.80769230769231,-3.38414971821869
4.80487043965513,-3.13209286145776
4.78468899521531,-2.7028297196385
4.77176094893875,-2.06944651754459
4.76190476190476,-3.27502997994638
4.739336492891,-3.49935958898994
4.73887960971765,-3.57821201079626
4.71698113207547,-2.67861852418418
4.70622484984128,-2.53698822788818
4.69483568075117,-3.04857304976174
4.67379510799246,-2.20822573470026
4.67289719626168,-2.48285706658869
4.65116279069767,-2.17440062190341
4.64158883361278,-3.65123129963826
4.62962962962963,-3.60836295287107
4.60960448682843,-3.59528467738779
4.60829493087558,-2.87476582607065
4.58715596330275,-0.261545519521131
4.57784053837662,-2.85809656339036
4.5662100456621,-3.00710281048908
4.5462954695324,-3.22486926373964
4.54545454545455,-2.65261898612887
4.52488687782805,-3.2846561755738
4.5149677720361,-2.77528034105479
4.5045045045045,1.98139079969228
4.48430493273543,-2.07895054609242
4.48385594802119,-2.43526264340083
4.46428571428571,-2.09887301897241
4.45295850994265,-2.33329383773399
4.44444444444444,-2.2506034686901
4.42477876106195,-3.19926899048336
4.4222739805059,-3.33819934176223
4.40528634361233,-2.94724192000875
4.39180089259609,-3.64181372402278
4.3859649122807,-3.24077363278657
4.36681222707424,-3.1293800815856
4.361537789208,-3.25732075582998
4.34782608695652,-3.22842128427846
4.3314832233764,0.0354343442843303
4.32900432900433,-3.02368483195668
4.31034482758621,-2.98734341165648
4.30163575810679,-2.57490311619027
4.29184549356223,-2.91089514366474
4.27350427350427,-2.68992881027857
4.27199396630678,-2.7846992226167
4.25531914893617,-1.43726352237042
4.24255643071778,-0.700291887738653
4.23728813559322,-3.30939769543498
4.21940928270042,-3.26060660142015
4.21332174384729,-3.23846857645482
4.20168067226891,-1.48065480489781
4.18428850790158,-1.12921918967869
4.18410041841004,-0.884058202342298
4.16666666666667,-3.37164066212226
4.15545533471888,-2.90114035950874
4.149377593361,-3.18535145418052
4.13223140495868,-3.38103448060674
4.12682084570295,-2.46435587895477
4.11522633744856,-2.77989180041653
4.09838367175726,-3.26022528075925
4.0983606557377,-3.26260061049391
4.08163265306122,-2.6829291221221
4.07014245321944,-3.30318513775414
4.0650406504065,-3.42470559762109
4.04858299595142,-3.38789986726352
4.04209583979631,-3.54734478996373
4.03225806451613,-2.1921418481783
4.01606425702811,-2.7108185290633
4.01424249049932,-2.67062446464548
4,-3.18314966774632
3.98658107358044,-3.29874534050627
3.98406374501992,-1.98300938573986
3.96825396825397,-2.86402608718158
3.95911026646846,-3.37958930808081
3.95256916996047,-3.48514565931283
3.93700787401575,-2.23268468416985
3.93182875570577,-3.16331567384743
3.92156862745098,-2.15041576580408
3.90625,-2.71418496937612
3.90473523688556,-2.28703585283916
3.89105058365759,-3.50857773246268
3.87782841458946,-2.16991438376508
3.87596899224806,-2.89170890281108
3.86100386100386,-3.38708758448358
3.85110700232557,-3.57582572792777
3.84615384615385,-2.88965874930242
3.83141762452107,-2.21106262848162
3.824569722467,-2.75727902351563
3.81679389312977,-0.0402373255690049
3.80228136882129,-2.67229376966388
3.79821530619074,-1.62475032752651
3.78787878787879,-3.58037351729991
3.77358490566038,-2.17190006958618
3.772042493417,1.69747794978925
3.7593984962406,-3.34829054539979
3.74605003274899,-1.84426168688328
3.74531835205992,-2.47899115586101
3.73134328358209,-3.34034974278402
3.72023668141307,-0.335387950147729
3.71747211895911,-3.15111816033218
3.7037037037037,-2.9790659919728
3.6946012051993,-2.46477095929553
3.690036900369,-2.25781560933823
3.67647058823529,-3.27140764237243
3.66914237840249,-3.62374716417322
3.66300366300366,-1.21469661095987
3.64963503649635,-3.58428554637403
3.64385898376355,-1.2103197948394
3.63636363636364,-2.56324397836745
3.6231884057971,-3.27150388078884
3.61874981241128,-2.91279870449552
3.6101083032491,-2.00144570769389
3.59712230215827,-2.69642723525036
3.59381366380463,-3.31393868645888
3.584229390681,-1.78083742178914
3.57142857142857,-2.04001700224152
3.56904934567523,-1.94197532770734
3.55871886120996,-2.47967028577657
3.54609929078014,-2.68023451503712
3.54445567397043,-0.633395839980845
3.53356890459364,-3.11464191352023
3.52112676056338,-1.24546367150232
3.52003147279668,-3.22220763633633
3.50877192982456,-3.6151372863669
3.4965034965035,-3.02867460444657
3.49577557436328,-3.57262954879182
3.48432055749129,-2.89785175348812
3.47222222222222,-3.38566856618346
3.47168681892656,-2.64249039682475
3.46020761245675,-3.55271608724289
3.44827586206897,-3.20144783115337
3.44776405473446,-3.02205405301607
3.43642611683849,-3.34278283567509
3.42465753424658,-2.90244291816766
3.42400613797142,-1.25289454632881
3.41296928327645,-3.41967948292334
3.40136054421769,-3.42243290534109
3.40041193270371,-2.18578153413362
3.38983050847458,-2.84109850781997
3.37837837837838,-0.23604650672173
3.37698031082509,-2.89611657159711
3.36700336700337,-2.55932831805618
3.35570469798658,-2.57584906133477
3.35371015200293,-2.11002988869462
3.34448160535117,0.00895840035680795
3.33333333333333,-2.86437468770834
3.33060034362459,-3.45276088969639
3.32225913621262,-2.9421594643036
3.3112582781457,-1.30189954569506
3.30764978074424,-3.55983367800614
3.3003300330033,-3.37900771640217
3.28947368421053,-3.08655922697785
3.28485736603004,-2.94742584928816
3.27868852459016,-3.25669526128969
3.26797385620915,-3.35444119146772
3.26222200971167,-3.53070427831853
3.25732899022801,-2.16999062156098
3.24675324675325,-3.63734452278448
3.2397426295282,-3.58293268038856
3.23624595469256,-3.43814843253984
3.2258064516129,-2.30131602724792
3.21741815067637,-2.93746088183466
3.21543408360129,-3.10500309888341
3.20512820512821,-0.499435570617986
3.19524750575921,-1.67542567456241
3.19488817891374,-2.0933292870694
3.18471337579618,-2.28051260615619
3.17460317460317,-3.65321769694846
3.17322963473498,-2.55688999947737
3.16455696202532,-2.03299846668805
3.15457413249211,-1.5175058027814
3.15136348486648,-3.30804227897856
3.14465408805031,-2.51631528171365
3.13479623824451,-1.40823014945202
3.12964801067075,-1.63687423847496
3.125,-3.65089737816738
3.11526479750779,-3.65604401677303
3.10808217386906,-3.63277824049738
3.1055900621118,-2.71216800964161
3.09597523219814,-2.40654850734152
3.08666494333727,-3.35233791432632
3.08641975308642,-3.46623854796529
3.07692307692308,-2.92554712221833
3.06748466257669,-2.10859559079675
3.06539529505653,-3.40421958750853
3.05810397553517,-3.26256635611279
3.04878048780488,-3.49042212505516
3.0442722120643,-3.63530367434087
3.03951367781155,-2.93255579284105
3.03030303030303,-3.32234439392657
3.02329468440578,-2.83078002235156
3.02114803625378,-2.45872046608663
3.01204819277108,-2.27070684325546
3.003003003003,-2.81784905203439
3.00246170908555,-2.66269051747237
2.9940119760479,-3.13212675643605
2.98507462686567,-3.32371723083231
2.98177229001967,-3.35773081692902
2.97619047619048,-1.91816378133044
2.9673590504451,-3.58651134390216
2.96122543798803,-2.68514406401963
2.9585798816568,-3.57175557548789
2.94985250737463,-2.58475218017544
2.94117647058824,-0.999708444243008
2.94082017058706,-1.90342074470821
2.93255131964809,-3.51658314985768
2.92397660818713,-3.14351935328558
2.92055551218275,-2.86406196937672
2.91545189504373,1.96392255678454
2.90697674418605,-3.2896229050314
2.90043049386399,-3.50926467050432
2.89855072463768,-3.23588846996129
2.89017341040462,-3.07427436484484
2.88184438040346,-3.51929423758265
2.8804441533963,-3.26552118707228
2.8735632183908,-2.62486057707305
2.86532951289398,-2.32353951140602
2.86059553517574,-3.22076657490406
2.85714285714286,-3.1919655944245
2.84900284900285,-3.14652683290363
2.84090909090909,-3.03561576998608
2.8408836901833,-3.08461862416207
2.8328611898017,-3.55050609234946
2.82485875706215,-3.50067842029004
2.82130767593947,-3.30525393074673
2.8169014084507,-0.067633177366484
2.80898876404494,-3.32604435641754
2.8018665564592,-2.74277400535642
2.80112044817927,-2.88141997410953
2.79329608938547,-0.561912504419023
2.78551532033426,-3.64960200668458
2.78255940220712,-3.3263612607099
2.77777777777778,-3.08261928333301
2.77008310249307,-2.89752297917296
2.76338529005317,-3.54119266119481
2.76243093922652,-3.02094531366354
2.75482093663912,-1.90742791719363
2.74725274725275,-3.52513905075507
2.74434330322836,-3.39303468378229
2.73972602739726,-3.1485311115229
2.73224043715847,-0.86248120106698
2.72543253128103,-2.98975821892956
2.72479564032698,-1.31433913571983
2.71739130434783,-3.44678286100291
2.710027100271,-2.93109868089514
2.70665207003324,-3.61382664510783
2.7027027027027,-3.01080061232697
2.69541778975741,-2.84673494757514
2.68817204301075,-1.11264098268939
2.68800102153761,-0.347972315261027
2.68096514745308,-2.67947392474711
2.67379679144385,-2.92656083037651
2.66947849403432,-2.4407102224663
2.66666666666667,2.43219706688037
2.65957446808511,-2.98416332893857
2.6525198938992,-2.92151627532571
2.65108360190854,-2.48912949677615
2.64550264550265,-2.99563142087102
2.63852242744063,-2.52275361730862
2.63281546564802,-0.703623619352252
2.63157894736842,-1.52897630057553
2.6246719160105,-3.38083182705598
2.61780104712042,-3.65499806824878
2.61467321180109,-2.86623247316991
2.61096605744125,-3.42680806216161
2.60416666666667,-2.25408473064719
2.5974025974026,-3.2659021862927
2.59665597293487,-2.43133128258124
2.59067357512953,-3.28768166147664
2.58397932816537,-3.58980593717824
2.5787628875938,-3.63888778171538
2.57731958762887,-3.13207677055622
2.5706940874036,-3.47784891502264
2.56410256410256,-1.20866897716898
2.56099310025846,-3.57107179656507
2.55754475703325,-2.79348759324612
2.55102040816327,-0.0737007796730706
2.54452926208651,-3.02623936024421
2.54334576130465,-2.93418488861745
2.53807106598985,-2.74581782444492
2.53164556962025,-3.30181859077778
2.52582002696278,-3.50699804418447
2.52525252525253,-3.61750235897149
2.51889168765743,-3.33977219940395
2.51256281407035,-3.5100502423097
2.50841505927754,-0.803359885991038
2.5062656641604,-3.29434464657136
2.5,-3.02692440367461
2.49376558603491,-2.25855341147651
2.49113002606779,0.015502625168712
2.48756218905473,-2.34034567689938
2.48138957816377,-2.44392432772998
2.47524752475248,-3.16413630914159
2.47396410088681,-3.0785477447372
2.46913580246914,-3.30489143892761
2.46305418719212,-3.51934882874458
2.45700245700246,-1.181665503611
2.45691646298279,-0.863370153328257
2.45098039215686,-3.50216155785621
2.44498777506112,-3.61724693652901
2.43998629725955,-3.61804813056112
2.4390243902439,-3.27601667021851
2.4330900243309,-2.2678619695891
2.42718446601942,-3.21574806774721
2.4231727942376,-3.48342194698365
2.42130750605327,-3.65839678878849
2.41545893719807,-2.12856935279329
2.40963855421687,-3.46333881050567
2.40647515001542,0.362986792076772
2.40384615384615,-1.44730014845667
2.39808153477218,-2.73644260279199
2.39234449760766,-3.02008288062351
2.38989256623105,-2.93782336658445
2.38663484486874,-2.74540187368769
2.38095238095238,-1.53544094978475
2.37529691211401,-3.14801209483498
2.37342425002387,-3.46571543160082
2.3696682464455,-3.36035696193748
2.36406619385343,-3.13872570899637
2.35849056603774,-2.44370928859244
2.35706941399673,-3.51654450148099
2.35294117647059,-3.33356378363332
2.34741784037559,-3.32710994578469
2.34192037470726,-2.65602666718625
2.34082727617829,-3.12467059118766
2.33644859813084,0.142679282131827
2.33100233100233,-1.37421215672303
2.32558139534884,-3.48500840002113
2.32469705998565,-3.40538341411432
2.32018561484919,-2.6172506416663
2.31481481481481,-3.12802354478147
2.3094688221709,-2.6282757786423
2.30867799418717,-2.29866387748789
2.30414746543779,-2.67078124877211
2.29885057471264,-2.60957318181813
2.29357798165138,-1.93437130672545
2.29276931286565,-2.82162069970912
2.2883295194508,-2.00117381691781
2.28310502283105,-2.70633390221702
2.27790432801822,-3.05846657660542
2.27697025538168,-2.80471979948568
2.27272727272727,-3.6375117179321
2.26757369614512,-3.40364325141781
2.26244343891403,-3.07495547273184
2.26128006633728,-2.48144419708982
2.25733634311512,-2.23929324717225
2.25225225225225,-2.51702707144748
2.24719101123596,-3.05040202096735
2.24569799553977,-3.12756981806695
2.24215246636771,-3.15060979092582
2.23713646532438,-2.71445146123376
2.23214285714286,-3.45893506954529
2.23022329796594,-3.42252217723712
2.2271714922049,-1.19781745803037
2.22222222222222,-3.39765387082353
2.21729490022173,-2.33129223898923
2.21485523372636,-2.64558505058853
2.21238938053097,-2.66406014560006
2.2075055187638,-2.65450895870508
2.20264317180617,-2.42340619173593
2.19959306803007,-2.72940827491667
2.1978021978022,-2.82384284608433
2.19298245614035,-2.8152721681978
2.18818380743982,-3.66275145261003
2.18443607114943,-0.645757369617978
2.18340611353712,-2.95984255013478
2.17864923747277,-2.40679112081893
2.17391304347826,-1.25397612067449
2.16938351838518,-3.63206519552814
2.16919739696312,-3.58582949183208
2.16450216450216,-2.83247851627261
2.15982721382289,-2.89959994155749
2.1551724137931,-3.48093299971684
2.15443469003188,-1.99211253963618
2.1505376344086,-2.91374880725688
2.14592274678112,-3.48128568031332
2.14132762312634,-3.34800764947961
2.13958887134342,-2.88350719752465
2.13675213675214,-0.4351228667992
2.13219616204691,-3.58540439490884
2.12765957446809,-2.51716221544255
2.12484535249888,-3.36736864227638
2.12314225053079,-2.5142826991417
2.11864406779661,-3.41629081732564
2.11416490486258,-2.59263552022686
2.1102034285686,-3.12083058917566
2.10970464135021,-3.11603743563732
2.10526315789474,-3.44751842801362
2.10084033613445,-2.99900252670703
2.09643605870021,-1.40468629391092
2.09566239948043,-2.08465188014837
2.09205020920502,-3.45963785855904
2.08768267223382,-1.00642663105357
2.08333333333333,-3.28416777300383
2.08122156998634,-1.56066558180309
2.07900207900208,-2.94840268272589
2.0746887966805,-3.53754277988782
2.0703933747412,-3.55743247491135
2.06688024962908,-2.74510561753767
2.06611570247934,-2.62076317272551
2.06185567010309,-1.64143896741451
2.05761316872428,-3.29832858241671
2.05338809034908,-2.17559073934309
2.05263775270925,-2.75760181904
2.04918032786885,-2.70187125632078
2.04498977505112,-3.23989708044668
2.04081632653061,-3.59174172603793
2.03849339825246,-3.42258696265655
2.03665987780041,-3.61071732579539
2.03252032520325,-2.3815056370383
2.02839756592292,-3.52153417965529
2.0244465099768,-1.34072838620558
2.02429149797571,-1.19976223395461
2.02020202020202,-2.10453838777665
2.01612903225806,-3.11026831380509
2.01207243460765,-3.44055199859416
2.0104964162605,-2.37321383490042
2.00803212851406,-1.84449878723704
2.00400801603206,-3.11148224042212
2,-3.52411572907136
1.99664245010979,-3.26090174076578
1.99600798403194,-3.03112734282471
1.99203187250996,-2.86145723768682
1.98807157057654,-3.65141178523968
1.98412698412698,-2.53634137037876
1.98288394912707,-3.34274851115934
1.98019801980198,-3.331627939748
1.97628458498024,-3.1882341847055
1.9723865877712,-2.88530900204141
1.96922025547917,-3.15737879290104
1.96850393700787,-2.99761788649492
1.96463654223969,-3.2629473994486
1.96078431372549,-3.4351814583487
1.95694716242661,-3.03928760292616
1.95565071586595,-2.7406184062507
1.953125,-3.20453317046424
1.94931773879142,-1.85603146125576
1.94552529182879,-3.31493378849505
1.94217468148903,-2.77417087531544
1.94174757281553,-0.987324934739585
1.93798449612403,-3.62947982559349
1.93423597678917,-3.36288778006094
1.93050193050193,-3.0708520477482
1.92879150802078,-3.54949968591297
1.92678227360308,-3.26493231214378
1.92307692307692,-3.03974110228013
1.91938579654511,-1.002108048924
1.91570881226054,-3.49405459895764
1.91550055557353,-3.54425254935462
1.91204588910134,-2.81618218606077
1.90839694656489,-1.94235967736061
1.9047619047619,-3.61982429386613
1.90230118866894,-2.96388672913057
1.90114068441065,-3.20194104568419
1.89753320683112,-2.43936039120019
1.89393939393939,-3.66331151227906
1.89035916824197,-3.02983259911881
1.88919277620767,-3.64706609635864
1.88679245283019,-1.51740680262388
1.88323917137476,-3.46594760302723
1.8796992481203,0.517477442378142
1.87617469143912,-2.52803363016813
1.87617260787992,-2.5329496334444
1.87265917602996,-3.38132169208812
1.86915887850467,-3.64457052155289
1.86567164179104,-3.60976674257925
1.86324631193156,-2.98818219625026
1.86219739292365,-2.34844684870371
1.85873605947955,-2.2854828024483
1.85528756957328,-3.18851255360452
1.85185185185185,-2.35556788927415
1.8504070195423,-3.08322978340781
1.84842883548983,-1.7897365607814
1.8450184501845,-2.97231589731963
1.84162062615101,-3.58099522380133
1.83823529411765,-1.90202281707253
1.83765620038817,-3.45447069850017
1.8348623853211,-2.98100126286381
1.83150183150183,-3.63757756950339
1.82815356489945,-1.28792404598884
1.82499324481615,-2.58090169069724
1.82481751824817,-3.10270437784724
1.82149362477231,-2.25779035884501
1.81818181818182,-3.42414338922314
1.81488203266788,-2.97788989316795
1.81241754737424,-3.01350347455992
1.81159420289855,-3.608956303611
1.80831826401447,-2.99186352899344
1.80505415162455,-3.20886475460314
1.8018018018018,-2.74423901900836
1.79992850678248,-1.33115569704308
1.79856115107914,-2.74820000997685
1.79533213644524,-2.77777240910323
1.7921146953405,-3.07111479176093
1.78890876565295,-3.56959690488456
1.78752552590424,-2.27896275043887
1.78571428571429,-3.51319001612365
1.7825311942959,-3.41524279064087
1.77935943060498,-3.07732662404667
1.77619893428064,-3.36466677258017
1.77520801171763,-3.26937343650384
1.77304964539007,-2.36143870232824
1.76991150442478,-3.58948704127381
1.76678445229682,-3.0545896309312
1.7636684303351,-2.05531588166248
1.76297537528721,-3.65291762382462
1.76056338028169,-3.33524789910525
1.75746924428822,-1.60511420372914
1.75438596491228,-3.19906647251805
1.75131348511384,-2.55175159761982
1.75082703173572,-3.32866984557519
1.74825174825175,-0.255578604372526
1.74520069808028,-2.41907819831199
1.74216027874564,-2.5799018176372
1.73913043478261,-3.56646479204847
1.73876240021625,-3.29763406161238
1.73611111111111,-1.3528103794908
1.73310225303293,-3.42123092122177
1.73010380622837,-1.57413354946301
1.72711571675302,-3.03769139571922
1.72678090388436,-3.51783203811037
1.72413793103448,-2.32602629557094
1.72117039586919,-3.43622146251509
1.71821305841924,-2.9205110701563
1.71526586620926,-3.47357859145786
1.71488196987054,-2.53226746203814
1.71232876712329,-2.83385618501209
1.70940170940171,-1.94282227162263
1.70648464163823,-3.48100481781337
1.70357751277683,-3.32381595509279
1.70306502925284,-3.09777169900151
1.70068027210884,-3.5473667599317
1.69779286926995,0.0257205806683389
1.69491525423729,-2.76511646470719
1.69204737732657,-3.54124755780695
1.69132951702965,-2.88738113363824
1.68918918918919,-3.4414741423222
1.68634064080944,-2.85236581604046
1.68350168350168,-3.47601398605321
1.68067226890756,-0.386717549308382
1.67967487209265,-3.32631432533459
1.67785234899329,-2.08747585458321
1.6750418760469,-0.718677631009011
1.67224080267559,-1.89991878431983
1.669449081803,-1.62203838938906
1.66810053720006,-1.57986419141256
1.66666666666667,-2.77840683262486
1.66389351081531,-3.17147141885713
1.66112956810631,-1.35237974335304
1.65837479270315,-2.99793143492597
1.65660595894991,-3.38155575723972
1.65562913907285,-2.09819181799305
1.65289256198347,-3.39153118354535
1.65016501650165,-2.89177619378928
1.64744645799012,-2.87661558033032
1.64519058775366,-2.726481236904
1.64473684210526,-0.750507488372715
1.64203612479475,-3.51644910373336
1.63934426229508,-2.20519873870229
1.6366612111293,-3.06934691051201
1.63398692810458,-3.46566638737077
1.63385387780986,-2.05723002910876
1.63132137030995,-3.61444107167928
1.62866449511401,-2.69833893031504
1.6260162601626,-3.25241141813093
1.62337662337662,-3.31990419905302
1.62259528707809,-3.54021934319239
1.62074554294976,-3.42785570790842
1.61812297734628,-3.27920965394575
1.61550888529887,-3.58623626220948
1.61290322580645,-2.49643103474035
1.61141427725302,-0.971246995227527
1.61030595813205,-2.86732856406182
1.60771704180064,-3.58312793719072
1.60513643659711,-1.84883107476615
1.6025641025641,-2.99644114277596
1.6003103137387,-2.68040002727211
1.6,3.00918009202154
1.59744408945687,-2.53307402051241
1.59489633173844,-1.16838001228664
1.59235668789809,-0.643705788083405
1.58982511923688,-3.56062868066423
1.58928286562298,-2.64565164058059
1.58730158730159,-2.36034464447983
1.58478605388273,-2.65696604206995
1.58227848101266,-3.0201030105991
1.57977883096367,-3.04794353935251
1.57833140565212,-2.30934340745996
1.57728706624606,0.0159398710797705
1.5748031496063,-2.18213334850496
1.57232704402516,-3.1796829957427
1.56985871271586,-1.73541581136474
1.5674554102056,-3.57269428891119
1.56739811912226,-3.3244449270221
1.56494522691706,-2.47280605009511
1.5625,-3.27949727401402
1.5600624024961,-3.64588716382481
1.55763239875389,-2.80741740768125
1.55665435927106,-2.80543487314805
1.5552099533437,-2.49391857685817
1.5527950310559,-2.98262257015402
1.55038759689922,-2.87277786859236
1.54798761609907,-2.22840042230173
1.54592773641948,-2.97989075240205
1.54559505409583,-2.93635813719548
1.54320987654321,-3.25228417967078
1.54083204930663,-3.26067300146449
1.53846153846154,-2.08912668424154
1.53609831029186,-2.07649449621855
1.53527502878042,-1.23019284132574
1.53374233128834,-2.75686579207671
1.53139356814701,-3.54549662316593
1.52905198776758,-2.87830455177281
1.52671755725191,-2.57703995320561
1.52469572701757,-2.3004691388205
1.52439024390244,-3.23437000341887
1.5220700152207,-1.46542362489491
1.51975683890577,-2.10159562531949
1.51745068285281,-2.76079602671207
1.51515151515152,-0.518130419220493
1.51418932530435,-2.57349205288893
1.51285930408472,-1.3426279779902
1.51057401812689,-2.9270408714588
1.50829562594268,-2.25735247645074
1.50602409638554,-2.73483924836416
1.50375939849624,-2.91743541145491
1.50375532129974,-2.9467264345357
1.5015015015015,-2.43086758467465
1.49925037481259,-0.896509389596853
1.49700598802395,-3.39084769518289
1.49476831091181,-3.24987038768169
1.49339321612425,-1.42703889555998
1.49253731343284,-3.09629360875588
1.4903129657228,-3.58651178735847
1.48809523809524,-3.58883805501643
1.48588410104012,-2.62351035808326
1.48367952522255,-2.23306907703666
1.4831025143361,-2.93392796825996
1.48148148148148,-3.50596120333268
1.4792899408284,-3.38523633000791
1.47710487444609,-2.19843522664935
1.47492625368732,-2.9934719341479
1.4728827239075,-3.16083501671069
1.47275405007364,-3.28672512173101
1.47058823529412,-3.55619353330247
1.46842878120411,-1.87909363499714
1.46627565982405,-1.18925833451542
1.46412884333821,-0.196003449897129
1.46273335620113,-2.29811218750369
1.46198830409357,2.08411101583893
1.45985401459854,-2.89017167864507
1.45772594752187,-2.82252548337471
1.45560407569141,-1.95166407797522
1.45348837209302,0.225352970246651
1.45265392594678,-2.83246002769409
1.45137880986938,-2.61482247359371
1.44927536231884,-0.870355412915766
1.44717800289436,-3.53529537241375
1.44508670520231,-3.524017671293
1.44300144300144,-1.45347425588111
1.44264395121816,-0.968712659659455
1.44092219020173,-3.62310426258243
1.43884892086331,-2.10186941430576
1.4367816091954,-3.28133017897273
1.43472022955524,-3.54203258719796
1.43270295340983,-3.28415568908376
1.43266475644699,-3.28793430161282
1.43061516452074,-2.40078369485827
1.42857142857143,-0.098502780870926
1.4265335235378,0.176921301610993
1.42450142450142,-1.64743728632687
1.42283045721435,-0.605834839999015
1.42247510668563,-3.59243736938252
1.42045454545455,-0.892570679711421
1.41843971631206,-1.79724151703045
1.41643059490085,-2.99952041607339
1.41442715700141,-1.64446775109199
1.41302599059953,-1.31676137363051
1.41242937853107,-1.90355498777687
1.41043723554302,-3.26633739651843
1.40845070422535,-2.87286403812008
1.40646976090014,-3.54273828543627
1.40449438202247,-3.00326657554352
1.40328908478587,-2.31161202929847
1.40252454417952,-3.20192684999806
1.40056022408964,-3.31855815273776
1.3986013986014,-3.43179817303531
1.39664804469274,-1.83773177654565
1.39470013947001,-2.72775869954934
1.39361927422414,-1.65231403670115
1.39275766016713,-3.21982017040399
1.39082058414465,-1.34020378945852
1.38888888888889,-3.49706074159827
1.3869625520111,-2.79516163194041
1.38504155124654,-3.48827721754763
1.38401609657313,-1.03612782165588
1.38312586445367,-1.96369790883768
1.38121546961326,-3.20506604004744
1.37931034482759,-3.30422845002591
1.37741046831956,-3.66087818111451
1.37551581843191,-1.25849247077148
1.37447909267754,-3.07759187968291
1.37362637362637,-3.19826450154839
1.37174211248285,-3.13832241931113
1.36986301369863,-2.51795881378056
1.36798905608755,-3.58276077077597
1.36612021857923,-3.42505590345938
1.36500780654601,-0.2972935217693
1.36425648021828,-3.22770991888744
1.36239782016349,-3.40709479653197
1.36054421768707,-0.740335240754926
1.35869565217391,-3.57402521246633
1.35685210312076,-3.11076161308305
1.35560178532937,0.807385414610924
1.3550135501355,1.45467382249577
1.3531799729364,-3.40414082918702
1.35135135135135,-3.09614898093626
1.34952766531714,-3.04062394970181
1.34770889487871,-2.38135631764187
1.34626057929891,-2.99304987143038
1.34589502018843,-2.71232323690814
1.34408602150538,-1.76613579646054
1.34228187919463,-1.49062480597426
1.34048257372654,-3.49574286517098
1.33868808567604,-2.78763089779856
1.33698374182495,-2.86332659256761
1.33689839572193,-3.26818544753943
1.33511348464619,-3.05110726338053
1.33333333333333,-3.53027203514041
1.33155792276964,-2.65051597841663
1.32978723404255,-3.28166088171506
1.32802124833997,-2.55411117485691
1.32777082935543,-2.46662922344087
1.3262599469496,-2.0467793724312
1.32450331125828,-1.90971767239135
1.32275132275132,-3.42587274786022
1.32100396301189,-3.01041627490552
1.31926121372032,-3.44342907161113
1.31862140139475,-2.59703237053288
1.31752305665349,-3.56527166806627
1.31578947368421,-3.51437457249143
1.31406044678055,-0.496865494863253
1.31233595800525,-0.347122760171753
1.31061598951507,-2.5526639109354
1.30953502048267,-0.842675493692705
1.30890052356021,0.584996647594825
1.30718954248366,-0.165547858802777
1.30548302872063,-2.8811523231128
1.30378096479791,-1.46906782747341
1.30208333333333,-2.69757678448262
1.30051125217341,-1.14227343884219
1.30039011703511,-3.43235924853074
1.2987012987013,-1.94286772335796
1.2970168612192,-2.26998220633662
1.29533678756477,-3.35063094058331
1.29366106080207,-2.65468204082218
1.29198966408269,-3.24270767882488
1.29154966501488,-3.06559340644899
1.29032258064516,-3.48424195921298
1.28865979381443,-2.34378079944265
1.28700128700129,-2.92887403488994
1.2853470437018,2.93543770234537
1.28369704749679,-2.94474132092925
1.28264983052806,-3.49286504031964
1.28205128205128,-2.031620546686
1.28040973111396,-3.47276470590991
1.27877237851662,-2.00872228616948
1.27713920817369,-3.01206485936309
1.27551020408163,-3.25989746353714
1.27388535031847,-1.43522142112682
1.27381132318648,-2.23430461023859
1.27226463104326,-3.12755895185414
1.27064803049555,-1.76059065901317
1.26903553299492,-2.81368498092921
1.26742712294043,-3.60398218774638
1.26582278481013,-3.15441341404449
1.2650337203959,-3.51948035704917
1.26422250316056,-0.649989448947148
1.26262626262626,-3.02419735721308
1.26103404791929,-1.71109351778348
1.25944584382872,-1.59544184450352
1.25786163522013,-3.23236557964106
1.25631660247412,-1.20587366620894
1.25628140703518,-0.713000583001967
1.25470514429109,0.956168822133823
1.2531328320802,-2.99377194201396
1.25156445556946,-2.46816061078293
1.25,-3.17656684975183
1.24843945068664,-3.42931258382721
1.24765955263087,-0.984090985045593
1.24688279301746,-3.24356314332497
1.2453300124533,-0.782785118989504
1.24378109452736,-2.08209233748517
1.24223602484472,-3.42373708937854
1.24069478908189,-3.02419770749681
1.23915737298637,-3.54609138312257
1.23906215694792,-3.18598878261927
1.23762376237624,-2.09131065978867
1.23609394313968,-3.64607686112357
1.23456790123457,-3.64107317328246
1.23304562268804,-2.43748906265956
1.23152709359606,-2.31593633200169
1.23052400435926,-3.10854022905449
1.230012300123,-3.1882531083675
1.22850122850123,-2.75375237331898
1.22699386503067,-3.17009558990365
1.22549019607843,-2.43746695627957
1.22399020807834,-3.65491225903527
1.22249388753056,-3.28047849791828
1.22204468663149,-3.438722121313
1.22100122100122,-2.8984095176185
1.21951219512195,-2.22318637256439
1.21802679658952,-3.51045319813069
1.21654501216545,-2.70219124835263
1.21506682867558,-2.07061945433703
1.21362379834424,-3.60105905076859
1.21359223300971,-3.44948107288671
1.21212121212121,-2.29473064717747
1.21065375302663,-0.925678467641727
1.20918984280532,-2.78718385697097
1.20772946859903,-2.93151999304593
1.20627261761158,-2.08085863721306
1.20526093687084,-2.05128936733375
1.20481927710843,-2.96039159815215
1.20336943441637,0.0129430626598337
1.20192307692308,-2.80527224406314
1.20048019207683,-2.1920694680487
1.19904076738609,-2.42272372423657
1.19760479041916,-3.52262506727505
1.19695570235904,-0.559681118429846
1.19617224880383,-3.57725892049033
1.194743130227,-1.92694444633978
1.19331742243437,-2.84079605723287
1.19189511323004,-1.04800724079335
1.19047619047619,-3.05082259870316
1.18906064209275,-2.14742101283765
1.1887076977119,-0.735171000568736
1.18764845605701,-1.97837587747504
1.18623962040332,-1.43480759066399
1.18483412322275,-3.60489225431321
1.18343195266272,-1.73515056886434
1.18203309692671,-2.00315226582817
1.18063754427391,-3.36032996065689
1.18051652856881,-3.28953152382196
1.17924528301887,1.28689646136228
1.17785630153121,-3.51104156688465
1.17647058823529,-2.59671744024818
1.17508813160987,-3.55073205324164
1.17370892018779,-1.4602447681011
1.1723818032866,-1.35491483057147
1.17233294255569,-0.564470427585159
1.17096018735363,-2.48270464002088
1.16959064327485,-2.08825738506554
1.16822429906542,-0.532035270987232
1.16686114352392,0.633064273093528
1.16550116550117,-2.80290027666966
1.16430313292088,-3.08347943605674
1.16414435389988,-1.22857605546205
1.16279069767442,-2.08057911881387
1.16144018583043,-3.34486849106228
1.16009280742459,-3.59041614924275
1.15874855156431,-2.85932525622097
1.15740740740741,-1.87943899602488
1.15628013120738,-1.58148386147139
1.15606936416185,-1.47760712298138
1.15473441108545,-3.45826769478155
1.15340253748558,-1.61637044599403
1.15207373271889,-3.54471046907347
1.15074798619102,-2.56238134827303
1.14942528735632,-3.24209622983779
1.14831241454351,-2.43065990418979
1.14810562571757,-2.76150445775842
1.14678899082569,-1.91476965432481
1.1454753722795,-3.12272566240135
1.1441647597254,-2.29153005226213
1.14285714285714,-2.55752503102137
1.14155251141553,-3.10485288470461
1.14039960197003,-2.01515909444499
1.14025085518814,-2.33092766818332
1.13895216400911,-3.40771761887036
1.13765642775882,-2.94647610718136
1.13636363636364,-1.55466499827368
1.13507377979569,-3.59241583749759
1.13378684807256,-2.23223589829105
1.13254131515281,-1.61461244579651
1.13250283125708,-1.73080135308161
1.13122171945701,-2.29541886905413
1.12994350282486,-3.54280061177628
1.12866817155756,-3.62779092803121
1.12739571589628,-2.2719256557924
1.12612612612613,-3.16057459010473
1.12485939257593,-3.05737169879917
1.12473717836475,-3.61098526077383
1.12359550561798,0.680842893146225
1.12233445566779,-3.10646467647866
1.12107623318386,-3.04890352446004
1.11982082866741,-3.47804460376197
1.11856823266219,-3.50492585606561
1.11731843575419,-2.30099114473613
1.11698681846782,-3.53429479798119
1.11607142857143,-3.24633952579095
1.11482720178372,-2.92937727476486
1.11358574610245,-3.48533170330874
1.11234705228031,-3.0117380978592
1.11111111111111,-2.97162878056566
1.10987791342952,-2.40810290371904
1.10928986489522,-1.39566579078079
1.10864745011086,-1.53065907458879
1.10741971207087,-3.46700452153886
1.10619469026549,-0.777417161734216
1.10497237569061,-2.91462697283604
1.1037527593819,-0.736861411072094
1.10253583241455,1.66558155271578
1.10164594963366,-2.643499021642
1.10132158590308,-3.49588932402251
1.1001100110011,-2.61386647308445
1.0989010989011,-3.56508931246473
1.09769484083425,-2.71002922614103
1.09649122807018,-3.52554057789784
1.09529025191676,-0.900502749699181
1.09409190371991,-3.19797294783255
1.09405470720574,-3.43470915722248
1.09289617486339,-2.34832822868411
1.09170305676856,0.242696388130857
1.09051254089422,-3.17329129507361
1.08932461873638,-1.99792396832877
1.08813928182807,-2.68961030163045
1.08695652173913,-1.09925993449176
1.08651577465254,-1.17999622075261
1.085776330076,-3.48000601593157
1.08459869848156,-3.46300813124018
1.08342361863489,-3.65185845494785
1.08225108225108,-2.67174677512288
1.08108108108108,-2.66389659195787
1.07991360691145,-2.33690066558845
1.07902879151618,-3.53572239340515
1.07874865156419,-3.19071265301671
1.07758620689655,-1.83311145501384
1.07642626480086,-2.67523644617706
1.0752688172043,-1.18069657920587
1.07411385606874,-3.60335631601789
1.07296137339056,-3.28178062639595
1.07181136120043,2.24559509297037
1.07159339982267,-3.48122574399461
1.07066381156317,-0.525869691419028
1.06951871657754,-2.80274160891208
1.06837606837607,-0.448946472619478
1.06723585912487,-1.39060450986572
1.06609808102345,-3.52488131607201
1.06496272630458,-2.93708535448111
1.06420924406472,-2.2104013279591
1.06382978723404,-3.14995031300226
1.06269925611052,-1.74301494970087
1.06157112526539,-3.43455168736333
1.06044538706257,-1.35429974344008
1.0593220338983,-1.54521225801302
1.05820105820106,-3.18335626578182
1.05708245243129,-3.63253542189134
1.0568759711848,-3.50886946003318
1.05596620908131,-2.58786801920238
1.05485232067511,-2.97868339483478
1.05374077976818,-2.84334784618299
1.05263157894737,-2.74106870418349
1.0515247108307,-3.44376707232696
1.05042016806723,-2.8682568907882
1.04959323055823,-3.43401881721017
1.04931794333683,-1.00738908261224
1.0482180293501,-3.4503411517354
1.04712041884817,-3.00504397653456
1.04602510460251,-1.55535498757974
1.04493207941484,-3.56361371180078
1.04384133611691,-3.61196103490725
1.04275286757039,-2.8726047639782
1.0423606739764,-3.16124329168336
1.04166666666667,1.97635326734109
1.04058272632674,-1.89762029443362
1.03950103950104,-3.12160406953871
1.03842159916926,-0.937244190689948
1.03734439834025,-2.86316693432102
1.03626943005181,-2.39879247054706
1.0351966873706,-3.54152978291487
1.03517795563018,-3.14570203855105
1.03412616339193,-3.08580311244686
1.03305785123967,-2.43798617160673
1.03199174406605,-3.09675236371678
1.03092783505155,-3.5975481531277
1.02986611740474,-3.2705368141798
1.02880658436214,-3.18152838441334
1.02804473209331,-3.53108994478502
1.02774922918808,-2.23103979550261
1.02669404517454,-3.07462305720203
1.02564102564103,-2.7487947244963
1.02459016393443,-3.11490641037515
1.02354145342886,-2.91095770937583
1.02249488752556,-2.72408685852501
1.02145045965271,-2.51073396505209
1.02096066230605,-2.82153220340136
1.02040816326531,-3.29928842472729
1.01936799184506,-3.5987711804105
1.0183299389002,-3.39134250351712
1.01729399796541,-3.6080844230651
1.01626016260163,-2.73663466860573
1.01522842639594,-1.19642213805231
1.01419878296146,-3.36615821976248
1.01392540755882,-3.4241643635771
1.01317122593718,-3.28039280360117
1.01214574898785,-3.17605497133074
1.01112234580384,-2.30371465566925
1.01010101010101,-2.09271010902089
1.00908173562059,-2.77475286475392
1.00806451612903,-1.65320663635752
1.00704934541793,0.338138899846077
1.00693863147603,-3.39601073604738
1.00603621730382,-0.709076459338301
1.00502512562814,-3.54314743994326
1.00401606425703,-2.30855901243045
1.00300902708124,0.478090122571321
1.00200400801603,-2.79334832774118
1.001001001001,-3.04451105915636
1,1.88801461467158
