"bfp_output.P","bfp_output.logBF"
1000,-0.0159443405216377
993.109181374979,0.0963212516740173
986.265846131283,0.155864233422183
979.46966706954,0.166068975582978
972.720319245055,0.132295208044117
966.017479952265,0.0591882272473656
959.360828709315,-0.051507148815328
952.75004724273,-0.201749125098028
946.184819472201,-0.396335191750448
939.66483149547,-0.640555688634559
933.189771573324,-0.936887716930594
926.759330114689,-1.28164753978352
920.373199661823,-1.66290368366237
914.031074875623,-2.0608717384397
907.732652521023,-2.45106287907169
901.477631452492,-2.80899159405673
895.26571259964,-3.11436280813804
889.096598952916,-3.35312400385733
882.969995549409,-3.51716029151556
876.885609458743,-3.60265520624183
870.843149769073,-3.60862683271143
864.842327573172,-3.53696679639902
858.882855954625,-3.39459273964779
852.964449974103,-3.19684965502956
847.086826655741,-2.96921108008975
841.249704973612,-2.74367017853195
835.452805838287,-2.54975863308159
829.695852083491,-2.40575440859872
823.978568452852,-2.31618755974152
818.300681586739,-2.27597426514513
812.661920009195,-2.27681007154372
807.06201411495,-2.31194758583912
801.500696156541,-2.37799048460949
795.977700231499,-2.47350140331066
790.492762269642,-2.59445152654517
785.045620020451,-2.72872831021202
779.636013040523,-2.85629033107726
774.263682681127,-2.95889268404714
768.928372075831,-3.03019016090341
763.629826128224,-3.07535553196179
758.367791499719,-3.10374921481543
753.142016597437,-3.12310473811344
747.952251562182,-3.13724973296406
742.798248256492,-3.1453326061556
737.679760252773,-3.14100244365143
732.596542821523,-3.11265981294768
727.548352919623,-3.05044302231571
722.534949178721,-2.96385581564327
717.556091893692,-2.88866068191903
712.611543011175,-2.85833059959775
707.701066118189,-2.87955276970886
702.824426430835,-2.94248899240166
697.981390783066,-3.03620120695909
693.17172761554,-3.15186482882732
688.39520696455,-3.27855892805989
683.651600451024,-3.39726569044255
678.940681269611,-3.47803890097968
674.262224177835,-3.48715695729036
669.616005485322,-3.40526241765782
665.001803043112,-3.24124456272862
660.419396233031,-3.02569785917835
655.868565957143,-2.79252119326004
651.349094627281,-2.56804489125987
646.860766154633,-2.37174246224175
642.40336593942,-2.22055007651484
637.976680860628,-2.12980557294533
633.580499265825,-2.10964977946947
629.214610961035,-2.16102810133772
624.878807200689,-2.2759384069371
620.57288067765,-2.44124239068555
616.296625513294,-2.64121236935157
612.04983724767,-2.85645713863046
607.832312829723,-3.0621089166065
603.643850607587,-3.22942356882678
599.484250318941,-3.3305387200951
595.353313081437,-3.34168025980311
591.250841383188,-3.2425578272104
587.176639073326,-3.01705692423182
583.130511352622,-2.66479467862852
579.112264764176,-2.22593935341431
575.121707184161,-1.7944606791254
571.158647812643,-1.47894564365405
567.222897164454,-1.33358688554484
563.314267060136,-1.34229047815769
559.432570616938,-1.46216423941403
555.577622239888,-1.66248003167628
551.749237612913,-1.92996652576683
547.947233690029,-2.25144614672247
544.171428686589,-2.59568025513048
540.421642070592,-2.91202132967599
536.697694554048,-3.14177298746183
532.999408084409,-3.22636359895121
529.326605836056,-3.11584024038772
525.679112201842,-2.79586889066062
522.056752784698,-2.32357243456674
518.459354389291,-1.81829318010291
514.886745013749,-1.3916396092929
511.338753841433,-1.09333734955906
507.815211232767,-0.922581094752199
504.315948717136,-0.867621457358505
500.840798984821,-0.928549288948157
500,-0.961700824051159
497.389595879006,-1.11174645344765
493.962174387832,-1.41365986518344
490.558370636505,-1.81850199744887
487.178021879463,-2.30256082795942
483.820966492595,-2.82073763248233
480.487043965513,-3.28184928564469
477.176094893875,-3.56033990436385
473.887960971765,-3.57413961944747
470.622484984128,-3.34884218930001
467.379510799247,-2.98118804754911
464.158883361278,-2.5659031130376
460.960448682844,-2.16866850543711
457.784053837662,-1.83256368781742
454.62954695324,-1.58160814132632
451.49677720361,-1.42143125534222
448.385594802119,-1.35421148888029
445.295850994266,-1.39885307475681
442.22739805059,-1.58844357218193
439.180089259609,-1.93083831465905
436.153778920801,-2.3644114200258
433.14832233764,-2.78010677548532
430.16357581068,-3.09952669501449
427.199396630678,-3.31035441128973
424.255643071778,-3.43991594602785
421.332174384729,-3.52037952338575
418.428850790158,-3.57337391719859
415.545533471888,-3.6098514911835
412.682084570296,-3.63385196039418
409.838367175726,-3.64385489895353
407.014245321944,-3.6333338538689
404.209583979631,-3.59446905147864
401.424249049932,-3.51708562179065
398.658107358044,-3.38149279725122
395.911026646846,-3.16867670386913
393.182875570577,-2.90658189864895
390.473523688556,-2.69902124349765
387.782841458946,-2.62399120836634
385.110700232557,-2.63860494136157
382.4569722467,-2.62607692656895
379.821530619074,-2.43244175629952
377.2042493417,-1.95800701274147
374.605003274899,-1.47297465235284
372.023668141307,-1.40815803440095
369.46012051993,-1.74396772057953
366.914237840249,-2.18368923410899
364.385898376355,-2.15370340198764
361.874981241128,-1.01167106967527
359.381366380463,0.48606086779039
356.904934567523,1.07806537253261
354.445567397043,0.524246831889163
352.003147279668,-0.906387896724378
349.577557436327,-2.34708274485994
347.168681892656,-2.87563611114423
344.776405473446,-2.72370892293547
342.400613797142,-2.52638643118588
340.041193270371,-2.33432618876075
337.698031082509,-1.67597620781866
335.371015200293,-0.131045414739513
333.333333333333,1.88601921318007
333.060034362459,2.18269235893364
330.764978074424,4.55425185922799
328.485736603004,5.62032356655472
326.222200971167,4.05773501867161
323.97426295282,0.954541102975857
321.741815067637,-1.41132766482952
319.524750575921,-2.35593323980221
317.322963473498,-2.08201335882073
315.136348486648,-0.967739322915501
312.964801067075,0.267546798345156
310.808217386907,0.941136794217347
308.666494333727,0.981503999948662
306.539529505653,0.616518226594981
304.42722120643,0.245181703813718
302.329468440578,0.537629304442921
300.246170908555,1.96238976436557
298.177229001967,3.86882092848
296.122543798804,4.42589243365449
294.082017058706,3.26292255063685
292.055551218275,2.00979195364095
290.043049386399,1.36198596095621
288.04441533963,0.732212345331267
286.059553517574,0.161080594544264
284.08836901833,0.704666039148852
282.130767593947,2.52933740606288
280.18665564592,3.72663703144183
278.255940220713,2.78310797368205
276.338529005317,0.414930055923453
274.434330322837,-1.8066828526545
272.543253128103,-2.55521900262213
270.665207003324,-0.757160582302968
268.800102153761,3.75595750317944
266.947849403432,9.24800443007662
264.398832986803,12.7163662882343
263.281546564802,11.4472487742127
261.467321180109,6.15595794484871
259.665597293487,-0.187756616281585
257.87628875938,-3.41908879415488
256.099310025846,-2.83425418700677
254.334576130465,-0.484413372708086
252.582002696278,2.15273692382435
250.841505927754,4.34222332398064
250,4.91017206430694
249.113002606779,4.7522704569645
247.396410088681,1.32529182491392
245.691646298279,-2.59522636073812
243.998629725955,-3.1752130818394
242.31727942376,-2.37727920918213
240.647515001542,-1.58645283046574
238.989256623105,-1.14995040712774
237.342425002387,-1.52017268981326
235.706941399673,-2.38545220323267
234.082727617829,-1.87690530048861
232.469705998565,-0.390881197723341
230.867799418717,0.278589634339927
229.276931286565,-0.903431796541848
227.697025538168,-2.73784559904036
226.128006633728,-3.11083597305422
224.569799553977,-1.14836771052539
223.022329796594,2.54100852238067
221.485523372636,6.54010844898456
219.959306803008,7.76625727498611
218.443607114943,3.63845783835216
216.938351838519,-1.49133453828859
215.443469003188,-3.25335067152379
213.958887134342,-1.80258118680781
212.484535249888,1.1520064435692
211.02034285686,2.94258857352547
209.566239948043,1.99002438533315
208.122156998634,-0.155468661123147
206.688024962908,-2.08747541366126
205.263775270925,-2.80905241537151
203.849339825246,-2.51431079466151
202.44465099768,-2.3757116571984
201.04964162605,-2.89983807831218
200,-3.29771323775865
199.664245010979,-3.37678876804859
198.288394912707,-3.41907634616067
196.922025547917,-3.24659059956336
195.565071586595,-3.27453386007427
194.217468148903,-3.34731159077814
192.879150802078,-3.31601487446708
191.550055557353,-3.38456701419251
190.230118866895,-3.37780011073938
188.919277620767,-3.44773096384982
187.617469143912,-3.60193494673653
186.324631193156,-3.32072593446353
185.04070195423,-3.09747108355254
183.765620038817,-2.63726052150626
182.499324481615,-2.14459937098227
181.241754737424,-2.34056186243576
179.992850678248,-2.19972591832917
178.752552590424,-2.16912145898881
177.520801171764,-2.91187589148931
176.297537528721,-2.85731410686987
175.082703173572,-1.90577913599541
173.876240021625,-0.0807538281658351
172.678090388436,1.23847381207567
171.488196987054,-0.171887309748494
170.306502925284,-1.94621470749676
169.132951702965,-3.02437493025674
167.967487209265,-2.800665290362
166.810053720006,-1.58456449677267
166.666666666667,-1.41704427316351
165.660595894991,-0.021296270716884
164.519058775366,2.21048182517429
163.385387780986,4.0456409161421
162.259528707809,0.907390189802062
161.141427725302,-3.0846424711717
160.03103137387,-0.512794465979804
158.928286562298,4.87365963816173
157.833140565212,7.88604292495215
156.745541020559,3.12490727277079
155.665435927106,-3.09821287651719
154.592773641948,-1.76075112237886
153.527502878042,2.90660630435822
152.469572701757,4.30865455123432
151.418932530435,0.680024529633433
150.375532129974,-3.21747220252051
149.339321612425,-1.89760585241994
148.310251433611,-0.735953115516547
147.28827239075,-1.64721793193975
146.273335620113,-3.21281051422865
145.265392594678,-2.19337760311349
144.264395121816,-1.72477822790527
143.270295340983,-1.71923739486656
142.857142857143,-1.87626331762784
142.283045721435,-1.92918021280941
141.302599059953,-1.27772938199434
140.328908478587,-2.4038804003497
139.361927422414,-1.61535643918851
138.401609657313,2.54485269238611
137.447909267754,5.89783482293887
136.500780654601,1.74365475346595
135.560178532937,-3.26317264164491
134.626057929891,-1.02770535696971
133.698374182495,3.77564642652964
132.777082935543,1.70470473672298
131.862140139475,-2.20741319559461
130.953502048267,-3.50006603360024
130.051125217341,-3.5095134849589
129.154966501488,-3.07137477830481
128.264983052806,-2.81120034951162
127.381132318648,-3.23842830163859
126.50337203959,-2.92610991463236
125.631660247412,-1.7909801785705
125,-1.3631012299465
124.765955263087,-1.64752608235413
123.906215694792,-3.44477725294363
123.052400435926,-3.26212420383682
122.204468663149,-1.95296545122586
121.362379834424,-1.86959394201979
120.526093687084,-2.9872759260151
119.695570235904,-3.49623726459934
118.87076977119,-3.11666537079297
118.051652856881,-2.70989809677759
117.23818032866,-2.73026248721656
116.430313292088,-3.32677199890112
115.628013120738,-3.65219940502338
114.831241454351,-3.13282072619175
114.039960197003,-2.73406880061092
113.254131515281,-2.97625470458258
112.473717836475,-3.63834952177877
111.698681846782,-2.76342713492654
111.111111111111,-1.23492345981493
110.928986489522,-0.830780996506102
110.164594963366,-0.69041223795143
109.405470720574,-2.97470851332086
108.651577465254,-2.9577171189416
107.902879151618,-1.22265183126835
107.159339982267,-0.841833383804054
106.420924406472,-2.66938207040344
105.68759711848,-1.86325490226035
104.959323055823,-1.14195258179403
104.23606739764,-3.33558965380889
103.517795563018,-2.55145554113819
102.804473209331,1.00382484843813
102.096066230605,-0.470028419095438
101.392540755882,-2.71641369137084
100.693863147603,-1.17626970267242
100,-0.709155001479028
100,-0.709155001479114
99.310918137498,-1.39890598047016
98.6265846131283,-2.58953620380627
97.946966706954,-2.58605477437653
97.2720319245054,-2.45882840894013
96.6017479952265,-3.60710197374432
95.9360828709315,-2.6415761043472
95.2750047242729,-2.4555847054729
94.61848194722,-3.58416861046991
93.966483149547,0.139093361856614
93.3189771573324,-0.225409610726568
92.6759330114688,-3.48033245218756
92.0373199661823,-1.38583729977325
91.4031074875623,-0.556584428637914
90.9090909090909,-1.82274508152427
90.7732652521023,-1.86414835240201
90.1477631452492,-2.93474821980844
89.526571259964,-2.72696667152642
88.9096598952916,1.07810728374192
88.2969995549409,-0.519149539332299
87.6885609458743,-3.47065336969045
87.0843149769073,-0.809018019539717
86.4842327573172,-1.71478551362947
85.8882855954625,-2.77892512101898
85.2964449974102,-1.92117687669024
84.7086826655741,-2.75204322891507
84.1249704973612,-2.34275675105847
83.5452805838287,-3.47591857371834
83.3333333333333,-2.68034719316291
82.9695852083491,-1.43053621650797
82.3978568452852,-3.43797639557193
81.8300681586739,2.32786185147582
81.2661920009194,-0.87440439842923
80.706201411495,-0.481817329775093
80.150069615654,9.79442649783384
79.5977700231498,-1.20681015542909
79.0492762269642,-1.40289519592902
78.5045620020451,-0.158711259142176
77.9636013040523,1.02869130743146
77.4263682681127,-3.61444274620343
76.9230769230769,1.38340807989615
76.8928372075831,1.67434102025338
76.3629826128224,-3.33451907463187
75.8367791499719,-1.34628180290108
75.3142016597437,-2.60598871138752
74.7952251562182,-2.50835170409082
74.2798248256491,-2.49953901178214
73.7679760252773,-3.09284581427819
73.2596542821523,-2.22362127727363
72.7548352919623,-3.34626890956617
72.2534949178722,-3.57074308541776
71.7556091893693,-2.40208349682005
71.4285714285714,-1.20063264533455
71.2611543011175,-1.90102150044761
70.7701066118189,-3.13637965530615
70.2824426430835,-1.09407354599223
69.7981390783066,-2.39362980324186
69.3171727615541,-3.38700182219396
68.839520696455,-3.47989575033649
68.3651600451024,-1.31987606712509
67.8940681269611,-2.76922053728326
67.4262224177834,-2.22643121232722
66.9616005485322,-2.96821327115422
66.6666666666667,1.5620215116813
66.5001803043112,1.22642042834589
66.0419396233031,-1.89162113108203
65.5868565957143,-0.0209017248854577
65.134909462728,-1.44217190160073
64.6860766154633,-2.4657050947129
64.2403365939419,-2.04924313537513
63.7976680860628,-3.05933304634491
63.3580499265825,-0.162392427091684
62.9214610961034,-2.39823448852295
62.5,-1.92685977066914
62.4878807200689,-1.9845643888206
62.057288067765,-3.01595353938232
61.6296625513294,-2.7511267886568
61.204983724767,-3.48784021156053
60.7832312829723,-2.11106509115312
60.3643850607587,-3.47757052503733
59.9484250318941,-2.85796950851327
59.5353313081437,-3.65951844516503
59.1250841383188,-3.64477268326696
58.8235294117647,-3.08971182607329
58.7176639073326,-1.99386947557626
58.3130511352622,-2.68408729038019
57.9112264764176,-2.79532595191342
57.5121707184161,-2.42517510614273
57.1158647812643,-3.64690310073056
56.7222897164454,-3.05989632193579
56.3314267060136,-2.47657692388089
55.9432570616938,-2.62857362923763
55.5577622239888,-2.23313980404584
55.5555555555556,-2.20770147222374
55.1749237612912,-1.67657581383683
54.7947233690029,-3.1464760701849
54.4171428686589,-2.99567808912821
54.0421642070592,-2.86438660789404
53.6697694554048,-3.16805998524837
53.2999408084409,-3.52225939543031
52.9326605836056,-2.16787234508369
52.6315789473684,-3.0182554305221
52.5679112201842,-3.1836204971543
52.2056752784698,-1.45965916988164
51.8459354389291,-3.30041109716508
51.488674501375,-3.55354624588257
51.1338753841433,-2.77043747059075
50.7815211232767,-2.5673148231056
50.4315948717136,-0.575414389089626
50.0840798984821,-3.29024305010925
50,-2.96611540812823
49.7389595879007,-3.35345546801197
49.3962174387832,-2.50154019931299
49.0558370636505,-2.85988286345489
48.7178021879463,-2.87852985913879
48.3820966492596,-3.13854770023878
48.0487043965513,-0.281663739125729
47.7176094893875,-3.0175863758029
47.6190476190476,-2.00680932788414
47.3887960971765,-2.25433455445012
47.0622484984128,-3.3059087669484
46.7379510799246,1.94875699111477
46.4158883361278,-2.13719210763891
46.0960448682843,-2.00081781125122
45.7784053837662,-2.82441943603306
45.462954695324,-2.77844325953763
45.4545454545455,-2.76599743782871
45.149677720361,-2.57665984533063
44.8385594802119,-1.91513423110542
44.5295850994266,-2.47149575517109
44.222739805059,9.17808656283778
43.9180089259609,-0.541490368689305
43.6153778920801,-0.842550549900561
43.4782608695652,-1.99564471250384
43.314832233764,-2.28623244989991
43.016357581068,-3.59308247509081
42.7199396630678,-1.21839611998358
42.4255643071778,-2.10944924810401
42.1332174384729,-0.71720139528487
41.8428850790158,-0.940572693662783
41.6666666666667,-3.10515999047699
41.5545533471888,-1.31865963645582
41.2682084570295,-3.29660042884451
40.9838367175726,-1.33662459101604
40.7014245321944,-2.69317160054809
40.4209583979631,-3.42841964913022
40.1424249049932,0.563841038202118
40,-3.10820480296517
39.8658107358044,-1.45319319817092
39.5911026646846,-2.94876199764353
39.3182875570577,-2.17018991034471
39.0473523688556,-0.571032407263128
38.7782841458946,-3.02739577183608
38.5110700232557,-3.1329174686296
38.4615384615385,-3.58112607480664
38.24569722467,-1.5485476243917
37.9821530619073,-1.64818347152835
37.72042493417,-3.36653985035225
37.4605003274899,-1.89761477518017
37.2023668141307,-3.15095390343803
37.037037037037,-3.54077067126137
36.946012051993,-3.1770244006917
36.6914237840249,-1.64852116982145
36.4385898376355,-2.533933134846
36.1874981241128,-2.64993601123437
35.9381366380463,-3.29010172063276
35.7142857142857,-2.65329376504108
35.6904934567523,-2.97379219902664
35.4445567397043,-0.203069840250019
35.2003147279668,-1.93009006084666
34.9577557436328,-3.16968314764388
34.7168681892656,-3.55007470556985
34.4827586206897,-3.46023508397853
34.4776405473446,-3.38028168300702
34.2400613797142,-3.10032125427561
34.0041193270371,-1.01199866984542
33.7698031082509,-3.5027507510981
33.5371015200293,-1.67371559142647
33.3333333333333,-1.80591403024699
33.3060034362459,0.513512452785837
33.0764978074424,-3.08716314435399
32.8485736603004,-3.18070792458546
32.6222200971167,-2.84005558646417
32.397426295282,1.28164913973295
32.258064516129,-2.7688913471065
32.1741815067637,-0.285189548317542
31.9524750575921,-3.25354255052461
31.7322963473498,-3.64505530242452
31.5136348486648,-3.35794851968462
31.2964801067075,-2.65155227203867
31.25,-3.48483273953279
31.0808217386906,-2.98409763622497
30.8666494333727,-3.41938837052519
30.6539529505653,-3.20437206498134
30.442722120643,-0.373603425542409
30.3030303030303,-3.65675628579769
30.2329468440578,-2.75896214236972
30.0246170908555,-3.31515717042516
29.8177229001967,-3.31845348590268
29.6122543798804,-3.26770959004697
29.4117647058824,-3.03159871786981
29.4082017058706,-2.96831246683218
29.2055551218275,-3.20944744457564
29.0043049386399,-2.8753101341348
28.804441533963,-2.04224201348812
28.6059553517574,-2.94479834457696
28.5714285714286,-3.63009671789159
28.408836901833,-3.56217073253121
28.2130767593947,-3.07598043344778
28.018665564592,-3.45688777979087
27.8255940220712,-3.14368127609988
27.7777777777778,-3.65508541291107
27.6338529005317,-1.49068992228542
27.4434330322836,-1.23014236050472
27.2543253128103,-1.9813697209634
27.0665207003324,0.691659113076658
27.027027027027,-1.34404159498741
26.8800102153761,2.0110746425094
26.6947849403432,0.910732144963636
26.5108360190854,-3.03618775726541
26.3281546564802,-2.05434912851411
26.3157894736842,-0.809158766879317
26.1467321180109,-1.86542388645274
25.9665597293487,-3.00494281863258
25.787628875938,-1.10676623995475
25.6410256410256,-2.16318786623692
25.6099310025846,-2.6557789775283
25.4334576130465,-2.37955400253828
25.2582002696278,1.91402638567546
25.0841505927754,0.146282301017853
25,7.22913467799718
24.9113002606779,3.99095104515273
24.7396410088681,3.50587999220879
24.5691646298279,-2.63679751420862
24.3998629725955,-1.62426674447418
24.390243902439,-2.10437991427234
24.231727942376,-2.59739645934597
24.0647515001542,-2.28993169560702
23.8989256623105,-3.39406639836353
23.8095238095238,-3.49796278955041
23.7342425002387,-1.68288073756151
23.5706941399673,-1.22628930839367
23.4082727617829,-0.695626467346396
23.2558139534884,-3.07340268647989
23.2469705998565,-3.52464822751893
23.0867799418717,-3.0963722185905
22.9276931286565,-2.44646045828683
22.7697025538168,-2.03649742818559
22.7272727272727,-3.33839306991278
22.6128006633728,-2.03706284999783
22.4569799553977,-1.5030904031238
22.3022329796594,-2.81364493198098
22.2222222222222,-3.44042711131787
22.1485523372636,-0.419485366993096
21.9959306803007,-2.44310736369134
21.8443607114943,-3.26431131989362
21.7391304347826,-3.3449844057791
21.6938351838518,0.0884084642520024
21.5443469003188,-2.74494557504824
21.3958887134342,-3.10898217406743
21.2765957446809,-0.198510368167841
21.2484535249888,-0.724692937731031
21.102034285686,-3.32226543283307
20.9566239948043,-2.68344158362425
20.8333333333333,-2.77161755827414
20.8122156998634,-3.37841788348599
20.6688024962908,-3.22544056867455
20.5263775270925,-1.70877485064066
20.4081632653061,-2.45998704103881
20.3849339825246,0.682048224936826
20.244465099768,-1.82498160158134
20.104964162605,-0.112869245682286
20,-2.24992010465977
19.9664245010979,-3.29436222321111
19.8288394912707,-3.01516437149955
19.6922025547917,-3.61224371192877
19.6078431372549,-3.4347768059893
19.5565071586595,-2.77634838656102
19.4217468148903,-3.25655461232982
19.2879150802078,-2.73130972619399
19.2307692307692,-2.26500610320881
19.1550055557353,-2.74648993152128
19.0230118866894,-3.55337362456352
18.8919277620767,-2.70052334189817
18.8679245283019,-1.36903551338524
18.7617469143912,-3.52344211032986
18.6324631193156,-0.829924045850514
18.5185185185185,-3.50620953298842
18.504070195423,-2.98003307451257
18.3765620038817,-0.773612035407676
18.2499324481615,-3.26692820292034
18.1818181818182,-3.52554241503541
18.1241754737424,-2.79539740320781
17.9992850678248,-3.19902758476122
17.8752552590424,-3.21696946756664
17.8571428571429,-2.83472559102993
17.7520801171764,-3.31196077929645
17.6297537528721,-3.35928759713691
17.5438596491228,-0.603058006752614
17.5082703173572,-1.44687675319848
17.3876240021625,-1.93779143159132
17.2678090388436,-2.93751980482603
17.2413793103448,-2.15527372315928
17.1488196987054,-3.27857405089129
17.0306502925284,-0.369634566695008
16.9491525423729,2.44637603181964
16.9132951702965,-2.33588700977047
16.7967487209265,-3.57488526086321
16.6810053720006,0.586993043539128
16.6666666666667,-1.55216470430063
16.5660595894991,-3.24709919867793
16.4519058775366,-2.63922960643144
16.3934426229508,-3.11120990286148
16.3385387780986,-3.36613056829362
16.2259528707809,-3.53451919902788
16.1290322580645,-0.520272340950451
16.1141427725302,-0.118657152425338
16.003103137387,-3.50792172118788
15.8928286562298,-3.37558209302388
15.8730158730159,0.176510611165402
15.7833140565212,-1.78714382164203
15.674554102056,-2.53351352003976
15.625,-1.06259422027666
15.5665435927106,-1.36079832502325
15.4592773641948,-2.63935728801446
15.3846153846154,-0.244331275276674
15.3527502878042,-3.52521354576869
15.2469572701757,-2.4630823625943
15.1515151515152,0.506429616637964
15.1418932530435,-0.990614579102451
15.0375532129974,-2.49799938306198
14.9339321612425,-0.836178994714497
14.9253731343284,-0.396722372953557
14.831025143361,-2.98725811709319
14.728827239075,-2.433896378498
14.7058823529412,-2.66714910791368
14.6273335620113,-3.66329572182822
14.5265392594678,-1.42866407005028
14.4927536231884,-3.37740903801328
14.4264395121816,-3.49514859122361
14.3270295340983,-1.54728952481936
14.2857142857143,-0.642953736690894
14.2283045721435,-0.323070019464136
14.1302599059953,-1.85569509753044
14.0845070422535,-0.723721112166582
14.0328908478587,1.01334362655537
13.9361927422414,-1.80021958115973
13.8888888888889,-2.88287381582749
13.8401609657313,-0.912908384154558
13.7447909267754,-3.27580450522886
13.6986301369863,-3.33010162440724
13.6500780654601,-1.99651962571523
13.5560178532937,-0.679336682227112
13.5135135135135,-0.927075433195692
13.4626057929891,-1.38902374174507
13.3698374182495,-1.7454651533721
13.3333333333333,3.55616270477087
13.2777082935543,-1.74520843674422
13.1862140139475,-2.23672112866238
13.1578947368421,-1.41538080057155
13.0953502048267,1.09158545750283
13.0051125217341,-3.41032987941814
12.987012987013,-1.71513792682837
12.9154966501488,-3.38091558201303
12.8264983052806,1.35395508059371
12.8205128205128,2.23215058742962
12.7381132318648,-2.87456635573802
12.6582278481013,-2.04592226782925
12.650337203959,-0.838325047031996
12.5631660247412,-3.26032301842043
12.5,-1.6807584633692
12.4765955263087,-3.20911878731406
12.3906215694792,-3.58346991060493
12.3456790123457,-2.94831660584746
12.3052400435926,-3.26982893965735
12.2204468663149,-0.505052173289481
12.1951219512195,-1.72587311635173
12.1362379834424,-1.24283417311069
12.0526093687084,-0.731930478751404
12.0481927710843,-0.950315311254296
11.9695570235904,5.45263654171238
11.9047619047619,-3.5732596209739
11.887076977119,-2.10749636828127
11.8051652856881,-2.15157267179201
11.7647058823529,-3.18700238101472
11.723818032866,-2.37513912565977
11.6430313292088,0.403759637981797
11.6279069767442,-3.08487846540991
11.5628013120738,-2.50572770353555
11.4942528735632,-1.28649222856593
11.4831241454351,-0.62945828418584
11.4039960197003,-3.64346690812918
11.3636363636364,-3.63031785661912
11.3254131515281,-3.27231388830161
11.2473717836475,-3.35691349868948
11.2359550561798,-3.48268659979224
11.1698681846782,-3.30992481853341
11.1111111111111,-1.70102335704051
11.0928986489522,-3.39945792785569
11.0164594963366,-2.51885699018275
10.989010989011,-0.301964791759711
10.9405470720574,-2.29474771610419
10.8695652173913,-0.779425516757139
10.8651577465254,-1.21752819355928
10.7902879151618,-3.01214724256034
10.752688172043,-2.80019377769424
10.7159339982267,-2.72785468896684
10.6420924406472,-2.77331014809412
10.6382978723404,-2.37585552299852
10.568759711848,-3.14928212014824
10.5263157894737,-3.44471763106786
10.4959323055823,-2.8212020821464
10.423606739764,-1.71373308277806
10.4166666666667,-2.55862851246068
10.3517795563018,-1.44970598895177
10.3092783505155,-3.12668951463074
10.2804473209331,-2.70676495920382
10.2096066230605,-2.89425438044001
10.2040816326531,-2.89680413531597
10.1392540755882,0.129025485456073
10.1010101010101,-3.6528548135714
10.0693863147603,-3.53567447010975
10,-2.01794294513429
10,-2.01794294513418
9.9310918137498,-2.89256269716197
9.9009900990099,0.977106689158934
9.86265846131282,0.615904497281311
9.80392156862745,-3.25675862433117
9.79469667069539,0.597028245760659
9.72720319245054,-2.89255105696493
9.70873786407767,-3.46323361756763
9.66017479952265,-2.03070775535725
9.61538461538461,-3.09618352121408
9.59360828709314,-2.83603643659894
9.52750047242729,-1.92221765176974
9.52380952380952,-2.46112713395329
9.461848194722,-2.24741619397453
9.43396226415094,-3.52829948414689
9.39664831495469,-3.3638884646583
9.34579439252336,-2.68057594831937
9.33189771573324,-2.96051239914309
9.26759330114688,-1.32226391383615
9.25925925925926,-0.835272935866139
9.20373199661822,-2.55311338172397
9.1743119266055,-3.53985800729874
9.14031074875623,-3.58655881702269
9.09090909090909,-0.527085911896687
9.07732652521023,-3.31902683790134
9.01477631452492,-3.20700688959756
9.00900900900901,-3.64885925265021
8.9526571259964,-2.04130137604316
8.92857142857143,-3.39947557529548
8.89096598952916,-2.99352288181883
8.84955752212389,0.678224394721686
8.82969995549409,-1.32858889345901
8.7719298245614,-2.5302751363708
8.76885609458743,-3.32205513444587
8.70843149769072,-3.43814499656745
8.69565217391304,-3.498825137086
8.64842327573172,1.117203067984
8.62068965517241,-1.77638214059676
8.58882855954625,-0.959415495252141
8.54700854700855,0.866106916676974
8.52964449974102,-0.614588804278905
8.47457627118644,-2.37824974974863
8.47086826655741,-3.63409469486318
8.41249704973612,-3.3533820622009
8.40336134453781,-2.05152311632845
8.35452805838287,1.57891245792694
8.33333333333333,1.35287139186709
8.29695852083491,-3.14820316455411
8.26446280991736,-2.15765956201791
8.23978568452852,-3.18049955448167
8.19672131147541,-3.46850910644492
8.18300681586739,-3.41717683384452
8.13008130081301,-3.0758800747386
8.12661920009195,-2.98379556546017
8.0706201411495,-2.52518924154368
8.06451612903226,-1.83656047999521
8.01500696156541,-3.58990573131679
8,-3.58661082826061
7.95977700231498,-3.19385203743512
7.93650793650794,-2.4524826718986
7.90492762269642,-3.24906380566902
7.8740157480315,0.9942431825226
7.85045620020451,-3.38724047628919
7.8125,-3.57495706452003
7.79636013040523,-3.24294927018213
7.75193798449612,-2.89321211022816
7.74263682681127,-3.07235019545633
7.69230769230769,-3.6273021944241
7.68928372075831,-3.28341461142612
7.63629826128224,-2.75922592243533
7.63358778625954,-2.76871725660988
7.58367791499719,-3.28888133596187
7.57575757575758,-3.18961193876366
7.53142016597437,-3.12950212261453
7.5187969924812,-2.66640681595798
7.47952251562182,-2.28578907669576
7.46268656716418,-3.53606053201129
7.42798248256492,-3.21102632412974
7.40740740740741,-2.72840137112807
7.37679760252773,-3.13271766485131
7.35294117647059,1.51486598208705
7.32596542821523,-3.47994382314449
7.2992700729927,-3.42242460156479
7.27548352919623,-3.13401852200426
7.2463768115942,-2.66521653010197
7.22534949178722,-1.9412979433571
7.19424460431655,0.68204411317554
7.17556091893693,-1.8113552432418
7.14285714285714,-2.65742630391214
7.12611543011175,-2.53890060496472
7.09219858156028,-2.44938619134644
7.07701066118189,-2.4875865553359
7.04225352112676,-0.704405531319774
7.02824426430835,-2.48216237576882
6.99300699300699,0.45714264687489
6.97981390783066,-2.53528898427173
6.94444444444444,-1.53998988432532
6.93171727615541,-3.52251759914482
6.89655172413793,-3.04124010569957
6.8839520696455,-2.94925209843346
6.84931506849315,-2.08987445474799
6.83651600451024,-1.4726104689207
6.80272108843537,-2.99853503798316
6.78940681269611,-1.97730091172924
6.75675675675676,-0.73547545181692
6.74262224177834,-3.23205268511689
6.71140939597315,-2.6491418498697
6.69616005485322,-3.07214853598098
6.66666666666667,-2.94701089573926
6.65001803043112,-2.30720615026207
6.62251655629139,-2.85110572043647
6.6041939623303,-3.63565783478792
6.57894736842105,-2.98098314859153
6.55868565957143,-0.655850483650208
6.5359477124183,-2.04265398323464
6.5134909462728,-2.77580832548206
6.49350649350649,-0.973006485670065
6.46860766154633,-1.38241137017512
6.45161290322581,-1.21070463751148
6.42403365939419,-3.52250353253721
6.41025641025641,-2.67276485606213
6.37976680860628,-2.78892851764523
6.36942675159236,-2.81059082603134
6.33580499265825,0.0354080584212868
6.32911392405063,-1.81873963762366
6.29214610961034,-3.38891823894313
6.28930817610063,-2.54125464557306
6.25,-3.35476954564306
6.24878807200689,-3.24904305147667
6.2111801242236,-1.65514230006412
6.2057288067765,-2.15925049924599
6.17283950617284,-2.33041240668704
6.16296625513294,-3.43261392641973
6.13496932515337,-3.2534694280042
6.1204983724767,-1.89345295362953
6.09756097560976,-3.579485280436
6.07832312829723,-2.00503993609616
6.06060606060606,-3.51423508022081
6.03643850607587,-3.23283392440372
6.02409638554217,-2.11434378168159
5.99484250318941,-2.7434176345629
5.98802395209581,-3.03410982093826
5.95353313081437,-2.92943246243534
5.95238095238095,-3.20819687205117
5.91715976331361,-2.87665357365044
5.91250841383188,-3.22064674200224
5.88235294117647,-3.27687930573141
5.87176639073326,-3.32607835333946
5.84795321637427,-2.26909574108098
5.83130511352622,-2.01747341196177
5.81395348837209,-3.4545711021296
5.79112264764176,-3.46599014454521
5.78034682080925,-3.56933496849028
5.75121707184161,-3.45355572144175
5.74712643678161,-1.32308281528021
5.71428571428571,-3.10574345189708
5.71158647812643,-2.65057420116333
5.68181818181818,-2.36936285274161
5.67222897164454,-3.06873629888899
5.64971751412429,0.359585528479518
5.63314267060136,-2.72575516565849
5.61797752808989,-2.31848635101327
5.59432570616938,-3.16320749143871
5.58659217877095,-2.17400932642583
5.55577622239888,-0.0593035719601955
5.55555555555556,-0.549587235679193
5.52486187845304,-2.76921559307534
5.51749237612913,-3.40001774203408
5.49450549450549,-2.88609203183016
5.47947233690029,-2.32741072149197
5.46448087431694,-3.61365989773817
5.44171428686589,-2.51115452393607
5.43478260869565,-3.45851492104289
5.40540540540541,-3.33310139188869
5.40421642070592,-3.07766811227377
5.37634408602151,-3.65112828016118
5.36697694554048,-2.40634589301974
5.3475935828877,-2.6901686418352
5.32999408084409,-2.98262111988701
5.31914893617021,-3.59727386581418
5.29326605836056,-3.50115674648778
5.29100529100529,-3.09824535413046
5.26315789473684,-3.48944450514405
5.25679112201842,-3.16358823876011
5.23560209424084,-1.99808070437858
5.22056752784698,-2.10912765338939
5.20833333333333,-2.19565240260952
5.18459354389291,-3.44744980793059
5.18134715025907,-3.57200338846293
5.15463917525773,-1.99952238358001
5.14886745013749,-1.40556466088288
5.12820512820513,-1.92406355432218
5.11338753841433,-3.31161386226473
5.10204081632653,-3.14516455317924
5.07815211232767,-3.23002055254089
5.0761421319797,-0.924262644492454
5.05050505050505,-3.39546682554795
5.04315948717136,-3.57277443913655
5.0251256281407,-3.15110612394438
5.00840798984821,-3.44303680039495
5,-3.31575362707947
4.97512437810945,-3.58955245782867
4.97389595879006,-2.89078107992132
4.95049504950495,-3.40437106191682
4.93962174387832,-3.12028174305906
4.92610837438424,-2.67786636292619
4.90558370636505,-2.89321855987172
4.90196078431372,-3.06063770602766
4.8780487804878,-0.55503719924162
4.87178021879463,-3.48419451932078
4.85436893203883,0.300284440859277
4.83820966492596,-1.31748605544005
4.83091787439613,-3.41046891565606
4.80769230769231,-3.60328410900923
4.80487043965513,-2.92136081906086
4.78468899521531,-2.43675660422023
4.77176094893875,-3.42167071444949
4.76190476190476,-3.415719370421
4.739336492891,-3.32884585319912
4.73887960971765,-3.25996379182028
4.71698113207547,-3.65904581037141
4.70622484984128,-3.61122581547341
4.69483568075117,-3.65924419245327
4.67379510799246,-3.44041674823644
4.67289719626168,-1.88426314802374
4.65116279069767,-2.5394435322401
4.64158883361278,-3.14610186258578
4.62962962962963,-2.50140990821391
4.60960448682843,-2.45367337721562
4.60829493087558,-1.12694854231942
4.58715596330275,-1.24442532927922
4.57784053837662,-2.10467620548475
4.5662100456621,-3.08187896256028
4.5462954695324,-3.21359935115661
4.54545454545455,-2.87623357487602
4.52488687782805,-2.03895495964998
4.5149677720361,0.0264851934542394
4.5045045045045,-0.154604148115349
4.48430493273543,-1.01112723959197
4.48385594802119,-1.13393378670359
4.46428571428571,-1.9259669598192
4.45295850994265,-1.83234225448198
4.44444444444444,-2.7009241609026
4.42477876106195,-3.279107398969
4.4222739805059,-3.63697228294007
4.40528634361233,-3.19005057182703
4.39180089259609,-3.40489984215939
4.3859649122807,-2.61285813450395
4.36681222707424,-3.65706970418129
4.361537789208,-3.31580037788096
4.34782608695652,-2.90307872903447
4.3314832233764,-1.17871604472382
4.32900432900433,-3.57812140619741
4.31034482758621,-2.81137916370649
4.30163575810679,-1.32474598594136
4.29184549356223,-3.15387024782403
4.27350427350427,-2.7865759714087
4.27199396630678,-3.49450589598858
4.25531914893617,-1.42064908198874
4.24255643071778,-3.48083237201454
4.23728813559322,-3.48267051632397
4.21940928270042,-2.95656002809134
4.21332174384729,-3.62861300806604
4.20168067226891,-1.20287651010802
4.18428850790158,-2.50981498026514
4.18410041841004,-2.11802561462157
4.16666666666667,-1.46925658483901
4.15545533471888,-2.98087597537879
4.149377593361,-1.89151066805691
4.13223140495868,-3.14354996637133
4.12682084570295,-2.86084877108585
4.11522633744856,-3.49848489985051
4.09838367175726,-3.57508531602606
4.0983606557377,-3.56473822239847
4.08163265306122,-3.53741799574542
4.07014245321944,-3.61580852140089
4.0650406504065,-3.62016958858872
4.04858299595142,-3.24586915815042
4.04209583979631,-3.2595388027605
4.03225806451613,-3.65535403181651
4.01606425702811,-2.86369656639242
4.01424249049932,-3.43543221232896
4,-2.44511172685885
3.98658107358044,-2.79015712655096
3.98406374501992,-3.40234490591247
3.96825396825397,-2.99761013312074
3.95911026646846,-1.63821590994028
3.95256916996047,-2.26618945720029
3.93700787401575,-3.41004549559251
3.93182875570577,-3.13927968485874
3.92156862745098,-3.08947945299679
3.90625,-0.981992242070429
3.90473523688556,-2.59918541957226
3.89105058365759,-3.32322092715712
3.87782841458946,-2.39510980846641
3.87596899224806,0.374723520440701
3.86100386100386,-3.20753434702167
3.85110700232557,-3.6472500810713
3.84615384615385,-3.53458165820659
3.83141762452107,-2.12156885841726
3.824569722467,-3.03687018045245
3.81679389312977,-2.19918682186541
3.80228136882129,-3.49014352559241
3.79821530619074,-2.17056748325266
3.78787878787879,-3.48865544713903
3.77358490566038,-3.61766426410751
3.772042493417,-2.22706750206937
3.7593984962406,-3.33220191888618
3.74605003274899,-2.51446723023225
3.74531835205992,-1.48515637969823
3.73134328358209,-2.77419157373849
3.72023668141307,-2.45487252033116
3.71747211895911,-3.26239960886515
3.7037037037037,-1.53473251971
3.6946012051993,-3.3962979402719
3.690036900369,-3.64539862201498
3.67647058823529,-3.56560121471015
3.66914237840249,-3.09438567005305
3.66300366300366,-3.56413860371178
3.64963503649635,-3.6100220846324
3.64385898376355,1.40436330162625
3.63636363636364,-2.24848291282451
3.6231884057971,-3.01809336117936
3.61874981241128,-3.55759245252919
3.6101083032491,-2.03905813674448
3.59712230215827,-2.63297523807686
3.59381366380463,-3.46093229656672
3.584229390681,-1.77310264157607
3.57142857142857,-1.55529281876856
3.56904934567523,-2.26434421992154
3.55871886120996,-3.18079789301678
3.54609929078014,-2.94720596085942
3.54445567397043,-3.13139068597685
3.53356890459364,-3.49577787460707
3.52112676056338,-0.822131425209515
3.52003147279668,-3.24248019308539
3.50877192982456,-2.99189116423708
3.4965034965035,-3.41131405641228
3.49577557436328,-3.64244634852251
3.48432055749129,-1.85144862884469
3.47222222222222,-3.51209319678018
3.47168681892656,-2.77487827240979
3.46020761245675,-3.24557487387558
3.44827586206897,-3.50944448443293
3.44776405473446,-2.53158287477036
3.43642611683849,-3.27094532467681
3.42465753424658,-3.14667442570883
3.42400613797142,-3.07720400859601
3.41296928327645,-1.62776864120657
3.40136054421769,-1.30197231888176
3.40041193270371,-2.91409929348411
3.38983050847458,-2.15322812709676
3.37837837837838,2.03193023674929
3.37698031082509,-3.08014737481148
3.36700336700337,-2.33321633003937
3.35570469798658,-3.39484985888309
3.35371015200293,-3.58168477693097
3.34448160535117,-0.162027854710895
3.33333333333333,-1.34037190502455
3.33060034362459,-1.49802390732141
3.32225913621262,-2.2452888047551
3.3112582781457,-1.79657260423606
3.30764978074424,-3.07834248675409
3.3003300330033,-1.73689959266705
3.28947368421053,-3.50681778830836
3.28485736603004,-2.76148714524917
3.27868852459016,-3.2067987800025
3.26797385620915,-3.47774201591092
3.26222200971167,-3.428499324952
3.25732899022801,-2.49051882085653
3.24675324675325,-2.3536684229645
3.2397426295282,-1.71201225704105
3.23624595469256,-3.01288505051825
3.2258064516129,-3.11380454481509
3.21741815067637,-1.74837962007266
3.21543408360129,0.788163623173195
3.20512820512821,-0.95422133973248
3.19524750575921,-3.29315416839209
3.19488817891374,-2.85474492491992
3.18471337579618,-2.07584098396672
3.17460317460317,-2.96127951258266
3.17322963473498,-3.27842977900495
3.16455696202532,-2.87342678850861
3.15457413249211,-3.11918812033265
3.15136348486648,-3.14124229906606
3.14465408805031,-2.04628472008137
3.13479623824451,1.19509362008616
3.12964801067075,-1.11047647301491
3.125,-3.63242574456025
3.11526479750779,-3.19784987884806
3.10808217386906,-1.52184317656941
3.1055900621118,-3.35037459401611
3.09597523219814,-2.3891756825014
3.08666494333727,-2.79174083348731
3.08641975308642,-2.66231549499609
3.07692307692308,-3.55043993428039
3.06748466257669,-3.58983239597701
3.06539529505653,-2.94490193010479
3.05810397553517,-3.55858298211374
3.04878048780488,-1.7774461509796
3.0442722120643,-3.5475053347349
3.03951367781155,-3.40242010276047
3.03030303030303,-2.49345975757437
3.02329468440578,-1.71803174516809
3.02114803625378,-1.55196232059988
3.01204819277108,-3.6169938067902
3.003003003003,-3.65485198767105
3.00246170908555,-3.07994013929142
2.9940119760479,-3.1772236146909
2.98507462686567,-3.38721010815221
2.98177229001967,-2.48436419346312
2.97619047619048,-2.62579442977896
2.9673590504451,-2.93997422491851
2.96122543798803,-3.40785604834549
2.9585798816568,-3.52406279650527
2.94985250737463,-3.524632681922
2.94117647058824,-2.10052153554987
2.94082017058706,-3.34422415796551
2.93255131964809,-2.97236885419924
2.92397660818713,-3.49405068234629
2.92055551218275,-3.12517606668571
2.91545189504373,-2.24742650741204
2.90697674418605,-3.31502442996024
2.90043049386399,-3.33207880168889
2.89855072463768,-2.97001748872246
2.89017341040462,-2.72516009896695
2.88184438040346,-3.32570709021162
2.8804441533963,-3.41546427509128
2.8735632183908,-3.4338269348127
2.86532951289398,-3.51809112106893
2.86059553517574,-1.97397071223024
2.85714285714286,-3.44928105084098
2.84900284900285,-3.43293722999739
2.84090909090909,-2.94461463631701
2.8408836901833,-3.0292700968959
2.8328611898017,-3.64955736620167
2.82485875706215,-2.63488453801015
2.82130767593947,-2.65337310939018
2.8169014084507,-0.881265496532488
2.80898876404494,-1.8248007400531
2.8018665564592,-2.22284750597437
2.80112044817927,-1.54159663172107
2.79329608938547,-2.17784204946035
2.78551532033426,-2.68546534072957
2.78255940220712,-3.16832345780686
2.77777777777778,-2.31368499633545
2.77008310249307,-3.10630569412298
2.76338529005317,-2.71112670564114
2.76243093922652,-1.76075855136566
2.75482093663912,-1.69328220821326
2.74725274725275,-3.49375251007431
2.74434330322836,-3.61935187457315
2.73972602739726,-3.4900742461108
2.73224043715847,-2.97015743109808
2.72543253128103,-3.54374582055506
2.72479564032698,-2.94399710842883
2.71739130434783,-1.80867156431956
2.710027100271,-3.51203244863647
2.70665207003324,-3.49653993446087
2.7027027027027,-3.47293479852233
2.69541778975741,-3.25985374161926
2.68817204301075,-1.2236386453104
2.68800102153761,-1.42997117310288
2.68096514745308,-0.443720734437515
2.67379679144385,-1.27939272749539
2.66947849403432,-3.50499247861718
2.66666666666667,1.15458306127239
2.65957446808511,-1.93601822468319
2.6525198938992,-2.99695559834752
2.65108360190854,-3.2763082234217
2.64550264550265,-1.82393623521586
2.63852242744063,-1.35332171363661
2.63281546564802,-3.26419659989353
2.63157894736842,-1.31794762216641
2.6246719160105,-2.02204121712078
2.61780104712042,-3.13082262076254
2.61467321180109,-2.09416973008346
2.61096605744125,-3.66153067222067
2.60416666666667,-3.45026918333432
2.5974025974026,-2.63155587784221
2.59665597293487,-3.25453327027419
2.59067357512953,-3.42912343301391
2.58397932816537,-2.27612127290127
2.5787628875938,-3.1353101909646
2.57731958762887,-3.04740272211567
2.5706940874036,-2.61989626656414
2.56410256410256,-1.243725055565
2.56099310025846,-3.01667896058675
2.55754475703325,-0.966798548642184
2.55102040816327,-1.55959383731705
2.54452926208651,-1.86431259947984
2.54334576130465,-3.27430296505566
2.53807106598985,-3.62129243238227
2.53164556962025,-2.03861936038815
2.52582002696278,-3.40336261847831
2.52525252525253,-3.14251626253478
2.51889168765743,-3.61641089343164
2.51256281407035,-2.88036317016768
2.50841505927754,-2.17251031184041
2.5062656641604,-3.45040527163375
2.5,-3.23100215916947
2.49376558603491,-3.3440497516879
2.49113002606779,-3.31139420728565
2.48756218905473,-2.92155014709642
2.48138957816377,-3.65915002567329
2.47524752475248,-1.88015626963208
2.47396410088681,-3.07619322962706
2.46913580246914,-3.43389816354802
2.46305418719212,-3.47218780381247
2.45700245700246,-0.222691381357929
2.45691646298279,0.317428708913572
2.45098039215686,-3.35522756845678
2.44498777506112,-3.10394937880236
2.43998629725955,-2.53587887375825
2.4390243902439,-3.00791842799533
2.4330900243309,-2.97986614495393
2.42718446601942,-3.65237942674771
2.4231727942376,-3.08684805256216
2.42130750605327,-3.58709366444766
2.41545893719807,-3.03419539262252
2.40963855421687,-3.37255523384887
2.40647515001542,-2.92604663526647
2.40384615384615,-2.37620884470366
2.39808153477218,-2.70744999650857
2.39234449760766,-2.52690986715681
2.38989256623105,-2.68237174267106
2.38663484486874,-1.66390683847332
2.38095238095238,-3.3906000733226
2.37529691211401,-3.62033035532819
2.37342425002387,-3.56387059654407
2.3696682464455,-3.4955586201632
2.36406619385343,-1.92386841558244
2.35849056603774,-2.8843603920083
2.35706941399673,-3.09668559688042
2.35294117647059,-3.15729783149738
2.34741784037559,-3.33226891543709
2.34192037470726,-2.59645208850538
2.34082727617829,-3.6616409513753
2.33644859813084,-2.47370368338361
2.33100233100233,-2.57521548204762
2.32558139534884,-3.39743846511028
2.32469705998565,-3.61266004475724
2.32018561484919,-1.50136501347536
2.31481481481481,-3.15066240395786
2.3094688221709,-3.07841112254537
2.30867799418717,-3.05361899478957
2.30414746543779,-3.10342953711601
2.29885057471264,-2.38644365716417
2.29357798165138,0.260327561677077
2.29276931286565,-1.73093595710999
2.2883295194508,-3.34973592017489
2.28310502283105,-3.65576086778499
2.27790432801822,-1.17574681857827
2.27697025538168,-2.46781399766275
2.27272727272727,-3.07108757637028
2.26757369614512,-3.39181397374012
2.26244343891403,-2.36174795549224
2.26128006633728,-3.00994643018633
2.25733634311512,-3.64640384133709
2.25225225225225,-2.87969420977869
2.24719101123596,-3.21946706989921
2.24569799553977,-3.19772325878868
2.24215246636771,-3.64308889202435
2.23713646532438,-3.30784035752462
2.23214285714286,-2.02768676897729
2.23022329796594,-3.17560154524092
2.2271714922049,-3.56421157134239
2.22222222222222,-2.62578197427664
2.21729490022173,0.204691658912471
2.21485523372636,-3.47331213060211
2.21238938053097,-3.43458272908047
2.2075055187638,-3.02832946056226
2.20264317180617,-1.79856423903014
2.19959306803007,-2.09022825755398
2.1978021978022,-3.48012044958672
2.19298245614035,-3.14324683829507
2.18818380743982,-3.54393712618183
2.18443607114943,-1.4247026704641
2.18340611353712,-2.58106530549325
2.17864923747277,-3.38316146586653
2.17391304347826,-3.20397668505206
2.16938351838518,-3.38647223951444
2.16919739696312,-3.50186191436232
2.16450216450216,-3.51741809122712
2.15982721382289,-1.42872698859541
2.1551724137931,-3.32631623741782
2.15443469003188,-2.91322923584756
2.1505376344086,-3.19370216502791
2.14592274678112,-3.34889768223361
2.14132762312634,-3.14079666977822
2.13958887134342,-3.35690146411603
2.13675213675214,-1.10497267358694
2.13219616204691,-3.26238447557243
2.12765957446809,-1.98328094706634
2.12484535249888,-3.40008714164322
2.12314225053079,-1.9284970892062
2.11864406779661,-3.41714531833544
2.11416490486258,-3.46162261895379
2.1102034285686,-2.61217672098597
2.10970464135021,-3.39093311310547
2.10526315789474,-3.21332734274291
2.10084033613445,-3.30209976740478
2.09643605870021,-3.41861410679244
2.09566239948043,-3.45036934341801
2.09205020920502,-3.2950065390025
2.08768267223382,-2.29840949791288
2.08333333333333,-1.47252827722239
2.08122156998634,-3.11064431765443
2.07900207900208,-3.3958933608476
2.0746887966805,-3.14232414895276
2.0703933747412,-3.32266183736614
2.06688024962908,-3.6387300021408
2.06611570247934,-3.28370085100765
2.06185567010309,-3.05274440521354
2.05761316872428,-2.55195268780507
2.05338809034908,-3.25869247643375
2.05263775270925,-1.97696573486415
2.04918032786885,-3.49694914567156
2.04498977505112,-2.74212263466715
2.04081632653061,-3.60858093859671
2.03849339825246,-3.60063809283316
2.03665987780041,-3.64936985384308
2.03252032520325,-2.71410590480015
2.02839756592292,-3.26992961850332
2.0244465099768,-3.33884242637226
2.02429149797571,-3.05600242884635
2.02020202020202,-2.98661338969274
2.01612903225806,-3.50401844664087
2.01207243460765,-1.70963085176053
2.0104964162605,-2.33419557610214
2.00803212851406,-2.85315469523327
2.00400801603206,-3.62191433646073
2,-3.60203326835632
1.99664245010979,-3.60614950825434
1.99600798403194,-3.43028514222608
1.99203187250996,-3.555456680782
1.98807157057654,-3.31460052039001
1.98412698412698,-3.58751107172675
1.98288394912707,-3.44845909148223
1.98019801980198,-3.18571787981402
1.97628458498024,-2.57460219112785
1.9723865877712,-3.05262083428685
1.96922025547917,-3.02232302404125
1.96850393700787,-3.16168121110958
1.96463654223969,-3.4923636817122
1.96078431372549,-3.32603620991692
1.95694716242661,-3.37282296914192
1.95565071586595,-2.63066257831961
1.953125,-3.28673264592818
1.94931773879142,-2.34681245838758
1.94552529182879,-3.38618070942057
1.94217468148903,-3.17762184623042
1.94174757281553,-2.88788636974483
1.93798449612403,-3.49238548248827
1.93423597678917,-3.46086125459102
1.93050193050193,-3.37797895731698
1.92879150802078,-3.05648739477096
1.92678227360308,-3.34023151200473
1.92307692307692,-2.39523134025161
1.91938579654511,-2.089100553714
1.91570881226054,-3.18577691351639
1.91550055557353,-3.54978735030179
1.91204588910134,-3.12297356320085
1.90839694656489,-2.22815677029085
1.9047619047619,-3.54299066303461
1.90230118866894,-3.64731874731153
1.90114068441065,-3.53685516320216
1.89753320683112,-3.36329880399038
1.89393939393939,-3.46269414832285
1.89035916824197,-2.72131782427332
1.88919277620767,-3.26357783430957
1.88679245283019,-2.41642980449604
1.88323917137476,-3.26023124780927
1.8796992481203,0.219896953302073
1.87617469143912,-2.90114146244467
1.87617260787992,-2.90786271504391
1.87265917602996,-3.42364755012879
1.86915887850467,-3.26172949988991
1.86567164179104,-3.55304261740904
1.86324631193156,-3.48966043611629
1.86219739292365,-3.17146127027585
1.85873605947955,-3.52462390615947
1.85528756957328,-3.30339654248366
1.85185185185185,-3.48512707532658
1.8504070195423,-3.34637682380839
1.84842883548983,-2.0792591790785
1.8450184501845,-2.41939893263595
1.84162062615101,-3.496903308331
1.83823529411765,-2.62926458122264
1.83765620038817,-3.65647098957013
1.8348623853211,-3.37072227318766
1.83150183150183,-3.53358096389202
1.82815356489945,-2.15326549520965
1.82499324481615,-2.9402323594973
1.82481751824817,-3.26438754967934
1.82149362477231,-1.61347037228695
1.81818181818182,-2.23214575133046
1.81488203266788,-3.63533654576629
1.81241754737424,-1.45421766403127
1.81159420289855,-2.41061569940571
1.80831826401447,-3.58598691693681
1.80505415162455,-3.6078626837929
1.8018018018018,-2.6709567602481
1.79992850678248,-1.78940642156108
1.79856115107914,-3.13987731912369
1.79533213644524,-3.61121522841942
1.7921146953405,-3.59178776004237
1.78890876565295,-3.21137075154676
1.78752552590424,-3.11352943679624
1.78571428571429,-3.63427618455905
1.7825311942959,-2.4190653688597
1.77935943060498,-3.23226379723449
1.77619893428064,-3.20559398979749
1.77520801171763,-2.71304273525693
1.77304964539007,0.0345736969836894
1.76991150442478,-3.44129853832571
1.76678445229682,-2.56347257968057
1.7636684303351,-1.68943089622972
1.76297537528721,-3.48639186409634
1.76056338028169,-2.81621153034772
1.75746924428822,-3.56355817154492
1.75438596491228,-3.52482604860223
1.75131348511384,-2.52135959056768
1.75082703173572,-2.25299971000036
1.74825174825175,-3.02096748955882
1.74520069808028,-2.89209166048142
1.74216027874564,-2.61163707697663
1.73913043478261,-3.63329788236286
1.73876240021625,-3.62081458039374
1.73611111111111,-2.43969766792649
1.73310225303293,-2.03791257848034
1.73010380622837,-3.51714002360633
1.72711571675302,-3.12338491298969
1.72678090388436,-2.93930280488938
1.72413793103448,-2.66244069895977
1.72117039586919,-3.39753184102603
1.71821305841924,-2.26176102062162
1.71526586620926,-1.2145731522997
1.71488196987054,-3.29776822436814
1.71232876712329,-2.75789494706138
1.70940170940171,-1.52455360623254
1.70648464163823,-3.64313290056243
1.70357751277683,-3.63932955872705
1.70306502925284,-3.55536154765768
1.70068027210884,-3.07523456574192
1.69779286926995,-3.05855767961914
1.69491525423729,-3.10656244787411
1.69204737732657,-3.6416692766014
1.69132951702965,-3.51339052089098
1.68918918918919,-3.00100193720841
1.68634064080944,-2.5225129850118
1.68350168350168,-3.20026856763045
1.68067226890756,-1.59388023823346
1.67967487209265,-3.43971843361221
1.67785234899329,-2.39728913689548
1.6750418760469,-3.19532761953287
1.67224080267559,-3.35479657512804
1.669449081803,-2.67373620320658
1.66810053720006,-3.25757062506348
1.66666666666667,-3.48290673475442
1.66389351081531,-3.5575516156686
1.66112956810631,-2.05883777381059
1.65837479270315,-3.61326545711044
1.65660595894991,-3.56729270441714
1.65562913907285,-1.91274736237865
1.65289256198347,-2.50951160513751
1.65016501650165,-3.64484318844971
1.64744645799012,-2.9840365705089
1.64519058775366,-3.06441400620526
1.64473684210526,-1.40271896684775
1.64203612479475,-3.23052104203229
1.63934426229508,-3.08942894727694
1.6366612111293,0.204402373957994
1.63398692810458,-2.68207425153976
1.63385387780986,-3.57561539478278
1.63132137030995,-2.7956822985828
1.62866449511401,-2.75949575701987
1.6260162601626,-3.13045034762539
1.62337662337662,-3.46453101593014
1.62259528707809,-3.4345660723401
1.62074554294976,-3.53253806967286
1.61812297734628,-3.65962225780442
1.61550888529887,-3.42140384868504
1.61290322580645,-1.94346290162612
1.61141427725302,-3.41340123973081
1.61030595813205,-2.44560114971663
1.60771704180064,-3.18706817329645
1.60513643659711,-1.32494882652689
1.6025641025641,-1.74415385444019
1.6003103137387,-2.52836443875223
1.6,-0.595299196340345
1.59744408945687,-1.52785240216691
1.59489633173844,1.1948490131267
1.59235668789809,-0.288447991588082
1.58982511923688,-3.02181153808449
1.58928286562298,-1.30954543629742
1.58730158730159,-2.60744829052715
1.58478605388273,-2.84737606524665
1.58227848101266,-0.954637426051344
1.57977883096367,-3.44270470752702
1.57833140565212,-3.60224830842018
1.57728706624606,-1.46244442048735
1.5748031496063,-3.35343109229411
1.57232704402516,-3.37695124063931
1.56985871271586,-2.06949694230063
1.5674554102056,-2.37498927535789
1.56739811912226,-1.90040826727865
1.56494522691706,-1.87469251039517
1.5625,-2.01346333433987
1.5600624024961,-3.48292926641248
1.55763239875389,-3.35314584788126
1.55665435927106,-3.31962684388373
1.5552099533437,-1.42975280817258
1.5527950310559,-1.37964508322987
1.55038759689922,-1.12185996495186
1.54798761609907,-0.136903361817001
1.54592773641948,-2.81936149480411
1.54559505409583,-3.26855600059416
1.54320987654321,-2.85711634502
1.54083204930663,-3.00268425269096
1.53846153846154,-3.53321767722978
1.53609831029186,-1.88318520278848
1.53527502878042,-0.852636976340771
1.53374233128834,-3.39501398443222
1.53139356814701,-3.58263555925982
1.52905198776758,-3.54678169117009
1.52671755725191,-2.58292213726282
1.52469572701757,-3.63427074009108
1.52439024390244,-2.88184483417616
1.5220700152207,-3.55351219599818
1.51975683890577,-2.60500598310805
1.51745068285281,-2.19192860587863
1.51515151515152,-1.79413767808024
1.51418932530435,-3.54800803459583
1.51285930408472,-3.38420522534345
1.51057401812689,-2.88998261225215
1.50829562594268,-1.59285738394434
1.50602409638554,-3.53524234647868
1.50375939849624,-3.33943474592221
1.50375532129974,-3.37373961674295
1.5015015015015,-3.31615383980319
1.49925037481259,-3.1176222612696
1.49700598802395,-3.28168918342937
1.49476831091181,-2.30463365162934
1.49339321612425,-1.36288844403851
1.49253731343284,-3.60319620071628
1.4903129657228,-2.99398296135235
1.48809523809524,-1.3005974151692
1.48588410104012,-3.53389871485696
1.48367952522255,-3.44432154720946
1.4831025143361,-3.24222395057945
1.48148148148148,-3.23252649967209
1.4792899408284,-3.22823152384181
1.47710487444609,-3.32180051670611
1.47492625368732,-3.18103186701743
1.4728827239075,-3.23088029599013
1.47275405007364,-3.60293543777619
1.47058823529412,-3.63495290738133
1.46842878120411,0.940201247271536
1.46627565982405,-2.46858616766847
1.46412884333821,-1.9229967502293
1.46273335620113,-2.11405629334275
1.46198830409357,-1.46092427260278
1.45985401459854,-2.96560322676522
1.45772594752187,-3.55396604088476
1.45560407569141,-2.10574494374613
1.45348837209302,0.0483255302705361
1.45265392594678,-3.27646816644478
1.45137880986938,-0.286063157886967
1.44927536231884,-3.05902214918741
1.44717800289436,-1.49430452033452
1.44508670520231,-1.34503964701711
1.44300144300144,-2.7286127239664
1.44264395121816,-3.29485288777608
1.44092219020173,-3.33104661950245
1.43884892086331,-1.06825577942088
1.4367816091954,-3.49161053883004
1.43472022955524,-2.45852824355618
1.43270295340983,-3.2451022702226
1.43266475644699,-3.21870091261821
1.43061516452074,-1.84100033524178
1.42857142857143,3.05586776795166
1.4265335235378,0.144440227869826
1.42450142450142,-2.08478325311982
1.42283045721435,-0.783457195468581
1.42247510668563,-2.20682687203192
1.42045454545455,-0.48513671849518
1.41843971631206,-2.92921920426216
1.41643059490085,0.18797521769405
1.41442715700141,0.489929340905253
1.41302599059953,-0.307001856820231
1.41242937853107,-2.18783506150778
1.41043723554302,-2.90474385748562
1.40845070422535,-3.49071822201928
1.40646976090014,-3.12905204149909
1.40449438202247,-2.73797687616264
1.40328908478587,-1.22552269640455
1.40252454417952,-3.59799819490014
1.40056022408964,-3.50020822918519
1.3986013986014,-3.35822726909673
1.39664804469274,-1.78582816549509
1.39470013947001,-2.44016694368569
1.39361927422414,0.00832215163426486
1.39275766016713,-3.10727168981391
1.39082058414465,-1.49411203469951
1.38888888888889,-2.16219728722872
1.3869625520111,-2.81612235257038
1.38504155124654,-2.21250062846407
1.38401609657313,-1.22468939988483
1.38312586445367,-1.53374247677184
1.38121546961326,-2.62284883489887
1.37931034482759,-2.85795754526044
1.37741046831956,-3.603246163537
1.37551581843191,-3.426420566265
1.37447909267754,-2.03236503217733
1.37362637362637,-3.61505634967998
1.37174211248285,-3.35420780251659
1.36986301369863,-2.17551752361576
1.36798905608755,-3.58991025593324
1.36612021857923,-3.09880499215539
1.36500780654601,-2.3947198874104
1.36425648021828,-2.16057055507171
1.36239782016349,-3.04979975313081
1.36054421768707,-3.00129120312938
1.35869565217391,-3.47265258469171
1.35685210312076,-3.51887610510304
1.35560178532937,-2.59810798501071
1.3550135501355,-2.35340901537553
1.3531799729364,-3.12277085798452
1.35135135135135,-3.2380632883446
1.34952766531714,-3.31680695709179
1.34770889487871,-1.41766513710869
1.34626057929891,-2.18322311714858
1.34589502018843,-3.01274235088119
1.34408602150538,-1.51500963330939
1.34228187919463,-3.32799800771503
1.34048257372654,-3.48661394304444
1.33868808567604,-3.25307600963047
1.33698374182495,-2.91828025686278
1.33689839572193,-3.43680512835881
1.33511348464619,-3.31115163539256
1.33333333333333,-2.19144569805065
1.33155792276964,-2.28395880797252
1.32978723404255,-3.27796829674473
1.32802124833997,-3.29627476408241
1.32777082935543,-3.37530877723058
1.3262599469496,-3.52249317990335
1.32450331125828,-2.28759084223271
1.32275132275132,-2.50784375754399
1.32100396301189,-3.33376953105614
1.31926121372032,-3.02913054003197
1.31862140139475,-3.55246241642053
1.31752305665349,-2.80947268567815
1.31578947368421,-2.629373232573
1.31406044678055,-0.745927778142838
1.31233595800525,0.543903865221144
1.31061598951507,-1.58418434110448
1.30953502048267,-2.85402510002181
1.30890052356021,-2.74577685180223
1.30718954248366,-1.15667946519646
1.30548302872063,-1.34944573443949
1.30378096479791,-3.48132786766105
1.30208333333333,-1.84696407267607
1.30051125217341,-2.24944332333483
1.30039011703511,-2.69138131855719
1.2987012987013,-3.4429033883796
1.2970168612192,-3.61484038803219
1.29533678756477,-2.79111991012401
1.29366106080207,-2.48654462047927
1.29198966408269,-3.48234223911414
1.29154966501488,-2.29483314411795
1.29032258064516,-3.25723281585466
1.28865979381443,-3.29595616393173
1.28700128700129,-2.4194718698309
1.2853470437018,1.58239712798447
1.28369704749679,-2.46805372691652
1.28264983052806,-3.49454651119724
1.28205128205128,-2.37564642627039
1.28040973111396,0.9839897988815
1.27877237851662,-1.94211214998539
1.27713920817369,-1.72737230594502
1.27551020408163,-1.89473125778205
1.27388535031847,-0.961877387720373
1.27381132318648,-1.68625781411098
1.27226463104326,-2.77092951125537
1.27064803049555,-3.62628401936096
1.26903553299492,-3.47673975698059
1.26742712294043,-3.14049199457765
1.26582278481013,-2.4172052408263
1.2650337203959,-3.4778407831604
1.26422250316056,-1.39450698382826
1.26262626262626,-3.39676013645448
1.26103404791929,-3.37029086611728
1.25944584382872,-1.47326877930918
1.25786163522013,-1.67992631912163
1.25631660247412,-2.66998031797804
1.25628140703518,-2.26173242413862
1.25470514429109,-0.919976812834004
1.2531328320802,-3.18238912951217
1.25156445556946,-2.92888916134542
1.25,-3.20683980434564
1.24843945068664,-2.57193105034294
1.24765955263087,-2.84590976357556
1.24688279301746,-3.54694551342366
1.2453300124533,-2.60768080973649
1.24378109452736,-2.61831982538045
1.24223602484472,-3.27043653254197
1.24069478908189,-2.71155583625498
1.23915737298637,-3.23037479752754
1.23906215694792,-3.10817352598734
1.23762376237624,-2.21617038884686
1.23609394313968,-2.97536571891306
1.23456790123457,-3.23832047465533
1.23304562268804,-1.30657518238207
1.23152709359606,-3.42676686092811
1.23052400435926,-2.73090575822259
1.230012300123,-1.81935729649951
1.22850122850123,-3.65087550006835
1.22699386503067,-3.44136719370457
1.22549019607843,-2.68670103659745
1.22399020807834,-3.33340963136514
1.22249388753056,-2.79398260788734
1.22204468663149,-3.52874198034196
1.22100122100122,-2.37139431731945
1.21951219512195,-2.25268053468495
1.21802679658952,-2.59074406786511
1.21654501216545,-1.46680351771441
1.21506682867558,0.109740472940065
1.21362379834424,-2.57068447746648
1.21359223300971,-3.29786636487311
1.21212121212121,-2.65584811693683
1.21065375302663,-0.717865893187944
1.20918984280532,-3.0101466995179
1.20772946859903,-3.14554732001879
1.20627261761158,-2.77973605897049
1.20526093687084,-3.64328959338605
1.20481927710843,-3.51591496312757
1.20336943441637,-3.1838909388468
1.20192307692308,-2.85858563883529
1.20048019207683,-3.33668322811361
1.19904076738609,-1.13325473101501
1.19760479041916,-3.57719164768953
1.19695570235904,-3.03090284578694
1.19617224880383,-3.58367065888562
1.194743130227,-2.55992721192235
1.19331742243437,-2.85349785677006
1.19189511323004,-1.00698915088442
1.19047619047619,-3.0491920452785
1.18906064209275,-2.46636180431424
1.1887076977119,-3.30187582779633
1.18764845605701,-0.861740525047916
1.18623962040332,-2.83265627579233
1.18483412322275,-2.67003979294879
1.18343195266272,-1.26203342398703
1.18203309692671,-0.706998541296154
1.18063754427391,-1.30265630999396
1.18051652856881,-3.35375215222977
1.17924528301887,-1.38323284245193
1.17785630153121,-2.90915013475795
1.17647058823529,-3.05037525114555
1.17508813160987,-2.87640681304189
1.17370892018779,-1.70076349511317
1.1723818032866,-2.47858427463906
1.17233294255569,-1.36609824939076
1.17096018735363,-2.8304044723305
1.16959064327485,-3.38734053879538
1.16822429906542,-2.123515170011
1.16686114352392,1.89300085392394
1.16550116550117,-2.0388943949908
1.16430313292088,-3.29261632643137
1.16414435389988,-2.60885210719159
1.16279069767442,-0.410721950724546
1.16144018583043,-1.96142255668893
1.16009280742459,-3.20312419358357
1.15874855156431,-3.0517554159051
1.15740740740741,-0.632616276443609
1.15628013120738,-3.51470949874679
1.15606936416185,-2.44057800054996
1.15473441108545,-3.27190916804606
1.15340253748558,-2.17536268681529
1.15207373271889,-3.29031113523605
1.15074798619102,-2.02291817052274
1.14942528735632,-3.47287572797743
1.14831241454351,-3.14622371414797
1.14810562571757,-3.38854795725181
1.14678899082569,-2.35117790100953
1.1454753722795,-3.13802607706402
1.1441647597254,-2.71642422160307
1.14285714285714,-3.63485532277773
1.14155251141553,-1.73503765323631
1.14039960197003,-1.41931604549854
1.14025085518814,-3.09816494306302
1.13895216400911,-3.2565251699648
1.13765642775882,-2.11516728767829
1.13636363636364,-1.47847765304486
1.13507377979569,-3.17915243970351
1.13378684807256,-0.95194801277817
1.13254131515281,3.88154684621619
1.13250283125708,2.58175326107189
1.13122171945701,-3.11535478812318
1.12994350282486,-3.4502024858104
1.12866817155756,-2.47631333423639
1.12739571589628,-0.938242798438902
1.12612612612613,-2.73637968055878
1.12485939257593,-3.19169727851779
1.12473717836475,-2.91744476724936
1.12359550561798,-2.14287188837043
1.12233445566779,-3.51337330719924
1.12107623318386,-1.94304200419914
1.11982082866741,-3.56978091937664
1.11856823266219,-3.49927498093914
1.11731843575419,-1.15249098979207
1.11698681846782,-3.45880166848677
1.11607142857143,-3.45161952079924
1.11482720178372,-3.54150614251987
1.11358574610245,-2.73340534143163
1.11234705228031,-0.132265962658503
1.11111111111111,-1.86720802851125
1.10987791342952,-2.85531149036718
1.10928986489522,-2.74797078563402
1.10864745011086,-1.83021956592902
1.10741971207087,-3.65781662457523
1.10619469026549,-2.64239746281266
1.10497237569061,-3.15437808465243
1.1037527593819,-3.57628626865447
1.10253583241455,-2.95585363547293
1.10164594963366,-3.35095595760778
1.10132158590308,-2.82573169586272
1.1001100110011,0.499055204909003
1.0989010989011,-3.12427601325639
1.09769484083425,-3.061689885526
1.09649122807018,-3.61103355801402
1.09529025191676,-2.41028799373496
1.09409190371991,-3.40355612642433
1.09405470720574,-3.39233509590506
1.09289617486339,-3.01231267684146
1.09170305676856,-3.35667695299794
1.09051254089422,-2.7320116762243
1.08932461873638,-1.07360960776388
1.08813928182807,-3.16199484922684
1.08695652173913,-1.34637853940454
1.08651577465254,-1.18363057280693
1.085776330076,-0.742014237487761
1.08459869848156,-3.3563996483282
1.08342361863489,-2.48310171011998
1.08225108225108,-2.06563050549381
1.08108108108108,-0.498477196929467
1.07991360691145,-1.21439682594619
1.07902879151618,-1.28138710281096
1.07874865156419,-2.82244769752368
1.07758620689655,-1.74014511776214
1.07642626480086,-2.25332539995515
1.0752688172043,-2.7523141295225
1.07411385606874,-3.03678763387647
1.07296137339056,-2.49728701642457
1.07181136120043,-1.64689616442451
1.07159339982267,-2.20281994757674
1.07066381156317,-2.6491020408951
1.06951871657754,-0.512122228975652
1.06837606837607,-0.962283321772143
1.06723585912487,-0.989982104527665
1.06609808102345,-0.484355754245494
1.06496272630458,-3.35028545343628
1.06420924406472,-2.52624463274973
1.06382978723404,-2.38301718951324
1.06269925611052,-0.345501047465272
1.06157112526539,-3.20288062409453
1.06044538706257,-1.45129957180778
1.0593220338983,-1.20271147462919
1.05820105820106,-2.39007719921089
1.05708245243129,-3.06188706142994
1.0568759711848,-3.50730856986037
1.05596620908131,-3.47323709693246
1.05485232067511,-2.88665558963118
1.05374077976818,-3.27988907623442
1.05263157894737,-2.64980700037962
1.0515247108307,-3.16385801378861
1.05042016806723,-2.70980710619157
1.04959323055823,-3.1491239265605
1.04931794333683,-1.5720117326753
1.0482180293501,-2.52947715901957
1.04712041884817,-2.92739422023548
1.04602510460251,-3.16859613797181
1.04493207941484,-3.19917120826373
1.04384133611691,-3.49313373073853
1.04275286757039,-2.88668545799448
1.0423606739764,-1.52084486485561
1.04166666666667,2.59968993825298
1.04058272632674,-0.705950708458583
1.03950103950104,-0.191850976006815
1.03842159916926,1.52501865669781
1.03734439834025,-2.59167649554432
1.03626943005181,-3.63138219453115
1.0351966873706,-2.47197301361318
1.03517795563018,-2.02412824620698
1.03412616339193,-3.57555101923354
1.03305785123967,-2.57180218710944
1.03199174406605,-3.14606332231552
1.03092783505155,-3.15659364933309
1.02986611740474,-3.58987177269121
1.02880658436214,-2.79724792387774
1.02804473209331,0.257656698452071
1.02774922918808,-3.46932953303401
1.02669404517454,-3.63418856323896
1.02564102564103,-3.33479969115462
1.02459016393443,-3.26102121207584
1.02354145342886,-2.97605225744941
1.02249488752556,-3.62690724637964
1.02145045965271,-1.93840493865614
1.02096066230605,-3.42081414518081
1.02040816326531,-2.92375865133762
1.01936799184506,-3.37932805487092
1.0183299389002,-2.4391038215014
1.01729399796541,-3.49735196111611
1.01626016260163,-2.90197559657518
1.01522842639594,-2.791076046675
1.01419878296146,-3.23569651100267
1.01392540755882,-3.30410638498328
1.01317122593718,-0.604403423312003
1.01214574898785,-3.05417374506383
1.01112234580384,-1.79460934495109
1.01010101010101,-1.23711626257444
1.00908173562059,-2.22388298834754
1.00806451612903,-0.265767216506513
1.00704934541793,-1.91281993472357
1.00693863147603,-3.53886632705864
1.00603621730382,-3.16180649541316
1.00502512562814,-3.16698442393884
1.00401606425703,1.33002375557898
1.00300902708124,-0.568061155072637
1.00200400801603,-0.0527842396344722
1.001001001001,3.76115963287784
1,-1.96220927673958
