"bfp_output.P","bfp_output.logBF"
1000,-2.50072708204736
993.109181374979,-2.35440560118921
986.265846131283,-2.23490626741364
979.46966706954,-2.15997157530982
972.720319245055,-2.14098666736877
966.017479952265,-2.18084519569912
959.360828709315,-2.27431217668255
952.75004724273,-2.41010845460526
946.184819472201,-2.5734886527904
939.66483149547,-2.74849506054987
933.189771573324,-2.9197368976766
926.759330114689,-3.07393091468149
920.373199661823,-3.20137968773922
914.031074875623,-3.29720746269212
907.732652521023,-3.36186134809294
901.477631452492,-3.40045358051385
895.26571259964,-3.42099846674277
889.096598952916,-3.43211430396262
882.969995549409,-3.44089230375341
876.885609458743,-3.45136905566793
870.843149769073,-3.46366515140086
864.842327573172,-3.47380981765202
858.882855954625,-3.47449593077423
852.964449974103,-3.45724528501303
847.086826655741,-3.41596202545004
841.249704973612,-3.35040999612361
835.452805838287,-3.26718105036853
829.695852083491,-3.17721878001991
823.978568452852,-3.09186957945858
818.300681586739,-3.0202899703098
812.661920009195,-2.96924619517984
807.06201411495,-2.94442493025975
801.500696156541,-2.95166586059296
795.977700231499,-2.99633111143377
790.492762269642,-3.07919556549346
785.045620020451,-3.19005472646314
779.636013040523,-3.30649891294869
774.263682681127,-3.40444202517788
768.928372075831,-3.47160830911731
763.629826128224,-3.50981584059637
758.367791499719,-3.52781611109155
753.142016597437,-3.53463727935026
747.952251562182,-3.53709960920373
742.798248256492,-3.53998892163848
737.679760252773,-3.54696911746303
732.596542821523,-3.56099500527746
727.548352919623,-3.58304817459277
722.534949178721,-3.60943763533872
717.556091893692,-3.63264170303143
712.611543011175,-3.64784320482586
707.701066118189,-3.65570906449851
702.824426430835,-3.65882627538034
697.981390783066,-3.65882197351099
693.17172761554,-3.65607157253727
688.39520696455,-3.65043608615617
683.651600451024,-3.64218844971829
678.940681269611,-3.63277515206623
674.262224177835,-3.62465849226164
669.616005485322,-3.61955753787511
665.001803043112,-3.61624120691605
660.419396233031,-3.61034257562649
655.868565957143,-3.59651043634734
651.349094627281,-3.57103259453437
646.860766154633,-3.53380943937666
642.40336593942,-3.48937823348528
637.976680860628,-3.44598530089031
633.580499265825,-3.41157574163615
629.214610961035,-3.38796138233995
624.878807200689,-3.36727066399585
620.57288067765,-3.33392577528134
616.296625513294,-3.27169742515035
612.04983724767,-3.17296693517194
607.832312829723,-3.04607472049333
603.643850607587,-2.91571043536974
599.484250318941,-2.81439482026122
595.353313081437,-2.77025436018216
591.250841383188,-2.79837311303073
587.176639073326,-2.89651643431641
583.130511352622,-3.04121718298391
579.112264764176,-3.18653507005511
575.121707184161,-3.27870130876353
571.158647812643,-3.2886384385397
567.222897164454,-3.23091964309013
563.314267060136,-3.14693479091216
559.432570616938,-3.07637139071901
555.577622239888,-3.0415692211486
551.749237612913,-3.04232720075192
547.947233690029,-3.05592695354913
544.171428686589,-3.04712127667731
540.421642070592,-2.98765081567519
536.697694554048,-2.87123692331933
532.999408084409,-2.71607766381178
529.326605836056,-2.56032071287198
525.679112201842,-2.44999502733416
522.056752784698,-2.41281871108746
518.459354389291,-2.43509632737097
514.886745013749,-2.47341895999538
511.338753841433,-2.49020346042577
507.815211232767,-2.47715295980917
504.315948717136,-2.4584085679583
500.840798984821,-2.47638035516176
500,-2.49027701355551
497.389595879006,-2.55911078664975
493.962174387832,-2.69360080946053
490.558370636505,-2.83966401507946
487.178021879463,-2.96566005924732
483.820966492595,-3.06647853235018
480.487043965513,-3.15708429067559
477.176094893875,-3.24739163375723
473.887960971765,-3.31257035584887
470.622484984128,-3.29201643093257
467.379510799247,-3.1207286724652
464.158883361278,-2.76263773917502
460.960448682844,-2.24293930767426
457.784053837662,-1.67522357442341
454.62954695324,-1.22801924168949
451.49677720361,-1.01432491101324
448.385594802119,-1.0217718991705
445.295850994266,-1.15950913800647
442.22739805059,-1.33999811066935
439.180089259609,-1.51990448656998
436.153778920801,-1.69558776400161
433.14832233764,-1.87166466045174
430.16357581068,-2.03836264229174
427.199396630678,-2.18132140709688
424.255643071778,-2.30206764607574
421.332174384729,-2.4200619735014
418.428850790158,-2.55656277103342
415.545533471888,-2.72193595223812
412.682084570296,-2.91878188934374
409.838367175726,-3.14969516859248
407.014245321944,-3.40146174807988
404.209583979631,-3.60497947246689
401.424249049932,-3.63236829502533
398.658107358044,-3.31210838186577
395.911026646846,-2.45938626159708
393.182875570577,-1.10874531789342
390.473523688556,0.148564214935921
387.782841458946,0.607725647669175
385.110700232557,0.301817010844009
382.4569722467,-0.18672787278238
379.821530619074,-0.0990109105623942
377.2042493417,1.3426796451311
374.605003274899,3.76985980933332
372.023668141307,5.27301872688979
369.46012051993,5.10388485869835
366.914237840249,3.89491899882645
364.385898376355,2.68487180559781
361.874981241128,2.90686697563225
359.381366380463,4.441257049134
356.904934567523,5.38363112321604
354.445567397043,4.49277755360341
352.003147279668,1.61691543392432
349.577557436327,-1.72108939207437
347.168681892656,-3.45353205095092
344.776405473446,-3.4898383025385
342.400613797142,-2.85080305927304
340.041193270371,-2.15289885395195
337.698031082509,-1.48899639000988
335.371015200293,-0.777454248507392
333.333333333333,-0.143065765789411
333.060034362459,-0.0647024619148722
330.764978074424,0.417088462156888
328.485736603004,0.339436878543144
326.222200971167,-0.407570653514493
323.97426295282,-1.25596103559836
321.741815067637,-1.50339362295939
319.524750575921,-1.05794593437597
317.322963473498,-0.249945088790962
315.136348486648,0.292316334380719
312.964801067075,-0.022276108798347
310.808217386907,-1.00884364470429
308.666494333727,-2.05995887232323
306.539529505653,-2.80619937875157
304.42722120643,-3.07377623240491
302.329468440578,-2.79117380337108
300.246170908555,-2.05060165797085
298.177229001967,-1.23408379542935
296.122543798804,-0.889244710411343
294.082017058706,-1.16864602651757
292.055551218275,-1.78959704284933
290.043049386399,-2.4892242679122
288.04441533963,-3.12411811505778
286.059553517574,-3.54251032892567
284.08836901833,-3.55234387717102
282.130767593947,-3.17141323606831
280.18665564592,-2.76911556970758
278.255940220713,-2.62563384479635
276.338529005317,-2.72610823962931
274.434330322837,-2.94062321173889
272.543253128103,-3.18819883855708
270.665207003324,-3.42654234015962
268.800102153761,-3.59012539850824
266.947849403432,-3.65402875412219
265.108360190854,-3.66355276430626
263.281546564802,-3.66267066882888
261.467321180109,-3.65151834804238
259.665597293487,-3.58248018600481
257.87628875938,-3.40587737616208
256.099310025846,-3.16758061368607
254.334576130465,-2.96350963004503
252.582002696278,-2.89111869376257
250.841505927754,-2.82851492260722
250,-2.74240152174063
249.113002606779,-2.62229864496764
247.396410088681,-2.52278957692762
245.691646298279,-2.88545348353137
243.998629725955,-3.14692561450517
242.31727942376,-2.92609247224938
240.647515001542,-2.52538259896509
238.989256623105,-2.47632487374723
237.342425002387,-2.58613931193617
235.706941399673,-2.63932495202495
234.082727617829,-2.61066278128329
232.469705998565,-2.54004368225325
230.867799418717,-2.66182459874947
229.276931286565,-3.16971053697982
227.697025538168,-3.56486433034218
226.128006633728,-3.34545313101834
224.569799553977,-2.60739279948929
223.022329796594,-1.57868487479358
221.485523372636,-0.137419376762135
219.959306803008,1.26580517657716
218.443607114943,1.18690102716856
216.938351838519,-0.647640117608868
215.443469003188,-2.4824676770183
213.958887134342,-3.14326582221754
212.484535249888,-2.61832097251878
211.02034285686,-1.6788590546332
209.566239948043,-1.29939458386171
208.122156998634,-1.2244458007291
206.688024962908,-1.06603967580149
205.263775270925,-0.962149998035936
203.849339825246,-0.827634890026199
202.44465099768,-0.828749551281429
201.04964162605,-1.32016432471407
200,-2.0862150324172
199.664245010979,-2.38392161666867
198.288394912707,-3.42494464050331
196.922025547917,-3.25980019618204
195.565071586595,-2.23441751194023
194.217468148903,-1.11077928411621
192.879150802078,-1.05299833564696
191.550055557353,-2.4245363694943
190.230118866895,-2.83813168793618
188.919277620767,-2.18177604622623
187.617469143912,-2.48514584694903
186.324631193156,-2.74753850557566
185.04070195423,-2.90734776335934
183.765620038817,-1.95347341589392
182.499324481615,1.69548824219705
181.241754737424,3.26692970259454
179.992850678248,0.920613109154989
178.752552590424,-2.16296537186191
177.520801171764,-3.41899725992594
176.297537528721,-1.69428010139908
175.082703173572,0.605299374164095
173.876240021625,1.74023230178738
172.678090388436,0.167294708054745
171.488196987054,-2.2550221606469
170.306502925284,-3.17546826238951
169.132951702965,-2.74017328011821
167.967487209265,-1.49779559690033
166.810053720006,-0.717422964306688
166.666666666667,-0.66738537774206
165.660595894991,-0.361675985571405
164.519058775366,-0.260644347961725
163.385387780986,-0.909815664685548
162.259528707809,-2.32544796720993
161.141427725302,-3.34947525518155
160.03103137387,-2.98456419576918
158.928286562298,-1.97184130209508
157.833140565212,-1.76645156488173
156.745541020559,-2.21469351016121
155.665435927106,-2.96240198279527
154.592773641948,-3.52652589665932
153.527502878042,-3.64787203768959
152.469572701757,-3.6584543440497
151.418932530435,-3.65811422697915
150.375532129974,-3.6552598887129
149.339321612425,-3.6599613994894
148.310251433611,-3.65174513100534
147.28827239075,-3.65190809876624
146.273335620113,-3.65169041887521
145.265392594678,-3.35151962888734
144.264395121816,-2.17390729454028
143.270295340983,-1.33068836062456
142.857142857143,-1.30562325981689
142.283045721435,-1.50367452622886
141.302599059953,-2.51280104385936
140.328908478587,-3.65374791205253
139.361927422414,-1.60348199125691
138.401609657313,1.84363331568718
137.208851208763,5.95512551513911
136.500780654601,3.19585271827164
135.560178532937,-2.58534160849301
134.626057929891,-2.32050493022039
133.698374182495,2.21139994674433
132.777082935543,4.76917002387736
131.862140139475,-0.182849462190528
130.953502048267,-1.37138472619302
130.051125217341,-2.75380077195326
129.154966501488,-3.23520922171449
128.264983052806,-3.17681978970132
127.381132318648,-2.29646424556482
126.50337203959,-1.81345740613984
125.631660247412,-1.96266004810773
125,-0.456030088113873
124.765955263087,0.299882817556171
123.906215694792,-0.359747684339889
123.052400435926,-2.75028321557248
122.204468663149,-3.38590184242797
121.362379834424,0.196581958802274
120.526093687084,1.85299572484319
119.695570235904,-0.619688450810069
118.87076977119,-2.11235458536778
118.051652856881,-1.84288337495165
117.23818032866,-2.4622758354
116.430313292088,-3.28634671801386
115.628013120738,-2.89558156538653
114.831241454351,-1.19496373451936
114.039960197003,0.0817102416000823
113.254131515281,-1.92771793166723
112.473717836475,-3.17235089952954
111.698681846782,-1.84481285014202
111.111111111111,-1.0327681039114
110.928986489522,-0.986739068045732
110.164594963366,-2.22007737378074
109.405470720574,-3.22470636498216
108.651577465254,-3.36961555557194
107.902879151618,-3.51313252764633
107.159339982267,-3.26748283913217
106.420924406472,-2.37085357018197
105.68759711848,-0.00281401273532378
104.959323055823,-0.270264138032597
104.23606739764,-3.20683781516943
103.517795563018,-1.47175427134313
102.804473209331,4.20022131794453
102.096066230605,2.43646743699445
101.392540755882,-2.79820721599584
100.693863147603,-2.49968298364383
100,-0.463474256980059
100,-0.463474256979945
99.310918137498,-0.622818024072568
98.6265846131283,-1.55726370865285
97.946966706954,-1.06926321007777
97.2720319245054,-1.63378940692867
96.6017479952265,-2.98555397531903
95.9360828709315,-3.57663748723881
95.2750047242729,-2.49988535062716
94.61848194722,-2.10614374737703
93.966483149547,-1.72819455009162
93.3189771573324,-1.74205091913752
92.6759330114688,-3.25165522760353
92.0373199661823,-3.36828165233141
91.4031074875623,-2.07874341780952
90.9090909090909,-0.369638573100853
90.7732652521023,0.178297646005622
90.1477631452492,-0.439825447664314
89.526571259964,-3.49479962475969
88.9096598952916,0.541438996212624
88.2969995549409,-0.216035163123801
87.6885609458743,-3.41827592782549
87.0843149769073,0.570549730048687
86.4842327573172,-0.222835985815645
85.8882855954625,-3.51475378371291
85.2964449974102,-1.8283514219391
84.7086826655741,-3.27322162598368
84.1249704973612,-3.65503309435872
83.5452805838287,-3.50255925613787
83.3333333333333,-3.39813667184519
82.9695852083491,-3.36797133141719
82.3978568452852,-2.39660987715912
81.8300681586739,-1.1005432739242
81.2661920009194,-3.17236785061193
80.706201411495,-1.68179499739532
80.150069615654,2.25612147083071
79.5977700231498,-1.94529524865613
79.0492762269642,-3.36549044023875
78.5045620020451,-0.991185733215256
77.9636013040523,-0.596599157206053
77.4263682681127,-2.52790866289633
76.9230769230769,-3.33557690161875
76.8928372075831,-3.23189916544599
76.3629826128224,-2.71774032562571
75.8367791499719,-3.5944291211252
75.3142016597437,-2.79078568367272
74.7952251562182,-2.10378726246129
74.2798248256491,-1.51325659227514
73.7679760252773,-3.18531777075553
73.2596542821523,-1.97529662539734
72.7548352919623,-3.30111200955754
72.2534949178722,-3.33698786271095
71.7556091893693,-1.64221948233053
71.4285714285714,2.05029001921902
71.2611543011175,0.444315788278989
70.7701066118189,-3.53236040610131
70.2824426430835,4.15475348548144
69.7981390783066,-1.52577960277712
69.3171727615541,-3.56746667700993
68.839520696455,-2.89121923480375
68.3651600451024,-1.8977922897712
67.8940681269611,-2.20337654373209
67.4262224177834,-3.5664033193011
66.9616005485322,-2.81238925183673
66.6666666666667,-2.41927067725414
66.5001803043112,-2.05369680083363
66.0419396233031,-0.251105436626015
65.5868565957143,-3.48085885032516
65.134909462728,-3.30982772956532
64.6860766154633,-2.84260977528482
64.2403365939419,-1.69593824494852
63.7976680860628,-3.4406165676937
63.3580499265825,-1.55728586611194
62.9214610961034,-2.87410983400873
62.5,-0.263564616311252
62.4878807200689,-0.151075045172102
62.057288067765,-2.42211636619912
61.6296625513294,-3.28441102423421
61.204983724767,-3.41334071085385
60.7832312829723,-2.94375362109768
60.3643850607587,-2.44262113517568
59.9484250318941,-3.52992107719261
59.5353313081437,-2.70660207480703
59.1250841383188,-1.78718921215686
58.8235294117647,-1.93069367457921
58.7176639073326,-2.08819488920575
58.3130511352622,-3.39010031572156
57.9112264764176,-1.56159928250114
57.5121707184161,-2.44242843807641
57.1158647812643,-3.56152800472794
56.7222897164454,-3.37253896233399
56.3314267060136,-3.1953033049222
55.9432570616938,-2.97564439763677
55.5577622239888,-3.55947519463835
55.5555555555556,-3.56259691367172
55.1749237612912,-3.27791395787998
54.7947233690029,-3.48801192694516
54.4171428686589,-3.0862216303055
54.0421642070592,-3.22812713361752
53.6697694554048,-3.16350219237769
53.2999408084409,0.0822521326617407
52.9326605836056,-2.61693012977791
52.6315789473684,-3.05989734946238
52.5679112201842,-2.50683562281962
52.2056752784698,-2.50738958740605
51.8459354389291,-3.08174094868503
51.488674501375,-3.42703141774619
51.1338753841433,-0.316143255926202
50.7815211232767,-1.40664065638505
50.4315948717136,-1.65270363710358
50.0840798984821,-2.93586550483864
50,-2.71779365550939
49.7389595879007,-3.40039889579658
49.3962174387832,-2.39799003580814
49.0558370636505,-2.64517022846503
48.7178021879463,-2.12083207014193
48.3820966492596,-3.57188126120779
48.0487043965513,-3.21838005567504
47.7176094893875,-2.85464223667516
47.6190476190476,-2.2386959305261
47.3887960971765,-1.60553304964993
47.0622484984128,-3.64639833804837
46.7379510799246,4.65759029439495
46.4158883361278,-3.06104380586903
46.0960448682843,-2.35689727599832
45.7784053837662,-3.42750927671217
45.462954695324,-3.45350471501375
45.4545454545455,-3.47051578694497
45.149677720361,-0.641753981181277
44.8385594802119,-1.86351819832309
44.5295850994266,-3.18069390672907
44.222739805059,-1.30192092846392
43.9180089259609,-1.88022494886222
43.6153778920801,-3.39996093425249
43.4782608695652,-3.53085203727555
43.314832233764,-3.03932210596185
43.016357581068,-2.42932158629646
42.7199396630678,-3.35162584609246
42.4255643071778,-3.35772204550009
42.1332174384729,-3.13850703319853
41.8428850790158,0.921502392676889
41.6666666666667,-3.40694770489723
41.5545533471888,-0.316188308597343
41.2682084570295,-3.33114939592182
40.9838367175726,-0.572318687285342
40.7014245321944,-3.54041630811703
40.4209583979631,-3.62379689268557
40.1424249049932,-0.599606761081712
40,-3.61738688701386
39.8658107358044,-2.01457962890636
39.5911026646846,-3.61449409183866
39.3182875570577,-3.40553774474791
39.0473523688556,-1.72826168247529
38.7782841458946,-1.09591415896206
38.5110700232557,-2.62993853971904
38.4615384615385,-2.87376591699394
38.24569722467,-3.49825535361846
37.9821530619073,-0.167796005755132
37.72042493417,-3.5734618140229
37.4605003274899,1.37206304934999
37.2023668141307,-0.709572444802983
37.037037037037,-3.17319365233196
36.946012051993,-3.66217822770245
36.6914237840249,-3.56820173897618
36.4385898376355,-3.10902188607615
36.1874981241128,-2.05501541861927
35.9381366380463,-1.86826806211659
35.7142857142857,-2.71920916036195
35.6904934567523,-2.45329936100957
35.4445567397043,-3.08991167412163
35.2003147279668,-2.24026557758271
34.9577557436328,-3.09009020667001
34.7168681892656,-3.59764718309905
34.4827586206897,-3.29445876942766
34.4776405473446,-3.28115370102814
34.2400613797142,-3.55370030810449
34.0041193270371,-1.40841017702699
33.7698031082509,-2.8279857676497
33.5371015200293,-1.27988443444097
33.3333333333333,-3.47789384676012
33.3060034362459,-2.97595263548127
33.0764978074424,-2.0070819030155
32.8485736603004,-3.61584260716502
32.6222200971167,-3.04907611442475
32.397426295282,-1.85049892148508
32.258064516129,-2.64906770143385
32.1741815067637,-0.0547736664058318
31.9524750575921,-0.186225896696423
31.7322963473498,-2.90868388710897
31.5136348486648,-3.2392489787707
31.2964801067075,-3.34435667224904
31.25,-2.41184991002695
31.0808217386906,-2.39779087067144
30.8666494333727,-2.96883836104085
30.6539529505653,-2.24533432339511
30.442722120643,1.04337993706803
30.3030303030303,-2.62123507144379
30.2329468440578,-0.123373347676941
30.0246170908555,-3.57004180339281
29.8177229001967,-2.16444882661063
29.6122543798804,-3.05131249606593
29.4117647058824,-2.61797129753203
29.4082017058706,-2.56358845377646
29.2055551218275,-0.961437974064505
29.0043049386399,-3.23140393855023
28.804441533963,-2.98650529796178
28.6059553517574,-3.29881668566075
28.5714285714286,-3.36024833210832
28.408836901833,-3.64891511080806
28.2130767593947,-3.21944444974808
28.018665564592,-3.44683269457515
27.8255940220712,-2.78091638410343
27.7777777777778,-3.00517642870865
27.6338529005317,-2.15324133293792
27.4434330322836,-3.30965230430585
27.2543253128103,-1.84935283110361
27.0665207003324,-1.49407249972402
27.027027027027,1.0084424756749
26.8800102153761,-2.47832195909514
26.6947849403432,-2.99417473316607
26.5108360190854,-2.99633555948726
26.3281546564802,-3.53928875406579
26.3157894736842,-3.38175117722995
26.1467321180109,-2.74910598715222
25.9665597293487,-1.84758358968811
25.787628875938,2.38062154459791
25.6410256410256,-1.24453759576572
25.6099310025846,0.358606669950736
25.4334576130465,-2.2806678822272
25.2582002696278,0.708204415698664
25.0841505927754,-0.248547433711205
25,0.961918109976371
24.9113002606779,-2.70618788380547
24.7396410088681,-3.64132577616366
24.5691646298279,-3.01602028932516
24.3998629725955,-3.01555580045776
24.390243902439,-3.40376805325503
24.231727942376,-2.13334297759682
24.0647515001542,-0.105453336729236
23.8989256623105,-2.5818604074618
23.8095238095238,-3.53459589388647
23.7342425002387,-0.11441423971227
23.5706941399673,-2.77494386830339
23.4082727617829,-1.79413540443924
23.2558139534884,-2.54290488382012
23.2469705998565,-2.78234930341032
23.0867799418717,-2.47317817897122
22.9276931286565,-0.0511223871590216
22.7697025538168,-0.87633204795615
22.7272727272727,-0.413296584306873
22.6128006633728,-2.91088933345058
22.4569799553977,-1.34422871448696
22.3022329796594,-1.51071732252721
22.2222222222222,-2.57115533229135
22.1485523372636,0.280249100295028
21.9959306803007,-2.71523170831129
21.8443607114943,-3.09838011344693
21.7391304347826,-3.06914647277257
21.6938351838518,-3.32018469425001
21.5443469003188,-2.6706704857571
21.3958887134342,-0.94381110677953
21.2765957446809,-1.99597766234852
21.2484535249888,-3.48386019708338
21.102034285686,-2.93286066249756
20.9566239948043,-3.08775185470027
20.8333333333333,-2.90489250079404
20.8122156998634,-1.78364909402229
20.6688024962908,-3.30952902473929
20.5263775270925,-2.67814587319493
20.4081632653061,-3.02328739841662
20.3849339825246,-3.0520624958455
20.244465099768,-0.885997411649394
20.104964162605,-0.447490705619866
20,-3.30223704158144
19.9664245010979,-2.84566814025659
19.8288394912707,-3.41260409281231
19.6922025547917,-1.93902894468907
19.6078431372549,-3.47846566681228
19.5565071586595,-0.552866527228455
19.4217468148903,-0.797006855093211
19.2879150802078,-3.17266733462058
19.2307692307692,-2.55869336430846
19.1550055557353,-2.03001976969643
19.0230118866894,-2.21565686617715
18.8919277620767,-0.953616473180641
18.8679245283019,-2.45174633746437
18.7617469143912,-3.41982867196158
18.6324631193156,-3.19649851916061
18.5185185185185,-3.01795140521296
18.504070195423,-3.34770612379973
18.3765620038817,-2.97048729103097
18.2499324481615,-3.35432030879802
18.1818181818182,-2.83267053136104
18.1241754737424,-1.22040020608649
17.9992850678248,-3.29205646768916
17.8752552590424,-3.18796251995964
17.8571428571429,-1.43390812458837
17.7520801171764,-3.18890699958008
17.6297537528721,-2.58552544423746
17.5438596491228,-2.25576321646512
17.5082703173572,-3.27137848236496
17.3876240021625,-3.11408000903942
17.2678090388436,-3.4346116322569
17.2413793103448,-1.7004569183346
17.1488196987054,-3.35329369821754
17.0306502925284,-1.31189600711742
16.9491525423729,-2.25223142246456
16.9132951702965,-3.25545641350792
16.7967487209265,-3.41252810576803
16.6810053720006,-2.72106540850224
16.6666666666667,-3.04171621802576
16.5660595894991,-1.92135520718095
16.4519058775366,-2.96676233892726
16.3934426229508,-3.47769893574546
16.3385387780986,-3.41638550785559
16.2259528707809,-3.49975924628201
16.1290322580645,-3.35762869673037
16.1141427725302,-1.67575363542469
16.003103137387,-3.49319638182957
15.8928286562298,-2.83861528552547
15.8730158730159,-2.33864558538481
15.7833140565212,-2.90327380575293
15.674554102056,-3.12914994840385
15.625,-1.28459978074472
15.5665435927106,-1.90835784670729
15.4592773641948,-3.25307913795707
15.3846153846154,-2.51436958074013
15.3527502878042,-2.37215041398015
15.2469572701757,-2.63336413921344
15.1515151515152,0.983343708652872
15.1418932530435,-1.97501804846704
15.0375532129974,-1.25048444181733
14.9339321612425,0.194546756872076
14.9253731343284,-0.310004113449007
14.831025143361,-2.34434505846142
14.728827239075,-3.05196818917745
14.7058823529412,-3.2160937087214
14.6273335620113,-2.76164157340117
14.5265392594678,-2.29395937161375
14.4927536231884,-3.62894125972154
14.4264395121816,-2.46158534430553
14.3270295340983,-2.30485692967137
14.2857142857143,-0.483711394109842
14.2283045721435,-2.33511283401098
14.1302599059953,-2.8572327205503
14.0845070422535,-0.0493866659872237
14.0328908478587,1.71915717188241
13.9361927422414,-3.38738594950267
13.8888888888889,-1.60034681711748
13.8401609657313,-2.19098870397401
13.7447909267754,-1.28535020987401
13.6986301369863,-1.41687766757603
13.6500780654601,-3.61264793609849
13.5560178532937,-0.833800782116536
13.5135135135135,-2.79996967122029
13.4626057929891,-3.20833421704021
13.3698374182495,-3.11030337699234
13.3333333333333,-1.28637301947769
13.2777082935543,-3.30364586363843
13.1862140139475,-3.51996249061484
13.1578947368421,-2.47192872466295
13.0953502048267,-1.69051115157184
13.0051125217341,-3.29669865457627
12.987012987013,-3.63353397816662
12.9154966501488,-2.79308082641689
12.8264983052806,-1.96523369540558
12.8205128205128,-2.44812832829417
12.7381132318648,-3.14401565398795
12.6582278481013,-3.39794536381974
12.650337203959,-2.39122905877623
12.5631660247412,-2.99961752693296
12.5,-2.79140938564744
12.4765955263087,-2.96327703652856
12.3906215694792,-2.91074510035569
12.3456790123457,-3.51805683269877
12.3052400435926,-3.47416241987745
12.2204468663149,-1.39031811331709
12.1951219512195,-2.71272559430981
12.1362379834424,-1.78200142678947
12.0526093687084,-3.16699765785476
12.0481927710843,-3.28807142341857
11.9695570235904,0.859913833697296
11.9047619047619,-2.78625728074082
11.887076977119,-1.65463932068659
11.8051652856881,-2.7697776021895
11.7647058823529,-1.86233943283444
11.723818032866,0.866334383387557
11.6430313292088,-0.407400675820933
11.6279069767442,-3.46545126125433
11.5628013120738,-2.86229654179946
11.4942528735632,-1.28546168239493
11.4831241454351,-1.51971859820447
11.4039960197003,-3.5119577912224
11.3636363636364,-2.68154376886305
11.3254131515281,-3.29068643691233
11.2473717836475,-2.85156488522879
11.2359550561798,-3.18435702332921
11.1698681846782,-2.18826195272463
11.1111111111111,-2.35733167667918
11.0928986489522,-3.44146291701254
11.0164594963366,-2.72277125298011
10.989010989011,-3.48920244281895
10.9405470720574,-2.58798187594329
10.8695652173913,-2.95528209803332
10.8651577465254,-2.93933852214489
10.7902879151618,-2.45943578655455
10.752688172043,-1.52988438930647
10.7159339982267,-0.660996105382888
10.6420924406472,-1.41192451303798
10.6382978723404,-0.96500189295521
10.568759711848,-3.57642839219722
10.5263157894737,-3.51832231219928
10.4959323055823,-2.44134477391388
10.423606739764,-1.29059627537454
10.4166666666667,1.09882383413323
10.3517795563018,-3.1454983344975
10.3092783505155,-2.89670035822321
10.2804473209331,-2.84814385040137
10.2096066230605,-2.2634454156569
10.2040816326531,-2.250333425746
10.1392540755882,-2.33143021572622
10.1010101010101,-3.14699966756155
10.0693863147603,-2.25128419730505
10,-2.06145250023986
10,-2.06145250023983
9.9310918137498,-2.61198317241265
9.9009900990099,-1.10536978232956
9.86265846131282,-2.94120653406089
9.80392156862745,-2.16033796345438
9.79469667069539,4.13725168040744
9.72720319245054,-3.23894435976647
9.70873786407767,-2.84957711972946
9.66017479952265,0.998751430365663
9.61538461538461,-2.90498795574704
9.59360828709314,-3.08950029811528
9.52750047242729,-3.13423433745002
9.52380952380952,-2.54361293105928
9.461848194722,-2.84281792565606
9.43396226415094,-3.51886232143719
9.39664831495469,-2.60720615519342
9.34579439252336,-3.6367449028486
9.33189771573324,-2.8856305575524
9.26759330114688,-3.21943648373873
9.25925925925926,-3.05233421199811
9.20373199661822,-3.32903707293955
9.1743119266055,-2.31400060410869
9.14031074875623,-3.58903433355909
9.09090909090909,-1.77420948686848
9.07732652521023,-3.2954512645595
9.01477631452492,-3.35205742151039
9.00900900900901,-2.62999222568676
8.9526571259964,-2.66870217168623
8.92857142857143,-3.50215028776669
8.89096598952916,-3.06131552569608
8.84955752212389,1.26360446785786
8.82969995549409,-3.21981470879031
8.7719298245614,-3.1571188003818
8.76885609458743,-3.4483605006685
8.70843149769072,-2.43025834519467
8.69565217391304,-3.60789868400051
8.64842327573172,-0.290256322531785
8.62068965517241,-1.83757978314893
8.58882855954625,-1.01430131095467
8.54700854700855,-2.87113833830854
8.52964449974102,-1.1885282522514
8.47457627118644,-2.16483687167858
8.47086826655741,-3.19460678024434
8.41249704973612,-3.10005676281447
8.40336134453781,-2.66264129655145
8.35452805838287,-1.50561070307806
8.33333333333333,-1.29689586304094
8.29695852083491,-2.70728834693856
8.26446280991736,-2.12254408334168
8.23978568452852,-3.65046656637416
8.19672131147541,-2.84533224464523
8.18300681586739,-3.57975484198586
8.13008130081301,-2.62629858151741
8.12661920009195,-1.75544246235075
8.0706201411495,-1.3296100278781
8.06451612903226,-2.60084157582569
8.01500696156541,-3.34853303515647
8,-2.3195279326858
7.95977700231498,-3.42673780197155
7.93650793650794,-2.22252873761222
7.90492762269642,-2.74751813320666
7.8740157480315,-2.32155717668278
7.85045620020451,-2.63676154234754
7.8125,-3.56584944821098
7.79636013040523,-2.7718197066858
7.75193798449612,-2.95409380228504
7.74263682681127,-3.14159242089895
7.69230769230769,-3.10244078674706
7.68928372075831,-3.47169849047857
7.63629826128224,-1.88115785945494
7.63358778625954,-1.83715886624675
7.58367791499719,-1.89210434861784
7.57575757575758,-3.49246633365832
7.53142016597437,-3.44618570341701
7.5187969924812,-2.07687783104928
7.47952251562182,-2.8096343510994
7.46268656716418,-3.08648535622229
7.42798248256492,-2.51919480669523
7.40740740740741,-2.30110566602884
7.37679760252773,-3.14062093765311
7.35294117647059,-1.28359876880556
7.32596542821523,-3.46244998806325
7.2992700729927,-3.516750360436
7.27548352919623,-1.49357736284987
7.2463768115942,-3.31166425683754
7.22534949178722,-2.17516705618815
7.19424460431655,-3.27983673046189
7.17556091893693,-2.65203531302596
7.14285714285714,-2.61517425353007
7.12611543011175,-2.099899895515
7.09219858156028,-2.90574421053817
7.07701066118189,-2.47503212481909
7.04225352112676,-2.27185400143024
7.02824426430835,-2.76664113806622
6.99300699300699,-0.822143618485238
6.97981390783066,-3.60529591839936
6.94444444444444,-0.450096464164441
6.93171727615541,-1.51878567962846
6.89655172413793,-3.35064648843881
6.8839520696455,-2.67337395452467
6.84931506849315,-2.99213376381975
6.83651600451024,-1.33877197276056
6.80272108843537,-1.07019294504978
6.78940681269611,-2.139346282179
6.75675675675676,-2.10834888151443
6.74262224177834,-3.40035382475549
6.71140939597315,-2.29673494483024
6.69616005485322,-3.09177125882548
6.66666666666667,-2.94543456660393
6.65001803043112,-1.93152679447983
6.62251655629139,-3.37495910958979
6.6041939623303,-3.22574827088452
6.57894736842105,-2.21678217663109
6.55868565957143,-0.506994631527571
6.5359477124183,-3.17598186297381
6.5134909462728,-3.13474245848642
6.49350649350649,-1.96821294438775
6.46860766154633,-2.41434546621791
6.45161290322581,-3.34503229365454
6.42403365939419,-3.65509110670915
6.41025641025641,-3.59677852040466
6.37976680860628,-2.92558865374918
6.36942675159236,-0.1692127869001
6.33580499265825,-2.42926022855719
6.32911392405063,-2.46973323393
6.29214610961034,-3.16995612664261
6.28930817610063,-2.60057720044919
6.25,-3.63448239174398
6.24878807200689,-3.64999028705351
6.2111801242236,0.107897588390519
6.2057288067765,-1.26263194979812
6.17283950617284,-1.47588741501932
6.16296625513294,-2.98695684433148
6.13496932515337,-3.35271813419824
6.1204983724767,-2.74710404521029
6.09756097560976,-3.38635894590156
6.07832312829723,-0.212770558748228
6.06060606060606,-3.54090208160367
6.03643850607587,-3.13035035193264
6.02409638554217,-1.12274868546732
5.99484250318941,-2.82270948103031
5.98802395209581,-2.98001474187064
5.95353313081437,-3.0015455926276
5.95238095238095,-2.71433930515875
5.91715976331361,-1.72563750649719
5.91250841383188,-2.56216764950953
5.88235294117647,-2.7790729993013
5.87176639073326,-2.36095785550772
5.84795321637427,-2.88442778930998
5.83130511352622,-2.1113892252619
5.81395348837209,-3.6286829395381
5.79112264764176,-1.54741397774135
5.78034682080925,-3.06463178422826
5.75121707184161,-2.47952091676275
5.74712643678161,1.66155294190834
5.71428571428571,-3.24754007370258
5.71158647812643,-2.53919071068109
5.68181818181818,-3.23900007372431
5.67222897164454,-2.28935055476002
5.64971751412429,-2.5035621200795
5.63314267060136,-3.15223994046267
5.61797752808989,-3.60070845336922
5.59432570616938,-3.3716883893061
5.58659217877095,-3.20852120897176
5.55577622239888,-2.3121844820733
5.55555555555556,-2.28614865717439
5.52486187845304,-2.96371595414275
5.51749237612913,-3.62120101352802
5.49450549450549,-3.46756860599764
5.47947233690029,-3.35369755232012
5.46448087431694,-1.99363287122052
5.44171428686589,-2.7839182063917
5.43478260869565,-3.09884335766712
5.40540540540541,-3.61641867021241
5.40421642070592,-3.6202175495966
5.37634408602151,-2.72770672582389
5.36697694554048,0.120511764261171
5.3475935828877,-3.50405698452927
5.32999408084409,-3.58373398731994
5.31914893617021,-2.91212651503975
5.29326605836056,-3.51014448731176
5.29100529100529,-2.28914403205406
5.26315789473684,-3.50777671278852
5.25679112201842,-3.30991570662224
5.23560209424084,-3.29486053456666
5.22056752784698,-3.23335764794062
5.20833333333333,-2.15561812056576
5.18459354389291,-3.5780317627772
5.18134715025907,-3.58803228185807
5.15463917525773,-2.76756632945721
5.14886745013749,-3.03350629369511
5.12820512820513,-2.79044526832056
5.11338753841433,-3.48052186994108
5.10204081632653,-2.83708163056879
5.07815211232767,-2.23687512321443
5.0761421319797,-0.0539046786720503
5.05050505050505,-3.57632446023954
5.04315948717136,-3.12263332125026
5.0251256281407,-3.09187734303365
5.00840798984821,-2.46754356794427
5,-3.37515842922469
4.97512437810945,-3.1851680776199
4.97389595879006,-1.20720090026647
4.95049504950495,-3.21927598508004
4.93962174387832,-3.11970535935687
4.92610837438424,-1.30240838339379
4.90558370636505,-2.28610534170356
4.90196078431372,-1.76881047277153
4.8780487804878,-3.36258437398923
4.87178021879463,-3.28819516959164
4.85436893203883,0.0889091641427529
4.83820966492596,0.420706959832832
4.83091787439613,-3.28759114464348
4.80769230769231,-3.40021709524121
4.80487043965513,-2.42850900973421
4.78468899521531,-1.83705988544888
4.77176094893875,-1.98085057598957
4.76190476190476,-3.41132188507047
4.739336492891,-3.47318905960607
4.73887960971765,-3.55796845317716
4.71698113207547,-2.91438934610276
4.70622484984128,-3.22285197537031
4.69483568075117,-2.76956501818195
4.67379510799246,-1.77873926706321
4.67289719626168,-1.85609061814032
4.65116279069767,-1.52327223714557
4.64158883361278,-3.64770841850842
4.62962962962963,-3.24798098632466
4.60960448682843,-3.65004836065598
4.60829493087558,-2.75633944407319
4.58715596330275,0.032384436249278
4.57784053837662,-2.95576829998238
4.5662100456621,-3.17297128276025
4.5462954695324,-3.39130877940682
4.54545454545455,-2.92248120963624
4.52488687782805,-3.3564466463426
4.5149677720361,-2.80816109962286
4.5045045045045,1.26659206273901
4.48430493273543,-2.11604736399219
4.48385594802119,-2.55806674302392
4.46428571428571,-2.23646455059521
4.45295850994265,-2.99103053385231
4.44444444444444,-1.73807433460045
4.42477876106195,-3.29374795694421
4.4222739805059,-3.23855610109036
4.40528634361233,-3.07539270880128
4.39180089259609,-3.59655089973874
4.3859649122807,-3.34318763218085
4.36681222707424,-3.34822499280856
4.361537789208,-3.38746656884784
4.34782608695652,-3.38327208914164
4.3314832233764,0.518164189980856
4.32900432900433,-2.62849522779687
4.31034482758621,-2.5833319656444
4.30163575810679,-2.60522253060746
4.29184549356223,-2.68421986418964
4.27350427350427,-2.79790390510926
4.27199396630678,-3.25418263687119
4.25531914893617,-1.20954635922534
4.24255643071778,-1.35931275036658
4.23728813559322,-3.29436668219018
4.21940928270042,-3.59439735874833
4.21332174384729,-3.31002114714793
4.20168067226891,-0.67858066598158
4.18428850790158,-1.52466433540045
4.18410041841004,-1.20065261499242
4.16666666666667,-3.4277993436324
4.15545533471888,-2.977222647087
4.149377593361,-3.09326780227353
4.13223140495868,-3.02194694662465
4.12682084570295,-2.32961563492894
4.11522633744856,-2.36045740829708
4.09838367175726,-3.5434492700058
4.0983606557377,-3.54275209887778
4.08163265306122,-2.29869752363789
4.07014245321944,-3.54525193248768
4.0650406504065,-3.51488762740687
4.04858299595142,-3.48251752576949
4.04209583979631,-3.58379857314376
4.03225806451613,-2.18639910474117
4.01606425702811,-2.70160389945103
4.01424249049932,-2.69661185868456
4,-2.92037799354413
3.98658107358044,-3.10472533430213
3.98406374501992,-1.86523023282229
3.96825396825397,-2.56405242412758
3.95911026646846,-3.4217245398981
3.95256916996047,-3.35991421970844
3.93700787401575,-2.50692715330454
3.93182875570577,-3.10681131874049
3.92156862745098,-2.00522413087274
3.90625,-3.1782209530164
3.90473523688556,-2.30167909621879
3.89105058365759,-3.31202428092193
3.87782841458946,-2.21594779287737
3.87596899224806,-2.82466084414777
3.86100386100386,-3.40360068663373
3.85110700232557,-3.57481969262484
3.84615384615385,-3.22147908603786
3.83141762452107,-2.65953176896086
3.824569722467,-3.26072236276674
3.81679389312977,0.299161076429404
3.80228136882129,-2.86970516844546
3.79821530619074,-2.23343557707148
3.78787878787879,-3.51226810612026
3.77358490566038,-2.27079348261712
3.772042493417,2.19282165261113
3.7593984962406,-3.47667071157233
3.74605003274899,-1.64138847161181
3.74531835205992,-2.36956641230638
3.73134328358209,-3.19276947677384
3.72023668141307,-0.457275507495392
3.71747211895911,-2.78071712752766
3.7037037037037,-2.71365893341071
3.6946012051993,-2.71341967278571
3.690036900369,-2.06630486737957
3.67647058823529,-3.23722142570856
3.66914237840249,-3.51696141610121
3.66300366300366,-0.774346008111375
3.64963503649635,-3.58638539973618
3.64385898376355,-0.752246710435638
3.63636363636364,-2.55023046647834
3.6231884057971,-3.18520123044753
3.61874981241128,-2.7532519202784
3.6101083032491,-2.46640942310249
3.59712230215827,-2.71655914921068
3.59381366380463,-3.54516928168213
3.584229390681,-2.01259419381214
3.57142857142857,-2.62722400602196
3.56904934567523,-2.40364489112793
3.55871886120996,-2.79787275343257
3.54609929078014,-3.05118859196865
3.54445567397043,-0.960940296784723
3.53356890459364,-3.32495754755531
3.52112676056338,-1.52488365601986
3.52003147279668,-3.42553937483701
3.50877192982456,-3.63890288495768
3.4965034965035,-2.60837731436485
3.49577557436328,-3.62449634021685
3.48432055749129,-3.32293503084106
3.47222222222222,-3.29599285213667
3.47168681892656,-2.71824462246961
3.46020761245675,-3.53718305053398
3.44827586206897,-3.26689112418891
3.44776405473446,-3.02909620042372
3.43642611683849,-3.13153208470451
3.42465753424658,-3.17857661973631
3.42400613797142,-1.45911337405435
3.41296928327645,-3.35226494937582
3.40136054421769,-3.52770094465928
3.40041193270371,-2.1779907706922
3.38983050847458,-3.04785329372761
3.37837837837838,-0.137091808930488
3.37698031082509,-2.56201335547713
3.36700336700337,-3.12915756527176
3.35570469798658,-2.46625312948053
3.35371015200293,-2.70402895771009
3.34448160535117,0.856833372777392
3.33333333333333,-2.76980308402399
3.33060034362459,-3.012859534278
3.32225913621262,-2.91181985921197
3.3112582781457,-1.0033370042593
3.30764978074424,-3.4897224706127
3.3003300330033,-3.0855597011908
3.28947368421053,-3.29946969340953
3.28485736603004,-2.66314811947258
3.27868852459016,-3.42886106292225
3.26797385620915,-3.17656130416459
3.26222200971167,-3.09185591660111
3.25732899022801,-2.48971401859073
3.24675324675325,-3.60586586095512
3.2397426295282,-3.65157009747927
3.23624595469256,-3.28102188938673
3.2258064516129,-1.98609734418779
3.21741815067637,-3.22541916052189
3.21543408360129,-3.27827414291381
3.20512820512821,-0.895376410721563
3.19524750575921,-1.97067284540172
3.19488817891374,-2.02798544662219
3.18471337579618,-2.42170132793826
3.17460317460317,-3.64254143352924
3.17322963473498,-2.44467733438149
3.16455696202532,-1.9489516359347
3.15457413249211,-1.84096714304489
3.15136348486648,-2.53256947403922
3.14465408805031,-2.56140254954125
3.13479623824451,-0.55827013435542
3.12964801067075,-2.04940716737634
3.125,-3.65942363960952
3.11526479750779,-3.63499600168172
3.10808217386906,-3.43039023036529
3.1055900621118,-2.99491710107075
3.09597523219814,-2.24948318581154
3.08666494333727,-3.15941200915493
3.08641975308642,-3.27569816101295
3.07692307692308,-2.40711396298966
3.06748466257669,-1.12845947349929
3.06539529505653,-3.470303777566
3.05810397553517,-2.99052615249731
3.04878048780488,-3.41013813895044
3.0442722120643,-3.6208787983564
3.03951367781155,-3.06969047932379
3.03030303030303,-3.12697328794043
3.02329468440578,-3.11073335931389
3.02114803625378,-2.71557349728196
3.01204819277108,-2.36894124465335
3.003003003003,-3.29097625255921
3.00246170908555,-2.25405645475963
2.9940119760479,-3.32582227898656
2.98507462686567,-3.3267854566826
2.98177229001967,-3.15374717211288
2.97619047619048,-1.85043613200839
2.9673590504451,-3.57641827902965
2.96122543798803,-2.50914808667151
2.9585798816568,-3.64201411045537
2.94985250737463,-2.5060019397698
2.94117647058824,-1.15077723520879
2.94082017058706,-1.83700252436754
2.93255131964809,-3.34584656722235
2.92397660818713,-2.86603112873361
2.92055551218275,-3.11173757970256
2.91545189504373,1.64252225866422
2.90697674418605,-3.51550692222052
2.90043049386399,-3.30896105253744
2.89855072463768,-3.21419031371816
2.89017341040462,-2.8964702849902
2.88184438040346,-3.58676264875101
2.8804441533963,-3.47088651350519
2.8735632183908,-2.39494485597815
2.86532951289398,-2.45323784539705
2.86059553517574,-3.07770849333086
2.85714285714286,-3.24950958429541
2.84900284900285,-3.12530683979194
2.84090909090909,-2.90155012329138
2.8408836901833,-2.95479803189947
2.8328611898017,-3.53476706666258
2.82485875706215,-3.27414223247386
2.82130767593947,-3.123056758249
2.8169014084507,0.570693772539518
2.80898876404494,-3.42610101476485
2.8018665564592,-2.72875392646496
2.80112044817927,-2.57087303327072
2.79329608938547,-1.50067654068816
2.78551532033426,-3.62982140147913
2.78255940220712,-3.50584634266478
2.77777777777778,-3.00230801845985
2.77008310249307,-2.89176588265492
2.76338529005317,-3.45203188989528
2.76243093922652,-2.840056484117
2.75482093663912,-1.66331887002074
2.74725274725275,-3.53667785601196
2.74434330322836,-3.03933575334231
2.73972602739726,-3.04878749783965
2.73224043715847,-0.831780148831124
2.72543253128103,-3.04873931852596
2.72479564032698,-1.35462837606014
2.71739130434783,-3.36156561305621
2.710027100271,-2.79495669561238
2.70665207003324,-3.56419458294941
2.7027027027027,-3.174113577449
2.69541778975741,-3.21966978244624
2.68817204301075,-0.466721783414878
2.68800102153761,0.59552664093231
2.68096514745308,-2.81020180312153
2.67379679144385,-2.59891601156435
2.66947849403432,-2.2932043391405
2.66666666666667,1.33231367209557
2.65957446808511,-3.00747530001079
2.6525198938992,-3.11059230883917
2.65108360190854,-2.73257877676626
2.64550264550265,-2.8231964824068
2.63852242744063,-2.43160682822899
2.63281546564802,-1.14496572175887
2.63157894736842,-0.892546570358358
2.6246719160105,-3.29413269832257
2.61780104712042,-3.61713582730841
2.61467321180109,-3.03213484647425
2.61096605744125,-3.36685818749298
2.60416666666667,-2.36450978452616
2.5974025974026,-3.48676695221009
2.59665597293487,-2.65523359471923
2.59067357512953,-3.39421127670321
2.58397932816537,-3.47291816687258
2.5787628875938,-3.6362251575611
2.57731958762887,-3.24146128668185
2.5706940874036,-3.42710613323406
2.56410256410256,-1.77555108970774
2.56099310025846,-3.50800686219615
2.55754475703325,-2.69652659782319
2.55102040816327,-0.62452682944912
2.54452926208651,-3.09764704453748
2.54334576130465,-2.8355760003274
2.53807106598985,-2.80046667855562
2.53164556962025,-2.92007561659407
2.52582002696278,-3.33809136399328
2.52525252525253,-3.63838100192167
2.51889168765743,-3.21667363589774
2.51256281407035,-3.58375678884608
2.50841505927754,-1.63817534888512
2.5062656641604,-3.33381629504974
2.5,-2.94730262666753
2.49376558603491,-2.79349149882033
2.49113002606779,-0.00855237531397801
2.48756218905473,-2.79059326521751
2.48138957816377,-2.02293858795987
2.47524752475248,-3.02923339580921
2.47396410088681,-3.26079472752788
2.46913580246914,-3.29443895588032
2.46305418719212,-3.45479908723457
2.45700245700246,-1.95866167358936
2.45691646298279,-1.65376481314614
2.45098039215686,-3.57316381193517
2.44498777506112,-3.5956856749858
2.43998629725955,-3.59138961725035
2.4390243902439,-3.15009922375863
2.4330900243309,-2.69800062388621
2.42718446601942,-3.07374200174307
2.4231727942376,-3.52412528045444
2.42130750605327,-3.5816964422428
2.41545893719807,-2.25421607715146
2.40963855421687,-3.30126450395683
2.40647515001542,-0.201782205089198
2.40384615384615,-1.54312646797195
2.39808153477218,-3.12816620152783
2.39234449760766,-2.81462483424566
2.38989256623105,-2.96282727650846
2.38663484486874,-2.76413268568588
2.38095238095238,-1.10726466344671
2.37529691211401,-3.26224278684792
2.37342425002387,-3.28441858006824
2.3696682464455,-3.21261051271041
2.36406619385343,-2.94225660171356
2.35849056603774,-2.7846334501733
2.35706941399673,-3.47419963230477
2.35294117647059,-3.4681113945828
2.34741784037559,-3.40946610962997
2.34192037470726,-2.58131053095023
2.34082727617829,-2.93008427831976
2.33644859813084,-0.445024934091019
2.33100233100233,-0.82151138340033
2.32558139534884,-3.35536064340864
2.32469705998565,-3.30489967645964
2.32018561484919,-2.51131917453012
2.31481481481481,-3.2030509691779
2.3094688221709,-2.02954552458958
2.30867799418717,-1.82352693823891
2.30414746543779,-2.96749037434752
2.29885057471264,-2.13454165430825
2.29357798165138,-1.50660192461221
2.29276931286565,-2.906205218934
2.2883295194508,-2.37136726186689
2.28310502283105,-3.02984677751759
2.27790432801822,-3.14681677228249
2.27697025538168,-2.72100028067073
2.27272727272727,-3.49687519646686
2.26757369614512,-3.38287650485018
2.26244343891403,-3.37835728677147
2.26128006633728,-2.63295483267525
2.25733634311512,-2.29825174752768
2.25225225225225,-2.78633675861458
2.24719101123596,-3.07435780754325
2.24569799553977,-3.36196988614578
2.24215246636771,-3.10902054499983
2.23713646532438,-2.59109619024231
2.23214285714286,-3.30852980651697
2.23022329796594,-3.4438446817228
2.2271714922049,-1.07887188160769
2.22222222222222,-3.03641450478771
2.21729490022173,-2.67022054186837
2.21485523372636,-2.24731329665574
2.21238938053097,-2.72531993380864
2.2075055187638,-2.91153835754643
2.20264317180617,-2.50915949537532
2.19959306803007,-2.46507166137895
2.1978021978022,-2.97067525025785
2.19298245614035,-2.34054088672282
2.18818380743982,-3.63030284826849
2.18443607114943,-1.18752817805211
2.18340611353712,-2.84718733801641
2.17864923747277,-2.65424734938024
2.17391304347826,-1.49734537740504
2.16938351838518,-3.60377429213728
2.16919739696312,-3.55892363856413
2.16450216450216,-3.01085167919195
2.15982721382289,-2.98532969892376
2.1551724137931,-3.49332122738628
2.15443469003188,-2.63256768009681
2.1505376344086,-2.65633327464404
2.14592274678112,-3.55326767203975
2.14132762312634,-3.31198751306025
2.13958887134342,-3.01456193268065
2.13675213675214,-0.558430140486062
2.13219616204691,-3.52395046922053
2.12765957446809,-2.60101279508963
2.12484535249888,-3.58322114581959
2.12314225053079,-2.49646276887087
2.11864406779661,-3.45091828427705
2.11416490486258,-2.39630498672742
2.1102034285686,-3.32902060027215
2.10970464135021,-3.42243235031243
2.10526315789474,-3.38988142024332
2.10084033613445,-2.83050559205038
2.09643605870021,-1.41969306392782
2.09566239948043,-2.27593659598805
2.09205020920502,-3.53406012806054
2.08768267223382,-1.20666652775965
2.08333333333333,-3.37775222004405
2.08122156998634,-1.46193188208884
2.07900207900208,-3.11061197984541
2.0746887966805,-3.64810994850999
2.0703933747412,-3.47101928622395
2.06688024962908,-2.96347644871237
2.06611570247934,-2.50298533022494
2.06185567010309,-1.94005760505849
2.05761316872428,-3.50885995646361
2.05338809034908,-2.44823584868673
2.05263775270925,-2.65129933800189
2.04918032786885,-2.94356940347763
2.04498977505112,-3.10236611233561
2.04081632653061,-3.53134100033737
2.03849339825246,-3.42987336958439
2.03665987780041,-3.63337815462394
2.03252032520325,-2.13985239675996
2.02839756592292,-3.52585462207345
2.0244465099768,-1.56073549966068
2.02429149797571,-1.25680490900971
2.02020202020202,-2.65969340942912
2.01612903225806,-3.09165578404476
2.01207243460765,-3.19085626000695
2.0104964162605,-2.43296941870794
2.00803212851406,-2.26422327142519
2.00400801603206,-3.40509373548987
2,-3.44349347617991
1.99664245010979,-3.17186543169675
1.99600798403194,-3.06133997525809
1.99203187250996,-2.90803037509572
1.98807157057654,-3.63645265521402
1.98412698412698,-2.64119595519154
1.98288394912707,-3.31988760626005
1.98019801980198,-3.47018536267985
1.97628458498024,-3.2596222862145
1.9723865877712,-2.75601440084979
1.96922025547917,-3.42225442735396
1.96850393700787,-2.98012219323059
1.96463654223969,-2.89487950074597
1.96078431372549,-3.56743185971917
1.95694716242661,-3.41087265099407
1.95565071586595,-3.02365113616569
1.953125,-3.31812786088899
1.94931773879142,-2.29960554826847
1.94552529182879,-3.5317064589427
1.94217468148903,-2.81298771004743
1.94174757281553,-1.6718622251556
1.93798449612403,-3.53614193033648
1.93423597678917,-3.27535252575278
1.93050193050193,-3.21043717689259
1.92879150802078,-3.46520699961037
1.92678227360308,-3.21938050983645
1.92307692307692,-3.23675807970006
1.91938579654511,-1.00357817766293
1.91570881226054,-3.42922068913164
1.91550055557353,-3.6572342402891
1.91204588910134,-2.67402288548531
1.90839694656489,-1.57457877106422
1.9047619047619,-3.57599005901609
1.90230118866894,-3.15240128266886
1.90114068441065,-3.49063782425339
1.89753320683112,-2.33471374290316
1.89393939393939,-3.60205629973147
1.89035916824197,-2.91018222672856
1.88919277620767,-3.64470915239986
1.88679245283019,-1.8419255714265
1.88323917137476,-3.4311465046879
1.8796992481203,0.455741644890726
1.87617469143912,-2.62790660713331
1.87617260787992,-2.63571783944551
1.87265917602996,-3.38883491163555
1.86915887850467,-3.64163373168956
1.86567164179104,-3.5767591639218
1.86324631193156,-3.19586206292082
1.86219739292365,-2.7102905599681
1.85873605947955,-2.52650675008355
1.85528756957328,-3.07624350253594
1.85185185185185,-2.68457281690889
1.8504070195423,-3.34828342203722
1.84842883548983,-1.99567385190879
1.8450184501845,-2.7011218048285
1.84162062615101,-3.57296230037921
1.83823529411765,-1.71001042986723
1.83765620038817,-3.28202025050056
1.8348623853211,-3.10302710644997
1.83150183150183,-3.6533436286593
1.82815356489945,-2.02532364069718
1.82499324481615,-2.73370070397597
1.82481751824817,-3.16788203084296
1.82149362477231,-2.18000693642152
1.81818181818182,-3.11472902589007
1.81488203266788,-2.68969363642365
1.81241754737424,-3.15216254907157
1.81159420289855,-3.6601413175543
1.80831826401447,-2.88087045278412
1.80505415162455,-3.37597832219013
1.8018018018018,-2.80075969698644
1.79992850678248,-1.06731811423172
1.79856115107914,-2.85763353666821
1.79533213644524,-2.75742551699373
1.7921146953405,-2.54774565292869
1.78890876565295,-3.53804532922369
1.78752552590424,-2.21180715483238
1.78571428571429,-3.55346208428706
1.7825311942959,-3.36451955136261
1.77935943060498,-3.22466651759639
1.77619893428064,-3.37408533058571
1.77520801171763,-3.23938541568456
1.77304964539007,-2.90519893730386
1.76991150442478,-3.44863137068283
1.76678445229682,-3.01117314823635
1.7636684303351,-1.71285911633522
1.76297537528721,-3.64616629134521
1.76056338028169,-3.39925608286868
1.75746924428822,-2.20438166421719
1.75438596491228,-2.98055600082788
1.75131348511384,-2.13365901982386
1.75082703173572,-3.34968118617676
1.74825174825175,-0.678340392436534
1.74520069808028,-2.06763999792617
1.74216027874564,-2.67534730316926
1.73913043478261,-3.48695236407299
1.73876240021625,-3.42893741547969
1.73611111111111,-1.88655448104121
1.73310225303293,-3.17766565645341
1.73010380622837,-0.924142029064323
1.72711571675302,-3.23272050681178
1.72678090388436,-3.5275530484087
1.72413793103448,-1.50471065030431
1.72117039586919,-3.39827422223844
1.71821305841924,-2.63898681029765
1.71526586620926,-3.52585267382279
1.71488196987054,-2.83978276263697
1.71232876712329,-2.88527148268166
1.70940170940171,-1.45760625144076
1.70648464163823,-3.3723177348835
1.70357751277683,-3.49517411128455
1.70306502925284,-3.25432306296177
1.70068027210884,-3.50830233468865
1.69779286926995,-0.782951204487015
1.69491525423729,-2.79349559972799
1.69204737732657,-3.63223646096359
1.69132951702965,-2.90602037336567
1.68918918918919,-3.49463483730077
1.68634064080944,-3.02027673913191
1.68350168350168,-3.58231466850297
1.68067226890756,-0.442548848231648
1.67967487209265,-2.87446890091537
1.67785234899329,-2.09912497751749
1.6750418760469,0.273666261676074
1.67224080267559,-2.14286631096514
1.669449081803,-2.35209203004579
1.66810053720006,-1.70259574790073
1.66666666666667,-2.70876675957397
1.66389351081531,-3.13413882068469
1.66112956810631,-1.13579942890594
1.65837479270315,-3.01741369112458
1.65660595894991,-3.38960907347051
1.65562913907285,-2.62493354853704
1.65289256198347,-3.33565625269643
1.65016501650165,-2.88234699269047
1.64744645799012,-2.90672636900386
1.64519058775366,-3.10053411258555
1.64473684210526,-1.35993450623509
1.64203612479475,-3.33634105749366
1.63934426229508,-2.4746223387453
1.6366612111293,-3.22994221834237
1.63398692810458,-3.45293539241394
1.63385387780986,-1.46824278355755
1.63132137030995,-3.35834944524332
1.62866449511401,-2.95393835494333
1.6260162601626,-3.50152475764063
1.62337662337662,-3.20181926916429
1.62259528707809,-3.57769502112985
1.62074554294976,-3.45414868586046
1.61812297734628,-3.0850903618821
1.61550888529887,-3.44474401237759
1.61290322580645,-2.16316965042189
1.61141427725302,-0.954874341874851
1.61030595813205,-3.16364392516631
1.60771704180064,-3.56298036190519
1.60513643659711,-2.06575689704241
1.6025641025641,-2.93038539425178
1.6003103137387,-3.16914948946079
1.6,1.54032009300359
1.59744408945687,-1.97416891737516
1.59489633173844,-1.22777177247398
1.59235668789809,-0.974930487624515
1.58982511923688,-3.5522411275103
1.58928286562298,-2.38103165664146
1.58730158730159,-2.91423053738573
1.58478605388273,-2.69285886188321
1.58227848101266,-3.23747388011527
1.57977883096367,-2.71122558040686
1.57833140565212,-2.27092312915537
1.57728706624606,-0.112620122900561
1.5748031496063,-2.07059466230161
1.57232704402516,-3.09687497655004
1.56985871271586,-1.18491472860479
1.5674554102056,-3.55139019721481
1.56739811912226,-3.26713227493088
1.56494522691706,-2.43408411093229
1.5625,-3.09769351881668
1.5600624024961,-3.62691216099038
1.55763239875389,-3.28288105760226
1.55665435927106,-2.56272468459268
1.5552099533437,-2.48774506320994
1.5527950310559,-3.15672674364562
1.55038759689922,-2.73457243054709
1.54798761609907,-1.61678583219527
1.54592773641948,-2.62193490948259
1.54559505409583,-3.16725920090358
1.54320987654321,-3.3276402094426
1.54083204930663,-3.01360844644251
1.53846153846154,-2.17588595083354
1.53609831029186,-2.45766981494672
1.53527502878042,-0.790921152596733
1.53374233128834,-2.52384368610067
1.53139356814701,-3.45937653572058
1.52905198776758,-2.49335425643839
1.52671755725191,-2.76561919003627
1.52469572701757,-2.53794134612356
1.52439024390244,-3.42653742701516
1.5220700152207,-2.02954802802911
1.51975683890577,-1.9727513995861
1.51745068285281,-2.03718368878513
1.51515151515152,-0.812640087802417
1.51418932530435,-2.70998617883968
1.51285930408472,-1.31117406335208
1.51057401812689,-3.11104137867018
1.50829562594268,-2.17116119476538
1.50602409638554,-2.45008726368375
1.50375939849624,-3.031254034034
1.50375532129974,-3.05477913779761
1.5015015015015,-2.32537298855508
1.49925037481259,-1.49043656050794
1.49700598802395,-3.65148853580937
1.49476831091181,-3.40120710255662
1.49339321612425,-1.35777222773857
1.49253731343284,-3.18257316148402
1.4903129657228,-3.63785709540916
1.48809523809524,-3.60265627473815
1.48588410104012,-2.24476426768571
1.48367952522255,-1.97247125334412
1.4831025143361,-2.58384793470092
1.48148148148148,-3.20070312853808
1.4792899408284,-3.3419705148221
1.47710487444609,-1.83355107665418
1.47492625368732,-3.16965543515017
1.4728827239075,-3.20982833419167
1.47275405007364,-3.27207476948565
1.47058823529412,-3.56090814328437
1.46842878120411,-1.06165972466
1.46627565982405,-1.07952529926576
1.46412884333821,-1.00561161063258
1.46273335620113,-2.22892160494073
1.46198830409357,1.56484182169972
1.45985401459854,-3.03447170450029
1.45772594752187,-2.65969553754199
1.45560407569141,-1.81569106248493
1.45348837209302,0.700579516612113
1.45265392594678,-2.80988024385921
1.45137880986938,-2.45729640862269
1.44927536231884,0.182694762377356
1.44717800289436,-3.55222404256967
1.44508670520231,-3.64260458990379
1.44300144300144,-2.03778895273102
1.44264395121816,-0.87992900054014
1.44092219020173,-3.4946549279701
1.43884892086331,-2.26674214046623
1.4367816091954,-3.40207202704353
1.43472022955524,-3.52656789919008
1.43270295340983,-3.09701619844243
1.43266475644699,-3.22470697036034
1.43061516452074,-2.66351250069992
1.42857142857143,-0.509974668100209
1.4265335235378,1.04271073851244
1.42450142450142,-1.55024737484218
1.42283045721435,-1.39230771133456
1.42247510668563,-3.52895314538513
1.42045454545455,-0.23148895149195
1.41843971631206,-1.53765983760145
1.41643059490085,-3.10194252378561
1.41442715700141,-0.654478349788188
1.41302599059953,-1.77174385074779
1.41242937853107,-2.24281903492332
1.41043723554302,-3.38486566591815
1.40845070422535,-2.9220038244823
1.40646976090014,-3.44386791295401
1.40449438202247,-3.05788040640992
1.40328908478587,-1.76706318113535
1.40252454417952,-3.44091285152832
1.40056022408964,-3.03052880254854
1.3986013986014,-3.34006060824721
1.39664804469274,-2.44044292873327
1.39470013947001,-3.15647800342536
1.39361927422414,-1.35014321067448
1.39275766016713,-3.33589982480323
1.39082058414465,-1.67646709941219
1.38888888888889,-3.59920993372487
1.3869625520111,-2.91325743552336
1.38504155124654,-3.46516843391872
1.38401609657313,-1.75071309901973
1.38312586445367,-1.94968425514942
1.38121546961326,-3.12545926739251
1.37931034482759,-3.27277261483807
1.37741046831956,-3.65207183766428
1.37551581843191,-1.00257813367558
1.37447909267754,-3.1170160683837
1.37362637362637,-2.97844857269326
1.37174211248285,-3.37567922175232
1.36986301369863,-1.24476356987371
1.36798905608755,-3.6106708523162
1.36612021857923,-3.61307466779614
1.36500780654601,0.240018909460834
1.36425648021828,-3.18068648595023
1.36239782016349,-3.5230493420605
1.36054421768707,-1.23987697643342
1.35869565217391,-3.60790262058436
1.35685210312076,-3.19165976173998
1.35560178532937,1.79119320096733
1.3550135501355,0.889051199064302
1.3531799729364,-3.49498707446959
1.35135135135135,-3.25522597961553
1.34952766531714,-2.97142742178671
1.34770889487871,-2.6576248239822
1.34626057929891,-3.26000864587364
1.34589502018843,-2.13781576718408
1.34408602150538,-2.31844351103636
1.34228187919463,-0.996703486473062
1.34048257372654,-3.64673107443393
1.33868808567604,-2.41417285938656
1.33698374182495,-2.72532778922921
1.33689839572193,-3.27206921969146
1.33511348464619,-2.66609058641493
1.33333333333333,-3.10179874843829
1.33155792276964,-2.79656883697579
1.32978723404255,-3.53977079280356
1.32802124833997,-2.68459126305144
1.32777082935543,-2.37105703690316
1.3262599469496,-2.26838317834464
1.32450331125828,-1.75266562404029
1.32275132275132,-3.22324310948168
1.32100396301189,-2.81939565107454
1.31926121372032,-3.25432825730577
1.31862140139475,-3.13106130555574
1.31752305665349,-3.45124161881391
1.31578947368421,-3.26627992633775
1.31406044678055,-0.730429206274645
1.31233595800525,0.382656663583693
1.31061598951507,-3.02911785740964
1.30953502048267,-0.949516342748391
1.30890052356021,0.437562472751087
1.30718954248366,-0.265336532046812
1.30548302872063,-2.72597579869069
1.30378096479791,-1.64816742657096
1.30208333333333,-2.24561365991969
1.30051125217341,-1.37238433263404
1.30039011703511,-3.1336253774768
1.2987012987013,-2.40275723416799
1.2970168612192,-2.30036020491645
1.29533678756477,-3.5198954676111
1.29366106080207,-2.74170645366147
1.29198966408269,-3.09230181906751
1.29154966501488,-2.72268758560362
1.29032258064516,-3.40274326792531
1.28865979381443,-1.89132759981232
1.28700128700129,-2.85217548293964
1.2853470437018,1.95833683757129
1.28369704749679,-2.88908911307119
1.28264983052806,-3.53171322141189
1.28205128205128,-2.45757540727454
1.28040973111396,-3.52833097793985
1.27877237851662,-2.02639923410389
1.27713920817369,-2.52186954894837
1.27551020408163,-3.18130152282016
1.27388535031847,-0.253745731927533
1.27381132318648,-1.41576425036522
1.27226463104326,-2.78498907289072
1.27064803049555,-1.6869268812975
1.26903553299492,-2.98954905678847
1.26742712294043,-3.59539234302666
1.26582278481013,-3.31429222646771
1.2650337203959,-3.52184300727994
1.26422250316056,0.791632937173707
1.26262626262626,-2.98390477286936
1.26103404791929,-2.41124795666279
1.25944584382872,-1.81960930199188
1.25786163522013,-3.41952833218256
1.25631660247412,-1.34649090113653
1.25628140703518,-0.78195074115204
1.25470514429109,0.059465817421672
1.2531328320802,-2.76202753686332
1.25156445556946,-2.59270440255262
1.25,-2.90786454348203
1.24843945068664,-3.37031045136051
1.24765955263087,-0.950600461806583
1.24688279301746,-3.44747681580626
1.2453300124533,-0.218481980769478
1.24378109452736,-1.67780320010562
1.24223602484472,-3.65332571755128
1.24069478908189,-2.78196824087093
1.23915737298637,-3.45747528876232
1.23906215694792,-3.47600174009637
1.23762376237624,-1.972176249777
1.23609394313968,-3.60949118838898
1.23456790123457,-3.48488724002059
1.23304562268804,-2.0260863682224
1.23152709359606,-2.37987830070689
1.23052400435926,-2.90262148117726
1.230012300123,-3.43867495805746
1.22850122850123,-2.57588684743551
1.22699386503067,-3.37159504536741
1.22549019607843,-2.86864027709189
1.22399020807834,-3.60357288161692
1.22249388753056,-3.45867422624651
1.22204468663149,-3.30169736977167
1.22100122100122,-2.67011177771912
1.21951219512195,-2.51767443487277
1.21802679658952,-3.24011849738077
1.21654501216545,-2.89361214375109
1.21506682867558,-2.65249309440388
1.21362379834424,-3.66250135091495
1.21359223300971,-3.64850189096758
1.21212121212121,-2.35233768722936
1.21065375302663,-0.402923282106864
1.20918984280532,-2.91947617932608
1.20772946859903,-3.27576295087676
1.20627261761158,-2.05780615732204
1.20526093687084,-2.54250532506036
1.20481927710843,-2.96396385581051
1.20336943441637,-0.393577617974795
1.20192307692308,-2.94816744035499
1.20048019207683,-2.32145165972635
1.19904076738609,-2.21639165643746
1.19760479041916,-3.47387121360186
1.19695570235904,-0.720095604327592
1.19617224880383,-3.60043454192019
1.194743130227,-2.15448011449028
1.19331742243437,-2.16258200991741
1.19189511323004,-0.982605507880332
1.19047619047619,-2.62943268489469
1.18906064209275,-2.29771643588354
1.1887076977119,-1.53971216996116
1.18764845605701,-1.79230394910835
1.18623962040332,-1.04214707698638
1.18483412322275,-3.66312702971116
1.18343195266272,-2.56773609538042
1.18203309692671,-1.88836762760634
1.18063754427391,-3.39100143315396
1.18051652856881,-3.39207865088683
1.17924528301887,0.331332377161535
1.17785630153121,-3.53181026112683
1.17647058823529,-2.85471584872728
1.17508813160987,-3.57754326630548
1.17370892018779,-1.72242567276707
1.1723818032866,-2.03452454470901
1.17233294255569,-1.48282561184716
1.17096018735363,-2.7190862606625
1.16959064327485,-2.39693861398107
1.16822429906542,-0.407707981849323
1.16686114352392,0.726124483782589
1.16550116550117,-3.06339343373353
1.16430313292088,-3.0937799109157
1.16414435389988,-1.07904818705627
1.16279069767442,-1.59773680463156
1.16144018583043,-3.39650562959157
1.16009280742459,-3.47292420364313
1.15874855156431,-3.12538743610467
1.15740740740741,-2.02441123257573
1.15628013120738,-1.88926296805401
1.15606936416185,-1.17641154109274
1.15473441108545,-3.65652649467476
1.15340253748558,-0.834495070536813
1.15207373271889,-3.38191304588521
1.15074798619102,-2.83735135007604
1.14942528735632,-3.59048353169554
1.14831241454351,-2.63434330640349
1.14810562571757,-3.00338644009089
1.14678899082569,-1.67435924655727
1.1454753722795,-3.20573902239009
1.1441647597254,-2.92466911485208
1.14285714285714,-3.09611763586004
1.14155251141553,-3.19867563925082
1.14039960197003,-1.96795140117795
1.14025085518814,-1.99726717414982
1.13895216400911,-3.40420928026297
1.13765642775882,-2.91884548368166
1.13636363636364,-1.89893360233357
1.13507377979569,-3.48960870549781
1.13378684807256,-2.48023353936487
1.13254131515281,-1.26649999683765
1.13250283125708,-1.47434027567617
1.13122171945701,-2.19756469449147
1.12994350282486,-3.61471211152151
1.12866817155756,-3.46200872947203
1.12739571589628,-1.17152371659607
1.12612612612613,-3.10692946002204
1.12485939257593,-2.98937014575811
1.12473717836475,-3.61485798097074
1.12359550561798,0.0326954530099117
1.12233445566779,-2.95430698612672
1.12107623318386,-3.13373710870458
1.11982082866741,-3.28716420092676
1.11856823266219,-3.51028956667293
1.11731843575419,-1.88368998770677
1.11698681846782,-3.49854063542515
1.11607142857143,-3.05038504639635
1.11482720178372,-3.32946038960285
1.11358574610245,-3.43719820124469
1.11234705228031,-2.95297758667483
1.11111111111111,-2.44375638975704
1.10987791342952,-3.09477057650643
1.10928986489522,-0.957005736404521
1.10864745011086,-1.62153247202648
1.10741971207087,-3.03756298836278
1.10619469026549,-0.613260764154272
1.10497237569061,-3.04608683913416
1.1037527593819,-0.515561829707859
1.10253583241455,2.28047392359058
1.10164594963366,-2.94805090015337
1.10132158590308,-3.53820165960287
1.1001100110011,-2.79652905910769
1.0989010989011,-3.54830765854551
1.09769484083425,-3.0466440644591
1.09649122807018,-3.59585137012807
1.09529025191676,-0.0538897469707917
1.09409190371991,-3.05799183913792
1.09405470720574,-3.07128525072086
1.09289617486339,-1.79398680583905
1.09170305676856,-0.531305356199947
1.09051254089422,-3.26150243725625
1.08932461873638,-2.53322224036186
1.08813928182807,-2.88125485987465
1.08695652173913,-0.880774473247366
1.08651577465254,-1.679845661539
1.085776330076,-3.44701279962863
1.08459869848156,-3.38171130801457
1.08342361863489,-3.63395004189816
1.08225108225108,-2.33964137479408
1.08108108108108,-2.83119517868469
1.07991360691145,-2.92626659445001
1.07902879151618,-3.51460513320337
1.07874865156419,-3.1652922623024
1.07758620689655,-1.79634376618476
1.07642626480086,-2.13790042236793
1.0752688172043,-1.21062588087944
1.07411385606874,-3.61034904983667
1.07296137339056,-3.16327362705193
1.07181136120043,1.37152789045793
1.07159339982267,-3.15429918892159
1.07066381156317,-0.863510014610095
1.06951871657754,-3.07133741991039
1.06837606837607,0.553666458124543
1.06723585912487,-1.46813554312954
1.06609808102345,-3.35400382709737
1.06496272630458,-3.10050819185742
1.06420924406472,-2.4674878668891
1.06382978723404,-3.0135897246261
1.06269925611052,-1.91309658992339
1.06157112526539,-2.93431161805169
1.06044538706257,-1.61969547148721
1.0593220338983,-0.724412320864597
1.05820105820106,-2.91600797806422
1.05708245243129,-3.46492188206353
1.0568759711848,-3.53801018713493
1.05596620908131,-3.11596694308956
1.05485232067511,-2.60626985740002
1.05374077976818,-2.67053334573707
1.05263157894737,-3.01762038167019
1.0515247108307,-3.34456562933921
1.05042016806723,-3.20919261293092
1.04959323055823,-3.42988956051608
1.04931794333683,-0.270424051090809
1.0482180293501,-3.36355784460393
1.04712041884817,-2.73237404031543
1.04602510460251,-0.89694241084113
1.04493207941484,-3.56008413486118
1.04384133611691,-3.64495269406136
1.04275286757039,-2.54201619913932
1.0423606739764,-2.65083252419624
1.04166666666667,0.820337921426263
1.04058272632674,-1.33759676620574
1.03950103950104,-3.28745865480992
1.03842159916926,-1.16255529583467
1.03734439834025,-2.17010796016343
1.03626943005181,-2.87415303190628
1.0351966873706,-3.3189425732683
1.03517795563018,-2.64662934500681
1.03412616339193,-2.93732071651091
1.03305785123967,-2.21276460500179
1.03199174406605,-3.36826335590235
1.03092783505155,-3.20229478129509
1.02986611740474,-3.28662058892409
1.02880658436214,-3.2263884561883
1.02804473209331,-3.40421864028469
1.02774922918808,-1.93282758024541
1.02669404517454,-2.53376070662555
1.02564102564103,-3.36410642936014
1.02459016393443,-3.20848573679434
1.02354145342886,-2.52743448206941
1.02249488752556,-3.25094743489178
1.02145045965271,-3.01487155354892
1.02096066230605,-3.12534717601552
1.02040816326531,-3.30723640797374
1.01936799184506,-3.46229966273362
1.0183299389002,-3.62812327623437
1.01729399796541,-3.44690571123244
1.01626016260163,-2.22952530373022
1.01522842639594,-2.08496751695993
1.01419878296146,-3.19192293936397
1.01392540755882,-3.54017848505459
1.01317122593718,-3.26224049581422
1.01214574898785,-3.09265477844367
1.01112234580384,-2.20751599637471
1.01010101010101,-2.19241364884105
1.00908173562059,-1.77322902428899
1.00806451612903,-2.14189267097829
1.00704934541793,0.761736694372037
1.00693863147603,-3.54240911591828
1.00603621730382,-0.28710772932403
1.00502512562814,-3.42383434629788
1.00401606425703,-2.73507588531184
1.00300902708124,1.3696973935053
1.00200400801603,-2.79605326801005
1.001001001001,-3.15311363071457
1,1.49489548012345
