"bfp_output.P","bfp_output.logBF"
1000,-2.66832928243737
993.109181374979,-2.5228340633697
986.265846131283,-2.39886572101035
979.46966706954,-2.31198842736547
972.720319245055,-2.27297601503393
966.017479952265,-2.28593442731771
959.360828709315,-2.34839640939965
952.75004724273,-2.45280720218347
946.184819472201,-2.58842369262403
939.66483149547,-2.74295112870648
933.189771573324,-2.90378644160723
926.759330114689,-3.05909609474615
920.373199661823,-3.19896220332718
914.031074875623,-3.31654935292844
907.732652521023,-3.40891505821422
901.477631452492,-3.4770102684392
895.26571259964,-3.52471350864557
889.096598952916,-3.55719201975388
882.969995549409,-3.57912504986127
876.885609458743,-3.59323638826079
870.843149769073,-3.59937044577232
864.842327573172,-3.59428150100343
858.882855954625,-3.57244674446111
852.964449974103,-3.5282339893899
847.086826655741,-3.45910327572873
841.249704973612,-3.36822103104798
835.452805838287,-3.26437890069404
829.695852083491,-3.15895757672929
823.978568452852,-3.06224790463529
818.300681586739,-2.98164099094317
812.661920009195,-2.92220137006701
807.06201411495,-2.8885224711136
801.500696156541,-2.88637254924113
795.977700231499,-2.92244804740546
790.492762269642,-3.0003337251084
785.045620020451,-3.11309811007656
779.636013040523,-3.23982855088932
774.263682681127,-3.35468775453533
768.928372075831,-3.44168233054809
763.629826128224,-3.49944090018472
758.367791499719,-3.53519452618512
753.142016597437,-3.55776854379506
747.952251562182,-3.5743073082758
742.798248256492,-3.58971109267967
737.679760252773,-3.60679310714878
732.596542821523,-3.62590154942573
727.548352919623,-3.64392255897668
722.534949178721,-3.65516363417434
717.556091893692,-3.65677108933501
712.611543011175,-3.65230943850291
707.701066118189,-3.64733209501902
702.824426430835,-3.64479811744352
697.981390783066,-3.6450386399254
693.17172761554,-3.64715688148966
688.39520696455,-3.6498612440351
683.651600451024,-3.65173312385967
678.940681269611,-3.65123709923754
674.262224177835,-3.64660601698337
669.616005485322,-3.63564434233875
665.001803043112,-3.61559084620019
660.419396233031,-3.58331133840876
655.868565957143,-3.53604038192146
651.349094627281,-3.47279692747604
646.860766154633,-3.39635215198696
642.40336593942,-3.31484069783569
637.976680860628,-3.24097309918262
633.580499265825,-3.18716773189895
629.214610961035,-3.15837827543477
624.878807200689,-3.147951826288
620.57288067765,-3.14023797148091
616.296625513294,-3.11856828410073
612.04983724767,-3.07458379941134
607.832312829723,-3.01466415447073
603.643850607587,-2.95940350680645
599.484250318941,-2.93512932182643
595.353313081437,-2.96233960207682
591.250841383188,-3.04707663976999
587.176639073326,-3.1758015017542
583.130511352622,-3.31201485752403
579.112264764176,-3.40059922942863
575.121707184161,-3.39229588961087
571.158647812643,-3.27938878605085
567.222897164454,-3.10291976463794
563.314267060136,-2.92117521197626
559.432570616938,-2.77828625533864
555.577622239888,-2.69470832772033
551.749237612913,-2.66812467910638
547.947233690029,-2.67577533592911
544.171428686589,-2.68360439284664
540.421642070592,-2.66422579582349
536.697694554048,-2.61110027468139
532.999408084409,-2.5394212956517
529.326605836056,-2.47726911241984
525.679112201842,-2.44982409995167
522.056752784698,-2.45926445459956
518.459354389291,-2.47810330619957
514.886745013749,-2.46930511206387
511.338753841433,-2.41315528478379
507.815211232767,-2.31981078272467
504.315948717136,-2.22949602261773
500.840798984821,-2.19834705372947
500,-2.20479326876368
497.389595879006,-2.26243769273007
493.962174387832,-2.40832614692168
490.558370636505,-2.591722101753
487.178021879463,-2.77978619321568
483.820966492595,-2.96706283142792
480.487043965513,-3.15776631441521
477.176094893875,-3.33224569544286
473.887960971765,-3.43065836502741
470.622484984128,-3.37884676599817
467.379510799247,-3.12531614365416
464.158883361278,-2.65955468918512
460.960448682844,-2.03345587345315
457.784053837662,-1.38350043731314
454.62954695324,-0.888786502068551
451.49677720361,-0.65506905786314
448.385594802119,-0.656180317121975
445.295850994266,-0.798893061603546
442.22739805059,-1.00999863954759
439.180089259609,-1.26505504114361
436.153778920801,-1.56203435262192
433.14832233764,-1.88187676217747
430.16357581068,-2.18489199327875
427.199396630678,-2.43974612801982
424.255643071778,-2.64324382656506
421.332174384729,-2.8145962052876
418.428850790158,-2.97600692443857
415.545533471888,-3.13855881184672
412.682084570296,-3.30151536545939
409.838367175726,-3.45754370377444
407.014245321944,-3.5889394587467
404.209583979631,-3.64724338701036
401.424249049932,-3.53745505903334
398.658107358044,-3.11892782794934
395.911026646846,-2.25856953893652
393.182875570577,-1.06724707814622
390.473523688556,-0.136805911129339
387.782841458946,-0.0118314816670404
385.110700232557,-0.518785123428709
382.4569722467,-1.06846933001601
379.821530619074,-0.918830408944653
377.2042493417,0.74561706730906
374.605003274899,3.57639923269203
372.023668141307,5.51846059835349
369.985047405934,5.78592866747095
366.914237840249,4.81287661747534
364.385898376355,3.82489204709934
361.874981241128,3.93445347069134
359.381366380463,4.98138475765838
356.904934567523,5.38643609585255
354.445567397043,4.15596028593835
352.003147279668,1.21738492361026
349.577557436327,-1.98881990279075
347.168681892656,-3.55638362007628
344.776405473446,-3.45183256511835
342.400613797142,-2.6695249738082
340.041193270371,-1.81898711707584
337.698031082509,-1.04366925845498
335.371015200293,-0.316175789155561
333.333333333333,0.26499636428044
333.060034362459,0.334092238221122
330.764978074424,0.749018730939885
328.485736603004,0.673657574941832
326.222200971167,0.029196933618171
323.97426295282,-0.659120102873611
321.741815067637,-0.765212298831737
319.524750575921,-0.269942645878369
317.322963473498,0.399419792643575
315.136348486648,0.576905102732884
312.964801067075,-0.107245517854902
310.808217386907,-1.19776466733138
308.666494333727,-2.10439733778953
306.539529505653,-2.59787006987268
304.42722120643,-2.60061543534358
302.329468440578,-2.10545851557277
300.246170908555,-1.31073733390697
298.177229001967,-0.726753708892555
296.122543798804,-0.830110232830616
294.082017058706,-1.49095837552012
292.055551218275,-2.28312205809585
290.043049386399,-2.98075550330305
288.04441533963,-3.48340160767607
286.059553517574,-3.65447377963472
284.08836901833,-3.38018785927381
282.130767593947,-2.84321968392278
280.18665564592,-2.4680686732331
278.255940220713,-2.43153717835382
276.338529005317,-2.64821292540257
274.434330322837,-2.96721928015013
272.543253128103,-3.27028922535323
270.665207003324,-3.49519985680372
268.800102153761,-3.61669027221272
266.947849403432,-3.65688667192164
265.108360190854,-3.66319503393292
263.281546564802,-3.66105697270025
261.467321180109,-3.62040330844324
259.665597293487,-3.46215151372767
257.87628875938,-3.17737077692429
256.099310025846,-2.87911248744485
254.334576130465,-2.64393640656344
252.582002696278,-2.57682315858532
250.841505927754,-2.59373824172827
250,-2.56168993021107
249.113002606779,-2.50487775207257
247.396410088681,-2.53814655041948
245.691646298279,-2.97264927282672
243.998629725955,-3.19202756721868
242.31727942376,-2.80158234512508
240.647515001542,-2.14468273078323
238.989256623105,-1.99973158145628
237.342425002387,-2.14292769580954
235.706941399673,-2.2506646740464
234.082727617829,-2.30686989738357
232.469705998565,-2.37121532332942
230.867799418717,-2.66154851829328
229.276931286565,-3.26641109281753
227.697025538168,-3.64414719764299
226.128006633728,-3.35438574569265
224.569799553977,-2.47501463207761
223.022329796594,-1.24578752663752
221.485523372636,0.362125568725095
219.959306803008,1.90212788108169
218.443607114943,1.84538468954596
216.938351838519,-0.24600770254231
215.443469003188,-2.37219730345027
213.958887134342,-3.11424521331288
212.484535249888,-2.46090341181432
211.02034285686,-1.2329985038544
209.566239948043,-0.549769689724154
208.122156998634,-0.359345158843307
206.688024962908,-0.494329003575539
205.263775270925,-0.920721388736875
203.849339825246,-1.14977531215537
202.44465099768,-1.24858057344191
201.04964162605,-1.67480987729315
200,-2.28979790811708
199.664245010979,-2.52501101660173
198.288394912707,-3.36690275758614
196.922025547917,-3.26863059676661
195.565071586595,-2.48092790513244
194.217468148903,-1.70405520928171
192.879150802078,-1.72934219210945
191.550055557353,-2.75771679787281
190.230118866895,-2.97518865077923
188.919277620767,-2.34851363855609
187.617469143912,-2.65345197898325
186.324631193156,-2.98584542441291
185.04070195423,-3.06177139405029
183.765620038817,-1.78927737989981
182.499324481615,1.94192890032078
181.241754737424,3.30202782018892
179.992850678248,0.740432909115772
178.752552590424,-2.33714907920246
177.520801171764,-3.26744678981167
176.297537528721,-1.44423225951503
175.082703173572,0.571892054921951
173.876240021625,1.2633011886155
172.678090388436,-0.430567434466194
171.488196987054,-2.50607922163477
170.306502925284,-3.14076785542523
169.132951702965,-2.6531071671289
167.967487209265,-1.54647851820682
166.810053720006,-0.822217074946177
166.666666666667,-0.758390957110133
165.660595894991,-0.26559623414344
164.519058775366,0.015210144077817
163.385387780986,-0.669126047849555
162.259528707809,-2.14774184394026
161.141427725302,-3.23777791224112
160.03103137387,-2.91867252639171
158.928286562298,-1.95483669881427
157.833140565212,-1.76092911764179
156.745541020559,-2.11302847735275
155.665435927106,-2.85539315223591
154.592773641948,-3.47339137882725
153.527502878042,-3.63019874103905
152.469572701757,-3.64384748587382
151.418932530435,-3.65174166060028
150.375532129974,-3.65926146115539
149.339321612425,-3.66131020667914
148.310251433611,-3.65933723663106
147.28827239075,-3.65767120777907
146.273335620113,-3.59284699336028
145.265392594678,-3.15666224137
144.264395121816,-2.05198866488412
143.270295340983,-1.58929493398342
142.857142857143,-1.69300080993953
142.283045721435,-1.99107105673253
141.302599059953,-2.89823614031665
140.328908478587,-3.63477083759239
139.361927422414,-1.78776282964177
138.401609657313,0.953657998466629
137.447909267754,4.1337734163361
136.500780654601,2.79891080425152
135.560178532937,-2.4301548287426
134.626057929891,-2.81899830570334
133.698374182495,0.80826223445708
132.777082935543,4.24860406628479
131.862140139475,0.316299499166083
130.953502048267,-1.21202450022089
130.051125217341,-2.84985946095791
129.154966501488,-3.27299716839836
128.264983052806,-3.13304961518686
127.381132318648,-2.41875112975084
126.50337203959,-1.77309635108231
125.631660247412,-1.68654131099593
125,-0.642659344447973
124.765955263087,-0.202262404920456
123.906215694792,-1.32865816623878
123.052400435926,-3.09516644996749
122.204468663149,-3.06212657028224
121.362379834424,0.621876192904598
120.526093687084,1.48844480230561
119.695570235904,-1.24919353100294
118.87076977119,-2.39044557814317
118.051652856881,-2.33923198686729
117.23818032866,-3.0524100297985
116.430313292088,-3.52382869957047
115.628013120738,-2.76319753474176
114.831241454351,-1.64009727790157
114.039960197003,-0.867328563786951
113.254131515281,-2.09625504700757
112.473717836475,-2.8288638072366
111.698681846782,-2.05603936462763
111.111111111111,-1.70326243827476
110.928986489522,-1.61781157882261
110.164594963366,-2.15263723710118
109.405470720574,-2.82206021194046
108.651577465254,-3.28532180796271
107.902879151618,-3.60514455642395
107.159339982267,-3.0659710395375
106.420924406472,-1.91119800580078
105.68759711848,0.63969826375804
104.959323055823,-0.662521951011835
104.23606739764,-3.3748388459753
103.517795563018,-0.902292738446373
102.804473209331,3.99443535267368
102.096066230605,1.35156530844153
101.392540755882,-3.11933318756619
100.693863147603,-2.61088231427173
100,-1.20503639623366
100,-1.2050363962336
99.310918137498,-1.00920560417724
98.6265846131283,-1.61350929147899
97.946966706954,-1.91675064209097
97.2720319245054,-2.33104901366225
96.6017479952265,-3.02260558603252
95.9360828709315,-3.63833179480327
95.2750047242729,-2.80016143501261
94.61848194722,-1.73364941439705
93.966483149547,-0.767870590626283
93.3189771573324,-1.50728166012727
92.6759330114688,-3.28008437673263
92.0373199661823,-3.39057551949777
91.4031074875623,-1.82897398818458
90.9090909090909,0.0714936963696475
90.7732652521023,0.569130222512389
90.1477631452492,-0.870157766793919
89.526571259964,-3.37679322976565
88.9096598952916,0.188633513248893
88.2969995549409,-1.19857237396043
87.6885609458743,-3.2289158797174
87.0843149769073,0.26550990213254
86.4842327573172,-0.504822038100097
85.8882855954625,-3.5686665738831
85.2964449974102,-2.2986821235453
84.7086826655741,-3.29730115092532
84.1249704973612,-3.65109916846019
83.5452805838287,-3.55510658642838
83.3333333333333,-3.46286436473887
82.9695852083491,-3.36990647883142
82.3978568452852,-2.32181166234941
81.8300681586739,-1.162576999189
81.2661920009194,-3.13502454186102
80.706201411495,-1.71589624923829
80.150069615654,2.63630830597076
79.5977700231498,-1.8433457311451
79.0492762269642,-3.26944584341841
78.5045620020451,-0.669405486402961
77.9636013040523,-0.176562827141178
77.4263682681127,-2.36955383994579
76.9230769230769,-3.37751946147231
76.8928372075831,-3.26608116819046
76.3629826128224,-2.83315086581818
75.8367791499719,-3.61044432087619
75.3142016597437,-2.8466981843887
74.7952251562182,-2.17770545823431
74.2798248256491,-1.25548567882488
73.7679760252773,-3.36364295117108
73.2596542821523,-2.22311550518277
72.7548352919623,-3.10011771939751
72.2534949178722,-3.30513945640468
71.7556091893693,-1.44160824522551
71.4285714285714,2.00807238906434
71.2611543011175,0.259214498974036
70.7701066118189,-3.53255141603928
70.2824426430835,4.03003149696601
69.7981390783066,-1.20956269414536
69.3171727615541,-3.58586808086586
68.839520696455,-2.74145647276556
68.3651600451024,-1.37200882534328
67.8940681269611,-2.28320042651419
67.4262224177834,-3.62614888682922
66.9616005485322,-2.73046319216281
66.6666666666667,-2.54046831763484
66.5001803043112,-2.1946394955291
66.0419396233031,-0.536017929089506
65.5868565957143,-3.28558861880115
65.134909462728,-3.4356921460707
64.6860766154633,-2.55076108426446
64.2403365939419,-1.58545819950622
63.7976680860628,-3.57281929551929
63.3580499265825,-1.87475882209641
62.9214610961034,-3.08120480147646
62.5,-0.409016148971896
62.4878807200689,-0.283900339955191
62.057288067765,-2.21214258103323
61.6296625513294,-3.34650693653101
61.204983724767,-3.37059236569562
60.7832312829723,-2.70140537683708
60.3643850607587,-2.34896303433826
59.9484250318941,-3.48549601802598
59.5353313081437,-2.81593165315736
59.1250841383188,-1.85325511719683
58.8235294117647,-2.19160805489777
58.7176639073326,-2.35910757609646
58.3130511352622,-3.43565579738977
57.9112264764176,-1.97402954157657
57.5121707184161,-2.16927848782599
57.1158647812643,-3.63547832726048
56.7222897164454,-3.30778381002012
56.3314267060136,-3.08318215421111
55.9432570616938,-3.05677824527252
55.5577622239888,-3.62424817454315
55.5555555555556,-3.62474019670305
55.1749237612912,-3.48817521406972
54.7947233690029,-3.39940259589273
54.4171428686589,-3.27603403696001
54.0421642070592,-3.46787947544326
53.6697694554048,-3.20702741591382
53.2999408084409,-0.940423275553409
52.9326605836056,-2.48712016185903
52.6315789473684,-3.31828829631923
52.5679112201842,-2.98899592431196
52.2056752784698,-2.2079391892734
51.8459354389291,-2.51698978044088
51.488674501375,-3.44364826050552
51.1338753841433,0.0704576277108702
50.7815211232767,-2.06256381095725
50.4315948717136,-2.04621954689095
50.0840798984821,-3.09500745136428
50,-3.0686624476459
49.7389595879007,-3.45179725911079
49.3962174387832,-2.93703185256823
49.0558370636505,-2.73211395699256
48.7178021879463,-2.54621156828388
48.3820966492596,-3.59936222094351
48.0487043965513,-3.16026112554395
47.7176094893875,-2.23580027793183
47.6190476190476,-1.58041446213151
47.3887960971765,-1.75430810028724
47.0622484984128,-3.6072946538763
46.7379510799246,4.13826703111515
46.4158883361278,-3.16072656240426
46.0960448682843,-2.50347004666259
45.7784053837662,-3.40208251531628
45.462954695324,-3.57996843865738
45.4545454545455,-3.58934551604546
45.149677720361,-1.17473426496489
44.8385594802119,-1.91021615706954
44.5295850994266,-3.12399869942628
44.222739805059,-1.72159463274279
43.9180089259609,-2.18746844296408
43.6153778920801,-3.28138677858341
43.4782608695652,-3.60760427929498
43.314832233764,-2.98062619903966
43.016357581068,-1.99527759491145
42.7199396630678,-3.28120238984938
42.4255643071778,-3.5590305776126
42.1332174384729,-3.07510043947048
41.8428850790158,0.185243223430082
41.6666666666667,-3.31153505698382
41.5545533471888,-0.892391648110315
41.2682084570295,-3.05199675441512
40.9838367175726,0.0872607934754983
40.7014245321944,-3.63238719784153
40.4209583979631,-3.53281184129282
40.1424249049932,-1.05792158338037
40,-3.52039206379434
39.8658107358044,-2.5621061089074
39.5911026646846,-3.41049786788521
39.3182875570577,-3.50960708341544
39.0473523688556,-1.32810893619715
38.7782841458946,-1.82855720793331
38.5110700232557,-2.29825783813718
38.4615384615385,-2.94840165752249
38.24569722467,-3.28465396521194
37.9821530619073,-1.0948264894031
37.72042493417,-3.58750761422514
37.4605003274899,1.2618114909523
37.2023668141307,-1.29219101606533
37.037037037037,-2.67247888861753
36.946012051993,-3.57165744516363
36.6914237840249,-3.64240928552315
36.4385898376355,-3.02124358747367
36.1874981241128,-1.61978474520036
35.9381366380463,-2.00484927668482
35.7142857142857,-2.72147679624883
35.6904934567523,-2.64673419367518
35.4445567397043,-3.01180180784255
35.2003147279668,-1.97872204624074
34.9577557436328,-3.14450999647438
34.7168681892656,-3.59691530951404
34.4827586206897,-3.26210878272304
34.4776405473446,-3.22672168054442
34.2400613797142,-3.55747039661294
34.0041193270371,-1.46771878918481
33.7698031082509,-2.80033390695832
33.5371015200293,-1.03435336408209
33.3333333333333,-3.48626144623556
33.3060034362459,-2.98141280003638
33.0764978074424,-1.75616577360797
32.8485736603004,-3.6573030361538
32.6222200971167,-2.75632842507958
32.397426295282,-1.75326831424392
32.258064516129,-3.05551940421948
32.1741815067637,0.111640959081986
31.9524750575921,-0.225867999898251
31.7322963473498,-3.06165451317419
31.5136348486648,-2.94810395698981
31.2964801067075,-3.0223502753404
31.25,-2.05193931334109
31.0808217386906,-2.6101224903132
30.8666494333727,-2.94703625102791
30.6539529505653,-1.99020062882387
30.442722120643,0.946904091477383
30.3030303030303,-2.54735172803894
30.2329468440578,0.281221961260361
30.0246170908555,-3.5209564005999
29.8177229001967,-2.10537290315547
29.6122543798804,-2.88337473040628
29.4117647058824,-2.66156544551203
29.4082017058706,-2.60171298865132
29.2055551218275,-0.698841561864621
29.0043049386399,-3.22206153491599
28.804441533963,-2.79953079935428
28.6059553517574,-3.23417825365363
28.5714285714286,-3.41679705031522
28.408836901833,-3.62306022955753
28.2130767593947,-3.18753336167098
28.018665564592,-3.41069833305574
27.8255940220712,-2.71284469433563
27.7777777777778,-3.32487506432322
27.6338529005317,-2.09264193587755
27.4434330322836,-3.43606780758331
27.2543253128103,-1.81465775538795
27.0665207003324,-1.00863598726441
27.027027027027,2.08598481503602
26.8800102153761,-2.25211471005592
26.6947849403432,-3.08815384393837
26.5108360190854,-2.63038239478929
26.3281546564802,-3.3731684564233
26.3157894736842,-3.10116985769089
26.1467321180109,-2.98139481319516
25.9665597293487,-1.86777260693902
25.787628875938,1.42943944840907
25.6410256410256,-1.76857002267213
25.6099310025846,-0.442499705933652
25.4334576130465,-2.19646828404977
25.2582002696278,1.08594081561781
25.0841505927754,0.20808488747186
25,1.46869441931522
24.9113002606779,-2.40204746847727
24.7396410088681,-3.63523560212492
24.5691646298279,-3.16984566837759
24.3998629725955,-2.9625796895411
24.390243902439,-3.33234512636768
24.231727942376,-2.09090163612408
24.0647515001542,-0.0931439249930106
23.8989256623105,-2.87609204771995
23.8095238095238,-3.5102045059079
23.7342425002387,-0.597575496515826
23.5706941399673,-2.99929214200047
23.4082727617829,-1.31821497829058
23.2558139534884,-2.09007486044554
23.2469705998565,-2.4322886804956
23.0867799418717,-2.47083638059869
22.9276931286565,-0.684126540015408
22.7697025538168,-1.29404825503856
22.7272727272727,-0.196420878854478
22.6128006633728,-2.66262259094098
22.4569799553977,-0.764194966915151
22.3022329796594,-1.2003200848279
22.2222222222222,-2.68751463091307
22.1485523372636,-0.206337707424647
21.9959306803007,-2.75251429669536
21.8443607114943,-3.22197355934388
21.7391304347826,-3.10242529798382
21.6938351838518,-3.36714957813715
21.5443469003188,-2.64276880676529
21.3958887134342,-1.0731073669006
21.2765957446809,-2.31043259943525
21.2484535249888,-3.50626234046949
21.102034285686,-2.86045602202237
20.9566239948043,-2.96444869070613
20.8333333333333,-3.18405827946689
20.8122156998634,-1.3959046285977
20.6688024962908,-3.18142402512334
20.5263775270925,-2.92810854785149
20.4081632653061,-2.80305767636771
20.3849339825246,-2.62544553704061
20.244465099768,-0.222400546410976
20.104964162605,-1.13435530004518
20,-3.32443587934692
19.9664245010979,-2.54506030316839
19.8288394912707,-3.21392844456214
19.6922025547917,-1.51398533248557
19.6078431372549,-3.40047459960668
19.5565071586595,-1.11868685875852
19.4217468148903,-0.633922345409256
19.2879150802078,-3.36518690146429
19.2307692307692,-2.85738346848877
19.1550055557353,-2.39720915322051
19.0230118866894,-2.65355243529892
18.8919277620767,-1.49067847357004
18.8679245283019,-2.24864441277092
18.7617469143912,-3.1619938184839
18.6324631193156,-3.48723894984623
18.5185185185185,-2.80934019017205
18.504070195423,-3.15623532471782
18.3765620038817,-3.27320894493071
18.2499324481615,-3.19692371933997
18.1818181818182,-3.16871245698276
18.1241754737424,-0.975047952392383
17.9992850678248,-3.45063290779761
17.8752552590424,-3.00979923538248
17.8571428571429,-1.39294842324012
17.7520801171764,-3.09477840455424
17.6297537528721,-2.69366986454743
17.5438596491228,-2.30672371614521
17.5082703173572,-3.34366129731073
17.3876240021625,-3.30927257596643
17.2678090388436,-3.53780899629866
17.2413793103448,-1.80891884446934
17.1488196987054,-3.39720898182851
17.0306502925284,-1.67361630632122
16.9491525423729,-2.00418304353728
16.9132951702965,-2.90202785590811
16.7967487209265,-3.17139769251933
16.6810053720006,-2.74032778499388
16.6666666666667,-2.75849157258609
16.5660595894991,-1.90007774942871
16.4519058775366,-2.81531611271417
16.3934426229508,-3.40368472547957
16.3385387780986,-3.57802443300197
16.2259528707809,-3.50722691092373
16.1290322580645,-3.54189431214034
16.1141427725302,-1.63897911330447
16.003103137387,-3.49684743130485
15.8928286562298,-2.81442757779687
15.8730158730159,-2.01650018985968
15.7833140565212,-3.0085147981289
15.674554102056,-3.28318779356301
15.625,-1.56806120615546
15.5665435927106,-1.91871052926829
15.4592773641948,-3.34068034227793
15.3846153846154,-2.71954823064034
15.3527502878042,-2.25482925365936
15.2469572701757,-2.51868988118677
15.1515151515152,0.920820356542767
15.1418932530435,-2.03179792761427
15.0375532129974,-1.02651258649358
14.9339321612425,0.388133633454278
14.9253731343284,0.0640334290511264
14.831025143361,-2.37428185967162
14.728827239075,-3.03226448467172
14.7058823529412,-3.23388255097258
14.6273335620113,-2.93896436356287
14.5265392594678,-2.26340185407094
14.4927536231884,-3.66198091821836
14.4264395121816,-2.63277407197234
14.3270295340983,-1.8386306187803
14.2857142857143,-0.0642420588884631
14.2283045721435,-1.70794181871427
14.1302599059953,-3.20191844307821
14.0845070422535,-0.364053546756746
14.0328908478587,1.47714269961698
13.9361927422414,-3.45938449741898
13.8888888888889,-1.49785363644208
13.8401609657313,-2.55175258480495
13.7447909267754,-1.29654628311159
13.6986301369863,-1.23765955913263
13.6500780654601,-3.61236859165443
13.5560178532937,-0.481898338078859
13.5135135135135,-2.70723294178121
13.4626057929891,-3.16684111483128
13.3698374182495,-2.98221878473383
13.3333333333333,-1.18165801454306
13.2777082935543,-3.00618705615589
13.1862140139475,-3.41703032765308
13.1578947368421,-2.69219170784394
13.0953502048267,-1.25469650085385
13.0051125217341,-3.23459089724245
12.987012987013,-3.53120114892338
12.9154966501488,-2.76973656188546
12.8264983052806,-1.48596155926527
12.8205128205128,-2.06466335816686
12.7381132318648,-2.78014181264232
12.6582278481013,-3.54682656475979
12.650337203959,-2.39307302119995
12.5631660247412,-2.89688754265806
12.5,-2.6196412613654
12.4765955263087,-3.11013777578479
12.3906215694792,-2.9507739711352
12.3456790123457,-3.60924289230074
12.3052400435926,-3.46720897766137
12.2204468663149,-1.96440616471564
12.1951219512195,-2.59206196895301
12.1362379834424,-2.32633218673781
12.0526093687084,-3.07835416326774
12.0481927710843,-3.24823759037771
11.9695570235904,0.305027135368552
11.9047619047619,-2.25448256613934
11.887076977119,-1.84482139180933
11.8051652856881,-2.38309741310142
11.7647058823529,-1.93125145125095
11.723818032866,0.683965511303815
11.6430313292088,-1.03341698078257
11.6279069767442,-3.38099120920482
11.5628013120738,-3.12166486031706
11.4942528735632,-1.73190614094021
11.4831241454351,-1.72994609444118
11.4039960197003,-3.55637181890527
11.3636363636364,-3.12040042576752
11.3254131515281,-3.47547526756726
11.2473717836475,-2.6217297897886
11.2359550561798,-2.90506027441678
11.1698681846782,-2.58610212402324
11.1111111111111,-2.30990075627558
11.0928986489522,-3.41544895710065
11.0164594963366,-2.26344920935166
10.989010989011,-3.38167197480011
10.9405470720574,-2.74192046011778
10.8695652173913,-2.88152182724745
10.8651577465254,-2.85730892062683
10.7902879151618,-2.53460357689969
10.752688172043,-1.61404666231918
10.7159339982267,-0.543230170438373
10.6420924406472,-1.21294416068148
10.6382978723404,-0.800589536987
10.568759711848,-3.57225927964408
10.5263157894737,-3.47407965035408
10.4959323055823,-2.17528736529057
10.423606739764,-1.69311439890755
10.4166666666667,0.933209582802324
10.3517795563018,-3.14224919756701
10.3092783505155,-2.9779953076467
10.2804473209331,-2.90773979944368
10.2096066230605,-2.21227443774886
10.2040816326531,-2.26722282221994
10.1392540755882,-2.23874529497571
10.1010101010101,-2.86729960216287
10.0693863147603,-2.33935355523367
10,-2.60009454041683
10,-2.60009454041672
9.9310918137498,-2.55574803017104
9.9009900990099,-1.63422252386639
9.86265846131282,-2.9587279763934
9.80392156862745,-2.13524619048614
9.79469667069539,3.52883065260678
9.72720319245054,-3.1622066989676
9.70873786407767,-2.87027097872017
9.66017479952265,1.01845128915058
9.61538461538461,-2.52870403838456
9.59360828709314,-2.90709610799778
9.52750047242729,-3.07522769910959
9.52380952380952,-2.6941410345597
9.461848194722,-2.40032952652727
9.43396226415094,-3.54618230064942
9.39664831495469,-2.16403603927123
9.34579439252336,-3.52453051029165
9.33189771573324,-2.75240124468551
9.26759330114688,-3.19003642125396
9.25925925925926,-2.77286313249224
9.20373199661822,-3.31901737667557
9.1743119266055,-2.49810532726739
9.14031074875623,-3.53726170891515
9.09090909090909,-1.1335963388167
9.07732652521023,-3.42479655351108
9.01477631452492,-3.43120033822238
9.00900900900901,-2.20585493051261
8.9526571259964,-2.91535960058907
8.92857142857143,-3.33980982910559
8.89096598952916,-3.02111778884021
8.84955752212389,1.48383688805079
8.82969995549409,-3.16944631778379
8.7719298245614,-3.23523356441585
8.76885609458743,-3.45121742294013
8.70843149769072,-2.1463932280531
8.69565217391304,-3.59463301883211
8.64842327573172,-0.297455785636468
8.62068965517241,-1.96450389287382
8.58882855954625,-1.07731157907132
8.54700854700855,-3.16456079960143
8.52964449974102,-1.76945525319474
8.47457627118644,-2.56556440435407
8.47086826655741,-3.36617532658708
8.41249704973612,-3.00965068697591
8.40336134453781,-2.88933730255938
8.35452805838287,-1.68748920431899
8.33333333333333,-1.44341276084294
8.29695852083491,-2.69715872650583
8.26446280991736,-1.87737418563675
8.23978568452852,-3.65157627015055
8.19672131147541,-3.01168154981077
8.18300681586739,-3.60976821521661
8.13008130081301,-2.58371188111912
8.12661920009195,-1.77756778388796
8.0706201411495,-1.38874534133471
8.06451612903226,-2.52750755110436
8.01500696156541,-3.29768032249161
8,-2.09039621738837
7.95977700231498,-3.4813216649327
7.93650793650794,-2.49216415632933
7.90492762269642,-2.73466660209565
7.8740157480315,-2.3980088149931
7.85045620020451,-2.14383296090194
7.8125,-3.57258548888289
7.79636013040523,-2.94633997141879
7.75193798449612,-2.87381288216771
7.74263682681127,-2.79504765597268
7.69230769230769,-2.82351866921381
7.68928372075831,-3.37883228542001
7.63629826128224,-1.81124159862794
7.63358778625954,-1.80330024589925
7.58367791499719,-1.73283086545525
7.57575757575758,-3.55696239234761
7.53142016597437,-3.36692512374345
7.5187969924812,-2.28529035170602
7.47952251562182,-2.76615960259802
7.46268656716418,-2.72904061839086
7.42798248256492,-2.67186959485279
7.40740740740741,-2.52082036772354
7.37679760252773,-3.076172036274
7.35294117647059,-1.66803853443217
7.32596542821523,-3.53109724176006
7.2992700729927,-3.45865195793875
7.27548352919623,-1.06125538026869
7.2463768115942,-3.36115212268502
7.22534949178722,-1.99077325424205
7.19424460431655,-3.04493138025704
7.17556091893693,-2.81543934099757
7.14285714285714,-2.46919144344344
7.12611543011175,-1.96881718139137
7.09219858156028,-2.72864928784919
7.07701066118189,-2.25103437107408
7.04225352112676,-1.97508196566526
7.02824426430835,-2.44238368021136
6.99300699300699,-0.979736616693269
6.97981390783066,-3.5498529898219
6.94444444444444,-0.57235439897759
6.93171727615541,-1.22018857882729
6.89655172413793,-3.25826640107446
6.8839520696455,-2.71711366180998
6.84931506849315,-3.12788000367989
6.83651600451024,-1.40577910024863
6.80272108843537,-0.909689566932921
6.78940681269611,-2.56559252482757
6.75675675675676,-2.04075624513213
6.74262224177834,-3.3676579923045
6.71140939597315,-2.2160540027899
6.69616005485322,-3.16965459660336
6.66666666666667,-2.84247472842462
6.65001803043112,-2.28394637457073
6.62251655629139,-3.31453013764571
6.6041939623303,-3.11100199339149
6.57894736842105,-2.43096316219275
6.55868565957143,-0.634680070876338
6.5359477124183,-3.0385586859369
6.5134909462728,-3.15799337448596
6.49350649350649,-2.0003362058256
6.46860766154633,-2.25711096882248
6.45161290322581,-3.25683014397218
6.42403365939419,-3.58771984284281
6.41025641025641,-3.58619701016103
6.37976680860628,-3.01216956265638
6.36942675159236,-0.43181727665016
6.33580499265825,-2.0767454924681
6.32911392405063,-2.09388637453533
6.29214610961034,-3.06940558564228
6.28930817610063,-2.36015500489246
6.25,-3.63934267669479
6.24878807200689,-3.65277078270467
6.2111801242236,0.0626098175936152
6.2057288067765,-1.19017852983354
6.17283950617284,-2.15927350254172
6.16296625513294,-3.15910812631251
6.13496932515337,-3.18853723666906
6.1204983724767,-2.93886218215767
6.09756097560976,-3.23794284478835
6.07832312829723,-0.417935414481671
6.06060606060606,-3.54361256638286
6.03643850607587,-2.98805505650561
6.02409638554217,-1.02637880914439
5.99484250318941,-2.80691594302156
5.98802395209581,-3.04206892383707
5.95353313081437,-3.10358566248301
5.95238095238095,-2.8476571039218
5.91715976331361,-1.38025371562928
5.91250841383188,-2.17754890782244
5.88235294117647,-2.69025482241521
5.87176639073326,-1.98392160511302
5.84795321637427,-2.96044855278201
5.83130511352622,-2.31686056967636
5.81395348837209,-3.54546588999453
5.79112264764176,-1.76526413144041
5.78034682080925,-3.22186688848206
5.75121707184161,-2.21517126647647
5.74712643678161,1.78120060277526
5.71428571428571,-3.00264837165893
5.71158647812643,-2.3695480434993
5.68181818181818,-3.36695796134934
5.67222897164454,-2.09178008869439
5.64971751412429,-2.39223451321252
5.63314267060136,-3.16221492408733
5.61797752808989,-3.62513116254253
5.59432570616938,-3.28502770265917
5.58659217877095,-3.32793471443527
5.55577622239888,-1.96191274442868
5.55555555555556,-1.88847245736742
5.52486187845304,-3.12137086574775
5.51749237612913,-3.62397027102046
5.49450549450549,-3.45400936086512
5.47947233690029,-3.33193763633691
5.46448087431694,-1.92890531803406
5.44171428686589,-2.61307957388372
5.43478260869565,-2.89202424956734
5.40540540540541,-3.51513575365307
5.40421642070592,-3.62926360867977
5.37634408602151,-2.74863862946502
5.36697694554048,0.44898070597164
5.3475935828877,-3.43000409289864
5.32999408084409,-3.59774438218188
5.31914893617021,-2.97112257677041
5.29326605836056,-3.48593059382729
5.29100529100529,-2.16185243358269
5.26315789473684,-3.58695250569393
5.25679112201842,-3.47481292911591
5.23560209424084,-3.16828016202443
5.22056752784698,-2.91815856520848
5.20833333333333,-2.46470041837317
5.18459354389291,-3.57901623878989
5.18134715025907,-3.47784528552337
5.15463917525773,-2.57237232389958
5.14886745013749,-2.88926323706131
5.12820512820513,-2.92270642352299
5.11338753841433,-3.47542468884496
5.10204081632653,-2.83572732613949
5.07815211232767,-2.10710455403862
5.0761421319797,0.00625942219706577
5.05050505050505,-3.64039855922355
5.04315948717136,-3.06971093511994
5.0251256281407,-3.05943218520765
5.00840798984821,-2.39670942647892
5,-3.42325015604517
4.97512437810945,-3.09100977431909
4.97389595879006,-1.14417271019137
4.95049504950495,-3.13620103241429
4.93962174387832,-3.01329893676357
4.92610837438424,-1.36435250149334
4.90558370636505,-2.22787837139374
4.90196078431372,-1.54348601964606
4.8780487804878,-3.39983323853086
4.87178021879463,-3.1611442582073
4.85436893203883,0.540865292514401
4.83820966492596,-0.197703669786061
4.83091787439613,-3.07714297197885
4.80769230769231,-3.42835589012851
4.80487043965513,-2.85195905752645
4.78468899521531,-2.08113241568033
4.77176094893875,-2.09714909534302
4.76190476190476,-3.43368030383605
4.739336492891,-3.51333596563732
4.73887960971765,-3.60083151242533
4.71698113207547,-2.84468001379202
4.70622484984128,-3.00589485220986
4.69483568075117,-3.10629402611853
4.67379510799246,-1.87123579378
4.67289719626168,-2.10955669939598
4.65116279069767,-1.74989217806786
4.64158883361278,-3.65779992743772
4.62962962962963,-3.41103239628633
4.60960448682843,-3.65818231281919
4.60829493087558,-2.83812660874154
4.58715596330275,-0.15962878384273
4.57784053837662,-2.69242277489117
4.5662100456621,-3.20870263728433
4.5462954695324,-3.01040685226958
4.54545454545455,-2.41308017935604
4.52488687782805,-3.39979583605143
4.5149677720361,-2.66835929204818
4.5045045045045,1.89500716100115
4.48430493273543,-1.91589273995551
4.48385594802119,-2.38347075435693
4.46428571428571,-2.3380347815591
4.45295850994265,-2.80224889542985
4.44444444444444,-1.92776614515982
4.42477876106195,-3.25783563804641
4.4222739805059,-3.25965091962579
4.40528634361233,-2.99124388867549
4.39180089259609,-3.63492613847104
4.3859649122807,-3.50746781140019
4.36681222707424,-3.20483009792725
4.361537789208,-3.38198148703527
4.34782608695652,-3.30864810705948
4.3314832233764,1.11129407315825
4.32900432900433,-2.68323185463505
4.31034482758621,-2.86851176264336
4.30163575810679,-2.77742589222639
4.29184549356223,-2.77788334068036
4.27350427350427,-2.92310488410863
4.27199396630678,-3.2534630101989
4.25531914893617,-1.32808013451183
4.24255643071778,-1.33071699582895
4.23728813559322,-3.16695137669505
4.21940928270042,-3.43578620182786
4.21332174384729,-3.22590435451569
4.20168067226891,-0.563153497304863
4.18428850790158,-1.35270007168144
4.18410041841004,-0.999297236819653
4.16666666666667,-3.3731663140512
4.15545533471888,-2.82824110036919
4.149377593361,-3.23065618548174
4.13223140495868,-3.26842480000102
4.12682084570295,-2.66041201610458
4.11522633744856,-2.49903349553805
4.09838367175726,-3.37267918022688
4.0983606557377,-3.37325288574778
4.08163265306122,-2.5725277443672
4.07014245321944,-3.53227229828364
4.0650406504065,-3.42037776472558
4.04858299595142,-3.53489463694471
4.04209583979631,-3.5794149938019
4.03225806451613,-2.26005769903555
4.01606425702811,-2.86700055543228
4.01424249049932,-2.72778814540039
4,-2.79699215139986
3.98658107358044,-3.23013921501741
3.98406374501992,-2.09452311224497
3.96825396825397,-2.57189868621277
3.95911026646846,-3.40954273418249
3.95256916996047,-3.50365183108253
3.93700787401575,-2.76398129368313
3.93182875570577,-3.08184784662422
3.92156862745098,-1.76070112897697
3.90625,-3.12543844405227
3.90473523688556,-2.15830346140133
3.89105058365759,-3.24603451763736
3.87782841458946,-2.0435043178462
3.87596899224806,-2.80457855612404
3.86100386100386,-3.35181701139787
3.85110700232557,-3.52935061859183
3.84615384615385,-3.07364482963193
3.83141762452107,-2.44473798938817
3.824569722467,-3.09953155678537
3.81679389312977,-0.186721185980086
3.80228136882129,-2.82684258610716
3.79821530619074,-1.99050135454517
3.78787878787879,-3.57983293874657
3.77358490566038,-2.12883331827832
3.772042493417,2.35832551939983
3.7593984962406,-3.3573197944231
3.74605003274899,-1.44463922409166
3.74531835205992,-2.25105341795007
3.73134328358209,-3.32426178742791
3.72023668141307,-0.306693249056603
3.71747211895911,-3.03259833666304
3.7037037037037,-2.81357500450066
3.6946012051993,-2.88235341858815
3.690036900369,-2.4268263815514
3.67647058823529,-3.19696964448401
3.66914237840249,-3.63284738250884
3.66300366300366,-0.917495136190136
3.64963503649635,-3.57704799698707
3.64385898376355,-0.95719062542248
3.63636363636364,-2.578716113091
3.6231884057971,-3.1716427882168
3.61874981241128,-2.77217692615629
3.6101083032491,-2.42753138186789
3.59712230215827,-2.50470936279008
3.59381366380463,-3.41504283451361
3.584229390681,-1.76479530295348
3.57142857142857,-2.42729779503962
3.56904934567523,-2.1915275569997
3.55871886120996,-2.58102522486008
3.54609929078014,-2.90538347520269
3.54445567397043,-1.06414587920302
3.53356890459364,-3.34065556586746
3.52112676056338,-1.55093770638963
3.52003147279668,-3.37130547232466
3.50877192982456,-3.66241411394325
3.4965034965035,-2.50737070495948
3.49577557436328,-3.60945624833733
3.48432055749129,-3.16802370967876
3.47222222222222,-3.47359158711613
3.47168681892656,-3.05436344356682
3.46020761245675,-3.59276964312944
3.44827586206897,-3.08573271543959
3.44776405473446,-2.84588962052161
3.43642611683849,-3.10440202879821
3.42465753424658,-2.97043248209725
3.42400613797142,-1.35120812578595
3.41296928327645,-3.45616697873977
3.40136054421769,-3.37511544866738
3.40041193270371,-2.24170829804678
3.38983050847458,-2.86712089507567
3.37837837837838,-0.323900697969473
3.37698031082509,-2.93940557406269
3.36700336700337,-2.98066548409219
3.35570469798658,-2.44883836446278
3.35371015200293,-2.7200828566258
3.34448160535117,0.779348128399524
3.33333333333333,-2.73143623295335
3.33060034362459,-3.24304648928775
3.32225913621262,-2.76968858145333
3.3112582781457,-1.19403751053711
3.30764978074424,-3.51463963254657
3.3003300330033,-3.15169113965275
3.28947368421053,-3.16198003754694
3.28485736603004,-2.92507305952655
3.27868852459016,-3.38383788806656
3.26797385620915,-3.32748285124297
3.26222200971167,-3.20459330825151
3.25732899022801,-2.25497133443003
3.24675324675325,-3.56446384731192
3.2397426295282,-3.64492320214957
3.23624595469256,-3.4294872909089
3.2258064516129,-2.0069193394262
3.21741815067637,-3.0561877292199
3.21543408360129,-3.09375793297617
3.20512820512821,-0.614794716946885
3.19524750575921,-1.94027069216291
3.19488817891374,-1.94403627841818
3.18471337579618,-2.18305035181397
3.17460317460317,-3.66096100174796
3.17322963473498,-2.58817452697364
3.16455696202532,-1.99595209394497
3.15457413249211,-1.67941703917385
3.15136348486648,-2.81156692032469
3.14465408805031,-2.4673852951585
3.13479623824451,-0.997758511632479
3.12964801067075,-1.80307005648377
3.125,-3.65023242988486
3.11526479750779,-3.64121592232398
3.10808217386906,-3.58973168694437
3.1055900621118,-3.02936154118411
3.09597523219814,-2.58167810642673
3.08666494333727,-3.21423951235927
3.08641975308642,-3.38101457285604
3.07692307692308,-2.69360412664549
3.06748466257669,-1.42970510027215
3.06539529505653,-3.32356340541788
3.05810397553517,-3.16851831827698
3.04878048780488,-3.52366797132496
3.0442722120643,-3.60918642153542
3.03951367781155,-3.05547165210283
3.03030303030303,-3.31559206949954
3.02329468440578,-3.10401196213588
3.02114803625378,-2.42737133826544
3.01204819277108,-2.50851981312378
3.003003003003,-3.24683287061382
3.00246170908555,-2.22181654600909
2.9940119760479,-3.34975278758013
2.98507462686567,-3.2950721706937
2.98177229001967,-3.30429095482087
2.97619047619048,-1.94879157238598
2.9673590504451,-3.56461930729206
2.96122543798803,-2.7652462632504
2.9585798816568,-3.65118132021733
2.94985250737463,-2.23048909627364
2.94117647058824,-1.32788074277571
2.94082017058706,-2.10483911248142
2.93255131964809,-3.36604073701109
2.92397660818713,-3.1517030347931
2.92055551218275,-3.03276921235503
2.91545189504373,1.54420706416888
2.90697674418605,-3.430450124664
2.90043049386399,-3.447897095513
2.89855072463768,-3.40492663285481
2.89017341040462,-3.08132106969016
2.88184438040346,-3.55016536909452
2.8804441533963,-3.52683772294649
2.8735632183908,-2.53050956008444
2.86532951289398,-2.60696375497993
2.86059553517574,-2.97400881900954
2.85714285714286,-3.19541129242917
2.84900284900285,-3.18889524254869
2.84090909090909,-3.10875227381008
2.8408836901833,-3.15505583898853
2.8328611898017,-3.53011943072512
2.82485875706215,-3.37756476546992
2.82130767593947,-3.24100600817321
2.8169014084507,0.131935292782932
2.80898876404494,-3.43596309415447
2.8018665564592,-2.86761615534597
2.80112044817927,-2.82774424628827
2.79329608938547,-1.45426193200431
2.78551532033426,-3.65315105574929
2.78255940220712,-3.4973109786748
2.77777777777778,-2.90369127125187
2.77008310249307,-2.72462192039519
2.76338529005317,-3.48095592395777
2.76243093922652,-2.71481456573424
2.75482093663912,-1.70403059292566
2.74725274725275,-3.59218579713366
2.74434330322836,-3.08467873207401
2.73972602739726,-2.99590132912662
2.73224043715847,-1.05078799602928
2.72543253128103,-3.05974205760956
2.72479564032698,-1.17185920199678
2.71739130434783,-3.49268282400889
2.710027100271,-2.82348568531806
2.70665207003324,-3.60902708252005
2.7027027027027,-3.11996105476454
2.69541778975741,-3.18208414596598
2.68817204301075,-0.838520184252256
2.68800102153761,-0.0972247083799784
2.68096514745308,-2.75242795203264
2.67379679144385,-2.65379404294562
2.66947849403432,-2.26672040453168
2.66666666666667,2.035935891948
2.65957446808511,-2.72082239799065
2.6525198938992,-2.98386729933734
2.65108360190854,-2.89860437009308
2.64550264550265,-2.8490961757238
2.63852242744063,-2.59388185527778
2.63281546564802,-1.20875375158571
2.63157894736842,-1.0988119750901
2.6246719160105,-3.27395706855936
2.61780104712042,-3.64240332249353
2.61467321180109,-3.04256682468557
2.61096605744125,-3.41329943942919
2.60416666666667,-2.21188457943471
2.5974025974026,-3.42814206187348
2.59665597293487,-2.73560817937225
2.59067357512953,-3.35264703756477
2.58397932816537,-3.48030945723114
2.5787628875938,-3.6446775653752
2.57731958762887,-3.26147066402465
2.5706940874036,-3.46113762098603
2.56410256410256,-1.34414545203081
2.56099310025846,-3.57376756102085
2.55754475703325,-2.59063144027418
2.55102040816327,-0.250762771634309
2.54452926208651,-2.9895734399228
2.54334576130465,-2.84410252358129
2.53807106598985,-2.58174341828886
2.53164556962025,-3.00482702115577
2.52582002696278,-3.28814383258016
2.52525252525253,-3.63402091096672
2.51889168765743,-3.22430610452194
2.51256281407035,-3.52738255973825
2.50841505927754,-1.68667921463544
2.5062656641604,-3.2695306353239
2.5,-2.86765550900166
2.49376558603491,-2.78746825225475
2.49113002606779,-0.18796458034647
2.48756218905473,-2.59755171467811
2.48138957816377,-2.44007654169847
2.47524752475248,-2.93756348804386
2.47396410088681,-3.12204309332467
2.46913580246914,-3.16353451320092
2.46305418719212,-3.5661365136316
2.45700245700246,-1.67023619499853
2.45691646298279,-1.344124307797
2.45098039215686,-3.55918107499665
2.44498777506112,-3.61219139461717
2.43998629725955,-3.55677521555479
2.4390243902439,-3.32930013736633
2.4330900243309,-2.69400997493828
2.42718446601942,-3.18955018848349
2.4231727942376,-3.41216748941904
2.42130750605327,-3.56415664942356
2.41545893719807,-2.50514791027067
2.40963855421687,-3.20955652066611
2.40647515001542,0.217896773561212
2.40384615384615,-1.70906119917849
2.39808153477218,-3.08054830432392
2.39234449760766,-3.08017021386477
2.38989256623105,-3.05831664736142
2.38663484486874,-2.74753606734934
2.38095238095238,-1.02853360116274
2.37529691211401,-3.25128783543253
2.37342425002387,-3.3883244816168
2.3696682464455,-3.33891386124007
2.36406619385343,-3.09464024020535
2.35849056603774,-2.44180735340829
2.35706941399673,-3.51535793692723
2.35294117647059,-3.43285967089796
2.34741784037559,-3.40982988459659
2.34192037470726,-2.57769769741101
2.34082727617829,-3.03709023765661
2.33644859813084,-0.0162196145342177
2.33100233100233,-1.36681220423507
2.32558139534884,-3.3123922249858
2.32469705998565,-3.26668281582634
2.32018561484919,-2.63149043723915
2.31481481481481,-3.36069537627032
2.3094688221709,-2.2645987207408
2.30867799418717,-1.89746427499325
2.30414746543779,-2.83606185188169
2.29885057471264,-2.40747437913886
2.29357798165138,-1.89502047016476
2.29276931286565,-3.07843886061131
2.2883295194508,-2.44309278083652
2.28310502283105,-2.86779488618681
2.27790432801822,-3.14943564738631
2.27697025538168,-2.87668434424985
2.27272727272727,-3.63162036590121
2.26757369614512,-3.36209415238413
2.26244343891403,-3.27580784381974
2.26128006633728,-2.57949388990276
2.25733634311512,-2.31741591325381
2.25225225225225,-2.8750092790445
2.24719101123596,-3.03995801878512
2.24569799553977,-3.33854359594299
2.24215246636771,-3.12925265775076
2.23713646532438,-2.64389833959357
2.23214285714286,-3.27875674583891
2.23022329796594,-3.52629778465468
2.2271714922049,-0.956599648230632
2.22222222222222,-3.21687571819906
2.21729490022173,-2.38379604570177
2.21485523372636,-2.29952504476629
2.21238938053097,-2.95153083518327
2.2075055187638,-2.94817924801448
2.20264317180617,-2.22672388046636
2.19959306803007,-2.66106720735676
2.1978021978022,-2.75337593781226
2.19298245614035,-2.13906747881911
2.18818380743982,-3.66202091760824
2.18443607114943,-0.717414817914327
2.18340611353712,-2.77126828698406
2.17864923747277,-2.66620086772748
2.17391304347826,-1.42880482038539
2.16938351838518,-3.62080212963222
2.16919739696312,-3.59847884059748
2.16450216450216,-3.15272347175711
2.15982721382289,-2.9410411912052
2.1551724137931,-3.45794880696784
2.15443469003188,-2.50431471455424
2.1505376344086,-2.95791325370184
2.14592274678112,-3.57761388686229
2.14132762312634,-3.35929808649707
2.13958887134342,-2.96780108316723
2.13675213675214,-0.195857862083908
2.13219616204691,-3.50604305824602
2.12765957446809,-2.58845197945437
2.12484535249888,-3.55657256978285
2.12314225053079,-2.48058032529481
2.11864406779661,-3.49348598733006
2.11416490486258,-2.47175406781472
2.1102034285686,-3.35519660088122
2.10970464135021,-3.39415814565269
2.10526315789474,-3.47293851959902
2.10084033613445,-2.85555440079561
2.09643605870021,-1.22379202734715
2.09566239948043,-2.34873062838168
2.09205020920502,-3.48233163269684
2.08768267223382,-1.03231411805818
2.08333333333333,-3.33907774567283
2.08122156998634,-1.83133470009256
2.07900207900208,-2.95638906668865
2.0746887966805,-3.59289142551027
2.0703933747412,-3.52746030121481
2.06688024962908,-2.93858104199945
2.06611570247934,-2.67928788406989
2.06185567010309,-1.68433248784448
2.05761316872428,-3.51380950308428
2.05338809034908,-2.10855392853478
2.05263775270925,-2.84389125745106
2.04918032786885,-2.97805786547176
2.04498977505112,-3.15267642299257
2.04081632653061,-3.54992656354836
2.03849339825246,-3.47985268780779
2.03665987780041,-3.64113305817083
2.03252032520325,-2.11496584978273
2.02839756592292,-3.45530043594605
2.0244465099768,-1.44894915385937
2.02429149797571,-0.911833675559886
2.02020202020202,-2.64920645984865
2.01612903225806,-3.03887443610888
2.01207243460765,-3.31117604176945
2.0104964162605,-2.50507187948353
2.00803212851406,-2.29495061535878
2.00400801603206,-3.25137467807788
2,-3.39673628466356
1.99664245010979,-3.16352679126301
1.99600798403194,-3.02055109750558
1.99203187250996,-2.96943530241721
1.98807157057654,-3.6628512571139
1.98412698412698,-2.48605786717446
1.98288394912707,-3.30899332106433
1.98019801980198,-3.38921118996195
1.97628458498024,-3.29105777278086
1.9723865877712,-2.70766382064037
1.96922025547917,-3.35772503137657
1.96850393700787,-2.9002091833051
1.96463654223969,-2.83641757255092
1.96078431372549,-3.54342484608987
1.95694716242661,-3.31144354236597
1.95565071586595,-2.99238487484335
1.953125,-3.25812898146561
1.94931773879142,-2.18398782162769
1.94552529182879,-3.52271519882755
1.94217468148903,-2.73388284387466
1.94174757281553,-1.34975697902983
1.93798449612403,-3.59445567677018
1.93423597678917,-3.39201421487929
1.93050193050193,-3.14779714813944
1.92879150802078,-3.500960086267
1.92678227360308,-3.20520549011881
1.92307692307692,-3.21315422236399
1.91938579654511,-0.973956113809559
1.91570881226054,-3.41113572568635
1.91550055557353,-3.64323656933423
1.91204588910134,-2.70562664780264
1.90839694656489,-1.8238215184872
1.9047619047619,-3.60488782011516
1.90230118866894,-3.07429783531038
1.90114068441065,-3.44797594678898
1.89753320683112,-2.49400148600692
1.89393939393939,-3.59943976172941
1.89035916824197,-3.058394304298
1.88919277620767,-3.64139429132116
1.88679245283019,-1.5361042294749
1.88323917137476,-3.40439401460942
1.8796992481203,0.757086568812857
1.87617469143912,-2.70168064615244
1.87617260787992,-2.70755823850417
1.87265917602996,-3.36255621199272
1.86915887850467,-3.5883129692251
1.86567164179104,-3.59030645387416
1.86324631193156,-3.19446561846429
1.86219739292365,-2.50236221119784
1.85873605947955,-2.40429110324957
1.85528756957328,-3.17036391899829
1.85185185185185,-2.64115336938455
1.8504070195423,-3.34689261648866
1.84842883548983,-2.12381022106789
1.8450184501845,-2.83621519960441
1.84162062615101,-3.59633358396673
1.83823529411765,-1.27175189347438
1.83765620038817,-3.52329725655594
1.8348623853211,-3.09636257485145
1.83150183150183,-3.59109572362673
1.82815356489945,-1.69875150610145
1.82499324481615,-2.8700462755534
1.82481751824817,-3.26193477430941
1.82149362477231,-2.09097555011241
1.81818181818182,-3.24787863852454
1.81488203266788,-2.68337984440576
1.81241754737424,-3.02447627216109
1.81159420289855,-3.64494057907667
1.80831826401447,-2.86738564131657
1.80505415162455,-3.44860169045496
1.8018018018018,-2.81893689499419
1.79992850678248,-1.00443538103711
1.79856115107914,-2.96113983201753
1.79533213644524,-2.69027547892373
1.7921146953405,-2.60120661691935
1.78890876565295,-3.54108642906781
1.78752552590424,-2.34173536902763
1.78571428571429,-3.58713075161917
1.7825311942959,-3.10709860742163
1.77935943060498,-3.04396182877515
1.77619893428064,-3.37088819051415
1.77520801171763,-3.3196188314484
1.77304964539007,-2.70233599038864
1.76991150442478,-3.48529625873105
1.76678445229682,-2.92796356995093
1.7636684303351,-1.94928488456169
1.76297537528721,-3.63761991323123
1.76056338028169,-3.32337073840703
1.75746924428822,-2.37634101857558
1.75438596491228,-2.77238453373034
1.75131348511384,-2.43567740435931
1.75082703173572,-3.37320933705201
1.74825174825175,-0.438203208504727
1.74520069808028,-2.00630373945547
1.74216027874564,-2.62612088719602
1.73913043478261,-3.51746707964177
1.73876240021625,-3.36424449532647
1.73611111111111,-1.82012735957805
1.73310225303293,-3.32979953005237
1.73010380622837,-1.50168690368643
1.72711571675302,-3.10545648798189
1.72678090388436,-3.59820764844671
1.72413793103448,-1.82624469816541
1.72117039586919,-3.4889584850798
1.71821305841924,-2.81629419447175
1.71526586620926,-3.55513886324415
1.71488196987054,-2.83956289028772
1.71232876712329,-2.98564268584495
1.70940170940171,-1.31851012885495
1.70648464163823,-3.52276323835216
1.70357751277683,-3.41083810898781
1.70306502925284,-3.15850385698193
1.70068027210884,-3.60073092540658
1.69779286926995,-0.91857542012816
1.69491525423729,-2.63982232737505
1.69204737732657,-3.59667365712961
1.69132951702965,-2.94223650952908
1.68918918918919,-3.53185809563889
1.68634064080944,-2.99156972868833
1.68350168350168,-3.48645719532426
1.68067226890756,-0.551331923500793
1.67967487209265,-3.10705013103266
1.67785234899329,-1.67759732824107
1.6750418760469,-0.387267874995284
1.67224080267559,-2.33950980635997
1.669449081803,-2.24289924989732
1.66810053720006,-1.87078429614429
1.66666666666667,-2.72564853585718
1.66389351081531,-3.08816890911201
1.66112956810631,-1.1419561164517
1.65837479270315,-2.88303528325913
1.65660595894991,-3.39248946669279
1.65562913907285,-2.64503451778144
1.65289256198347,-3.29625052137088
1.65016501650165,-2.88302999483353
1.64744645799012,-2.94650345729913
1.64519058775366,-3.06138055024011
1.64473684210526,-0.995246605143289
1.64203612479475,-3.43454890712691
1.63934426229508,-2.41865796211222
1.6366612111293,-3.10739958655305
1.63398692810458,-3.55486007646233
1.63385387780986,-2.2312904668647
1.63132137030995,-3.42564904386621
1.62866449511401,-2.73489506721809
1.6260162601626,-3.50611232119446
1.62337662337662,-3.20794882908528
1.62259528707809,-3.61832230705165
1.62074554294976,-3.47691509787462
1.61812297734628,-3.18268618873001
1.61550888529887,-3.3382320038002
1.61290322580645,-2.15850776770069
1.61141427725302,-1.000985664894
1.61030595813205,-3.03622372140735
1.60771704180064,-3.54150689269043
1.60513643659711,-2.03626817711087
1.6025641025641,-2.83959142368728
1.6003103137387,-2.94086187992765
1.6,2.67941680415637
1.59744408945687,-2.11510092604056
1.59489633173844,-1.13271226428564
1.59235668789809,-0.736206159062685
1.58982511923688,-3.4845013492647
1.58928286562298,-2.49770607014643
1.58730158730159,-2.73097935217786
1.58478605388273,-2.46589292021131
1.58227848101266,-3.25832809115736
1.57977883096367,-2.82699518288824
1.57833140565212,-2.40280631701203
1.57728706624606,-0.292788672017916
1.5748031496063,-2.08578574024566
1.57232704402516,-3.09021290923492
1.56985871271586,-1.51167539083174
1.5674554102056,-3.50671442508912
1.56739811912226,-3.19295013534075
1.56494522691706,-2.57667043239804
1.5625,-3.16541934938594
1.5600624024961,-3.65704341180158
1.55763239875389,-2.99949960546509
1.55665435927106,-2.67101775936915
1.5552099533437,-2.57695610191349
1.5527950310559,-3.13922439758285
1.55038759689922,-2.8306194321626
1.54798761609907,-1.80084736753947
1.54592773641948,-2.68241686140753
1.54559505409583,-2.86698078328002
1.54320987654321,-3.39692285181099
1.54083204930663,-2.86830296043983
1.53846153846154,-2.34373221847589
1.53609831029186,-2.27609925244918
1.53527502878042,-0.821083943682917
1.53374233128834,-2.67024960554006
1.53139356814701,-3.44900457553656
1.52905198776758,-2.44608839817924
1.52671755725191,-2.79074244748925
1.52469572701757,-2.31447502090746
1.52439024390244,-3.46645207182051
1.5220700152207,-1.86522991360818
1.51975683890577,-2.36942731133164
1.51745068285281,-2.46510740747275
1.51515151515152,-0.645376229423486
1.51418932530435,-2.54059590346314
1.51285930408472,-1.10228919483604
1.51057401812689,-3.12924496125795
1.50829562594268,-2.25437454460946
1.50602409638554,-2.68375020477655
1.50375939849624,-3.13898726634171
1.50375532129974,-3.16411494943348
1.5015015015015,-2.41046241789241
1.49925037481259,-1.62698591541372
1.49700598802395,-3.60517466325795
1.49476831091181,-3.22803913217664
1.49339321612425,-1.34700381310058
1.49253731343284,-3.31396504576763
1.4903129657228,-3.54098308622131
1.48809523809524,-3.59049638420312
1.48588410104012,-2.68245666401576
1.48367952522255,-2.01232535050239
1.4831025143361,-2.37506561979965
1.48148148148148,-3.39236070703192
1.4792899408284,-3.27979237335928
1.47710487444609,-1.93998499401281
1.47492625368732,-3.0827622114606
1.4728827239075,-3.12240047183162
1.47275405007364,-3.30918773159571
1.47058823529412,-3.60491930981886
1.46842878120411,-1.50144430823489
1.46627565982405,-1.00185913250517
1.46412884333821,-0.800788257495593
1.46273335620113,-2.00840862930358
1.46198830409357,1.57936896233624
1.45985401459854,-2.8745510689903
1.45772594752187,-2.74235350363129
1.45560407569141,-1.78166813912646
1.45348837209302,0.450446419633171
1.45265392594678,-2.83248767411375
1.45137880986938,-2.1318165762902
1.44927536231884,-0.229356319586212
1.44717800289436,-3.52648055485157
1.44508670520231,-3.61285552120058
1.44300144300144,-2.2016376304242
1.44264395121816,-0.64754708932342
1.44092219020173,-3.5959349358017
1.43884892086331,-2.12559054267386
1.4367816091954,-3.28483262196611
1.43472022955524,-3.57425281264831
1.43270295340983,-3.14303922109577
1.43266475644699,-3.25066372691104
1.43061516452074,-2.63511789494471
1.42857142857143,0.140475180672657
1.4265335235378,1.10628323625226
1.42450142450142,-1.44712207012996
1.42283045721435,-0.655135332648352
1.42247510668563,-3.54603434679428
1.42045454545455,-0.686663780657152
1.41843971631206,-1.52701992006309
1.41643059490085,-3.05072996200307
1.41442715700141,-1.17335119085571
1.41302599059953,-1.49446987188609
1.41242937853107,-2.10771155598881
1.41043723554302,-3.19113510530239
1.40845070422535,-2.74920776432016
1.40646976090014,-3.31670311362377
1.40449438202247,-2.89782318658463
1.40328908478587,-1.92730436438135
1.40252454417952,-3.2811274264199
1.40056022408964,-3.11726160205627
1.3986013986014,-3.38747489913897
1.39664804469274,-2.22058769219772
1.39470013947001,-3.04391969372191
1.39361927422414,-1.26864202383625
1.39275766016713,-3.24601357896931
1.39082058414465,-1.47564832436428
1.38888888888889,-3.53456077419248
1.3869625520111,-2.74688714091276
1.38504155124654,-3.4804521392035
1.38401609657313,-1.42122942637941
1.38312586445367,-2.02702510415396
1.38121546961326,-3.16571333251086
1.37931034482759,-3.30484717663067
1.37741046831956,-3.65818234873508
1.37551581843191,-0.824984567159741
1.37447909267754,-2.82529336252143
1.37362637362637,-3.06835811722622
1.37174211248285,-3.49058473673061
1.36986301369863,-1.74749399386733
1.36798905608755,-3.59792721182425
1.36612021857923,-3.53711650647402
1.36500780654601,0.00777435055541265
1.36425648021828,-3.09623506048178
1.36239782016349,-3.44884645763771
1.36054421768707,-0.809654285704236
1.35869565217391,-3.62835717661981
1.35685210312076,-3.1767187815917
1.35560178532937,1.71057365527451
1.3550135501355,1.36240336386463
1.3531799729364,-3.3968932973638
1.35135135135135,-3.05714613893586
1.34952766531714,-2.9547399560506
1.34770889487871,-2.47021951056901
1.34626057929891,-3.02440096540776
1.34589502018843,-2.31913877597098
1.34408602150538,-2.27065748517056
1.34228187919463,-1.00706422012625
1.34048257372654,-3.62080392767792
1.33868808567604,-2.65911155557152
1.33698374182495,-2.53995331482541
1.33689839572193,-3.06231354886357
1.33511348464619,-2.93677388693863
1.33333333333333,-3.23468135915699
1.33155792276964,-2.88566579242161
1.32978723404255,-3.52740517424375
1.32802124833997,-2.77811914866849
1.32777082935543,-2.65368011934479
1.3262599469496,-2.22871522661488
1.32450331125828,-1.96534345256007
1.32275132275132,-3.3064564841231
1.32100396301189,-2.80043717476844
1.31926121372032,-3.41778492039829
1.31862140139475,-2.96310012026712
1.31752305665349,-3.49516396953318
1.31578947368421,-3.50411856468419
1.31406044678055,-0.524619173387616
1.31233595800525,0.400043161200661
1.31061598951507,-2.95386976752014
1.30953502048267,-0.717706372474377
1.30890052356021,0.962842473465419
1.30718954248366,-0.0737276171937635
1.30548302872063,-2.83653851881509
1.30378096479791,-1.60983568597599
1.30208333333333,-2.36703398408123
1.30051125217341,-1.32051839997829
1.30039011703511,-3.17208109110863
1.2987012987013,-2.05318127153516
1.2970168612192,-2.14299247424504
1.29533678756477,-3.53353547687267
1.29366106080207,-2.56305924831811
1.29198966408269,-3.19335403059004
1.29154966501488,-2.86287699514794
1.29032258064516,-3.45567779300735
1.28865979381443,-2.17081272771507
1.28700128700129,-2.87280160941126
1.2853470437018,2.11487499013608
1.28369704749679,-3.15807985927374
1.28264983052806,-3.41705102607612
1.28205128205128,-1.96073044143035
1.28040973111396,-3.47805884014651
1.27877237851662,-1.83872114528274
1.27713920817369,-2.61322791281368
1.27551020408163,-3.14116859193349
1.27388535031847,-0.882105200524459
1.27381132318648,-1.85119950367918
1.27226463104326,-2.89755187345271
1.27064803049555,-1.9986479369759
1.26903553299492,-2.90746497581578
1.26742712294043,-3.58576939149686
1.26582278481013,-3.37450094115543
1.2650337203959,-3.54907432717401
1.26422250316056,0.664117301697066
1.26262626262626,-3.05216367139199
1.26103404791929,-2.19991968354612
1.25944584382872,-1.68278682380515
1.25786163522013,-3.28534805372972
1.25631660247412,-1.14918591746287
1.25628140703518,-0.65716843978917
1.25470514429109,0.483470129353909
1.2531328320802,-2.84863326113189
1.25156445556946,-2.41214983973084
1.25,-3.14919752802354
1.24843945068664,-3.34944039250028
1.24765955263087,-0.7281002674578
1.24688279301746,-3.20713769936226
1.2453300124533,-0.339595377951905
1.24378109452736,-1.82855101944257
1.24223602484472,-3.55589536893479
1.24069478908189,-2.68862963832636
1.23915737298637,-3.52087028213453
1.23906215694792,-3.35266924665155
1.23762376237624,-2.02522506948382
1.23609394313968,-3.60809233978547
1.23456790123457,-3.54038257346375
1.23304562268804,-1.95347423993253
1.23152709359606,-2.37069285390283
1.23052400435926,-3.198989087268
1.230012300123,-3.44450164388139
1.22850122850123,-2.63385340025367
1.22699386503067,-3.28453599080624
1.22549019607843,-2.77635746339824
1.22399020807834,-3.61692051763323
1.22249388753056,-3.49365636844829
1.22204468663149,-3.37519419326754
1.22100122100122,-2.62284228464359
1.21951219512195,-2.34015947223916
1.21802679658952,-3.35764590224762
1.21654501216545,-3.03582681804574
1.21506682867558,-2.45100337818381
1.21362379834424,-3.65988252821476
1.21359223300971,-3.6382866679768
1.21212121212121,-2.2988504982358
1.21065375302663,-0.174116102249239
1.20918984280532,-3.04111331972136
1.20772946859903,-3.03353138341698
1.20627261761158,-1.77521312049417
1.20526093687084,-2.62622514878363
1.20481927710843,-3.11773262736549
1.20336943441637,0.227062793528394
1.20192307692308,-2.84274046227081
1.20048019207683,-2.38933648755194
1.19904076738609,-2.47582412108649
1.19760479041916,-3.52963757953777
1.19695570235904,-0.298039909150996
1.19617224880383,-3.60401722866707
1.194743130227,-1.96535503999355
1.19331742243437,-2.46183678703683
1.19189511323004,-1.43538341411105
1.19047619047619,-2.8751558672091
1.18906064209275,-2.35755962071733
1.1887076977119,-1.16543946769248
1.18764845605701,-1.73218190572963
1.18623962040332,-1.16798482101855
1.18483412322275,-3.65961422753436
1.18343195266272,-2.09188265207528
1.18203309692671,-1.87216646051526
1.18063754427391,-3.30393184189937
1.18051652856881,-3.49806534728638
1.17924528301887,0.556072439177361
1.17785630153121,-3.51796726453484
1.17647058823529,-2.73860756216628
1.17508813160987,-3.54452715163621
1.17370892018779,-1.61771479952578
1.1723818032866,-1.72915128370478
1.17233294255569,-1.21579308969747
1.17096018735363,-2.54620292718108
1.16959064327485,-1.90862645716758
1.16822429906542,-0.69105523245734
1.16686114352392,0.459875474031596
1.16550116550117,-2.9765652155862
1.16430313292088,-3.1092992264992
1.16414435389988,-1.08289302776013
1.16279069767442,-1.78016065415884
1.16144018583043,-3.24485779816244
1.16009280742459,-3.48723561621561
1.15874855156431,-3.11564687747629
1.15740740740741,-1.84538681508551
1.15628013120738,-1.48495874214621
1.15606936416185,-1.23922601946414
1.15473441108545,-3.59133017483064
1.15340253748558,-1.10354865402386
1.15207373271889,-3.50862586201303
1.15074798619102,-2.78080026434436
1.14942528735632,-3.37534399195651
1.14831241454351,-2.40478433895957
1.14810562571757,-2.85406088564052
1.14678899082569,-1.53514085674983
1.1454753722795,-3.23837865497834
1.1441647597254,-2.99472454061414
1.14285714285714,-2.75847723686847
1.14155251141553,-3.31585932668126
1.14039960197003,-2.07466877976848
1.14025085518814,-1.95899752706002
1.13895216400911,-3.48309210259999
1.13765642775882,-2.7332340970757
1.13636363636364,-1.39975836846694
1.13507377979569,-3.52513190593767
1.13378684807256,-2.49558123211018
1.13254131515281,-1.60232633574675
1.13250283125708,-1.70550090129337
1.13122171945701,-2.34316401789435
1.12994350282486,-3.61216275654366
1.12866817155756,-3.5826299883348
1.12739571589628,-1.490833854818
1.12612612612613,-2.94608428675677
1.12485939257593,-2.97134411210974
1.12473717836475,-3.52600636017921
1.12359550561798,0.915727210591844
1.12233445566779,-3.23210263758569
1.12107623318386,-3.14225704181539
1.11982082866741,-3.43243391484837
1.11856823266219,-3.54768522748624
1.11731843575419,-1.97298431960983
1.11698681846782,-3.41938772352209
1.11607142857143,-2.90730287142973
1.11482720178372,-3.24869625223114
1.11358574610245,-3.53094823868293
1.11234705228031,-2.75592911064272
1.11111111111111,-2.77658366171341
1.10987791342952,-2.79233313503068
1.10928986489522,-1.26904961015519
1.10864745011086,-1.66413839948832
1.10741971207087,-3.25822695785753
1.10619469026549,-0.967357646024548
1.10497237569061,-2.96195668453903
1.1037527593819,-0.243722359797412
1.10253583241455,2.16393386328896
1.10164594963366,-2.67638517653919
1.10132158590308,-3.44621610728715
1.1001100110011,-2.65011320007089
1.0989010989011,-3.5062651105873
1.09769484083425,-3.13686141158309
1.09649122807018,-3.38831669430827
1.09529025191676,-0.939873891940532
1.09409190371991,-3.22040524645557
1.09405470720574,-3.32475842707056
1.09289617486339,-2.1494658815868
1.09170305676856,-0.220307342546117
1.09051254089422,-3.31799737126588
1.08932461873638,-2.21875008843186
1.08813928182807,-2.90681576421748
1.08695652173913,-0.961414047573508
1.08651577465254,-1.71166398958409
1.085776330076,-3.35086847390515
1.08459869848156,-3.48027743114805
1.08342361863489,-3.58747797115977
1.08225108225108,-2.6569913124532
1.08108108108108,-2.59512736145701
1.07991360691145,-2.78458505371854
1.07902879151618,-3.60215237595271
1.07874865156419,-3.24966097335503
1.07758620689655,-1.4560596129521
1.07642626480086,-2.11644270656889
1.0752688172043,-1.37666450387617
1.07411385606874,-3.66355295267176
1.07296137339056,-3.36598397191564
1.07181136120043,1.45332318104496
1.07159339982267,-3.21074464401262
1.07066381156317,-0.743725925920056
1.06951871657754,-3.0209449885536
1.06837606837607,0.468663619872378
1.06723585912487,-1.65899107082547
1.06609808102345,-3.50412019162142
1.06496272630458,-3.21959043551463
1.06420924406472,-2.38409872540278
1.06382978723404,-3.02347134715954
1.06269925611052,-1.34923614113851
1.06157112526539,-3.16713838907107
1.06044538706257,-1.34822276151838
1.0593220338983,-1.08466865031086
1.05820105820106,-3.09329576246294
1.05708245243129,-3.54685179591133
1.0568759711848,-3.5574194398754
1.05596620908131,-2.922521870197
1.05485232067511,-2.82755249513734
1.05374077976818,-2.69618137993465
1.05263157894737,-2.95929620834628
1.0515247108307,-3.31370098384225
1.05042016806723,-3.10127638836756
1.04959323055823,-3.51783397411937
1.04931794333683,-0.892804959111639
1.0482180293501,-3.49135337231096
1.04712041884817,-2.72900616818198
1.04602510460251,-1.0398590582924
1.04493207941484,-3.455398989963
1.04384133611691,-3.65021249215014
1.04275286757039,-2.48992825899178
1.0423606739764,-3.06859059808807
1.04166666666667,1.66612503126884
1.04058272632674,-1.26248440110067
1.03950103950104,-3.34510195603117
1.03842159916926,-0.77855480443399
1.03734439834025,-2.43408876736081
1.03626943005181,-2.58778641303969
1.0351966873706,-3.34783273923351
1.03517795563018,-2.77472660676291
1.03412616339193,-2.98088705700301
1.03305785123967,-2.06838820670635
1.03199174406605,-3.24859488916503
1.03092783505155,-3.30539042108905
1.02986611740474,-3.10946903858352
1.02880658436214,-3.36672456271234
1.02804473209331,-3.4403072074662
1.02774922918808,-1.68646711587665
1.02669404517454,-2.94425386940928
1.02564102564103,-3.33249255750725
1.02459016393443,-2.99809755327653
1.02354145342886,-2.72476828428277
1.02249488752556,-3.00631827728231
1.02145045965271,-2.61766308237089
1.02096066230605,-3.09464342431799
1.02040816326531,-3.2893834680383
1.01936799184506,-3.56703493393571
1.0183299389002,-3.46344382086725
1.01729399796541,-3.55293857504732
1.01626016260163,-2.56170966593715
1.01522842639594,-1.96703772632999
1.01419878296146,-3.21376633882896
1.01392540755882,-3.52636949402609
1.01317122593718,-3.40084496884863
1.01214574898785,-3.18278174393394
1.01112234580384,-1.85720588337166
1.01010101010101,-2.08301080190493
1.00908173562059,-2.28292819715373
1.00806451612903,-1.90237699725211
1.00704934541793,0.409882142952275
1.00693863147603,-3.42592356349543
1.00603621730382,-0.981664948047505
1.00502512562814,-3.48967421748291
1.00401606425703,-2.67648657187133
1.00300902708124,1.46818337839268
1.00200400801603,-2.51412887448079
1.001001001001,-3.22206126234844
1,1.78190142562487
