"bfp_output.P","bfp_output.logBF"
1000,0.759538374591291
993.109181374979,0.867668963834054
986.265846131283,0.90907956358105
979.46966706954,0.890476405498068
972.720319245055,0.820834623283152
966.017479952265,0.707672340057532
959.360828709315,0.554237288481393
952.75004724273,0.35864873720259
946.184819472201,0.115191976503657
939.66483149547,-0.182609011726337
933.189771573324,-0.537873180629627
926.759330114689,-0.946346846522242
920.373199661823,-1.39403477475197
914.031074875623,-1.85784960287018
907.732652521023,-2.30946984199586
901.477631452492,-2.72088798701055
895.26571259964,-3.06919596105352
889.096598952916,-3.33880774264433
882.969995549409,-3.5209719896424
876.885609458743,-3.61182233174106
870.843149769073,-3.61071728743168
864.842327573172,-3.52036805218058
858.882855954625,-3.34941154467189
852.964449974103,-3.11636752882417
847.086826655741,-2.85150550679692
841.249704973612,-2.59242873777684
835.452805838287,-2.37340209106558
829.695852083491,-2.21506565596688
823.978568452852,-2.12170833066723
818.300681586739,-2.08633272760049
812.661920009195,-2.09821043128987
807.06201411495,-2.14834237849633
801.500696156541,-2.23133435029289
795.977700231499,-2.34372134652174
790.492762269642,-2.47920485411729
785.045620020451,-2.62358906608635
779.636013040523,-2.75608804676052
774.263682681127,-2.85974957575776
768.928372075831,-2.93068403938225
763.629826128224,-2.97616356493061
758.367791499719,-3.00658905605821
753.142016597437,-3.02980027320218
747.952251562182,-3.04904945621397
742.798248256492,-3.06220729959928
737.679760252773,-3.0606249258556
732.596542821523,-3.02922858109683
727.548352919623,-2.95498088476189
722.534949178721,-2.84884347017349
717.556091893692,-2.75484624756011
712.611543011175,-2.71468617649527
707.701066118189,-2.73651659351968
702.824426430835,-2.80731587749464
697.981390783066,-2.91233971138258
693.17172761554,-3.03964145051755
688.39520696455,-3.17570931567071
683.651600451024,-3.29943118375915
678.940681269611,-3.38001395087259
674.262224177835,-3.38542660221834
669.616005485322,-3.30091525932273
665.001803043112,-3.14104458665154
660.419396233031,-2.94027584657551
655.868565957143,-2.73315859920423
651.349094627281,-2.54384855700381
646.860766154633,-2.38770944642634
642.40336593942,-2.27647215169064
637.976680860628,-2.22039042902677
633.580499265825,-2.22630258313732
629.214610961035,-2.29458481921862
624.878807200689,-2.4184001911983
620.57288067765,-2.585044931614
616.296625513294,-2.77659516113631
612.04983724767,-2.96916657446063
607.832312829723,-3.13374920722161
603.643850607587,-3.2410085421538
599.484250318941,-3.26738934956203
595.353313081437,-3.19718040692579
591.250841383188,-3.0200953052559
587.176639073326,-2.73126254139818
583.130511352622,-2.34241605004025
579.112264764176,-1.9033280941001
575.121707184161,-1.50717436438675
571.158647812643,-1.24720151625591
567.222897164454,-1.15770450190028
563.314267060136,-1.21280104093615
559.432570616938,-1.37274878425442
555.577622239888,-1.61547337923552
551.749237612913,-1.93281820150831
547.947233690029,-2.30708692700237
544.171428686589,-2.69372102423709
540.421642070592,-3.02808144296641
536.697694554048,-3.2445878832397
532.999408084409,-3.28676731984616
529.326605836056,-3.11499001745168
525.679112201842,-2.73306436250909
522.056752784698,-2.22005246076993
518.459354389291,-1.71030276652608
514.886745013749,-1.31533489235506
511.338753841433,-1.07407171820627
507.815211232767,-0.974010236334645
504.315948717136,-0.994984555760037
500.840798984821,-1.13011756921001
500,-1.18018070391788
497.389595879006,-1.37804246445141
493.962174387832,-1.7273241779185
490.558370636505,-2.15493191028413
487.178021879463,-2.62886873359489
483.820966492595,-3.09459815239311
480.487043965513,-3.4573907182327
477.176094893875,-3.60568489914125
473.887960971765,-3.4896751431806
470.622484984128,-3.16699743745748
467.379510799247,-2.7488003334745
464.158883361278,-2.32728636120673
460.960448682844,-1.95753024552838
457.784053837662,-1.66951954379864
454.62954695324,-1.47525509667399
451.49677720361,-1.37358836583145
448.385594802119,-1.36612086166617
445.295850994266,-1.47253514440554
442.22739805059,-1.72108442182447
439.180089259609,-2.10647202153519
436.153778920801,-2.55303275173606
433.14832233764,-2.9489725262136
430.16357581068,-3.22605951104502
427.199396630678,-3.38646129315843
424.255643071778,-3.46946234253287
421.332174384729,-3.5140766253147
418.428850790158,-3.5432710221289
415.545533471888,-3.56541373167085
412.682084570296,-3.58040764736527
409.838367175726,-3.582402568988
407.014245321944,-3.56108771521412
404.209583979631,-3.50702700218182
401.424249049932,-3.41157499741434
398.658107358044,-3.26023349743094
395.911026646846,-3.04573449441112
393.182875570577,-2.81210356288166
390.473523688556,-2.66399905241549
387.782841458946,-2.65565930638591
385.110700232557,-2.72691140748052
382.4569722467,-2.77064515648605
379.821530619074,-2.6635131891153
377.2042493417,-2.32941086983744
374.605003274899,-1.98292706423014
372.023668141307,-1.96052009557281
369.46012051993,-2.23690432395555
366.914237840249,-2.53807921396197
364.385898376355,-2.31723964108441
361.874981241128,-1.05194407837466
359.381366380463,0.393921787313151
356.904934567523,0.884255592422837
354.445567397043,0.317753421298979
352.003147279668,-1.02470457733345
349.577557436327,-2.38349627154248
347.168681892656,-2.94238491006989
344.776405473446,-2.89342585938059
342.400613797142,-2.76795020922996
340.041193270371,-2.55886974877979
337.698031082509,-1.80669909400488
335.371015200293,-0.148374597380022
333.333333333333,1.94194054599736
333.060034362459,2.24546051597797
330.764978074424,4.64721162353836
328.485736603004,5.71061336125566
326.222200971167,4.13425668879662
323.97426295282,1.00178348988549
321.741815067637,-1.41250542058641
319.524750575921,-2.4127549162453
317.322963473498,-2.18470838203195
315.136348486648,-1.08483120736228
312.964801067075,0.178432021669967
310.808217386907,0.898778359593497
308.666494333727,0.972957189070901
306.539529505653,0.618841986911595
304.42722120643,0.244379057894112
302.329468440578,0.541922684999112
300.246170908555,2.00098774077403
298.177229001967,3.96623496753991
296.122543798804,4.57089721464952
294.082017058706,3.45633292728461
292.055551218275,2.29595688878341
290.043049386399,1.73761976244827
288.04441533963,1.11278948086507
286.059553517574,0.510087790601422
284.08836901833,1.10748625657029
282.130767593947,3.06371471238562
280.18665564592,4.27392911747471
278.255940220713,3.14694849624592
276.338529005317,0.576398163573619
274.434330322837,-1.73483411652664
272.543253128103,-2.41654899322547
270.665207003324,-0.333509956062765
268.800102153761,4.7368730526455
266.947849403432,10.9486233635321
264.398832986803,14.8451284079277
263.281546564802,13.3061911903346
261.467321180109,7.18654782256745
259.665597293487,0.149977957510989
257.87628875938,-3.31947474944881
256.099310025846,-2.66086357764247
254.334576130465,-0.134895598188346
252.582002696278,2.66757109063913
250.841505927754,4.94776196909571
250,5.48306570204965
249.113002606779,5.20316606636182
247.396410088681,1.41908234744169
245.691646298279,-2.53998262290933
243.998629725955,-2.93545412105082
242.31727942376,-1.99621758174869
240.647515001542,-1.10713717173423
238.989256623105,-0.55648891310859
237.342425002387,-0.916652602805082
235.706941399673,-1.90961905715072
234.082727617829,-1.41666653024539
232.469705998565,0.182126470506138
230.867799418717,0.787387644987025
229.276931286565,-0.716525917624192
227.697025538168,-2.7275573415845
226.128006633728,-2.97807616181661
224.569799553977,-0.681535345190905
223.022329796594,3.46221313852228
221.485523372636,7.84716427122801
219.959306803008,8.87090682034303
218.443607114943,4.03723430794576
216.938351838519,-1.44373424062634
215.443469003188,-3.18362370523239
213.958887134342,-1.58031866581912
212.484535249888,1.4340769931243
211.02034285686,3.01508845773724
209.566239948043,1.81999781362486
208.122156998634,-0.400624062799419
206.688024962908,-2.23994889046319
205.263775270925,-2.71800093403821
203.849339825246,-2.14116091378143
202.44465099768,-1.90018216762474
201.04964162605,-2.55877444690877
200,-3.07447285807968
199.664245010979,-3.18003800060033
198.288394912707,-3.28499379828612
196.922025547917,-3.18690786892896
195.565071586595,-3.30687090563371
194.217468148903,-3.49038484741377
192.879150802078,-3.54102166426658
191.550055557353,-3.51682088366526
190.230118866895,-3.35942891655484
188.919277620767,-3.39205793685728
187.617469143912,-3.57430712634261
186.324631193156,-3.43520193512945
185.04070195423,-3.30033530503216
183.765620038817,-2.87312532708845
182.499324481615,-2.38152733954832
181.241754737424,-2.41477654243236
179.992850678248,-2.12234510513765
178.752552590424,-2.12028254116118
177.520801171764,-2.94033862640365
176.297537528721,-2.92044049218266
175.082703173572,-1.89007794747881
173.876240021625,0.153944218342635
172.678090388436,1.62732952048042
171.488196987054,0.0452659136616846
170.306502925284,-1.9123008191223
169.132951702965,-3.02795319594913
167.967487209265,-2.67470630221764
166.810053720006,-1.33352986157895
166.666666666667,-1.1680218346223
165.660595894991,0.0990774593152439
164.519058775366,2.14219018818499
163.385387780986,4.05487032382344
162.259528707809,0.920722147012033
161.141427725302,-2.89147079382708
160.03103137387,0.0166461433667751
158.928286562298,5.43401693851276
157.833140565212,8.3683992365702
156.745541020559,3.08935512099057
155.665435927106,-3.10614905033945
154.592773641948,-1.3975119932697
153.527502878042,3.63592359771481
152.469572701757,4.91518293057452
151.418932530435,0.811297663254654
150.375532129974,-3.02182411682629
149.339321612425,-1.30439542461716
148.310251433611,-0.100551165334291
147.28827239075,-1.28496552559916
146.273335620113,-2.97198066692159
145.265392594678,-1.50464456781288
144.264395121816,-0.938445755236283
143.270295340983,-0.942831935240075
142.857142857143,-1.20212039736405
142.283045721435,-1.38266240928037
141.302599059953,-0.606434348710375
140.328908478587,-2.02320385125115
139.361927422414,-1.53107583313858
138.401609657313,2.90932417387687
137.447909267754,6.55393376367799
136.500780654601,2.097505873067
135.560178532937,-3.10114347062214
134.626057929891,-0.597386100150753
133.698374182495,4.43017355382203
132.777082935543,1.60042049675413
131.862140139475,-2.3327242287833
130.953502048267,-3.54223783797529
130.051125217341,-3.17888080826806
129.154966501488,-2.5990427388631
128.264983052806,-2.36091391758778
127.381132318648,-3.19506482078212
126.50337203959,-3.13657285139383
125.631660247412,-1.83995431591527
125,-1.22516928592746
124.765955263087,-1.4735383527683
123.906215694792,-3.37486784062757
123.052400435926,-3.33413659891574
122.204468663149,-2.14661169829049
121.362379834424,-2.12502985032504
120.526093687084,-3.11265003099033
119.695570235904,-3.50394495237758
118.87076977119,-3.02918002512568
118.051652856881,-2.62373907262157
117.23818032866,-2.70987911481101
116.430313292088,-3.29098431542253
115.628013120738,-3.65786562530671
114.831241454351,-3.12110033591427
114.039960197003,-2.69364386379631
113.254131515281,-3.06080533870151
112.473717836475,-3.66128236292239
111.698681846782,-2.58866738502239
111.111111111111,-0.982151774983019
110.928986489522,-0.622421477054142
110.164594963366,-0.657745850115002
109.405470720574,-3.09367689015785
108.651577465254,-2.89723615693627
107.902879151618,-0.787753365614246
107.159339982267,-0.529144324492743
106.420924406472,-3.01800469577462
105.68759711848,-2.00813925775032
104.959323055823,-0.820742037685998
104.23606739764,-3.26233660202744
103.517795563018,-2.57457160835467
102.804473209331,1.21257740479495
102.096066230605,-0.0250864507266142
101.392540755882,-2.44757124248691
100.693863147603,-1.28345218156813
100,-0.524890340389599
100,-0.524890340389599
99.310918137498,-0.874763975049613
98.6265846131283,-2.2823601812985
97.946966706954,-2.26673248615803
97.2720319245054,-2.16604643934574
96.6017479952265,-3.60732633134911
95.9360828709315,-2.41465926129301
95.2750047242729,-1.92885153212823
94.61848194722,-3.6069402950154
93.966483149547,-0.458848083732657
93.3189771573324,-0.100110178907225
92.6759330114688,-3.3649872162919
92.0373199661823,-1.57494450047643
91.4031074875623,-0.449992425286818
90.9090909090909,-1.75600351439909
90.7732652521023,-1.82614577648728
90.1477631452492,-2.95416428727027
89.526571259964,-2.67445214047465
88.9096598952916,1.34199092620101
88.2969995549409,-0.184497189687401
87.6885609458743,-3.52019778005588
87.0843149769073,-0.881124049619795
86.4842327573172,-1.77086998667759
85.8882855954625,-2.5669523476411
85.2964449974102,-1.58762434061874
84.7086826655741,-2.57487790021024
84.1249704973612,-2.06572616724459
83.5452805838287,-3.44147974003338
83.3333333333333,-2.47378454918488
82.9695852083491,-0.900714207121704
82.3978568452852,-3.57592375546504
81.8300681586739,2.21761394884887
81.2661920009194,-0.727951275755639
80.706201411495,-0.649044265575337
80.150069615654,9.51407654897226
79.5977700231498,-1.00113903650832
79.0492762269642,-1.53203499636056
78.5045620020451,-0.197131263219158
77.9636013040523,1.53910555724126
77.4263682681127,-3.55719122894295
76.9230769230769,1.96921162003416
76.8928372075831,2.28995227358145
76.3629826128224,-3.28961597657017
75.8367791499719,-1.30956100662977
75.3142016597437,-2.29398820894933
74.7952251562182,-2.81252156350824
74.2798248256491,-2.61898956030798
73.7679760252773,-3.11235944918597
73.2596542821523,-2.30458684653895
72.7548352919623,-3.34053921153902
72.2534949178722,-3.62417138317273
71.7556091893693,-2.5148084673675
71.4285714285714,-1.30430891445594
71.2611543011175,-1.85802794112207
70.7701066118189,-3.06142861922042
70.2824426430835,-1.43092485684049
69.7981390783066,-2.2793285471203
69.3171727615541,-3.44459007094637
68.839520696455,-3.39569066572254
68.3651600451024,-1.23723389047286
67.8940681269611,-2.86472552618165
67.4262224177834,-1.99280645912436
66.9616005485322,-3.10708951973903
66.6666666666667,1.30962807499843
66.5001803043112,0.866108978610687
66.0419396233031,-2.09799265386176
65.5868565957143,-0.0990748077195276
65.134909462728,-1.49648183328771
64.6860766154633,-2.60653320020928
64.2403365939419,-2.04169732080457
63.7976680860628,-3.04167104022515
63.3580499265825,-0.290076139806966
62.9214610961034,-2.3386425381489
62.5,-2.11575635607276
62.4878807200689,-2.17780933980746
62.057288067765,-3.03961762684009
61.6296625513294,-2.66805486716545
61.204983724767,-3.41673041893871
60.7832312829723,-1.99947346175928
60.3643850607587,-3.52324911766457
59.9484250318941,-2.82116712497567
59.5353313081437,-3.64805627768969
59.1250841383188,-3.53793858093543
58.8235294117647,-3.05581823556379
58.7176639073326,-1.70185864527088
58.3130511352622,-2.44725022731513
57.9112264764176,-2.85866095415097
57.5121707184161,-2.19010331474525
57.1158647812643,-3.64626488655035
56.7222897164454,-2.92885580644305
56.3314267060136,-2.46060383342116
55.9432570616938,-2.60201120375963
55.5577622239888,-2.16131553671927
55.5555555555556,-2.13685901658352
55.1749237612912,-1.7297031117561
54.7947233690029,-3.22730313890853
54.4171428686589,-3.08925771735606
54.0421642070592,-3.00212504554794
53.6697694554048,-3.2089281758859
53.2999408084409,-3.56810348858398
52.9326605836056,-2.2346363903655
52.6315789473684,-3.09290359707624
52.5679112201842,-3.28119320909978
52.2056752784698,-1.3004599019945
51.8459354389291,-3.31382482954417
51.488674501375,-3.6129950951324
51.1338753841433,-2.9545003544223
50.7815211232767,-2.44466649416425
50.4315948717136,-0.32133134330213
50.0840798984821,-3.37185351257407
50,-3.03973168717142
49.7389595879007,-3.26119120180821
49.3962174387832,-2.49862028389684
49.0558370636505,-2.81595302934785
48.7178021879463,-2.62331949539707
48.3820966492596,-3.13366450923884
48.0487043965513,-0.0450437071722076
47.7176094893875,-3.00315068506118
47.6190476190476,-1.99587905016308
47.3887960971765,-2.33868684878019
47.0622484984128,-3.32903100402985
46.7379510799246,1.25386226069181
46.4158883361278,-2.17480190098596
46.0960448682843,-2.3431270946122
45.7784053837662,-2.69327593827561
45.462954695324,-2.7581939170433
45.4545454545455,-2.73850726211723
45.149677720361,-2.43334166511134
44.8385594802119,-2.09544723638042
44.5295850994266,-2.44179236694161
44.222739805059,10.3796508579923
43.9180089259609,-0.571394801959353
43.6153778920801,-0.378118399054851
43.4782608695652,-1.90149223092798
43.314832233764,-2.08455999800544
43.016357581068,-3.65209840728438
42.7199396630678,-0.920640293522704
42.4255643071778,-1.80428898953444
42.1332174384729,-0.376983825253585
41.8428850790158,-1.29547080091607
41.6666666666667,-3.02703622023055
41.5545533471888,-1.09417983460839
41.2682084570295,-3.41498892487773
40.9838367175726,-1.74424699719453
40.7014245321944,-2.43834878200398
40.4209583979631,-3.47789694455134
40.1424249049932,0.509094465203181
40,-2.99817352291968
39.8658107358044,-1.66543290334614
39.5911026646846,-2.96517690905149
39.3182875570577,-2.06391455541985
39.0473523688556,-0.725818398638192
38.7782841458946,-2.9098522672789
38.5110700232557,-3.2812681508514
38.4615384615385,-3.55181168212384
38.24569722467,-1.11405575003097
37.9821530619073,-1.44980705156679
37.72042493417,-3.24389072125545
37.4605003274899,-2.25299018388362
37.2023668141307,-3.00342042591763
37.037037037037,-3.60662834799397
36.946012051993,-3.28083734550905
36.6914237840249,-1.86503229692293
36.4385898376355,-2.53988367855497
36.1874981241128,-2.80791925264047
35.9381366380463,-3.33225757873522
35.7142857142857,-2.78439400237896
35.6904934567523,-3.05115565978052
35.4445567397043,-0.625288408745273
35.2003147279668,-2.36056397844267
34.9577557436328,-3.24691648385068
34.7168681892656,-3.45226535662554
34.4827586206897,-3.5198008127913
34.4776405473446,-3.45552827619964
34.2400613797142,-3.19969346678838
34.0041193270371,-1.09064899710016
33.7698031082509,-3.53919485101955
33.5371015200293,-1.94424535202689
33.3333333333333,-2.06265661720964
33.3060034362459,0.101083773930061
33.0764978074424,-3.17605598965009
32.8485736603004,-3.10125625187153
32.6222200971167,-2.73922531929774
32.397426295282,1.62315462331488
32.258064516129,-3.07697282800928
32.1741815067637,-0.205551574209561
31.9524750575921,-3.10732621228983
31.7322963473498,-3.65497298306301
31.5136348486648,-3.15176788695249
31.2964801067075,-2.70671575621294
31.25,-3.47046278535508
31.0808217386906,-3.01343093107568
30.8666494333727,-3.56244010740634
30.6539529505653,-3.16843858887098
30.442722120643,-0.274136113321997
30.3030303030303,-3.65168674594782
30.2329468440578,-2.73232838291888
30.0246170908555,-3.10907878221085
29.8177229001967,-3.22069151964343
29.6122543798804,-2.99599122771267
29.4117647058824,-2.63970606776477
29.4082017058706,-2.55825779211606
29.2055551218275,-3.13367684742688
29.0043049386399,-2.58766620670961
28.804441533963,-1.88368606411806
28.6059553517574,-2.64430142450156
28.5714285714286,-3.59515200423639
28.408836901833,-3.53444976255887
28.2130767593947,-3.27847221895366
28.018665564592,-3.40420689976751
27.8255940220712,-2.98337982800372
27.7777777777778,-3.65816502478126
27.6338529005317,-1.14095403336351
27.4434330322836,-0.5856140148753
27.2543253128103,-1.60215795813631
27.0665207003324,1.2273013246156
27.027027027027,-1.26249474241215
26.8800102153761,2.34233275773027
26.6947849403432,1.24971809314419
26.5108360190854,-2.79073807358365
26.3281546564802,-1.95782120735974
26.3157894736842,-0.722494827970659
26.1467321180109,-2.06467666571769
25.9665597293487,-3.14203301593362
25.787628875938,-1.05987704931929
25.6410256410256,-2.31322465760909
25.6099310025846,-2.88290862298994
25.4334576130465,-2.40601126125407
25.2582002696278,2.05993011668257
25.0841505927754,0.204089987217761
25,6.44000741485458
24.9113002606779,4.50946995643544
24.7396410088681,4.04666699558284
24.5691646298279,-2.42312956745156
24.3998629725955,-1.55558152889209
24.390243902439,-2.09014744535154
24.231727942376,-2.63406609438995
24.0647515001542,-2.26888908551212
23.8989256623105,-3.45713897935597
23.8095238095238,-3.42699204987941
23.7342425002387,-1.42964746179892
23.5706941399673,-1.09335447555115
23.4082727617829,-0.964428021312965
23.2558139534884,-3.21203754858636
23.2469705998565,-3.6051728982507
23.0867799418717,-3.01816220898813
22.9276931286565,-2.34329343987217
22.7697025538168,-2.16006512664829
22.7272727272727,-3.36033085387963
22.6128006633728,-2.29513658484903
22.4569799553977,-1.81842473853741
22.3022329796594,-2.79215338128331
22.2222222222222,-3.4652376566734
22.1485523372636,0.0185077007259524
21.9959306803007,-2.33674340152389
21.8443607114943,-3.23559527679081
21.7391304347826,-3.52653474925763
21.6938351838518,0.344748602563461
21.5443469003188,-2.70117632203171
21.3958887134342,-3.24227032022516
21.2765957446809,-0.483337905553195
21.2484535249888,-0.836198487409045
21.102034285686,-3.30231166459664
20.9566239948043,-2.53703414604287
20.8333333333333,-2.72077568960843
20.8122156998634,-3.46187054640357
20.6688024962908,-3.02977138931082
20.5263775270925,-1.49107480870652
20.4081632653061,-2.43700217231857
20.3849339825246,0.873673109764884
20.244465099768,-1.96545263190169
20.104964162605,-0.1225483880015
20,-2.276238285453
19.9664245010979,-3.20674664738827
19.8288394912707,-2.68858338006883
19.6922025547917,-3.61137998243388
19.6078431372549,-3.30074052960593
19.5565071586595,-2.59712720348862
19.4217468148903,-3.24761415638634
19.2879150802078,-2.70038964286207
19.2307692307692,-2.23236086612691
19.1550055557353,-2.81411445169071
19.0230118866894,-3.5113472617143
18.8919277620767,-2.58702994579998
18.8679245283019,-1.1420923272385
18.7617469143912,-3.62349905989141
18.6324631193156,-0.525625901614641
18.5185185185185,-3.51993850062164
18.504070195423,-3.08224374406818
18.3765620038817,-0.56591958955003
18.2499324481615,-3.29480895086642
18.1818181818182,-3.59472052484825
18.1241754737424,-2.90917390382098
17.9992850678248,-3.19866456007635
17.8752552590424,-3.01533592040745
17.8571428571429,-2.67755709682181
17.7520801171764,-3.30045489034766
17.6297537528721,-3.20490093380713
17.5438596491228,-0.532774062182066
17.5082703173572,-1.14929105057477
17.3876240021625,-1.98263091227538
17.2678090388436,-2.84834644856685
17.2413793103448,-2.12276170094442
17.1488196987054,-3.3142443245854
17.0306502925284,-0.369947174306712
16.9491525423729,1.917985555975
16.9132951702965,-2.30018334434082
16.7967487209265,-3.53950764700881
16.6810053720006,0.833951369753199
16.6666666666667,-1.53565728340127
16.5660595894991,-3.35148796234135
16.4519058775366,-2.50171831475928
16.3934426229508,-3.04391855064766
16.3385387780986,-3.25707802752585
16.2259528707809,-3.47919047203002
16.1290322580645,-0.499838042716457
16.1141427725302,-0.428447435117259
16.003103137387,-3.55296674861422
15.8928286562298,-3.50683452315088
15.8730158730159,-0.20401347706662
15.7833140565212,-1.58188864100507
15.674554102056,-2.2397856207818
15.625,-0.886009369691162
15.5665435927106,-1.32756618992847
15.4592773641948,-2.25554914191279
15.3846153846154,-0.445643991407546
15.3527502878042,-3.41625623695456
15.2469572701757,-2.31990146724201
15.1515151515152,0.0623700952824224
15.1418932530435,-1.19429133672629
15.0375532129974,-2.13684428989283
14.9339321612425,-0.461674575448863
14.9253731343284,0.044167552280574
14.831025143361,-2.69372828610947
14.728827239075,-1.79089477379331
14.7058823529412,-2.33064130539547
14.6273335620113,-3.64262743195139
14.5265392594678,-1.27470172420309
14.4927536231884,-3.32739706433706
14.4264395121816,-3.35146358785276
14.3270295340983,-1.16542518354567
14.2857142857143,-0.0746397687814619
14.2283045721435,0.343380882901234
14.1302599059953,-1.53000101543183
14.0845070422535,-0.739708904227238
14.0328908478587,0.918210541790491
13.9361927422414,-1.44668699640989
13.8888888888889,-2.70497453044215
13.8401609657313,-0.433735232920337
13.7447909267754,-3.11503988290765
13.6986301369863,-2.96194267971141
13.6500780654601,-1.68450147039997
13.5560178532937,-0.775084390531656
13.5135135135135,-0.885158319086069
13.4626057929891,-1.06473200125798
13.3698374182495,-1.56768035062653
13.3333333333333,3.97241209344016
13.2777082935543,-1.47071828115078
13.1862140139475,-1.73272180265307
13.1578947368421,-1.08759961748909
13.0953502048267,0.664519574528431
13.0051125217341,-3.33247643975822
12.987012987013,-1.71864836271673
12.9154966501488,-3.36750100042591
12.8264983052806,1.20291657211717
12.8205128205128,2.25281750811492
12.7381132318648,-2.76221121460518
12.6582278481013,-1.87600912126414
12.650337203959,-0.814921549896961
12.5631660247412,-3.34096595876913
12.5,-2.00987835464029
12.4765955263087,-3.15468656064423
12.3906215694792,-3.54634117276894
12.3456790123457,-2.81364290479281
12.3052400435926,-3.29251001812768
12.2204468663149,-0.650703899125527
12.1951219512195,-1.69196927290936
12.1362379834424,-1.40216884699238
12.0526093687084,-0.520558017962098
12.0481927710843,-0.733047960735671
11.9695570235904,5.71338126008501
11.9047619047619,-3.59709314277584
11.887076977119,-1.97281329114413
11.8051652856881,-2.03010966573732
11.7647058823529,-3.15519331663496
11.723818032866,-2.31298826368906
11.6430313292088,0.686781503220591
11.6279069767442,-2.9810564277236
11.5628013120738,-2.22479389698163
11.4942528735632,-0.990091257157455
11.4831241454351,-0.230836460935659
11.4039960197003,-3.65641265117544
11.3636363636364,-3.63906478555544
11.3254131515281,-3.16703190738432
11.2473717836475,-3.29411819265361
11.2359550561798,-3.56707464612996
11.1698681846782,-3.31740182142336
11.1111111111111,-1.84881942487793
11.0928986489522,-3.51640629914273
11.0164594963366,-2.46659396872102
10.989010989011,-0.409892570194056
10.9405470720574,-2.49946049642481
10.8695652173913,-1.02661102543883
10.8651577465254,-1.33440379116108
10.7902879151618,-2.95087565767666
10.752688172043,-2.82823637351997
10.7159339982267,-2.97715933445992
10.6420924406472,-2.97366997545158
10.6382978723404,-2.68452931183522
10.568759711848,-2.91591839545343
10.5263157894737,-3.31700346506234
10.4959323055823,-2.96548895091494
10.423606739764,-1.75966683814429
10.4166666666667,-2.65283027833724
10.3517795563018,-1.33371320331743
10.3092783505155,-2.99693161874908
10.2804473209331,-2.62849664645988
10.2096066230605,-2.84727258498047
10.2040816326531,-2.97659140817772
10.1392540755882,0.376801160827786
10.1010101010101,-3.64474262383508
10.0693863147603,-3.54443505037564
10,-1.99446191018979
10,-1.99446191018945
9.9310918137498,-2.72187400726848
9.9009900990099,0.608701976131745
9.86265846131282,0.833526024374994
9.80392156862745,-3.2074922586424
9.79469667069539,0.313850506291819
9.72720319245054,-2.93999621810239
9.70873786407767,-3.38833577131889
9.66017479952265,-2.03581654145473
9.61538461538461,-3.2282739766366
9.59360828709314,-2.91649811483777
9.52750047242729,-1.68980562520054
9.52380952380952,-2.26271028409884
9.461848194722,-1.995519769571
9.43396226415094,-3.42526363931826
9.39664831495469,-3.46341049539408
9.34579439252336,-2.85276473951869
9.33189771573324,-2.97744586264325
9.26759330114688,-1.11313778603234
9.25925925925926,-0.843318674287683
9.20373199661822,-2.32128310123458
9.1743119266055,-3.59832896394932
9.14031074875623,-3.47920395627288
9.09090909090909,-0.747955174201574
9.07732652521023,-3.38543295578297
9.01477631452492,-2.88903340080652
9.00900900900901,-3.57618401450152
8.9526571259964,-1.70158338160943
8.92857142857143,-3.28823592877275
8.89096598952916,-2.791343085804
8.84955752212389,0.498345352462128
8.82969995549409,-1.19335744278173
8.7719298245614,-2.51723658082899
8.76885609458743,-3.24504552748247
8.70843149769072,-3.35729923528957
8.69565217391304,-3.39169694707398
8.64842327573172,0.738036742699554
8.62068965517241,-1.47802182881243
8.58882855954625,-0.917962215120308
8.54700854700855,0.706064445726772
8.52964449974102,-0.551109098927337
8.47457627118644,-2.3816165246089
8.47086826655741,-3.63793622019783
8.41249704973612,-3.34734056067704
8.40336134453781,-1.80908536942722
8.35452805838287,2.06002611620558
8.33333333333333,1.59075546922459
8.29695852083491,-2.82848225873978
8.26446280991736,-2.45980349935494
8.23978568452852,-3.19797847741416
8.19672131147541,-3.58242938017436
8.18300681586739,-3.22887008403473
8.13008130081301,-3.05404962803722
8.12661920009195,-3.15661435378105
8.0706201411495,-2.69656736408048
8.06451612903226,-2.19782726542898
8.01500696156541,-3.64308289075062
8,-3.60953201662376
7.95977700231498,-3.2354347115628
7.93650793650794,-2.6573917703141
7.90492762269642,-3.14483507436135
7.8740157480315,0.877954419831345
7.85045620020451,-3.37706305194582
7.8125,-3.54633341962251
7.79636013040523,-3.2314163778423
7.75193798449612,-3.15865760908239
7.74263682681127,-3.0960819150989
7.69230769230769,-3.55597879563082
7.68928372075831,-3.02911131285175
7.63629826128224,-2.58429026181913
7.63358778625954,-2.61324846847004
7.58367791499719,-3.35832341273119
7.57575757575758,-3.07557418420798
7.53142016597437,-2.89240596447986
7.5187969924812,-2.70372333729891
7.47952251562182,-2.05221882445671
7.46268656716418,-3.58250161525565
7.42798248256492,-3.33590132779123
7.40740740740741,-2.77766067854823
7.37679760252773,-3.28189984530079
7.35294117647059,1.38828786395694
7.32596542821523,-3.48586131443697
7.2992700729927,-3.41143751408482
7.27548352919623,-3.3214679691241
7.2463768115942,-2.66300015266581
7.22534949178722,-2.03490021867428
7.19424460431655,0.549830017123914
7.17556091893693,-1.86246466829875
7.14285714285714,-2.87991071658218
7.12611543011175,-2.83774220571267
7.09219858156028,-2.50186462121608
7.07701066118189,-2.38482309973527
7.04225352112676,-0.492490783612804
7.02824426430835,-2.52211213159567
6.99300699300699,0.00803060887550533
6.97981390783066,-2.56178616895816
6.94444444444444,-1.55016078784434
6.93171727615541,-3.5505279423224
6.89655172413793,-3.05171115791917
6.8839520696455,-2.9073617855159
6.84931506849315,-1.96462943935584
6.83651600451024,-1.4805277795004
6.80272108843537,-3.03174574544918
6.78940681269611,-1.34621355279036
6.75675675675676,-0.274904440384755
6.74262224177834,-3.14821093770866
6.71140939597315,-2.65027899597119
6.69616005485322,-2.7015671238778
6.66666666666667,-2.65753217095498
6.65001803043112,-2.1251024671554
6.62251655629139,-2.61463143242907
6.6041939623303,-3.64549883150034
6.57894736842105,-3.15889497730113
6.55868565957143,-0.433764728871846
6.5359477124183,-2.18842762632719
6.5134909462728,-2.7265170149454
6.49350649350649,-0.991096996553902
6.46860766154633,-1.77127852062655
6.45161290322581,-1.59097979553256
6.42403365939419,-3.58665882493316
6.41025641025641,-2.64849612604588
6.37976680860628,-2.9228594462137
6.36942675159236,-3.0130054792274
6.33580499265825,-0.348987437820948
6.32911392405063,-1.82941532454388
6.29214610961034,-3.49636431458633
6.28930817610063,-2.80560876543215
6.25,-3.24364068975823
6.24878807200689,-3.12162539264674
6.2111801242236,-1.62571623926724
6.2057288067765,-2.06538342948248
6.17283950617284,-2.42790664778935
6.16296625513294,-3.50072224788782
6.13496932515337,-3.21910472026915
6.1204983724767,-1.85070332997143
6.09756097560976,-3.5953305916734
6.07832312829723,-2.15650510947197
6.06060606060606,-3.50130202165961
6.03643850607587,-3.27862845941491
6.02409638554217,-2.32149948440398
5.99484250318941,-2.7233215899365
5.98802395209581,-2.96658015480069
5.95353313081437,-3.03420153407604
5.95238095238095,-3.21715262846522
5.91715976331361,-2.92051160562262
5.91250841383188,-3.15253733546707
5.88235294117647,-3.31905664915233
5.87176639073326,-3.40334429521412
5.84795321637427,-2.50817746250352
5.83130511352622,-1.90493385270987
5.81395348837209,-3.54932269466898
5.79112264764176,-3.45556483936043
5.78034682080925,-3.56050217294902
5.75121707184161,-3.41750552409134
5.74712643678161,-1.3255984051634
5.71428571428571,-3.16555864954141
5.71158647812643,-2.74404987793146
5.68181818181818,-2.25082340102365
5.67222897164454,-2.81020481174404
5.64971751412429,0.757944616027221
5.63314267060136,-2.52245448016388
5.61797752808989,-2.32577173244895
5.59432570616938,-3.05851083476862
5.58659217877095,-2.02752828956339
5.55577622239888,0.580108823673602
5.55555555555556,0.0447182220189761
5.52486187845304,-2.59834539019028
5.51749237612913,-3.45122135606128
5.49450549450549,-2.88683918958749
5.47947233690029,-2.27812797010078
5.46448087431694,-3.66009595149815
5.44171428686589,-2.33677968068211
5.43478260869565,-3.30571777252772
5.40540540540541,-3.19625624190028
5.40421642070592,-2.8805652805329
5.37634408602151,-3.65327418122844
5.36697694554048,-2.24716648566929
5.3475935828877,-2.90327777338866
5.32999408084409,-2.95846266111077
5.31914893617021,-3.57459351493444
5.29326605836056,-3.52425649285349
5.29100529100529,-3.14160578082093
5.26315789473684,-3.55708992577105
5.25679112201842,-2.99376637214258
5.23560209424084,-1.99845169239294
5.22056752784698,-2.35456019919048
5.20833333333333,-2.27570883776529
5.18459354389291,-3.50300198471914
5.18134715025907,-3.53969610761358
5.15463917525773,-2.18973118718197
5.14886745013749,-1.39682945930796
5.12820512820513,-1.80234137914548
5.11338753841433,-3.28589237606011
5.10204081632653,-3.20001877169339
5.07815211232767,-3.28986461073405
5.0761421319797,-0.914199856627117
5.05050505050505,-3.39097550145653
5.04315948717136,-3.59024531485941
5.0251256281407,-3.32664367045173
5.00840798984821,-3.55388718667042
5,-3.36897591404839
4.97512437810945,-3.57028409677023
4.97389595879006,-2.86368751551954
4.95049504950495,-3.47959800705955
4.93962174387832,-3.3263957905698
4.92610837438424,-2.82427238576077
4.90558370636505,-2.91875568467786
4.90196078431372,-3.23623720514645
4.8780487804878,-0.566588784991363
4.87178021879463,-3.52920187072832
4.85436893203883,-0.338363378553377
4.83820966492596,-1.30480275263461
4.83091787439613,-3.43844281144519
4.80769230769231,-3.56161766244626
4.80487043965513,-2.77269457304832
4.78468899521531,-2.58277160621112
4.77176094893875,-3.50203825848559
4.76190476190476,-3.31988199301012
4.739336492891,-3.1702907727555
4.73887960971765,-3.04292114455081
4.71698113207547,-3.64699372176089
4.70622484984128,-3.60046740854527
4.69483568075117,-3.63249830689569
4.67379510799246,-3.52968972976212
4.67289719626168,-1.96662139912284
4.65116279069767,-2.60274749668236
4.64158883361278,-3.03730989123842
4.62962962962963,-2.62830628920043
4.60960448682843,-2.55045494199957
4.60829493087558,-1.34337355781907
4.58715596330275,-1.64964974342838
4.57784053837662,-2.34236048646964
4.5662100456621,-3.0423140584355
4.5462954695324,-3.2883353821257
4.54545454545455,-3.06296838364754
4.52488687782805,-1.93506769781281
4.5149677720361,-0.274187637723581
4.5045045045045,-0.35415079296727
4.48430493273543,-0.8950381423336
4.48385594802119,-1.03129738851372
4.46428571428571,-2.04380258992999
4.45295850994265,-1.74690416441738
4.44444444444444,-2.63555689581708
4.42477876106195,-3.39754876331163
4.4222739805059,-3.60018928060905
4.40528634361233,-3.24780750916916
4.39180089259609,-3.27749491750903
4.3859649122807,-2.5496471508065
4.36681222707424,-3.63704669125537
4.361537789208,-3.25605413253218
4.34782608695652,-2.76990268039456
4.3314832233764,-1.3733565777279
4.32900432900433,-3.58128067632496
4.31034482758621,-2.71123393297425
4.30163575810679,-1.00128962980501
4.29184549356223,-3.03378447043662
4.27350427350427,-2.94882059592556
4.27199396630678,-3.46891231502876
4.25531914893617,-1.25693650832879
4.24255643071778,-3.58187086256687
4.23728813559322,-3.53569874411805
4.21940928270042,-3.03812404078321
4.21332174384729,-3.61116728108267
4.20168067226891,-1.40518170358343
4.18428850790158,-2.4813621568911
4.18410041841004,-2.1231644430001
4.16666666666667,-1.23856221273403
4.15545533471888,-3.1121838213027
4.149377593361,-1.74060010826384
4.13223140495868,-2.96415929251274
4.12682084570295,-2.90717870983589
4.11522633744856,-3.49710765982267
4.09838367175726,-3.56623948919507
4.0983606557377,-3.55547603484429
4.08163265306122,-3.53284752651056
4.07014245321944,-3.64799024291939
4.0650406504065,-3.57195229465547
4.04858299595142,-3.2828503970732
4.04209583979631,-3.20565205410291
4.03225806451613,-3.63211408261504
4.01606425702811,-3.10568925433737
4.01424249049932,-3.40839895490746
4,-2.39526596483939
3.98658107358044,-2.73448894351396
3.98406374501992,-3.43252470411435
3.96825396825397,-2.94310304880654
3.95911026646846,-1.99790705964063
3.95256916996047,-2.32789425136589
3.93700787401575,-3.40222715625212
3.93182875570577,-3.03184252242176
3.92156862745098,-3.13936791747686
3.90625,-0.785668066248216
3.90473523688556,-2.72260697105794
3.89105058365759,-3.41103056730089
3.87782841458946,-2.5274851162981
3.87596899224806,0.744454029989005
3.86100386100386,-3.18968680895251
3.85110700232557,-3.64645243819252
3.84615384615385,-3.55477365280758
3.83141762452107,-2.31563471859063
3.824569722467,-2.9057021997758
3.81679389312977,-2.52123134980696
3.80228136882129,-3.49812056345207
3.79821530619074,-2.25618829639857
3.78787878787879,-3.46122899830659
3.77358490566038,-3.59265492477901
3.772042493417,-2.37862876912304
3.7593984962406,-3.24866025013032
3.74605003274899,-2.63861768439177
3.74531835205992,-1.59258107386334
3.73134328358209,-2.98629789473211
3.72023668141307,-2.64572518186535
3.71747211895911,-3.36865600589656
3.7037037037037,-1.98406444589248
3.6946012051993,-3.30805448700799
3.690036900369,-3.65369340363319
3.67647058823529,-3.57335312573586
3.66914237840249,-3.04927337015034
3.66300366300366,-3.59540636923726
3.64963503649635,-3.63932864784176
3.64385898376355,1.0629102512027
3.63636363636364,-2.24872379036087
3.6231884057971,-2.94724545998117
3.61874981241128,-3.6304084142436
3.6101083032491,-2.29260825001129
3.59712230215827,-2.61828788421412
3.59381366380463,-3.43408082621842
3.584229390681,-1.87466861723133
3.57142857142857,-1.81574282954166
3.56904934567523,-2.35045965749579
3.55871886120996,-3.3379560531301
3.54609929078014,-2.72033295786145
3.54445567397043,-3.09195185446294
3.53356890459364,-3.57392387136296
3.52112676056338,-0.881804520135328
3.52003147279668,-3.26698563756797
3.50877192982456,-3.06414622739332
3.4965034965035,-3.39265860145214
3.49577557436328,-3.62934904610158
3.48432055749129,-2.22251082035153
3.47222222222222,-3.39348110387202
3.47168681892656,-2.59231789991865
3.46020761245675,-3.23257926697012
3.44827586206897,-3.58265009201709
3.44776405473446,-2.81165548516126
3.43642611683849,-3.24967053281083
3.42465753424658,-3.26452382109029
3.42400613797142,-3.29583001595678
3.41296928327645,-1.48384805856268
3.40136054421769,-1.34894314715641
3.40041193270371,-2.91542385371467
3.38983050847458,-2.21905569525499
3.37837837837838,1.85440245268591
3.37698031082509,-3.09422677313519
3.36700336700337,-2.20618911345825
3.35570469798658,-3.51102824682898
3.35371015200293,-3.58585558687146
3.34448160535117,-0.410479211273564
3.33333333333333,-1.66447717678603
3.33060034362459,-1.60618340442469
3.32225913621262,-2.1841574410851
3.3112582781457,-1.99279498754755
3.30764978074424,-3.01369104106537
3.3003300330033,-1.55609872575935
3.28947368421053,-3.47203133109282
3.28485736603004,-2.76960726833881
3.27868852459016,-3.16536749957758
3.26797385620915,-3.48024897647555
3.26222200971167,-3.5275575481843
3.25732899022801,-2.33988016536604
3.24675324675325,-2.4938924819781
3.2397426295282,-1.88721836760318
3.23624595469256,-3.062368670254
3.2258064516129,-3.37456504341447
3.21741815067637,-1.94802369593328
3.21543408360129,1.13885189440088
3.20512820512821,-1.41260916036377
3.19524750575921,-3.23817430901117
3.19488817891374,-2.59843586064265
3.18471337579618,-1.97917343374756
3.17460317460317,-2.84258002749858
3.17322963473498,-3.22419602654208
3.16455696202532,-2.87209398557429
3.15457413249211,-3.24672531947489
3.15136348486648,-3.30626237403963
3.14465408805031,-2.29122846081601
3.13479623824451,0.891297716135218
3.12964801067075,-1.02141054079818
3.125,-3.64905397076374
3.11526479750779,-3.07192122007616
3.10808217386906,-1.52585961170773
3.1055900621118,-3.46352450530373
3.09597523219814,-2.6913499567065
3.08666494333727,-2.89192283734631
3.08641975308642,-2.62572759026387
3.07692307692308,-3.45595251208281
3.06748466257669,-3.59594187541246
3.06539529505653,-2.94104479937188
3.05810397553517,-3.54345649612683
3.04878048780488,-1.37061616856077
3.0442722120643,-3.58324429318319
3.03951367781155,-3.49056278128144
3.03030303030303,-2.32026062131093
3.02329468440578,-1.74671537750695
3.02114803625378,-1.89848530069981
3.01204819277108,-3.61554876787697
3.003003003003,-3.62896158839707
3.00246170908555,-3.32105598453263
2.9940119760479,-3.28781689910208
2.98507462686567,-3.40769822519099
2.98177229001967,-2.6993209107358
2.97619047619048,-2.59092517612423
2.9673590504451,-2.86710080114933
2.96122543798803,-3.47261556644461
2.9585798816568,-3.51534916870305
2.94985250737463,-3.44944999588939
2.94117647058824,-2.18687873909566
2.94082017058706,-3.459922912674
2.93255131964809,-3.03429522682954
2.92397660818713,-3.50684793105621
2.92055551218275,-3.06723738114338
2.91545189504373,-2.34648032112714
2.90697674418605,-3.31334245250666
2.90043049386399,-3.37212355344335
2.89855072463768,-2.90625181297134
2.89017341040462,-2.77735491984653
2.88184438040346,-3.37242821472487
2.8804441533963,-3.5296759831891
2.8735632183908,-3.51290557419658
2.86532951289398,-3.47851866319366
2.86059553517574,-2.01574624290181
2.85714285714286,-3.34821113222842
2.84900284900285,-3.43045699112964
2.84090909090909,-2.74585548774565
2.8408836901833,-2.8373278056532
2.8328611898017,-3.60262465721955
2.82485875706215,-2.63927113717586
2.82130767593947,-2.54382992805663
2.8169014084507,-1.52903297266549
2.80898876404494,-1.8349280582771
2.8018665564592,-2.25167529332667
2.80112044817927,-1.56391811593856
2.79329608938547,-2.42602767778727
2.78551532033426,-2.57709737289106
2.78255940220712,-3.23744810307819
2.77777777777778,-2.10730382460313
2.77008310249307,-3.23680583554214
2.76338529005317,-2.4245982938754
2.76243093922652,-1.91998769747449
2.75482093663912,-1.83717179864474
2.74725274725275,-3.50329921389773
2.74434330322836,-3.62626195265632
2.73972602739726,-3.5525354545595
2.73224043715847,-3.19262109394712
2.72543253128103,-3.52493196961403
2.72479564032698,-3.03397809558946
2.71739130434783,-1.47298389132798
2.710027100271,-3.55365868913138
2.70665207003324,-3.53984702408867
2.7027027027027,-3.35015041546181
2.69541778975741,-3.19704603108446
2.68817204301075,-1.54975818707784
2.68800102153761,-1.80218790016847
2.68096514745308,-1.03837574773892
2.67379679144385,-1.42092335560333
2.66947849403432,-3.56365266150122
2.66666666666667,0.67623485064441
2.65957446808511,-1.86747230425977
2.6525198938992,-2.98717869153004
2.65108360190854,-3.3756650066545
2.64550264550265,-1.48267342791767
2.63852242744063,-1.28126560144888
2.63281546564802,-3.32908508216634
2.63157894736842,-1.7459580725786
2.6246719160105,-2.31828107817771
2.61780104712042,-2.98528154306582
2.61467321180109,-1.95379863753741
2.61096605744125,-3.63818902012944
2.60416666666667,-3.53475287609892
2.5974025974026,-2.49491256461119
2.59665597293487,-3.33081795653579
2.59067357512953,-3.46280606684005
2.58397932816537,-2.07464838614667
2.5787628875938,-3.17615504678595
2.57731958762887,-3.13845867775488
2.5706940874036,-2.68691332491344
2.56410256410256,-1.44299721092086
2.56099310025846,-3.03357577145182
2.55754475703325,-0.952361452050478
2.55102040816327,-1.70334058104309
2.54452926208651,-1.89027563873553
2.54334576130465,-3.30115905391907
2.53807106598985,-3.64130617129585
2.53164556962025,-2.112336305618
2.52582002696278,-3.42457787872358
2.52525252525253,-3.17941551462045
2.51889168765743,-3.57772555526288
2.51256281407035,-2.99872314718244
2.50841505927754,-2.39591227912369
2.5062656641604,-3.37909990956102
2.5,-3.04852270441499
2.49376558603491,-3.40913021266926
2.49113002606779,-3.41618750748061
2.48756218905473,-2.83874319030734
2.48138957816377,-3.64205378473103
2.47524752475248,-1.90067319888264
2.47396410088681,-3.06643502242307
2.46913580246914,-3.48427103113375
2.46305418719212,-3.38471331325875
2.45700245700246,-0.28339990747214
2.45691646298279,0.123656609417442
2.45098039215686,-3.24946699035415
2.44498777506112,-3.18187357715702
2.43998629725955,-2.50085168926752
2.4390243902439,-2.90193111360802
2.4330900243309,-2.93885271204187
2.42718446601942,-3.63724989761514
2.4231727942376,-3.04382074345871
2.42130750605327,-3.58027004468515
2.41545893719807,-2.99677760760884
2.40963855421687,-3.41874407143735
2.40647515001542,-3.136923379099
2.40384615384615,-2.32586639647375
2.39808153477218,-2.72957836738025
2.39234449760766,-2.57073559982974
2.38989256623105,-2.83619444999907
2.38663484486874,-1.83135476096303
2.38095238095238,-3.31707913696438
2.37529691211401,-3.65402646239861
2.37342425002387,-3.60004604437641
2.3696682464455,-3.4756318117294
2.36406619385343,-1.86271592239681
2.35849056603774,-2.98608517634038
2.35706941399673,-3.1484486326526
2.35294117647059,-3.25441530024433
2.34741784037559,-3.27900640581962
2.34192037470726,-2.78470528092388
2.34082727617829,-3.65002799953008
2.33644859813084,-2.5399825624345
2.33100233100233,-2.53510199909176
2.32558139534884,-3.48730494692686
2.32469705998565,-3.60345618489931
2.32018561484919,-1.24640039374337
2.31481481481481,-3.17957263412172
2.3094688221709,-3.09153334743406
2.30867799418717,-3.06419310199363
2.30414746543779,-3.11223502122369
2.29885057471264,-2.69492226990401
2.29357798165138,-0.410493651075892
2.29276931286565,-1.96677970453397
2.2883295194508,-3.45285137732905
2.28310502283105,-3.64953941336408
2.27790432801822,-1.05849112659647
2.27697025538168,-2.54468079710439
2.27272727272727,-2.91771694962209
2.26757369614512,-3.2781887084911
2.26244343891403,-2.54574947995426
2.26128006633728,-3.16595749142113
2.25733634311512,-3.64163810106073
2.25225225225225,-2.92892393012515
2.24719101123596,-3.19620840922685
2.24569799553977,-3.15976221719292
2.24215246636771,-3.64688891785341
2.23713646532438,-3.35190995153639
2.23214285714286,-2.00120294127749
2.23022329796594,-3.21223238300071
2.2271714922049,-3.4938950260623
2.22222222222222,-2.62733434977808
2.21729490022173,-0.624979199305936
2.21485523372636,-3.56524412293994
2.21238938053097,-3.4420941697957
2.2075055187638,-3.0874920770819
2.20264317180617,-1.99910211746113
2.19959306803007,-2.17461120074953
2.1978021978022,-3.54194255718771
2.19298245614035,-3.06947434464704
2.18818380743982,-3.57261868762979
2.18443607114943,-1.58204467567809
2.18340611353712,-2.64020953779818
2.17864923747277,-3.46939791970193
2.17391304347826,-3.32042070305551
2.16938351838518,-3.3740676243877
2.16919739696312,-3.5528376117674
2.16450216450216,-3.48953735620894
2.15982721382289,-1.46157730718066
2.1551724137931,-3.21368381339677
2.15443469003188,-3.05769569438494
2.1505376344086,-3.14868481454958
2.14592274678112,-3.30663981582718
2.14132762312634,-3.26210355589607
2.13958887134342,-3.36200493032954
2.13675213675214,-1.45664349388987
2.13219616204691,-3.35305077385614
2.12765957446809,-2.31058255751169
2.12484535249888,-3.36664917506381
2.12314225053079,-2.12353986414656
2.11864406779661,-3.43857360442162
2.11416490486258,-3.4941362638937
2.1102034285686,-2.45253664978757
2.10970464135021,-3.46939000327778
2.10526315789474,-3.07962428549437
2.10084033613445,-3.42771809386907
2.09643605870021,-3.49225695040068
2.09566239948043,-3.40670218109816
2.09205020920502,-3.27508723408924
2.08768267223382,-2.38145177570281
2.08333333333333,-1.22315014572835
2.08122156998634,-3.24360170656162
2.07900207900208,-3.31139251553135
2.0746887966805,-3.14398294283397
2.0703933747412,-3.37287120583953
2.06688024962908,-3.64941278495949
2.06611570247934,-3.29579432040556
2.06185567010309,-3.17404339623944
2.05761316872428,-2.77584211904537
2.05338809034908,-3.32834777091331
2.05263775270925,-2.39829330477478
2.04918032786885,-3.56538478610447
2.04498977505112,-2.85172318450013
2.04081632653061,-3.65338587097979
2.03849339825246,-3.59906396302527
2.03665987780041,-3.6505977712235
2.03252032520325,-2.7583240412964
2.02839756592292,-3.36891545562546
2.0244465099768,-3.33031970828282
2.02429149797571,-2.84644780992555
2.02020202020202,-3.0212577275201
2.01612903225806,-3.50201039786141
2.01207243460765,-1.72888554200274
2.0104964162605,-2.67465114756682
2.00803212851406,-2.91571278289278
2.00400801603206,-3.65131200975814
2,-3.62775328191635
1.99664245010979,-3.65378350911363
1.99600798403194,-3.33878822952159
1.99203187250996,-3.61000010070374
1.98807157057654,-3.3266776857781
1.98412698412698,-3.55608790489729
1.98288394912707,-3.44582170260348
1.98019801980198,-3.24781746386069
1.97628458498024,-2.43184046908679
1.9723865877712,-3.15367406871196
1.96922025547917,-2.91532432260758
1.96850393700787,-3.08183990188997
1.96463654223969,-3.4648369316438
1.96078431372549,-3.44587133444743
1.95694716242661,-3.27822316899379
1.95565071586595,-2.57639486043244
1.953125,-3.43420174041877
1.94931773879142,-2.39295857066598
1.94552529182879,-3.44607576132891
1.94217468148903,-3.18682674751808
1.94174757281553,-2.90515444148412
1.93798449612403,-3.38369855336834
1.93423597678917,-3.44837968922338
1.93050193050193,-3.40650281817612
1.92879150802078,-2.88688464632242
1.92678227360308,-3.28546919302998
1.92307692307692,-2.44986451101483
1.91938579654511,-2.41653691987049
1.91570881226054,-3.24632389452359
1.91550055557353,-3.54875589070788
1.91204588910134,-2.89118005739972
1.90839694656489,-2.50270743750569
1.9047619047619,-3.58469707478455
1.90230118866894,-3.64360483692293
1.90114068441065,-3.59364664615723
1.89753320683112,-3.40299227480672
1.89393939393939,-3.52784538140041
1.89035916824197,-2.82028830835757
1.88919277620767,-3.17956074040382
1.88679245283019,-2.55109429755877
1.88323917137476,-3.33169828000107
1.8796992481203,-0.229532357254452
1.87617469143912,-3.01588947476678
1.87617260787992,-3.02121004443061
1.87265917602996,-3.55942439588027
1.86915887850467,-3.26288766785147
1.86567164179104,-3.43590231318047
1.86324631193156,-3.49558093267789
1.86219739292365,-3.25106519662917
1.85873605947955,-3.56404139190031
1.85528756957328,-3.34209080639404
1.85185185185185,-3.5622275809482
1.8504070195423,-3.27905981987162
1.84842883548983,-2.40013944897124
1.8450184501845,-2.41653096846594
1.84162062615101,-3.52242116862395
1.83823529411765,-2.70415516477798
1.83765620038817,-3.65364571992107
1.8348623853211,-3.38124414538187
1.83150183150183,-3.49579990623713
1.82815356489945,-2.286770445235
1.82499324481615,-2.96679273822333
1.82481751824817,-3.29514045401994
1.82149362477231,-1.9937233942302
1.81818181818182,-2.48397451321041
1.81488203266788,-3.61059539292016
1.81241754737424,-2.05343863630223
1.81159420289855,-2.48485658543414
1.80831826401447,-3.56274738862963
1.80505415162455,-3.56832570907876
1.8018018018018,-2.81752507177343
1.79992850678248,-2.10987956848747
1.79856115107914,-3.25856543499939
1.79533213644524,-3.57265361754473
1.7921146953405,-3.51697641650893
1.78890876565295,-3.14290847306979
1.78752552590424,-3.24957752371635
1.78571428571429,-3.59748379775864
1.7825311942959,-2.17732759173328
1.77935943060498,-3.18641733888578
1.77619893428064,-3.16987527566162
1.77520801171763,-2.83044876948334
1.77304964539007,-0.513030205195871
1.76991150442478,-3.48177318172135
1.76678445229682,-2.41951308555052
1.7636684303351,-2.01624976686456
1.76297537528721,-3.5776877995439
1.76056338028169,-2.78076113939688
1.75746924428822,-3.55513634426672
1.75438596491228,-3.59557420703727
1.75131348511384,-2.56718130449512
1.75082703173572,-2.24078370419054
1.74825174825175,-3.04188541170658
1.74520069808028,-3.0427234589324
1.74216027874564,-2.61733835588593
1.73913043478261,-3.64501744513033
1.73876240021625,-3.56381203271671
1.73611111111111,-2.61172633525571
1.73310225303293,-1.90201354046188
1.73010380622837,-3.51916656891067
1.72711571675302,-2.9179172446215
1.72678090388436,-2.68021042127996
1.72413793103448,-2.32628754971743
1.72117039586919,-3.50244122910906
1.71821305841924,-2.25952558668431
1.71526586620926,-1.17449791908931
1.71488196987054,-3.35233019669114
1.71232876712329,-2.7354925753563
1.70940170940171,-1.53193852397232
1.70648464163823,-3.63221112566942
1.70357751277683,-3.57958910063614
1.70306502925284,-3.57932274621099
1.70068027210884,-3.1984701583997
1.69779286926995,-3.04316933286112
1.69491525423729,-3.1623401279502
1.69204737732657,-3.58090419797078
1.69132951702965,-3.43650300077463
1.68918918918919,-2.98038951815588
1.68634064080944,-2.58231308910443
1.68350168350168,-3.0785922457381
1.68067226890756,-1.79804014153843
1.67967487209265,-3.47854838492749
1.67785234899329,-2.3658654118809
1.6750418760469,-3.23529015727568
1.67224080267559,-3.3001046729092
1.669449081803,-2.84523818159327
1.66810053720006,-3.44628163215101
1.66666666666667,-3.4187373682778
1.66389351081531,-3.54684954595923
1.66112956810631,-2.32682308978654
1.65837479270315,-3.6182076653291
1.65660595894991,-3.50317876081395
1.65562913907285,-2.10323599352962
1.65289256198347,-2.70003520788152
1.65016501650165,-3.60699842029104
1.64744645799012,-3.0000199519586
1.64519058775366,-3.0156591059971
1.64473684210526,-1.53787778374557
1.64203612479475,-3.04574483496189
1.63934426229508,-3.11831713822884
1.6366612111293,0.178754177691435
1.63398692810458,-2.77136494948554
1.63385387780986,-3.55594901227986
1.63132137030995,-2.82967997478105
1.62866449511401,-2.93050340098112
1.6260162601626,-3.15016041142952
1.62337662337662,-3.44007042158746
1.62259528707809,-3.44629011296429
1.62074554294976,-3.61220452853227
1.61812297734628,-3.64638782277519
1.61550888529887,-3.48042282821366
1.61290322580645,-2.06772278054306
1.61141427725302,-3.5273473312974
1.61030595813205,-2.22067077700602
1.60771704180064,-3.11264451346512
1.60513643659711,-1.30879770137336
1.6025641025641,-1.59462094950662
1.6003103137387,-2.45813526767905
1.6,-1.0854005878795
1.59744408945687,-1.64505430473333
1.59489633173844,0.499668182338913
1.59235668789809,-0.512666779241537
1.58982511923688,-3.03486894688775
1.58928286562298,-1.37463553043674
1.58730158730159,-2.93109692949092
1.58478605388273,-3.03385715497019
1.58227848101266,-0.967244314346924
1.57977883096367,-3.32033733544027
1.57833140565212,-3.60428145703367
1.57728706624606,-1.7789841912362
1.5748031496063,-3.24441045660349
1.57232704402516,-3.31783433695103
1.56985871271586,-2.46503645553805
1.5674554102056,-2.38616715143119
1.56739811912226,-1.83411623424085
1.56494522691706,-2.19616883004216
1.5625,-1.8221410094677
1.5600624024961,-3.47402986350165
1.55763239875389,-3.19704613483808
1.55665435927106,-3.39785040791476
1.5552099533437,-1.21284056904905
1.5527950310559,-1.58065837177026
1.55038759689922,-1.50030309311101
1.54798761609907,-0.0189459008113699
1.54592773641948,-2.96482821680776
1.54559505409583,-3.36695248699037
1.54320987654321,-2.82594765183951
1.54083204930663,-3.11378796309709
1.53846153846154,-3.50257730353722
1.53609831029186,-1.81495625861252
1.53527502878042,-1.13263651550032
1.53374233128834,-3.36431241992447
1.53139356814701,-3.64381062841413
1.52905198776758,-3.54285002166169
1.52671755725191,-2.45663022223361
1.52469572701757,-3.58637570764896
1.52439024390244,-2.94203568640325
1.5220700152207,-3.48948100799746
1.51975683890577,-2.7899276608927
1.51745068285281,-2.03502053600955
1.51515151515152,-2.10771618025894
1.51418932530435,-3.5465736816139
1.51285930408472,-3.28362819257766
1.51057401812689,-2.87426558697551
1.50829562594268,-1.33913349150294
1.50602409638554,-3.46930599624711
1.50375939849624,-3.40618053532891
1.50375532129974,-3.43656928734348
1.5015015015015,-3.41627164413263
1.49925037481259,-3.07074384150264
1.49700598802395,-3.22581400195461
1.49476831091181,-2.70402383031007
1.49339321612425,-1.75710009099638
1.49253731343284,-3.58454140235012
1.4903129657228,-3.06160741934873
1.48809523809524,-1.22189230232017
1.48588410104012,-3.60052554622926
1.48367952522255,-3.44253225483005
1.4831025143361,-3.35833002238466
1.48148148148148,-3.12271048818136
1.4792899408284,-3.17549163736045
1.47710487444609,-3.39330487724917
1.47492625368732,-3.26131544996202
1.4728827239075,-3.06974648919985
1.47275405007364,-3.64920529021169
1.47058823529412,-3.63142621086119
1.46842878120411,0.739768626409746
1.46627565982405,-2.5895438753257
1.46412884333821,-1.8295387530148
1.46273335620113,-2.39617453302763
1.46198830409357,-1.53782436987684
1.45985401459854,-2.99468514976949
1.45772594752187,-3.5015565974369
1.45560407569141,-1.87534361914156
1.45348837209302,-0.800458455442576
1.45265392594678,-3.33776064668391
1.45137880986938,0.0617295543271057
1.44927536231884,-3.30845464158416
1.44717800289436,-1.81319698516053
1.44508670520231,-1.33372417169381
1.44300144300144,-2.74577577433838
1.44264395121816,-3.22025803818088
1.44092219020173,-3.38337837670702
1.43884892086331,-1.10898108165743
1.4367816091954,-3.38239113891533
1.43472022955524,-2.18871981293891
1.43270295340983,-3.31777372997849
1.43266475644699,-3.24108046632748
1.43061516452074,-1.41216401143266
1.42857142857143,2.57787054277516
1.4265335235378,-0.191088061958946
1.42450142450142,-2.13038606271838
1.42283045721435,-1.25578570725299
1.42247510668563,-2.08141800817868
1.42045454545455,-0.537653129688162
1.41843971631206,-3.02813892024032
1.41643059490085,0.347056914822237
1.41442715700141,0.150232013786469
1.41302599059953,-0.472066992921451
1.41242937853107,-2.48709909318397
1.41043723554302,-2.92616854571632
1.40845070422535,-3.52610075968614
1.40646976090014,-3.16872091514629
1.40449438202247,-2.60801101511059
1.40328908478587,-1.4419250225015
1.40252454417952,-3.63340519640421
1.40056022408964,-3.36799415808643
1.3986013986014,-3.27161105854607
1.39664804469274,-1.7599030914662
1.39470013947001,-2.33509226790975
1.39361927422414,-0.127235194769223
1.39275766016713,-2.82148716863061
1.39082058414465,-1.86972557217545
1.38888888888889,-2.22864244882104
1.3869625520111,-2.93981740743011
1.38504155124654,-2.1813901126796
1.38401609657313,-1.50316307603863
1.38312586445367,-1.88033261463367
1.38121546961326,-2.48616200200693
1.37931034482759,-2.78211722250164
1.37741046831956,-3.59700375783803
1.37551581843191,-3.49277877180749
1.37447909267754,-2.16848433173019
1.37362637362637,-3.59435080802977
1.37174211248285,-3.28028955932428
1.36986301369863,-2.57827110428876
1.36798905608755,-3.64705501956832
1.36612021857923,-3.16263315523663
1.36500780654601,-2.76139632902034
1.36425648021828,-2.31489342981869
1.36239782016349,-2.75759521115868
1.36054421768707,-3.00071449104233
1.35869565217391,-3.49867979878835
1.35685210312076,-3.48015293175679
1.35560178532937,-2.7087325057741
1.3550135501355,-2.62540136985087
1.3531799729364,-3.25358686938706
1.35135135135135,-3.36695494335656
1.34952766531714,-3.3961420907574
1.34770889487871,-1.40586106521171
1.34626057929891,-2.39100595242145
1.34589502018843,-3.1860370369652
1.34408602150538,-1.18989243416812
1.34228187919463,-3.33433540129313
1.34048257372654,-3.38674657230213
1.33868808567604,-3.17595649516413
1.33698374182495,-2.74530368834491
1.33689839572193,-3.38260144468039
1.33511348464619,-3.2872951193657
1.33333333333333,-2.26148264140609
1.33155792276964,-2.61092358945761
1.32978723404255,-3.41256572270872
1.32802124833997,-3.25238610208727
1.32777082935543,-3.34704879595533
1.3262599469496,-3.59402853102348
1.32450331125828,-2.16935498118421
1.32275132275132,-2.51954209975095
1.32100396301189,-3.41559438266078
1.31926121372032,-2.7711735312843
1.31862140139475,-3.56070151087784
1.31752305665349,-2.65686724788629
1.31578947368421,-2.349616972089
1.31406044678055,-0.542135914043778
1.31233595800525,0.349151948504802
1.31061598951507,-1.52139920832293
1.30953502048267,-3.094554436053
1.30890052356021,-2.80878346744843
1.30718954248366,-1.31336896261534
1.30548302872063,-1.47706971267403
1.30378096479791,-3.44097236057221
1.30208333333333,-1.95771753184179
1.30051125217341,-2.52941283460889
1.30039011703511,-2.9798526900298
1.2987012987013,-3.37093491846961
1.2970168612192,-3.49565849425589
1.29533678756477,-2.75718281509564
1.29366106080207,-2.49116585878981
1.29198966408269,-3.38597090208664
1.29154966501488,-2.00990211977843
1.29032258064516,-3.12120609299704
1.28865979381443,-3.27911723126295
1.28700128700129,-2.3899181816517
1.2853470437018,1.56562429143093
1.28369704749679,-2.22291538412584
1.28264983052806,-3.51013038649007
1.28205128205128,-2.43056231962573
1.28040973111396,1.33982433166988
1.27877237851662,-2.21925385816105
1.27713920817369,-1.83077238787193
1.27551020408163,-2.19632338942661
1.27388535031847,-1.21389158210904
1.27381132318648,-1.78037384891801
1.27226463104326,-2.92196769418133
1.27064803049555,-3.65536202691119
1.26903553299492,-3.50145947049041
1.26742712294043,-2.97554633042644
1.26582278481013,-2.33088101111953
1.2650337203959,-3.48602843390064
1.26422250316056,-1.42215803327154
1.26262626262626,-3.4671706734271
1.26103404791929,-3.37056117455345
1.25944584382872,-1.81871549107903
1.25786163522013,-1.3840663780315
1.25631660247412,-2.82088193468813
1.25628140703518,-2.42137130188835
1.25470514429109,-1.23303549278857
1.2531328320802,-3.14740629381269
1.25156445556946,-2.90653327768164
1.25,-3.3060426293777
1.24843945068664,-2.95280258307683
1.24765955263087,-3.20115219570998
1.24688279301746,-3.54234657584869
1.2453300124533,-2.6964463534788
1.24378109452736,-2.8349332462095
1.24223602484472,-3.23151248607014
1.24069478908189,-2.95053370470866
1.23915737298637,-3.12243963155312
1.23906215694792,-3.21564493774518
1.23762376237624,-2.25943878517553
1.23609394313968,-2.91021683854272
1.23456790123457,-3.28645584356054
1.23304562268804,-1.56534684576639
1.23152709359606,-3.53031657326324
1.23052400435926,-2.67326155542996
1.230012300123,-2.22268306015759
1.22850122850123,-3.62841324819832
1.22699386503067,-3.35751241786933
1.22549019607843,-2.33391161272602
1.22399020807834,-3.17071515961932
1.22249388753056,-2.71666907820558
1.22204468663149,-3.45434130589841
1.22100122100122,-2.01903475989657
1.21951219512195,-2.14541435370078
1.21802679658952,-2.4221436074023
1.21654501216545,-1.43546398858531
1.21506682867558,0.2254652516577
1.21362379834424,-2.43834344675023
1.21359223300971,-3.23813697229051
1.21212121212121,-2.72019513603599
1.21065375302663,-0.661412603334706
1.20918984280532,-3.03137249167083
1.20772946859903,-3.34772664439007
1.20627261761158,-2.91518896897356
1.20526093687084,-3.63496201101882
1.20481927710843,-3.53156479218462
1.20336943441637,-3.18805556996896
1.20192307692308,-3.06708448049438
1.20048019207683,-3.32556291369518
1.19904076738609,-1.07619916566436
1.19760479041916,-3.62098854621355
1.19695570235904,-3.02728416818423
1.19617224880383,-3.43534297511924
1.194743130227,-2.68986977887887
1.19331742243437,-2.84772360185355
1.19189511323004,-0.906231670162451
1.19047619047619,-3.04306224204513
1.18906064209275,-2.71974424760976
1.1887076977119,-3.40014531618415
1.18764845605701,-0.571784417285708
1.18623962040332,-2.96042712883526
1.18483412322275,-2.56675988257659
1.18343195266272,-1.65050373205595
1.18203309692671,-0.860023778494546
1.18063754427391,-1.62699124589973
1.18051652856881,-3.43025388295699
1.17924528301887,-1.8244447025696
1.17785630153121,-2.80960453019979
1.17647058823529,-3.00573611649609
1.17508813160987,-2.85317038463027
1.17370892018779,-1.23144279073856
1.1723818032866,-2.4441030885322
1.17233294255569,-1.26023871067589
1.17096018735363,-2.69391507807235
1.16959064327485,-3.50914433430021
1.16822429906542,-2.13725657871877
1.16686114352392,1.48163035964403
1.16550116550117,-2.06056596928341
1.16430313292088,-3.29324744101681
1.16414435389988,-2.72930768740393
1.16279069767442,-0.680379174739964
1.16144018583043,-1.92361538599844
1.16009280742459,-3.33508734025024
1.15874855156431,-3.03636090179107
1.15740740740741,-0.84973978464826
1.15628013120738,-3.57928604224706
1.15606936416185,-2.59457994411114
1.15473441108545,-3.20280852933551
1.15340253748558,-2.68356631450798
1.15207373271889,-3.29103378510195
1.15074798619102,-1.91010817895657
1.14942528735632,-3.38162529635646
1.14831241454351,-3.17102351468106
1.14810562571757,-3.56407541449628
1.14678899082569,-2.29127433006068
1.1454753722795,-3.11942713710915
1.1441647597254,-2.97456986036992
1.14285714285714,-3.58458342186206
1.14155251141553,-2.00330667145384
1.14039960197003,-1.59469712730738
1.14025085518814,-3.17175529497397
1.13895216400911,-3.33525526529847
1.13765642775882,-2.17985908336434
1.13636363636364,-1.28418587111649
1.13507377979569,-3.17069499275892
1.13378684807256,-0.789718647057962
1.13254131515281,4.15516586944354
1.13250283125708,2.75392159005815
1.13122171945701,-3.07576445476745
1.12994350282486,-3.37540535345489
1.12866817155756,-2.59860813038089
1.12739571589628,-0.863547944671704
1.12612612612613,-2.67754227058439
1.12485939257593,-3.07631692525212
1.12473717836475,-2.6894834720148
1.12359550561798,-2.44080792422705
1.12233445566779,-3.3116051152247
1.12107623318386,-1.7874560751908
1.11982082866741,-3.60368971639452
1.11856823266219,-3.35758553840607
1.11731843575419,-0.88508616086376
1.11698681846782,-3.41870097550723
1.11607142857143,-3.52787403454378
1.11482720178372,-3.39743165720456
1.11358574610245,-2.63284695470279
1.11234705228031,-0.323987568297393
1.11111111111111,-1.78515663813742
1.10987791342952,-2.63916013751607
1.10928986489522,-2.89473103142573
1.10864745011086,-1.90643657819303
1.10741971207087,-3.63902509163587
1.10619469026549,-2.78221479900493
1.10497237569061,-2.93189725520873
1.1037527593819,-3.64863601325198
1.10253583241455,-3.08000233169933
1.10164594963366,-3.24401065129278
1.10132158590308,-3.0190633939073
1.1001100110011,0.150435910250413
1.0989010989011,-3.20285784911961
1.09769484083425,-3.07856956460419
1.09649122807018,-3.60179970981609
1.09529025191676,-2.25671726644263
1.09409190371991,-3.34803531478381
1.09405470720574,-3.30166682848342
1.09289617486339,-2.94106599131087
1.09170305676856,-3.40215268277843
1.09051254089422,-2.47337645488575
1.08932461873638,-1.03939743078142
1.08813928182807,-3.05946330195926
1.08695652173913,-1.43413682382912
1.08651577465254,-1.29306793676055
1.085776330076,-0.517210243567273
1.08459869848156,-3.36837233411075
1.08342361863489,-2.4016048511035
1.08225108225108,-1.82013487594768
1.08108108108108,-0.669630318365686
1.07991360691145,-1.08955778908323
1.07902879151618,-0.924514363074205
1.07874865156419,-2.446218143324
1.07758620689655,-1.80917083895759
1.07642626480086,-2.27380156927147
1.0752688172043,-2.65444711442681
1.07411385606874,-2.79976440199918
1.07296137339056,-2.07238447509497
1.07181136120043,-1.36334850551445
1.07159339982267,-1.55070445543997
1.07066381156317,-2.7476069508465
1.06951871657754,-0.194701738546835
1.06837606837607,-0.625580381425077
1.06723585912487,-1.55494935703482
1.06609808102345,-0.229062790402291
1.06496272630458,-3.40473901985349
1.06420924406472,-2.62234295019574
1.06382978723404,-2.43517109117236
1.06269925611052,-0.961235273117988
1.06157112526539,-3.19684506429017
1.06044538706257,-1.36616514670423
1.0593220338983,-1.01882510517963
1.05820105820106,-2.53198832206582
1.05708245243129,-2.8819825086414
1.0568759711848,-3.52032307550014
1.05596620908131,-3.43018936916239
1.05485232067511,-2.89404848061282
1.05374077976818,-3.14906506249546
1.05263157894737,-2.53269517804871
1.0515247108307,-3.12316864443913
1.05042016806723,-2.4892377248109
1.04959323055823,-3.29717161405245
1.04931794333683,-1.74721133444502
1.0482180293501,-2.39648556862077
1.04712041884817,-2.90112143078918
1.04602510460251,-3.12666219603637
1.04493207941484,-3.03009059330931
1.04384133611691,-3.55029026763502
1.04275286757039,-2.71111892673748
1.0423606739764,-1.31704456044302
1.04166666666667,1.93093525625337
1.04058272632674,-0.934622381424115
1.03950103950104,0.429062353998536
1.03842159916926,1.7183779259329
1.03734439834025,-2.56577569017865
1.03626943005181,-3.57727646752026
1.0351966873706,-2.14329855982855
1.03517795563018,-1.70210225323303
1.03412616339193,-3.48383795920715
1.03305785123967,-2.50022067531033
1.03199174406605,-3.01128927341748
1.03092783505155,-3.31071323193025
1.02986611740474,-3.44803758297585
1.02880658436214,-2.99416314289659
1.02804473209331,-0.181388470204761
1.02774922918808,-3.42464322475585
1.02669404517454,-3.60039759811975
1.02564102564103,-3.42052957538469
1.02459016393443,-3.20030606225908
1.02354145342886,-2.86668988942643
1.02249488752556,-3.65828520171975
1.02145045965271,-1.68060052200986
1.02096066230605,-3.31238707687954
1.02040816326531,-3.08700297201379
1.01936799184506,-3.32856742553234
1.0183299389002,-2.33171749887152
1.01729399796541,-3.42018549541389
1.01626016260163,-2.87275712244657
1.01522842639594,-2.82303989795714
1.01419878296146,-3.22561028578023
1.01392540755882,-3.26392587449503
1.01317122593718,-0.588742423829426
1.01214574898785,-3.00604744255029
1.01112234580384,-1.61722055388104
1.01010101010101,-1.22833193800981
1.00908173562059,-2.03629992349992
1.00806451612903,0.253340788236973
1.00704934541793,-1.58861771394934
1.00693863147603,-3.34406592559612
1.00603621730382,-3.09657888781426
1.00502512562814,-2.80963595599895
1.00401606425703,1.81849154681389
1.00300902708124,-0.542168851637721
1.00200400801603,0.0489064395372525
1.001001001001,4.85548512169298
1,-2.02511384481628
