"bfp_output.P","bfp_output.logBF"
1000,0.273314525194469
993.109181374979,0.581057978830263
986.265846131283,0.765392308684416
979.46966706954,0.83256407123658
972.720319245055,0.80654836842523
966.017479952265,0.719524871664636
959.360828709315,0.601130366959059
952.75004724273,0.47072335104851
946.184819472201,0.334215575976789
939.66483149547,0.185001763702435
933.189771573324,0.0079899873174627
926.759330114689,-0.214188252607737
920.373199661823,-0.494072131330095
914.031074875623,-0.833511087773256
907.732652521023,-1.22146323670135
901.477631452492,-1.63648770815025
895.26571259964,-2.05249806463687
889.096598952916,-2.44478641143452
882.969995549409,-2.7938798431055
876.885609458743,-3.08661632741568
870.843149769073,-3.31535579310629
864.842327573172,-3.4767684895856
858.882855954625,-3.57134865354585
852.964449974103,-3.6039619806166
847.086826655741,-3.5845277444793
841.249704973612,-3.52711942878399
835.452805838287,-3.44668574021567
829.695852083491,-3.3550013612682
823.978568452852,-3.25854428668962
818.300681586739,-3.15935542041465
812.661920009195,-3.05792780894482
807.06201411495,-2.95692241940271
801.500696156541,-2.86514900853966
795.977700231499,-2.80067237707312
790.492762269642,-2.78894862808896
785.045620020451,-2.85006694733978
779.636013040523,-2.97922888960427
774.263682681127,-3.14254612750089
768.928372075831,-3.29860837317305
763.629826128224,-3.42146594272635
758.367791499719,-3.50446960688653
753.142016597437,-3.55212073819198
747.952251562182,-3.572254772546
742.798248256492,-3.57217878417539
737.679760252773,-3.55755547109568
732.596542821523,-3.53249953247232
727.548352919623,-3.50010025097468
722.534949178721,-3.46296650785329
717.556091893692,-3.42337465282086
712.611543011175,-3.3831429994923
707.701066118189,-3.34399643452617
702.824426430835,-3.30834375438574
697.981390783066,-3.2799421464913
693.17172761554,-3.26431311264464
688.39520696455,-3.26854316863951
683.651600451024,-3.29940766163464
678.940681269611,-3.35878858110784
674.262224177835,-3.43816761966685
669.616005485322,-3.51870877381686
665.001803043112,-3.58085144827667
660.419396233031,-3.61517853407993
655.868565957143,-3.62419640081539
651.349094627281,-3.61679432594063
646.860766154633,-3.60262849832851
642.40336593942,-3.58921488457274
637.976680860628,-3.58090673582596
633.580499265825,-3.57886244811543
629.214610961035,-3.58182463531999
624.878807200689,-3.58737782602044
620.57288067765,-3.59289682436112
616.296625513294,-3.59578026509065
612.04983724767,-3.5934392970431
607.832312829723,-3.58375456350542
603.643850607587,-3.5659709238384
599.484250318941,-3.5410983342647
595.353313081437,-3.51103242101753
591.250841383188,-3.47674826736765
587.176639073326,-3.43669270182677
583.130511352622,-3.3868161835819
579.112264764176,-3.32400478250896
575.121707184161,-3.25266541101719
571.158647812643,-3.18812788653802
567.222897164454,-3.15062896220088
563.314267060136,-3.15556956736917
559.432570616938,-3.20804643273466
555.577622239888,-3.29938783721259
551.749237612913,-3.40300886743988
547.947233690029,-3.47690561752797
544.171428686589,-3.48135037642121
540.421642070592,-3.40206151777142
536.697694554048,-3.25777354372336
532.999408084409,-3.09027542108479
529.326605836056,-2.94937736167541
525.679112201842,-2.87355722253356
522.056752784698,-2.86524617084764
518.459354389291,-2.88382281448817
514.886745013749,-2.8740628000351
511.338753841433,-2.80151878441343
507.815211232767,-2.66705797327371
504.315948717136,-2.50779746341292
500.840798984821,-2.3874685759453
500,-2.37128259341967
497.389595879006,-2.36203611918101
493.962174387832,-2.43840426694693
490.558370636505,-2.57723523205855
487.178021879463,-2.73340856816209
483.820966492595,-2.88272972840529
480.487043965513,-3.02163866300601
477.176094893875,-3.15493642086288
473.887960971765,-3.2840980657716
470.622484984128,-3.40443009703294
467.379510799247,-3.50898283084059
464.158883361278,-3.58958377632113
460.960448682844,-3.63464972178896
457.784053837662,-3.63146347069646
454.62954695324,-3.57497311554776
451.49677720361,-3.47274935892069
448.385594802119,-3.33823991091357
445.295850994266,-3.18197517179105
442.22739805059,-3.01120146033345
439.180089259609,-2.83479873022192
436.153778920801,-2.66482539289076
433.14832233764,-2.51444436603806
430.16357581068,-2.40202575100038
427.199396630678,-2.35855157244249
424.255643071778,-2.41957669996558
421.332174384729,-2.60132885963487
418.428850790158,-2.88659117874753
415.545533471888,-3.22764006739298
412.682084570296,-3.53667705896016
409.838367175726,-3.6625829737152
407.014245321944,-3.46713233694912
404.209583979631,-3.02555348655955
401.424249049932,-2.56528631257403
398.658107358044,-2.20465822604673
395.911026646846,-1.93316677973392
393.182875570577,-1.70160914513577
390.473523688556,-1.45646873669515
387.782841458946,-1.13717044904153
385.110700232557,-0.669654182002613
382.4569722467,0.0269654606718648
379.821530619074,0.932918128910889
377.2042493417,1.58398928872474
374.605003274899,1.24487304513905
372.023668141307,0.211205009091107
369.46012051993,-0.819149547243579
366.914237840249,-1.6952702137565
364.385898376355,-2.26386178900055
361.874981241128,-1.90414231036935
359.381366380463,-0.571212887052506
356.904934567523,0.844563031091515
354.445567397043,1.62833284208007
352.003147279668,1.16223853516151
349.577557436327,-0.418769007997308
347.168681892656,-1.62765092256817
344.776405473446,-1.75118087723571
342.400613797142,-1.44090105552469
340.041193270371,-1.43625524066975
337.698031082509,-1.81337780806801
335.371015200293,-1.9902943922717
333.333333333333,-1.58161464417243
333.060034362459,-1.48479897999864
330.764978074424,-0.453894498565215
328.485736603004,0.305343548867957
326.222200971167,-0.155783504177502
323.97426295282,-1.54612223062106
321.741815067637,-2.57645668916852
319.524750575921,-2.65003935173705
317.322963473498,-1.69890109905848
315.136348486648,0.146595885596459
312.964801067075,2.0819562428644
310.808217386907,2.84986446542017
308.666494333727,2.01023148141694
306.539529505653,0.150498600395641
304.42722120643,-1.71585165006682
302.329468440578,-2.72151826921516
300.246170908555,-2.43063926623035
298.177229001967,-0.936968043797019
296.122543798804,0.928267313259757
294.082017058706,2.18270656450402
292.055551218275,2.55370731701443
290.043049386399,1.96599611351993
288.04441533963,0.387923897498855
286.059553517574,-1.42189140295899
284.08836901833,-2.06237075634099
282.130767593947,-0.776467601384449
280.18665564592,1.3799894392035
278.255940220713,2.70580076644321
276.338529005317,2.42746402840364
274.434330322837,0.754323722263242
272.543253128103,-1.41058874341582
270.665207003324,-2.76765902243299
268.800102153761,-2.42862728830316
266.947849403432,-0.682590859638263
265.108360190854,1.37580439384364
263.281546564802,2.51070380275305
261.467321180109,1.76902297935452
259.665597293487,-0.748159010427638
257.87628875938,-2.97386417697866
256.099310025846,-3.52108596218157
254.334576130465,-3.00231339382845
252.582002696278,-1.83079522975624
250.841505927754,-0.389914297962927
250,0.13934274774265
249.113002606779,0.404820493320206
247.396410088681,-0.466442015512864
245.691646298279,-2.24172448117407
243.998629725955,-2.87372330496656
242.31727942376,-2.96098353902458
240.647515001542,-3.2353347668823
238.989256623105,-3.52075832751928
237.342425002387,-3.58788478269814
235.706941399673,-3.24502207292603
234.082727617829,-2.84424005623431
232.469705998565,-2.97805550560592
230.867799418717,-3.37224425188695
229.276931286565,-3.6477038736797
227.697025538168,-3.1099383248805
226.128006633728,-1.21437259624029
224.569799553977,0.930273494119992
223.022329796594,1.53987264406432
221.485523372636,0.830911125860571
219.959306803008,-0.982074542432211
218.443607114943,-3.13620585737165
216.938351838519,-3.43149203783723
215.443469003188,-1.82014188069727
213.958887134342,-0.270716455757973
212.484535249888,0.364186961179162
211.02034285686,-0.357671960680658
209.566239948043,-1.85163945684296
208.122156998634,-2.88853163206614
206.688024962908,-3.22953867850479
205.263775270925,-3.17691749737274
203.849339825246,-3.21847190307583
202.44465099768,-3.50498716931478
201.04964162605,-3.64249000702362
200,-3.61128817658213
199.664245010979,-3.58887265965275
198.288394912707,-3.44171235820091
196.922025547917,-3.37434048766574
195.565071586595,-3.4660875641489
194.217468148903,-3.40250452414902
192.879150802078,-3.39622317956211
191.550055557353,-3.57705517547889
190.230118866895,-3.66130597748737
188.919277620767,-3.45329389039552
187.617469143912,-2.58533514980665
186.324631193156,-1.90923361439534
185.04070195423,-2.53280601901182
183.765620038817,-3.13151290068329
182.499324481615,-3.4778580483513
181.241754737424,-3.53570931224966
179.992850678248,-3.12026537113
178.752552590424,-2.61589655578602
177.520801171764,-2.73803899531954
176.297537528721,-3.41991481006873
175.082703173572,-3.64456365643174
173.876240021625,-2.99627120391689
172.678090388436,-1.96075927663092
171.488196987054,-2.17208550102971
170.306502925284,-3.14778967768252
169.132951702965,-3.60281145648646
167.967487209265,-2.6377668600836
166.810053720006,-0.773050860133888
166.666666666667,-0.637887571706481
165.660595894991,-0.67572018390474
164.519058775366,-1.64881433938556
163.385387780986,-1.53717366535342
162.259528707809,-0.869708261447793
161.141427725302,-2.29610449212752
160.03103137387,-3.37773609786386
158.928286562298,-2.59401412374917
157.833140565212,-0.768984636644357
156.745541020559,-0.268065396898332
155.665435927106,-2.43819586915135
154.592773641948,-3.40645797427491
153.527502878042,-2.32898727276953
152.469572701757,-1.64652753854055
151.418932530435,-2.74429107851297
150.375532129974,-3.42709835467438
149.339321612425,-2.28697861905006
148.310251433611,-2.23542848969781
147.28827239075,-3.23201219883763
146.273335620113,-3.51788846525421
145.265392594678,-2.86192596669307
144.264395121816,-3.01532816099749
143.270295340983,-2.71683130829409
142.857142857143,-2.09150746186712
142.283045721435,-0.75125504431757
141.302599059953,0.0743376382672709
140.328908478587,-2.50498240314711
139.361927422414,-1.47752118162232
138.401609657313,3.50955274211383
137.53370369527,6.41429802258036
136.500780654601,-0.0301354535546734
135.560178532937,-3.31545684759466
134.626057929891,1.12566481735063
133.698374182495,5.91987354780504
132.777082935543,0.941132928528948
131.862140139475,-2.07669687874106
130.953502048267,-2.23535174523492
130.051125217341,-3.35886864486208
129.154966501488,-3.4970647885345
128.264983052806,-2.12369348736886
127.381132318648,-1.69543218496271
126.50337203959,-2.00315975096798
125.631660247412,-2.67269925776632
125,-2.92137824090006
124.765955263087,-3.1301327886636
123.906215694792,-3.55305067766535
123.052400435926,-3.25650077079963
122.204468663149,-3.3300241263537
121.362379834424,-3.28495326334028
120.526093687084,-2.6795100223711
119.695570235904,-2.81152271696292
118.87076977119,-3.65519967650765
118.051652856881,-3.43954358750237
117.23818032866,-3.48041898577714
116.430313292088,-3.50490085269238
115.628013120738,-2.82607882114219
114.831241454351,-2.61418470446479
114.039960197003,-2.63202001570876
113.254131515281,-2.6947448334901
112.473717836475,-3.47732029843429
111.698681846782,-3.22997401071553
111.111111111111,-2.67543059989874
110.928986489522,-2.70529672758068
110.164594963366,-3.34181143340619
109.405470720574,-3.50173976350102
108.651577465254,-3.10335496965599
107.902879151618,-1.13283547491376
107.159339982267,-0.75620091657738
106.420924406472,-2.77632413017856
105.68759711848,-2.54277817987237
104.959323055823,0.469505409181825
104.23606739764,0.33125639007189
103.517795563018,-2.47425903383576
102.804473209331,-3.42243912250553
102.096066230605,-0.536836460767527
101.392540755882,0.944233128670466
100.693863147603,-2.17932294555042
100,-1.57144492527801
100,-1.57144492527793
99.310918137498,-1.72720995001209
98.6265846131283,-3.05071858849991
97.946966706954,-1.9665441410447
97.2720319245054,-2.48937902348397
96.6017479952265,-3.13436801626541
95.9360828709315,-3.41451801114054
95.2750047242729,-3.61258949390132
94.61848194722,-3.55424981780764
93.966483149547,-3.12820995722817
93.3189771573324,-2.59809527690926
92.6759330114688,-3.64848794658995
92.0373199661823,-2.14703873849119
91.4031074875623,-1.80844687776966
90.9090909090909,-3.47738397673261
90.7732652521023,-3.44150008588873
90.1477631452492,-2.83663519383033
89.526571259964,-3.47096445793825
88.9096598952916,-1.20928210391711
88.2969995549409,-0.781244409091538
87.6885609458743,-2.68121633801827
87.0843149769073,-0.614015425534016
86.4842327573172,-1.24842565126125
85.8882855954625,-3.42907190264425
85.2964449974102,-1.83117618665481
84.7086826655741,-3.41916228452633
84.1249704973612,-2.27369348039472
83.5452805838287,-3.13604289968394
83.3333333333333,-3.45295789753193
82.9695852083491,-2.1226870061367
82.3978568452852,-0.299157301615945
81.8300681586739,-2.46015712762643
81.2661920009194,-1.69867341633194
80.706201411495,-2.6457269747264
80.150069615654,-3.66188204381565
79.5977700231498,-3.61785644084712
79.0492762269642,-3.42119634154526
78.5045620020451,-3.63072168813469
77.9636013040523,-3.09077402599574
77.4263682681127,-3.04662765165112
76.9230769230769,-1.90544331743153
76.8928372075831,-1.83364843965098
76.3629826128224,-3.42335874372624
75.8367791499719,-3.47506265484905
75.3142016597437,-3.23002567112526
74.7952251562182,-3.05591234280986
74.2798248256491,-2.74634792922235
73.7679760252773,-3.57073286459076
73.2596542821523,-1.63179480048172
72.7548352919623,-3.07225314517818
72.2534949178722,-3.46031365081286
71.7556091893693,-3.38266309597334
71.4285714285714,-0.507275308596898
71.2611543011175,0.378797805753398
70.7701066118189,-0.361487012924367
70.2824426430835,-1.53728832573268
69.7981390783066,-1.99237874286093
69.3171727615541,-3.43305793439172
68.839520696455,-3.26222252933247
68.3651600451024,-3.26948262115583
67.8940681269611,-2.61074980470077
67.4262224177834,-2.73250988875828
66.9616005485322,-2.05776810086617
66.6666666666667,-0.158767056893747
66.5001803043112,-0.419366265272497
66.0419396233031,-0.914516357087147
65.5868565957143,-3.61476713115349
65.134909462728,0.446912445295813
64.6860766154633,-2.95595243976011
64.2403365939419,-2.15548647231595
63.7976680860628,-2.64182674152191
63.3580499265825,0.35653034586834
62.9214610961034,-3.57907628672462
62.5,-2.14119632459998
62.4878807200689,-2.15541158242747
62.057288067765,-3.19076737700653
61.6296625513294,-3.5156526461056
61.204983724767,-2.30963074316348
60.7832312829723,-3.47373559963922
60.3643850607587,-3.39184141658408
59.9484250318941,-3.44487137211525
59.5353313081437,-3.32490043999355
59.1250841383188,-1.75168538082105
58.8235294117647,-3.50881501532829
58.7176639073326,-3.36059477637688
58.3130511352622,-3.50350506305666
57.9112264764176,-3.3289266919332
57.5121707184161,-3.60842024243025
57.1158647812643,-2.17205344250108
56.7222897164454,-3.0323271931776
56.3314267060136,-1.20708540114044
55.9432570616938,-1.45725775876114
55.5577622239888,-2.34451985362453
55.5555555555556,-2.34721088911693
55.1749237612912,-1.13779598669908
54.7947233690029,-2.25703204491169
54.4171428686589,-1.58525644230856
54.0421642070592,-2.30653046334371
53.6697694554048,-3.66003528132164
53.2999408084409,-3.18537486993092
52.9326605836056,-1.9729221696591
52.6315789473684,-2.16683190194275
52.5679112201842,-2.29370371022666
52.2056752784698,-1.88785091823557
51.8459354389291,-3.54623768269435
51.488674501375,-3.49874670199487
51.1338753841433,-2.65564042023005
50.7815211232767,-1.88837890763672
50.4315948717136,1.28949682974896
50.0840798984821,-2.87341111140754
50,-1.50500835292048
49.7389595879007,-3.18973496496711
49.3962174387832,-1.25575338575522
49.0558370636505,-1.7697737555399
48.7178021879463,-1.63128535556619
48.3820966492596,-3.53229427348033
48.0487043965513,0.616119467687203
47.7176094893875,-3.59646966671529
47.6190476190476,-2.68820531965955
47.3887960971765,-1.49499766013453
47.0622484984128,-3.59617494225499
46.7379510799246,-3.54713281488092
46.4158883361278,-1.96931482878859
46.0960448682843,-1.78342281015038
45.7784053837662,-2.7769509642881
45.462954695324,-3.22507493035762
45.4545454545455,-3.29573829042904
45.149677720361,-0.637847924871276
44.8385594802119,-3.28225634994423
44.5295850994266,-2.96233024726463
44.222739805059,5.36787906090693
43.9180089259609,-1.24235955643011
43.6153778920801,-2.30261377053393
43.4782608695652,-1.75676587048646
43.314832233764,-3.48825891096696
43.016357581068,-3.51202871851852
42.7199396630678,-3.43420366376351
42.4255643071778,-2.26095795923687
42.1332174384729,-3.02824052837267
41.8428850790158,0.855218919203414
41.6666666666667,-2.39600295672282
41.5545533471888,-0.883087376913305
41.2682084570295,-2.08746830626454
40.9838367175726,-2.933379336273
40.7014245321944,-1.00089930510431
40.4209583979631,-3.50632895707379
40.1424249049932,-2.89064256456298
40,-3.39801726562636
39.8658107358044,-3.24672183372912
39.5911026646846,-3.63017313420225
39.3182875570577,-2.75953508271767
39.0473523688556,-2.91458629701294
38.7782841458946,-3.46689295375459
38.5110700232557,-2.00843281340961
38.4615384615385,-0.931847867242207
38.24569722467,-3.32048344703177
37.9821530619073,-0.421888434904456
37.72042493417,-3.347758078458
37.4605003274899,2.5751182846647
37.2023668141307,-2.49181054436668
37.037037037037,-2.3811915806777
36.946012051993,-3.32631048215874
36.6914237840249,-3.13849449896206
36.4385898376355,-2.87703454987492
36.1874981241128,-3.4127587551827
35.9381366380463,-3.01752709186389
35.7142857142857,-3.13203951621788
35.6904934567523,-2.95720473502034
35.4445567397043,-2.72977588050567
35.2003147279668,-3.36197764887039
34.9577557436328,-3.4742307412575
34.7168681892656,-3.27205423406549
34.4827586206897,-3.23037257028674
34.4776405473446,-3.213130065728
34.2400613797142,-0.561250424023238
34.0041193270371,-0.827421908149442
33.7698031082509,-0.86794485547362
33.5371015200293,-1.62676968748981
33.3333333333333,-1.12697513428459
33.3060034362459,-0.111482822656494
33.0764978074424,-0.0738522167842559
32.8485736603004,-1.8130464173487
32.6222200971167,-1.22214870352824
32.397426295282,-0.11942108045677
32.258064516129,-3.04889520277457
32.1741815067637,-1.26303359051259
31.9524750575921,-3.21534939884411
31.7322963473498,-2.75630154905105
31.5136348486648,-3.52253383043888
31.2964801067075,-3.59117491037777
31.25,-3.61433118790942
31.0808217386906,-3.48868400138015
30.8666494333727,-3.03493530819186
30.6539529505653,-3.1483132661887
30.442722120643,-0.85496372914191
30.3030303030303,-1.92547963671604
30.2329468440578,-0.726217513565994
30.0246170908555,-3.14854579303035
29.8177229001967,-1.6601209405003
29.6122543798804,-3.55953864802047
29.4117647058824,-3.36928240278111
29.4082017058706,-3.33877022294514
29.2055551218275,-3.32797038884074
29.0043049386399,-0.993917029700678
28.804441533963,-2.01858534419518
28.6059553517574,-2.19914739234538
28.5714285714286,-3.62327210569039
28.408836901833,-3.62584824329279
28.2130767593947,-3.19320039633596
28.018665564592,-3.17856058795327
27.8255940220712,-2.43124664483043
27.7777777777778,-3.16695793256424
27.6338529005317,-3.35123102883012
27.4434330322836,-1.87976767723698
27.2543253128103,-2.33651021029901
27.0665207003324,-0.176763962874911
27.027027027027,-1.73973052558342
26.8800102153761,-2.84742825688009
26.6947849403432,-0.469524383639661
26.5108360190854,-0.750598211960333
26.3281546564802,-3.4368327096303
26.3157894736842,-3.19805841819247
26.1467321180109,-3.56260267516184
25.9665597293487,-2.53299591259026
25.787628875938,-2.94838079413675
25.6410256410256,-2.79160898919475
25.6099310025846,-2.97458812298025
25.4334576130465,-2.60689857854619
25.2582002696278,-2.90061105552767
25.0841505927754,0.586308811481861
25,-0.932682210940281
24.9113002606779,-1.71360471584826
24.7396410088681,-2.51124727642975
24.5691646298279,-3.30845303295835
24.3998629725955,-1.82746993042415
24.390243902439,-2.44851974482661
24.231727942376,-2.87816264552437
24.0647515001542,-2.11534491393469
23.8989256623105,-3.41763403657908
23.8095238095238,-2.60814559893343
23.7342425002387,-3.52126271345277
23.5706941399673,-3.64516271115466
23.4082727617829,-2.18056225059059
23.2558139534884,-3.64954371477169
23.2469705998565,-3.65834624981549
23.0867799418717,-3.26681247002319
22.9276931286565,-3.46419859322018
22.7697025538168,-1.48432245094242
22.7272727272727,-2.8052059471115
22.6128006633728,-2.47529025544524
22.4569799553977,-2.40416898014235
22.3022329796594,-2.14451075632526
22.2222222222222,-3.04463137289344
22.1485523372636,-0.843805713611185
21.9959306803007,-1.10995151722097
21.8443607114943,-1.32346111571608
21.7391304347826,-2.78274288186266
21.6938351838518,-2.8997638549133
21.5443469003188,-3.31188284008111
21.3958887134342,-2.20813511778048
21.2765957446809,-0.585001389637948
21.2484535249888,-2.66943302001494
21.102034285686,-3.64247574775872
20.9566239948043,-2.72444753462885
20.8333333333333,2.45908436399178
20.8122156998634,-2.58949940207647
20.6688024962908,-2.19207471896938
20.5263775270925,-3.18457458262504
20.4081632653061,-2.58204730727924
20.3849339825246,-1.94678613125377
20.244465099768,-3.02186687952236
20.104964162605,-0.57128184288599
20,-3.09270976967432
19.9664245010979,-2.45589705107808
19.8288394912707,-3.16286840550243
19.6922025547917,-2.49940542542104
19.6078431372549,-3.23807098216805
19.5565071586595,-2.80039447685639
19.4217468148903,-3.37324115511809
19.2879150802078,-1.38795289713805
19.2307692307692,-0.255222441290537
19.1550055557353,0.92398135130991
19.0230118866894,-3.62738742823303
18.8919277620767,-3.41374834125373
18.8679245283019,-2.58913890380658
18.7617469143912,-3.08987597150279
18.6324631193156,-0.873587887704143
18.5185185185185,-3.53432543962252
18.504070195423,-3.00039285765724
18.3765620038817,-0.703310958947791
18.2499324481615,-3.56143651297922
18.1818181818182,-1.54063262151062
18.1241754737424,-2.98487711696851
17.9992850678248,-3.45907552689503
17.8752552590424,-3.65536377016887
17.8571428571429,-2.2066999387972
17.7520801171764,-3.52270449140856
17.6297537528721,1.41724041100246
17.5438596491228,-1.92007782762532
17.5082703173572,-2.57357668937665
17.3876240021625,-3.23002718206832
17.2678090388436,-3.2278678705742
17.2413793103448,-3.09791679426972
17.1488196987054,-3.36334746859311
17.0306502925284,-2.90742134259697
16.9491525423729,-2.33803229142581
16.9132951702965,-3.57277594430864
16.7967487209265,-3.46065993466142
16.6810053720006,-0.846545861524514
16.6666666666667,-3.42264812253093
16.5660595894991,-2.53579081175125
16.4519058775366,-3.03060405936493
16.3934426229508,-2.14896649787597
16.3385387780986,-3.0950966635104
16.2259528707809,-1.19736898508624
16.1290322580645,-0.963618540332656
16.1141427725302,-2.03130003531411
16.003103137387,-3.02831073058986
15.8928286562298,-1.45654596916172
15.8730158730159,-1.64966802712631
15.7833140565212,-2.86519076356772
15.674554102056,-2.49002651926211
15.625,-2.2262391093467
15.5665435927106,-2.31716689274405
15.4592773641948,-3.06005212684989
15.3846153846154,-0.122050085485664
15.3527502878042,-3.16860144978566
15.2469572701757,-3.41217201612833
15.1515151515152,-2.96542679681702
15.1418932530435,-3.12404439431044
15.0375532129974,-3.39347643978719
14.9339321612425,-1.85310472744775
14.9253731343284,-1.68880196111645
14.831025143361,-1.85630469311864
14.728827239075,-3.50368897874609
14.7058823529412,-3.36917672030865
14.6273335620113,-1.50089821139273
14.5265392594678,-2.95516900522041
14.4927536231884,-1.32232800637332
14.4264395121816,-2.63004673106227
14.3270295340983,-1.82829441528066
14.2857142857143,-3.34243462416488
14.2283045721435,-3.1111810197021
14.1302599059953,-0.906905604869034
14.0845070422535,-0.802225568236831
14.0328908478587,0.795080024758183
13.9361927422414,-1.90299185891773
13.8888888888889,-3.3074947800673
13.8401609657313,-1.85030878455917
13.7447909267754,-3.1054129673529
13.6986301369863,-3.66083211011142
13.6500780654601,-0.591033345997185
13.5560178532937,-2.3233812436831
13.5135135135135,-2.89732314583871
13.4626057929891,-3.47566453420095
13.3698374182495,-2.97386370485237
13.3333333333333,0.591187654493742
13.2777082935543,-0.984903889488247
13.1862140139475,-2.67249737120705
13.1578947368421,-2.25858174432379
13.0953502048267,-2.90938390585621
13.0051125217341,-2.82488410853166
12.987012987013,-3.57628939352348
12.9154966501488,-3.46385543067573
12.8264983052806,-1.86274592220415
12.8205128205128,-0.0610638489570006
12.7381132318648,-2.91265183801344
12.6582278481013,-3.14100900398641
12.650337203959,-1.35200623190458
12.5631660247412,-3.12116485874231
12.5,-1.31394835729774
12.4765955263087,-2.66221249750056
12.3906215694792,-2.53583169505223
12.3456790123457,-3.25684288892507
12.3052400435926,-3.6406402553403
12.2204468663149,0.750630973888623
12.1951219512195,0.191703093239785
12.1362379834424,-2.16097273851359
12.0526093687084,-2.83374322773899
12.0481927710843,-3.28155088172742
11.9695570235904,1.43360214441394
11.9047619047619,-2.69291691336609
11.887076977119,-0.991249387224438
11.8051652856881,-2.86600177537759
11.7647058823529,-3.18649807859422
11.723818032866,-2.20014649522308
11.6430313292088,0.36858145948661
11.6279069767442,-3.35312470497892
11.5628013120738,-3.02050767883851
11.4942528735632,-3.02683254698818
11.4831241454351,-2.83146256989699
11.4039960197003,-3.29241034507457
11.3636363636364,-2.32264783635993
11.3254131515281,-2.26962090582573
11.2473717836475,-2.27397251499017
11.2359550561798,-3.56937653009414
11.1698681846782,-3.31859836268391
11.1111111111111,-0.224627574990602
11.0928986489522,-2.81651199337459
11.0164594963366,-2.52541244438138
10.989010989011,-1.69359363908058
10.9405470720574,-2.76294197512824
10.8695652173913,-0.881105040102862
10.8651577465254,-0.291192197841535
10.7902879151618,-3.09847299086406
10.752688172043,-3.31239681583694
10.7159339982267,-2.97886527796656
10.6420924406472,0.808871047690833
10.6382978723404,0.741117426990162
10.568759711848,-2.11780213563206
10.5263157894737,-3.61879748656777
10.4959323055823,-2.9780062086201
10.423606739764,-3.04524758322286
10.4166666666667,-3.55304619890985
10.3517795563018,-2.33742542126999
10.3092783505155,-3.54489426934019
10.2804473209331,-3.26504832896084
10.2096066230605,-2.86192190429123
10.2040816326531,-3.55962243214988
10.1392540755882,-0.00496409878028725
10.1010101010101,-2.40979245434032
10.0693863147603,-3.09176675187102
10,-3.20948126161074
10,-3.20948126161091
9.9310918137498,-2.44031944077134
9.9009900990099,-1.48876557126665
9.86265846131282,-1.06465025358268
9.80392156862745,-3.51978542792743
9.79469667069539,-0.746865295524411
9.72720319245054,-3.4888474081866
9.70873786407767,-3.49724527678786
9.66017479952265,-3.14223326667017
9.61538461538461,-2.51806861140183
9.59360828709314,-1.91892614798642
9.52750047242729,-2.40998350407848
9.52380952380952,-2.77086395855535
9.461848194722,-3.07909312700461
9.43396226415094,-2.09594732123441
9.39664831495469,-2.73735557894941
9.34579439252336,-2.68970730891491
9.33189771573324,-1.98315907736299
9.26759330114688,-1.76532835534776
9.25925925925926,-2.06042161907338
9.20373199661822,-3.64974606757927
9.1743119266055,-3.17156586864992
9.14031074875623,-3.61834068637539
9.09090909090909,-3.25605802196939
9.07732652521023,-2.77243503379459
9.01477631452492,-2.99109180738123
9.00900900900901,-3.13754206240601
8.9526571259964,-0.994232452627595
8.92857142857143,-1.40107297227733
8.89096598952916,-2.24879656563901
8.84955752212389,0.219806449229272
8.82969995549409,-3.28803694798979
8.7719298245614,-2.80322357242506
8.76885609458743,-3.02676670304366
8.70843149769072,-3.51243463745585
8.69565217391304,-3.10450869298328
8.64842327573172,2.68259830359479
8.62068965517241,0.986444081543927
8.58882855954625,-2.80347742118995
8.54700854700855,-0.664960603663057
8.52964449974102,-2.29219776915486
8.47457627118644,-1.6749686994987
8.47086826655741,-1.71593605647173
8.41249704973612,-3.44291881604711
8.40336134453781,-2.42835250908659
8.35452805838287,-2.00683006389657
8.33333333333333,-1.42781854345862
8.29695852083491,-3.4092424173247
8.26446280991736,-1.13175209788944
8.23978568452852,-2.67326161647859
8.19672131147541,-3.57338935944604
8.18300681586739,-2.83349856627121
8.13008130081301,-2.897575633312
8.12661920009195,-2.92357528887178
8.0706201411495,-1.11008290358394
8.06451612903226,-3.0515381371555
8.01500696156541,-3.3422744817566
8,-3.3733669765664
7.95977700231498,-3.468604095862
7.93650793650794,-1.77747961891604
7.90492762269642,-1.15044982099682
7.8740157480315,-3.10064399468221
7.85045620020451,-3.51142789111905
7.8125,-3.46442222271021
7.79636013040523,-2.26319747421696
7.75193798449612,-3.58632300092362
7.74263682681127,-3.31950353820754
7.69230769230769,-3.38817788570291
7.68928372075831,-3.66136752766773
7.63629826128224,-2.96864675622789
7.63358778625954,-2.89088435027871
7.58367791499719,-3.62850509619831
7.57575757575758,-3.4702158585264
7.53142016597437,-1.22011360705575
7.5187969924812,-1.86026110218428
7.47952251562182,-3.44348793710911
7.46268656716418,-2.20709517367357
7.42798248256492,-2.51707523131155
7.40740740740741,-1.47886868073767
7.37679760252773,-3.49414157950845
7.35294117647059,-1.00609926755866
7.32596542821523,-3.28925072914616
7.2992700729927,-2.65737098079982
7.27548352919623,-3.0064444363595
7.2463768115942,-2.95335923170215
7.22534949178722,-3.63814837986346
7.19424460431655,-0.62044812464246
7.17556091893693,-3.2750602699679
7.14285714285714,-3.62292410199835
7.12611543011175,-2.45780937576485
7.09219858156028,-2.13202144120732
7.07701066118189,-3.29138119960372
7.04225352112676,-0.562258226738162
7.02824426430835,-3.19251369620816
6.99300699300699,0.458205603644463
6.97981390783066,-3.37401295020383
6.94444444444444,-1.8007824875183
6.93171727615541,-3.65515929792651
6.89655172413793,-1.98744218187211
6.8839520696455,-3.35338060737412
6.84931506849315,-1.80790734989041
6.83651600451024,-1.12813316127271
6.80272108843537,-3.40233561765946
6.78940681269611,-2.14514920229963
6.75675675675676,-3.37651648191716
6.74262224177834,-2.48499251422681
6.71140939597315,-2.72389208904682
6.69616005485322,-2.82569381136029
6.66666666666667,-3.45882750086418
6.65001803043112,-3.21794336464837
6.62251655629139,-3.46413356379766
6.6041939623303,-3.03076978202811
6.57894736842105,-3.47483592178691
6.55868565957143,-1.52585607167394
6.5359477124183,-3.18482570612029
6.5134909462728,-3.35144763452119
6.49350649350649,-1.50979160448729
6.46860766154633,-2.423805414786
6.45161290322581,-3.11941411329171
6.42403365939419,-3.12787133241774
6.41025641025641,-2.59276420023799
6.37976680860628,-1.52940230054572
6.36942675159236,-3.03990717362457
6.33580499265825,-1.92269666429645
6.32911392405063,-2.53093765781197
6.29214610961034,-3.16979884788303
6.28930817610063,-3.59082066139079
6.25,-3.12461669218988
6.24878807200689,-3.27910035585843
6.2111801242236,-1.25643268997042
6.2057288067765,-3.27278954723674
6.17283950617284,-2.99091328249922
6.16296625513294,-1.79835058948246
6.13496932515337,-1.54874498803359
6.1204983724767,1.63986863638609
6.09756097560976,-2.87507758627408
6.07832312829723,-1.5693152722943
6.06060606060606,-2.16823414497578
6.03643850607587,-3.40380455480037
6.02409638554217,-3.08678989260305
5.99484250318941,-2.23036581824179
5.98802395209581,-0.93453263300439
5.95353313081437,-2.1872271036906
5.95238095238095,-2.04087914591237
5.91715976331361,-2.34682741318688
5.91250841383188,-2.65844750137698
5.88235294117647,-3.22184016026598
5.87176639073326,-3.58883746876487
5.84795321637427,-2.02237560955863
5.83130511352622,-0.946409082775982
5.81395348837209,-3.63580992890878
5.79112264764176,-3.61481179803583
5.78034682080925,-3.54412050311982
5.75121707184161,-3.27366449051986
5.74712643678161,-0.438719133019315
5.71428571428571,-3.36164168436933
5.71158647812643,-0.570664773898311
5.68181818181818,-3.3238858531382
5.67222897164454,-3.17875739249227
5.64971751412429,-1.63789501976315
5.63314267060136,-1.04630866461387
5.61797752808989,-2.83929415942417
5.59432570616938,-3.04448810290021
5.58659217877095,-2.07503899637392
5.55577622239888,-1.60652873278427
5.55555555555556,-1.85835393111069
5.52486187845304,-2.08654101501552
5.51749237612913,-3.06088860009411
5.49450549450549,-3.32448644726092
5.47947233690029,-1.88444448466766
5.46448087431694,-3.01444581112592
5.44171428686589,-1.96536405834622
5.43478260869565,-3.36964130942
5.40540540540541,-3.07265870159936
5.40421642070592,-3.14091867600599
5.37634408602151,-3.08645915343622
5.36697694554048,-2.61603604914115
5.3475935828877,-1.56598062174943
5.32999408084409,-2.86166955823797
5.31914893617021,-2.95426660402203
5.29326605836056,-3.08313920684106
5.29100529100529,-2.78935392811833
5.26315789473684,-3.34637529947654
5.25679112201842,0.215845459990551
5.23560209424084,-3.24437265594879
5.22056752784698,-0.493993594487629
5.20833333333333,-2.11207372494818
5.18459354389291,-3.03644633296217
5.18134715025907,-3.13607997728927
5.15463917525773,-1.85437091753409
5.14886745013749,-2.39627822226795
5.12820512820513,-3.58050265294342
5.11338753841433,-3.06745395194754
5.10204081632653,-3.25200899374554
5.07815211232767,-3.41674625407371
5.0761421319797,-0.838539803669032
5.05050505050505,-3.64763015213431
5.04315948717136,-0.33837081093976
5.0251256281407,-2.41720027386638
5.00840798984821,-3.55396195721378
5,-3.18562092823877
4.97512437810945,-3.27343943952423
4.97389595879006,-2.17295703263927
4.95049504950495,-3.55967621206731
4.93962174387832,-3.59041223694721
4.92610837438424,-2.08661002881184
4.90558370636505,-3.3964611807459
4.90196078431372,-2.45491012248957
4.8780487804878,-2.32850953788
4.87178021879463,-2.73150444927775
4.85436893203883,-2.57647543150621
4.83820966492596,-3.11240121787629
4.83091787439613,-3.56112637454852
4.80769230769231,-3.45999102455591
4.80487043965513,-2.89105541814514
4.78468899521531,-0.381775921707638
4.77176094893875,-3.24333670833171
4.76190476190476,-1.57478317235383
4.739336492891,-3.18972854628977
4.73887960971765,-3.04671041663813
4.71698113207547,-3.43027255575457
4.70622484984128,-3.36151879575187
4.69483568075117,-2.72658088908902
4.67379510799246,-3.6480217871525
4.67289719626168,-3.22120948375508
4.65116279069767,-3.61197852243348
4.64158883361278,-2.6701829295754
4.62962962962963,-0.797512215911222
4.60960448682843,-2.86946335063477
4.60829493087558,-3.27744262503655
4.58715596330275,-0.290062711750958
4.57784053837662,-2.68052357883952
4.5662100456621,-3.56990726305723
4.5462954695324,-3.60202930080312
4.54545454545455,-3.39283002377423
4.52488687782805,-3.11561368529056
4.5149677720361,-2.5955018282499
4.5045045045045,-0.519311185305706
4.48430493273543,-3.52689767261303
4.48385594802119,-3.29006744303596
4.46428571428571,-2.62277294720875
4.45295850994265,-0.876731418347513
4.44444444444444,-3.61083897489659
4.42477876106195,-3.51182850177001
4.4222739805059,-3.09088869485505
4.40528634361233,-3.63935730435402
4.39180089259609,-2.016514631199
4.3859649122807,-2.89665882711405
4.36681222707424,-3.29603351807888
4.361537789208,-3.58982558267344
4.34782608695652,-2.72779015795772
4.3314832233764,-3.12752951086388
4.32900432900433,-3.52899041862663
4.31034482758621,-1.02679421381223
4.30163575810679,-1.90474126169645
4.29184549356223,-2.84003579401913
4.27350427350427,-3.60352965910583
4.27199396630678,-3.34959740461191
4.25531914893617,2.47627790643704
4.24255643071778,-3.56462309982781
4.23728813559322,-3.65974864662909
4.21940928270042,-3.14767589613838
4.21332174384729,-3.61125479347278
4.20168067226891,-1.26078984732738
4.18428850790158,-0.490493419744676
4.18410041841004,0.235407257403371
4.16666666666667,-3.08996547692795
4.15545533471888,-3.51140124496286
4.149377593361,-2.16896424677086
4.13223140495868,-2.04088360999476
4.12682084570295,-2.86541246252703
4.11522633744856,-2.42712606783591
4.09838367175726,-3.37244951990915
4.0983606557377,-3.38809251259665
4.08163265306122,-3.22146187835703
4.07014245321944,-3.56486258066011
4.0650406504065,-3.64591789308902
4.04858299595142,-3.42917578481338
4.04209583979631,-3.16993423831824
4.03225806451613,-3.58106211444682
4.01606425702811,-2.89849927506499
4.01424249049932,-3.10898178681127
4,-2.90932802820505
3.98658107358044,-3.22254605896789
3.98406374501992,-3.15743318321362
3.96825396825397,-2.30462278118814
3.95911026646846,-1.89389332096421
3.95256916996047,-2.66978656790708
3.93700787401575,-2.51801597742716
3.93182875570577,-1.01421483721337
3.92156862745098,-3.13325502513255
3.90625,-2.2667261011221
3.90473523688556,-2.80999921044538
3.89105058365759,-2.81128374604587
3.87782841458946,-2.65624685205547
3.87596899224806,-1.92958177785199
3.86100386100386,-2.97681346221877
3.85110700232557,-2.42783914451202
3.84615384615385,-3.17687324834683
3.83141762452107,-1.55977960364769
3.824569722467,-3.61542344612011
3.81679389312977,-0.716833074511622
3.80228136882129,-3.24706279367312
3.79821530619074,-3.56810382083084
3.78787878787879,-2.66078240950058
3.77358490566038,-2.50522974719164
3.772042493417,-2.42818874074221
3.7593984962406,-3.35613497261037
3.74605003274899,-3.08690634793124
3.74531835205992,-3.10717434510313
3.73134328358209,-3.41591042404196
3.72023668141307,-2.04463482975906
3.71747211895911,-3.11166464798689
3.7037037037037,-1.54285674570887
3.6946012051993,-3.58727372742039
3.690036900369,-3.50750742858413
3.67647058823529,-3.29692801593761
3.66914237840249,-2.60977010595671
3.66300366300366,-2.26085957551815
3.64963503649635,-0.953337064590083
3.64385898376355,-0.397854322591381
3.63636363636364,-3.21245683560106
3.6231884057971,-3.45551372000305
3.61874981241128,-2.19496320581053
3.6101083032491,-1.89471764590017
3.59712230215827,-3.28338520691555
3.59381366380463,-3.36948830872351
3.584229390681,-2.48526501542575
3.57142857142857,-2.9397649529197
3.56904934567523,-0.438596953981583
3.55871886120996,-3.52475368186567
3.54609929078014,-2.37660448139824
3.54445567397043,-2.90418095572671
3.53356890459364,-3.62889037824506
3.52112676056338,-1.94376802197605
3.52003147279668,-3.18475981479365
3.50877192982456,-2.09577492344753
3.4965034965035,-2.64785986772726
3.49577557436328,-2.17198551008958
3.48432055749129,-2.87340870604829
3.47222222222222,-3.39522591615634
3.47168681892656,-3.0470912604773
3.46020761245675,-1.69692533774075
3.44827586206897,-3.62681230678522
3.44776405473446,-3.08738446646738
3.43642611683849,-2.83179492337573
3.42465753424658,-3.65456101155355
3.42400613797142,-2.79125102863666
3.41296928327645,-3.03306273038636
3.40136054421769,-2.19808976574741
3.40041193270371,-3.62397660068326
3.38983050847458,-3.10742967774434
3.37837837837838,2.43596862105104
3.37698031082509,-2.71111585645657
3.36700336700337,-2.84571350317411
3.35570469798658,-2.8023863852852
3.35371015200293,-3.43437992982531
3.34448160535117,-0.955793861634315
3.33333333333333,-1.21262915671737
3.33060034362459,-1.27614064631619
3.32225913621262,-3.49204388532619
3.3112582781457,-1.73110524288777
3.30764978074424,-3.18300189144729
3.3003300330033,0.588664755675741
3.28947368421053,-3.31836724764006
3.28485736603004,-1.67970406290096
3.27868852459016,-3.19929531205873
3.26797385620915,-3.54163738634095
3.26222200971167,-3.36325672024422
3.25732899022801,-1.506430226092
3.24675324675325,-3.62250822133459
3.2397426295282,-2.55549993670659
3.23624595469256,-3.61877958501644
3.2258064516129,-3.59331037855103
3.21741815067637,-3.09610217823937
3.21543408360129,-0.567986442479206
3.20512820512821,-2.50633263308633
3.19524750575921,-3.39791812687998
3.19488817891374,-3.25607768292245
3.18471337579618,-0.437038526706099
3.17460317460317,-3.48950680958604
3.17322963473498,-2.4012703540986
3.16455696202532,-1.3556479885256
3.15457413249211,-2.20524259781989
3.15136348486648,-2.24179435442265
3.14465408805031,-3.20272361100804
3.13479623824451,-2.5940759418733
3.12964801067075,0.871550592977589
3.125,-2.82983997875349
3.11526479750779,-3.03651550955679
3.10808217386906,-3.41521485311726
3.1055900621118,-3.23613003567201
3.09597523219814,-2.05329071246346
3.08666494333727,-2.37580020520901
3.08641975308642,-1.95080326175126
3.07692307692308,-2.14090877600322
3.06748466257669,-3.23354656592981
3.06539529505653,-3.21891832816872
3.05810397553517,-1.72370925066856
3.04878048780488,-2.83148638915237
3.0442722120643,-3.34105937303762
3.03951367781155,-3.21953160882201
3.03030303030303,-2.2883928078027
3.02329468440578,-1.39452936351519
3.02114803625378,-1.57416246710634
3.01204819277108,-3.5456529269994
3.003003003003,-2.90269252970738
3.00246170908555,-1.95718302127464
2.9940119760479,-3.43974778984851
2.98507462686567,-2.28148293533566
2.98177229001967,-3.08633450789194
2.97619047619048,-2.50742999313031
2.9673590504451,-2.20709401603899
2.96122543798803,0.27644166645256
2.9585798816568,-3.3857812478936
2.94985250737463,-3.57671361142122
2.94117647058824,-1.08410589617274
2.94082017058706,-2.00722009188093
2.93255131964809,-3.38529071428892
2.92397660818713,-3.64910085925659
2.92055551218275,-3.49080141758518
2.91545189504373,-3.29074784610053
2.90697674418605,-2.74419207171583
2.90043049386399,-3.42995385299055
2.89855072463768,-3.42769264880315
2.89017341040462,-1.58585836714458
2.88184438040346,-3.24648456698319
2.8804441533963,-3.51036805543621
2.8735632183908,-3.54398888865962
2.86532951289398,0.226829939575642
2.86059553517574,-2.66983371162804
2.85714285714286,-1.18794649389714
2.84900284900285,-2.94317489713576
2.84090909090909,-2.80956449481929
2.8408836901833,-2.8386002862688
2.8328611898017,-3.25652329576384
2.82485875706215,-2.50745194344732
2.82130767593947,-1.55314696000526
2.8169014084507,-3.1351770936241
2.80898876404494,-3.40449737479058
2.8018665564592,-1.82182026091892
2.80112044817927,-1.19206255461698
2.79329608938547,-3.35631250173467
2.78551532033426,-3.19937450899844
2.78255940220712,-3.660126331834
2.77777777777778,-3.00552743173948
2.77008310249307,-2.75863192409228
2.76338529005317,-2.56951383138043
2.76243093922652,-3.60119312035512
2.75482093663912,-0.99861913079739
2.74725274725275,-2.92258398363263
2.74434330322836,-3.57102925505323
2.73972602739726,-3.54799961346638
2.73224043715847,-2.7923181409963
2.72543253128103,-3.41079204719683
2.72479564032698,-1.08385102118855
2.71739130434783,-2.52034083311421
2.710027100271,-3.40930226702597
2.70665207003324,-3.60227819828516
2.7027027027027,-3.4993147014958
2.69541778975741,-1.35994003047538
2.68817204301075,-1.085358672676
2.68800102153761,-1.15381634306119
2.68096514745308,-0.763764394263641
2.67379679144385,-3.37056283508341
2.66947849403432,-3.14509225444756
2.66666666666667,-0.350618301162323
2.65957446808511,-3.43286566990663
2.6525198938992,-3.29937149398783
2.65108360190854,-3.04493050400303
2.64550264550265,-1.93719019742754
2.63852242744063,-1.31236461637838
2.63281546564802,-1.61279787421052
2.63157894736842,-1.73330004329214
2.6246719160105,-3.51601446866071
2.61780104712042,-3.586502206291
2.61467321180109,-1.04160680564091
2.61096605744125,-3.47804490012357
2.60416666666667,-3.0835772005074
2.5974025974026,-2.49574028903107
2.59665597293487,-3.17284721660796
2.59067357512953,-2.80292542696092
2.58397932816537,-3.19827224250933
2.5787628875938,-3.40133254843446
2.57731958762887,-3.4233059791229
2.5706940874036,-3.16924962104751
2.56410256410256,-1.99686905282406
2.56099310025846,-3.61448332201642
2.55754475703325,-2.52130594398433
2.55102040816327,-0.754542427533731
2.54452926208651,-3.50747601454183
2.54334576130465,-3.01351620364373
2.53807106598985,-3.00456961608843
2.53164556962025,-3.64917926998977
2.52582002696278,-3.32317577649557
2.52525252525253,-2.85980269045602
2.51889168765743,-3.40897208006076
2.51256281407035,-1.62119221409163
2.50841505927754,-2.98722114611389
2.5062656641604,-3.58997180638927
2.5,-1.96371260015168
2.49376558603491,-2.42109452694133
2.49113002606779,-1.10862161508642
2.48756218905473,-1.77195883692589
2.48138957816377,-3.19080737358469
2.47524752475248,-1.67084460735672
2.47396410088681,-1.94674425549386
2.46913580246914,-3.28794581690566
2.46305418719212,-3.45745751129159
2.45700245700246,-0.738307276866247
2.45691646298279,-0.403268473228375
2.45098039215686,-3.34606544023411
2.44498777506112,-3.24864996390682
2.43998629725955,-3.62648177545487
2.4390243902439,-2.49642748988226
2.4330900243309,-3.66065102510269
2.42718446601942,-3.63675034728429
2.4231727942376,-2.31982977436636
2.42130750605327,-3.40230594101497
2.41545893719807,-2.62824372401154
2.40963855421687,-2.78535195965967
2.40647515001542,-1.99278453288256
2.40384615384615,-2.34536166030959
2.39808153477218,-3.55062471437263
2.39234449760766,-1.89689987492722
2.38989256623105,-2.23001101053959
2.38663484486874,-1.54257862457591
2.38095238095238,-2.64553475569782
2.37529691211401,-2.83218550222993
2.37342425002387,-2.95720316598307
2.3696682464455,-1.39706086384801
2.36406619385343,-3.61936921733887
2.35849056603774,-3.19313777205094
2.35706941399673,-2.53794988500793
2.35294117647059,-1.47107354787969
2.34741784037559,-3.4978079509773
2.34192037470726,-2.04240746600085
2.34082727617829,-2.87286352820955
2.33644859813084,-2.59400259148249
2.33100233100233,-3.03904983625598
2.32558139534884,-3.25295832669597
2.32469705998565,-3.37825647978674
2.32018561484919,-2.66522061738901
2.31481481481481,-3.5474544327259
2.3094688221709,-2.00886815150342
2.30867799418717,-2.78430432088232
2.30414746543779,-3.12069652932787
2.29885057471264,-3.19890108067589
2.29357798165138,-1.45691495316664
2.29276931286565,-3.18509261470713
2.2883295194508,-3.60207697256548
2.28310502283105,-3.38372063293591
2.27790432801822,-2.14470931084194
2.27697025538168,-2.40746109613958
2.27272727272727,-3.21913768689394
2.26757369614512,-2.67657738055463
2.26244343891403,-2.25890465301806
2.26128006633728,-3.25487019764928
2.25733634311512,-3.14360828130539
2.25225225225225,-0.73757964211732
2.24719101123596,-2.11397356893657
2.24569799553977,-3.10824140494823
2.24215246636771,-3.20947453193183
2.23713646532438,-0.944449748326501
2.23214285714286,-3.46890185799786
2.23022329796594,-3.24156127518956
2.2271714922049,-3.4936855770744
2.22222222222222,-3.52902858037542
2.21729490022173,-2.04496784061375
2.21485523372636,-3.5182277038608
2.21238938053097,-3.5915262669457
2.2075055187638,-3.48894431516286
2.20264317180617,-2.35882342058731
2.19959306803007,-1.01806908370964
2.1978021978022,-3.15858933140647
2.19298245614035,-3.60333237332047
2.18818380743982,-3.65446393546766
2.18443607114943,-2.55650026173889
2.18340611353712,-3.07842493535848
2.17864923747277,-2.79090584865799
2.17391304347826,-3.50525194933429
2.16938351838518,-3.15141948982942
2.16919739696312,-3.45721888090692
2.16450216450216,-3.11592524966739
2.15982721382289,-2.87200619763073
2.1551724137931,-2.41976682356404
2.15443469003188,-2.61032700510482
2.1505376344086,-3.30679705117951
2.14592274678112,-2.98429186141324
2.14132762312634,-2.79863854885898
2.13958887134342,-3.21828254102818
2.13675213675214,3.02314664736752
2.13219616204691,-2.92706532631054
2.12765957446809,-3.52032868737684
2.12484535249888,-0.79921928013736
2.12314225053079,-0.644593946927851
2.11864406779661,-3.22469516015466
2.11416490486258,-3.06584594001144
2.1102034285686,-3.05504095433006
2.10970464135021,-3.60960541536756
2.10526315789474,-2.58642882123886
2.10084033613445,-3.57695962391837
2.09643605870021,-2.23807162052561
2.09566239948043,-3.36289358818307
2.09205020920502,-3.53178470682137
2.08768267223382,-3.34893004915791
2.08333333333333,-1.81005580915551
2.08122156998634,-3.54668788744335
2.07900207900208,-3.54324820404313
2.0746887966805,-2.3512544564321
2.0703933747412,-3.14191546047159
2.06688024962908,-2.93802247977903
2.06611570247934,-2.69142019715046
2.06185567010309,-3.44498791346792
2.05761316872428,-2.8796288305519
2.05338809034908,-3.35206586918947
2.05263775270925,-2.43951256126136
2.04918032786885,-3.53239837305629
2.04498977505112,-2.72049979828945
2.04081632653061,-2.62995108322805
2.03849339825246,-2.63746973101909
2.03665987780041,-3.04588722614495
2.03252032520325,-3.49841635560186
2.02839756592292,-2.78884218280127
2.0244465099768,-2.96704923158999
2.02429149797571,-2.08226316015837
2.02020202020202,-1.85429501295418
2.01612903225806,-3.344468183669
2.01207243460765,2.23750938592072
2.0104964162605,-1.26254764405105
2.00803212851406,-2.08113425426087
2.00400801603206,-3.03836886697563
2,-3.60643257320326
1.99664245010979,-0.0233426836353301
1.99600798403194,-3.45325463989671
1.99203187250996,-3.40740229213834
1.98807157057654,-2.48947891629616
1.98412698412698,-3.63940482202467
1.98288394912707,-3.29002016426015
1.98019801980198,-3.04890621511221
1.97628458498024,-2.56742952481481
1.9723865877712,-3.1912672510803
1.96922025547917,-2.23306558538867
1.96850393700787,-3.63826935981573
1.96463654223969,-3.0325418927717
1.96078431372549,-3.50754547412815
1.95694716242661,-3.15495356308086
1.95565071586595,-3.40947693694452
1.953125,-3.09563040992772
1.94931773879142,-3.34067251735056
1.94552529182879,-2.982579435272
1.94217468148903,-2.84594111056473
1.94174757281553,-3.06579296610242
1.93798449612403,-3.44421966647554
1.93423597678917,-2.23241542935052
1.93050193050193,-2.12953509425797
1.92879150802078,-2.76074432007716
1.92678227360308,-1.84026846743309
1.92307692307692,-0.312588459388631
1.91938579654511,-3.00901237370031
1.91570881226054,-3.26959130882731
1.91550055557353,-3.27731853831831
1.91204588910134,-2.52849313426226
1.90839694656489,-2.9993647949192
1.9047619047619,-3.50148875319659
1.90230118866894,-3.6113900489265
1.90114068441065,-3.59019720921092
1.89753320683112,-3.54369920577512
1.89393939393939,-3.57621339701192
1.89035916824197,-1.02577639731869
1.88919277620767,-0.974597770104604
1.88679245283019,-3.42785022436727
1.88323917137476,-3.28672917213099
1.8796992481203,0.998759588092828
1.87617469143912,-2.53593586830432
1.87617260787992,-2.51917830559692
1.87265917602996,-2.7714504623829
1.86915887850467,-3.29807967715807
1.86567164179104,-2.27459161384378
1.86324631193156,-3.59602737922794
1.86219739292365,-3.49276524184138
1.85873605947955,-3.21473267958988
1.85528756957328,-2.21424846517383
1.85185185185185,-2.80815787566142
1.8504070195423,-3.37002843105408
1.84842883548983,-3.64436101917964
1.8450184501845,-1.28788891770399
1.84162062615101,-2.75088690879208
1.83823529411765,-2.46683913790467
1.83765620038817,-3.58339144183263
1.8348623853211,-2.7873327780283
1.83150183150183,-3.63849611236541
1.82815356489945,-1.97629862965932
1.82499324481615,-3.50780576022522
1.82481751824817,-3.12611356213658
1.82149362477231,-1.34982217243087
1.81818181818182,-3.54522226012098
1.81488203266788,-3.2948883453805
1.81241754737424,-2.47457141637083
1.81159420289855,-3.41187699221687
1.80831826401447,-2.70461014505515
1.80505415162455,-3.27315402070779
1.8018018018018,-0.895240016052109
1.79992850678248,0.574177078771574
1.79856115107914,-2.59392898598038
1.79533213644524,-3.65010946673363
1.7921146953405,-2.69244539832634
1.78890876565295,-2.78933809492475
1.78752552590424,-1.52095259301974
1.78571428571429,-3.0884633196256
1.7825311942959,-1.93802253215945
1.77935943060498,-1.91795416932278
1.77619893428064,-3.27657982644971
1.77520801171763,-1.68731842797545
1.77304964539007,-2.76352227596565
1.76991150442478,-3.48484757400977
1.76678445229682,-0.0708885143095115
1.7636684303351,-2.41639320275597
1.76297537528721,-2.12923918663064
1.76056338028169,-3.43408098219949
1.75746924428822,-3.22134848769864
1.75438596491228,-3.12341100520741
1.75131348511384,-3.39649449620218
1.75082703173572,-2.63934683963806
1.74825174825175,-1.92467272983101
1.74520069808028,-1.84177366225291
1.74216027874564,-3.34163275206425
1.73913043478261,-3.0484253080563
1.73876240021625,-3.37476429484714
1.73611111111111,-3.28414592938311
1.73310225303293,-3.45377139712862
1.73010380622837,-1.98684512934512
1.72711571675302,-3.64680922250413
1.72678090388436,-0.814883547838103
1.72413793103448,-1.79602529716568
1.72117039586919,-3.21689558982775
1.71821305841924,-1.5713873099027
1.71526586620926,-3.25247941186104
1.71488196987054,-3.30870257936838
1.71232876712329,-1.63975519808845
1.70940170940171,-0.564376033800822
1.70648464163823,-3.33828947674838
1.70357751277683,-3.55958056831688
1.70306502925284,-1.95173986555961
1.70068027210884,-2.85502244185956
1.69779286926995,-3.36627826549987
1.69491525423729,-1.52628866258352
1.69204737732657,-3.31125244071218
1.69132951702965,-2.98714965375781
1.68918918918919,-3.13449801629879
1.68634064080944,-3.20522917782203
1.68350168350168,-3.56855939909611
1.68067226890756,1.01240650071172
1.67967487209265,-3.55177772658505
1.67785234899329,-2.23861688822596
1.6750418760469,-2.45615440038024
1.67224080267559,-3.63269130823196
1.669449081803,-2.20514122930036
1.66810053720006,-2.12000394430545
1.66666666666667,-3.01252740141085
1.66389351081531,-3.62513881419117
1.66112956810631,-3.31461517414713
1.65837479270315,-3.60803463164047
1.65660595894991,-2.70653317801175
1.65562913907285,-0.992139883505398
1.65289256198347,-3.35620481709897
1.65016501650165,-3.38557432487185
1.64744645799012,-2.12322798366899
1.64519058775366,-1.59551634362524
1.64473684210526,-0.21170003864584
1.64203612479475,-2.607175957519
1.63934426229508,-2.79722082043726
1.6366612111293,-2.73382057358084
1.63398692810458,-2.05005058313044
1.63385387780986,-1.84207632858219
1.63132137030995,-2.68599179808897
1.62866449511401,-2.63009335279907
1.6260162601626,-1.8386565160663
1.62337662337662,-2.61603265845492
1.62259528707809,-3.1437029452385
1.62074554294976,-3.25841214022931
1.61812297734628,-3.49988913685673
1.61550888529887,-3.63934643267576
1.61290322580645,-3.30089755902007
1.61141427725302,-3.35228940207345
1.61030595813205,-2.858567963492
1.60771704180064,-3.60535448486332
1.60513643659711,-2.85048618941222
1.6025641025641,-3.3996838793498
1.6003103137387,-3.17141257734196
1.6,-1.23561174354922
1.59744408945687,-1.6071803934228
1.59489633173844,0.915812147778117
1.59235668789809,-1.78755852039655
1.58982511923688,-2.93496446276644
1.58928286562298,-3.07791248030922
1.58730158730159,-2.49245568564883
1.58478605388273,-2.32934369533445
1.58227848101266,-3.11558610890931
1.57977883096367,-2.36754289865443
1.57833140565212,-3.12869476872971
1.57728706624606,-1.62989844049001
1.5748031496063,-3.4941524531806
1.57232704402516,-1.83621938576489
1.56985871271586,-0.425517488848594
1.5674554102056,-3.43299376019605
1.56739811912226,-2.81773209029962
1.56494522691706,-2.85379210346418
1.5625,-1.96606955844633
1.5600624024961,-2.85995237091346
1.55763239875389,-3.45906600875376
1.55665435927106,-2.20017202508684
1.5552099533437,-1.49775362017244
1.5527950310559,-3.12423032410497
1.55038759689922,-2.7469187140994
1.54798761609907,-2.35827773019836
1.54592773641948,-3.51160751832348
1.54559505409583,-3.42461090792217
1.54320987654321,-2.82308681757284
1.54083204930663,-3.13350932308823
1.53846153846154,-1.07438586275064
1.53609831029186,-2.6802920641068
1.53527502878042,0.146383504687795
1.53374233128834,-3.59652988904254
1.53139356814701,-2.68890049513699
1.52905198776758,-3.40995929857341
1.52671755725191,-2.76626451741266
1.52469572701757,-3.55403586756152
1.52439024390244,-1.4904412741463
1.5220700152207,-3.33738180207466
1.51975683890577,-3.63991192593998
1.51745068285281,-0.00278135573578719
1.51515151515152,-1.56649782221275
1.51418932530435,-3.42182264503928
1.51285930408472,-3.38182531356459
1.51057401812689,-3.5410337306166
1.50829562594268,-2.2995839127342
1.50602409638554,-3.37249974125425
1.50375939849624,-0.983045604840821
1.50375532129974,-1.00206424595997
1.5015015015015,-1.74937953919017
1.49925037481259,-2.99183757959157
1.49700598802395,-3.60071113355137
1.49476831091181,-2.42485979354172
1.49339321612425,-0.995017083558859
1.49253731343284,-3.33488115784074
1.4903129657228,-3.20122681588607
1.48809523809524,-2.0090599029405
1.48588410104012,-1.98438719029111
1.48367952522255,-3.58515121091757
1.4831025143361,-2.83369151810264
1.48148148148148,-2.08674674701062
1.4792899408284,-3.2820481895804
1.47710487444609,-1.42882956499416
1.47492625368732,-3.31668650369847
1.4728827239075,-2.24619504842702
1.47275405007364,-2.44913511167415
1.47058823529412,-2.73437855354178
1.46842878120411,-2.55661498975096
1.46627565982405,-3.35882754534647
1.46412884333821,-1.49437922127678
1.46273335620113,-1.9472252814845
1.46198830409357,-3.29158549418399
1.45985401459854,-3.50444979339813
1.45772594752187,-3.27969058698339
1.45560407569141,-3.23046769706313
1.45348837209302,-0.900691574989462
1.45265392594678,-3.56454410238539
1.45137880986938,-1.67503309982915
1.44927536231884,-2.38709871392823
1.44717800289436,-3.3630558658014
1.44508670520231,-2.73560725931473
1.44300144300144,-2.56509655475117
1.44264395121816,-1.86540070357084
1.44092219020173,-3.53061383886701
1.43884892086331,-1.88335635244986
1.4367816091954,-2.91878555799694
1.43472022955524,-1.15559250193344
1.43270295340983,-2.92360059762195
1.43266475644699,-3.12874430328354
1.43061516452074,-3.22912385143074
1.42857142857143,2.09186682463509
1.4265335235378,-0.482692302083062
1.42450142450142,0.0177883824723795
1.42283045721435,-3.29233327632086
1.42247510668563,-3.56823984682789
1.42045454545455,1.94661918533753
1.41843971631206,-3.24942727399515
1.41643059490085,-1.22100109728943
1.41442715700141,-2.15624528209689
1.41302599059953,-2.96078299405705
1.41242937853107,-3.31206236275529
1.41043723554302,-3.45452028819401
1.40845070422535,-3.32670591925399
1.40646976090014,-3.18538735568166
1.40449438202247,-3.0985194547547
1.40328908478587,-1.62300929863359
1.40252454417952,-3.39655054494464
1.40056022408964,-3.18711783342136
1.3986013986014,-3.5889256894823
1.39664804469274,-3.37887351366016
1.39470013947001,-1.67164543048492
1.39361927422414,-2.79729115826241
1.39275766016713,-3.29393278854554
1.39082058414465,-3.31076501181452
1.38888888888889,-2.92479592835316
1.3869625520111,-2.69876277131966
1.38504155124654,-3.26804993996295
1.38401609657313,-1.50229401986506
1.38312586445367,2.61037759136601
1.38121546961326,-1.2947229243273
1.37931034482759,-3.05764206517848
1.37741046831956,-0.551098349208881
1.37551581843191,-1.83927691498136
1.37447909267754,-2.12120648720015
1.37362637362637,-2.68685211429378
1.37174211248285,-2.58927022357401
1.36986301369863,-0.867822867919027
1.36798905608755,-2.55849239713602
1.36612021857923,-3.4299112629033
1.36500780654601,-1.30972632169751
1.36425648021828,-2.48614439556494
1.36239782016349,-2.86860454204718
1.36054421768707,-1.39004369446438
1.35869565217391,-3.41480182211945
1.35685210312076,-3.23478068549137
1.35560178532937,-2.51154074928685
1.3550135501355,-2.38468930698449
1.3531799729364,-3.56843737567466
1.35135135135135,-3.5496987935691
1.34952766531714,-3.63065027369292
1.34770889487871,-2.94539990859904
1.34626057929891,-3.25038231571558
1.34589502018843,-2.49852575499225
1.34408602150538,-2.97171477385437
1.34228187919463,-2.35030087072256
1.34048257372654,-3.59262067828903
1.33868808567604,-3.32255454711916
1.33698374182495,-1.52113801761142
1.33689839572193,-1.46681785808893
1.33511348464619,-2.54991773996756
1.33333333333333,-3.38916078673507
1.33155792276964,-2.50385245603526
1.32978723404255,-1.43395699959741
1.32802124833997,-1.43473556102482
1.32777082935543,-3.18084908751477
1.3262599469496,-2.65317126023488
1.32450331125828,-2.46726477836513
1.32275132275132,-1.39564973792214
1.32100396301189,-2.49405269712686
1.31926121372032,-3.19086352467412
1.31862140139475,-3.20555798504703
1.31752305665349,-3.23395563139182
1.31578947368421,-2.56576967615141
1.31406044678055,-0.332208164374133
1.31233595800525,-2.28636772467415
1.31061598951507,-2.51028845130493
1.30953502048267,-3.06174755746148
1.30890052356021,-2.56722421050115
1.30718954248366,-0.453197501729373
1.30548302872063,-3.41624938463728
1.30378096479791,-3.02681648364965
1.30208333333333,-1.26900296305341
1.30051125217341,-3.27759996936661
1.30039011703511,-3.50178072234744
1.2987012987013,-2.81056161117449
1.2970168612192,-3.65248638969076
1.29533678756477,-2.36232023883361
1.29366106080207,-3.60323595781032
1.29198966408269,-2.7236788648084
1.29154966501488,-2.98450115389106
1.29032258064516,-3.3068130278345
1.28865979381443,-2.42483800342405
1.28700128700129,-3.3850740898931
1.2853470437018,4.85744721175998
1.28369704749679,-3.66050406808348
1.28264983052806,-2.65586076966137
1.28205128205128,-3.38560778925032
1.28040973111396,-1.97059568110081
1.27877237851662,-2.58854875747154
1.27713920817369,-3.23068137282167
1.27551020408163,-2.01523479510051
1.27388535031847,-0.0420773030408652
1.27381132318648,0.0021925957689648
1.27226463104326,-3.57545189385039
1.27064803049555,-2.81441273436685
1.26903553299492,-3.41787283303368
1.26742712294043,-3.58832698404306
1.26582278481013,-2.33486091740739
1.2650337203959,-2.45327284410215
1.26422250316056,0.182111143201031
1.26262626262626,-3.10532680489906
1.26103404791929,-3.41426362054481
1.25944584382872,-1.6677389704205
1.25786163522013,-0.812583405692503
1.25631660247412,-2.87803885220775
1.25628140703518,-2.95874670753799
1.25470514429109,-0.802455130697392
1.2531328320802,-2.43465488846935
1.25156445556946,-3.17245613856421
1.25,-3.5604958160202
1.24843945068664,-1.75100172849151
1.24765955263087,-1.54282358897553
1.24688279301746,-3.54489174198799
1.2453300124533,-2.97181846470884
1.24378109452736,-2.01590441361931
1.24223602484472,-2.7441275415863
1.24069478908189,-2.79359094394128
1.23915737298637,-2.39341834575527
1.23906215694792,-3.24928627119628
1.23762376237624,-2.27233759273035
1.23609394313968,-3.51639984558751
1.23456790123457,-3.58854642154129
1.23304562268804,-3.62589699006294
1.23152709359606,-3.50637143911244
1.23052400435926,-2.49573454931989
1.230012300123,-1.18048010631791
1.22850122850123,-2.98783797484183
1.22699386503067,-3.46605464749639
1.22549019607843,-3.10558501201758
1.22399020807834,-2.65514551516703
1.22249388753056,-3.33106269349919
1.22204468663149,-3.62213266406548
1.22100122100122,-1.90033315365856
1.21951219512195,-2.5659163822137
1.21802679658952,-0.527783030261541
1.21654501216545,-2.6347668848057
1.21506682867558,0.209447170167569
1.21362379834424,-3.19618449667216
1.21359223300971,-2.75718446636069
1.21212121212121,-2.90838507501006
1.21065375302663,-2.38031516648176
1.20918984280532,-2.38313785347701
1.20772946859903,-2.68334565613598
1.20627261761158,-3.27531455893399
1.20526093687084,-3.60960041264259
1.20481927710843,-3.00257166133421
1.20336943441637,-3.00819770259956
1.20192307692308,-2.3050098728065
1.20048019207683,-1.60428951404973
1.19904076738609,-2.71033382040771
1.19760479041916,-3.56443039596233
1.19695570235904,-2.57607726088086
1.19617224880383,-3.38285938999253
1.194743130227,-3.06621082850783
1.19331742243437,-3.35696949119532
1.19189511323004,-0.720129074984594
1.19047619047619,-2.05611707332347
1.18906064209275,-3.64524707298259
1.1887076977119,-2.87649743302616
1.18764845605701,-0.324720111234266
1.18623962040332,-2.05882001894754
1.18483412322275,-3.22812083580733
1.18343195266272,-2.14231743283694
1.18203309692671,0.204406269114135
1.18063754427391,-2.51854942287646
1.18051652856881,-3.41235125265286
1.17924528301887,-3.04231225810032
1.17785630153121,-2.21974474602008
1.17647058823529,-2.92244081750611
1.17508813160987,-3.24697526299498
1.17370892018779,-3.49115310867812
1.1723818032866,-2.77050525802228
1.17233294255569,-2.46713201703441
1.17096018735363,-2.51043077650548
1.16959064327485,-2.05949919010102
1.16822429906542,-3.08103708804857
1.16686114352392,-1.46839671481102
1.16550116550117,-3.09551104704819
1.16430313292088,-3.64985916250039
1.16414435389988,-1.11409724503117
1.16279069767442,-3.14092001301052
1.16144018583043,-2.84200648650981
1.16009280742459,-2.98658457559518
1.15874855156431,-2.7839846856548
1.15740740740741,-2.92719007725936
1.15628013120738,-3.01497835937003
1.15606936416185,-1.0932242453001
1.15473441108545,-2.35193008958343
1.15340253748558,-3.05102815948303
1.15207373271889,-3.11823916345035
1.15074798619102,-3.47563807849233
1.14942528735632,-1.58270560787524
1.14831241454351,-3.60112955401292
1.14810562571757,-3.37091976277464
1.14678899082569,-0.620032370632866
1.1454753722795,-3.21604414085813
1.1441647597254,-1.80115343515551
1.14285714285714,-3.61181967056892
1.14155251141553,-1.48769748559952
1.14039960197003,-2.25458940760874
1.14025085518814,-2.49308847472396
1.13895216400911,-3.64229171594941
1.13765642775882,-3.5865419197439
1.13636363636364,-3.4085687880847
1.13507377979569,-3.54717328537647
1.13378684807256,-2.58285908316084
1.13254131515281,1.1897700291615
1.13250283125708,-0.0797353925958744
1.13122171945701,-0.217897849424939
1.12994350282486,-3.18420165815466
1.12866817155756,-3.51369637877608
1.12739571589628,-1.49302978226207
1.12612612612613,-1.92930648871903
1.12485939257593,-3.18227317006444
1.12473717836475,-3.53201515013036
1.12359550561798,-3.39715059054044
1.12233445566779,-2.54447138475718
1.12107623318386,-0.0911088238305622
1.11982082866741,-3.65393009256679
1.11856823266219,-2.73855387891937
1.11731843575419,-0.239258327690986
1.11698681846782,-1.67387691304203
1.11607142857143,-2.41780174093973
1.11482720178372,-3.66326286532917
1.11358574610245,-3.12760551223588
1.11234705228031,-1.91781620116616
1.11111111111111,-2.2238808308346
1.10987791342952,-2.9767846572774
1.10928986489522,-0.809789760829271
1.10864745011086,-1.6885885627736
1.10741971207087,-3.59400075393007
1.10619469026549,-3.65203665247143
1.10497237569061,-3.20767674815327
1.1037527593819,-0.209719448197613
1.10253583241455,-2.91534717293244
1.10164594963366,-3.40869198803697
1.10132158590308,-1.87523206274791
1.1001100110011,-1.82669148810858
1.0989010989011,-2.03300758223305
1.09769484083425,-3.1283251165447
1.09649122807018,-2.76136455537214
1.09529025191676,-2.10746617277264
1.09409190371991,-2.10744385382115
1.09405470720574,-1.82013549984354
1.09289617486339,-3.5400007241911
1.09170305676856,-2.80871828845185
1.09051254089422,-3.32445652836519
1.08932461873638,-1.68081586355849
1.08813928182807,-3.52811220353605
1.08695652173913,-2.00643538334158
1.08651577465254,-2.15343283476916
1.085776330076,-0.55361287745357
1.08459869848156,-3.58912354916587
1.08342361863489,-3.53171608821936
1.08225108225108,-1.34507974596896
1.08108108108108,-1.04333129446565
1.07991360691145,-3.05030744728021
1.07902879151618,-0.557941054922604
1.07874865156419,-3.61934549615138
1.07758620689655,-3.37918729071627
1.07642626480086,-2.85316944060888
1.0752688172043,-2.99538537316497
1.07411385606874,-0.569518800856154
1.07296137339056,-2.88684490435072
1.07181136120043,-2.31506288432261
1.07159339982267,-3.38415135101477
1.07066381156317,-3.25807064308948
1.06951871657754,-0.319196185347304
1.06837606837607,-2.38469595162489
1.06723585912487,-1.80809348510952
1.06609808102345,1.29225256179247
1.06496272630458,-3.16269592571877
1.06420924406472,-2.06198639887064
1.06382978723404,-2.78153476582021
1.06269925611052,-2.95084119188233
1.06157112526539,-3.08750350193456
1.06044538706257,-3.08513232020119
1.0593220338983,-2.76049181308413
1.05820105820106,-1.72299853064423
1.05708245243129,-2.42996413339803
1.0568759711848,-2.92362536140616
1.05596620908131,-3.60894543072167
1.05485232067511,-2.12922658383264
1.05374077976818,-2.04661064329478
1.05263157894737,-3.4186255366625
1.0515247108307,-2.01966542052257
1.05042016806723,-0.171057915660536
1.04959323055823,-3.65618969376522
1.04931794333683,-1.00214300594622
1.0482180293501,-3.18296866722685
1.04712041884817,-2.75224937099518
1.04602510460251,-2.53652152858212
1.04493207941484,-2.76419365561396
1.04384133611691,-3.10519097476735
1.04275286757039,0.146422944844024
1.0423606739764,-1.98432221859268
1.04166666666667,-0.478976018957307
1.04058272632674,-2.04488274766178
1.03950103950104,-2.6356708035053
1.03842159916926,-0.725923085464369
1.03734439834025,-3.39890069250243
1.03626943005181,-2.79326909003482
1.0351966873706,-3.01208881443652
1.03517795563018,-2.83166611789427
1.03412616339193,-3.08861434026214
1.03305785123967,-2.42361052299459
1.03199174406605,-2.91440957202196
1.03092783505155,-2.40024325290711
1.02986611740474,-3.66015508139973
1.02880658436214,-3.3278511745586
1.02804473209331,-1.03960958382602
1.02774922918808,-3.26682874420832
1.02669404517454,-2.9930059532803
1.02564102564103,-2.60225172049349
1.02459016393443,-2.29770639206064
1.02354145342886,-3.28237542995778
1.02249488752556,-3.53846081948138
1.02145045965271,-3.32438290728366
1.02096066230605,-3.35405274132303
1.02040816326531,-2.61243982467989
1.01936799184506,-1.48977332248314
1.0183299389002,-1.2269419587359
1.01729399796541,-3.15496432404266
1.01626016260163,-2.75793184920833
1.01522842639594,-1.47217579374354
1.01419878296146,-3.44556537475141
1.01392540755882,-3.19390097517218
1.01317122593718,0.444736644305853
1.01214574898785,-3.27832313633847
1.01112234580384,-2.13150471405559
1.01010101010101,-3.52720955762295
1.00908173562059,-2.33849735013295
1.00806451612903,-2.63182630658015
1.00704934541793,-2.6162965173102
1.00693863147603,-2.48722823104456
1.00603621730382,-3.3494375290124
1.00502512562814,-3.28458731994261
1.00401606425703,-2.25206262186749
1.00300902708124,-3.4050927249266
1.00200400801603,-2.55522942607378
1.001001001001,-1.89949117372246
1,-2.05196961570895
