"data...1.","bfp_output.res"
12220.1056599999,2.36960998860104
12235.9666670002,-16.395412232494
12237.9032180002,-14.9900169654811
12238.908171,-21.2988494992842
12243.0026850002,-46.386134504558
12307.8585649999,121.57769030351
12334.8146870001,40.4902622987138
12536.1309139999,-13.4987446284103
12537.0906480001,-5.01180242001737
12538.048924,8.68346917831423
12573.0651850002,-14.9447356061282
12574.0020829998,-17.5886568641672
12575.0051270002,-11.9397007233538
12601.0029279999,109.641308842325
12602.0445829998,78.6081772165207
12651.8701849999,50.1608681650923
12711.7517590001,19.1038988277496
12712.8089470002,39.6450085464203
12925.044514,-5.49242133253483
13071.8259140002,-180.990567121485
13303.018044,-40.8379351047288
13338.8544100001,-110.449072944216
13340.104572,-66.9173235052585
13368.8945829999,-69.7380216161037
13747.010278,-40.5983857925621
15111.0354980002,90.0823602597675
15440.1281369999,86.3204498622717
15523.043414,56.0543591361138
15994.8675230001,-127.672061276281
16165.1266089999,91.5195635061764
16585.1541550001,56.5825627243703
16588.0586689999,104.334132617967
16639.9026270001,-17.1427680012848
16909.1497450001,-4.84149410032296
17291.1480089999,40.9934678011796
17294.147072,26.648895860505
17652.1447220002,75.3084101345567
17765.862338,-167.145929903798
18029.1550810002,-104.570191908917
